22.13432647
22.20282224
22.26969278
22.33724891
22.40509664
22.47321060
22.54128361
22.60940928
22.67894563
22.74586932
22.81278984
22.88093429
22.94691127
23.00730477
23.08486439
23.15236543
23.22062056
23.28804991
23.35533736
23.42312877
23.48987033
23.55932574
23.62723052
23.69398111
23.75332867
23.81980521
23.88808594
23.95497501
24.02385137
24.09158061
24.15938006
24.21520555
24.28423161
24.35195695
24.41128476
24.46878230
24.53714592
24.61355477
24.67137755
24.72768773
24.79466726
24.86544850
24.93051314
24.99760994
25.06633001
25.13475923
25.20342274
25.26177507
25.32903376
25.39727280
25.46304522
25.53268324
25.60093179
25.66650112
25.73637149
25.80511351
25.87398012
25.93916545
25.99878217
26.07395076
26.14332644
26.21168885
26.27844699
26.34867381
26.41492044
26.48250291
26.55130442
26.61872670
26.68580691
26.75462110
26.82038084
26.88976701
26.94668721
27.01465781
27.08380187
27.15157646
27.21996203
27.28642492
27.34347043
27.40177547
27.46001272
27.52375616
27.59307796
27.66129604
27.72881438
27.79702489
27.86627111
27.93506482
28.00140459
28.05940656
28.12768413
28.19646101
28.28531096
28.34191615
28.39968358
28.46693544
28.53544121
28.60200918
28.67227550
28.73917700
28.80520323
28.86196544
28.92912270
28.98795338
29.06476281
29.13409192
29.20148763
29.26927099
29.33706020
29.40546479
29.47626456
29.53967057
29.60874636
29.67780631
29.74431796
29.83202103
29.89003983
29.94782311
30.00629174
30.07270953
30.13235112
30.20957259
30.27789184
30.34528340
30.40203878
30.46741818
30.52865234
30.65044409
30.71698890
30.78459672
30.85337726
30.91885394
30.98808041
31.05755898
31.12300177
31.19064884
31.26058870
31.32862221
31.41889088
31.47368871
31.53176115
31.59772472
31.66585551
31.73537041
31.80308404
31.87031737
31.93700432
32.00487814
32.07418896
32.14284224
32.20900280
32.27749077
32.34571860
32.41335811
32.48115513
32.53776252
32.60654599
32.67563373
32.74300261
32.81019864
32.87888361
32.94405041
33.02411322
33.09236104
33.15000950
33.23048654
33.29869316
33.37318518
33.44217393
33.51175831
33.57788718
33.64548111
33.71343074
33.78079914
33.84886849
33.91626517
33.98677481
34.05365900
34.12053515
34.18973456
34.25647588
34.31267806
34.39052806
34.45888364
34.52848996
34.59579156
34.66513140
34.73313443
34.79964316
34.86834227
34.93588475
35.00351866
35.07098775
35.14064698
35.20588034
35.27334577
35.34154507
35.41079495
35.47844007
35.53716275
35.60303928
35.66079306
35.73103353
35.79690006
35.86609947
35.93319821
35.99801832
36.06634025
36.13594780
36.19258810
36.26047923
36.32743827
36.39640264
36.46419308
36.53201984
36.60022523
36.65699402
36.72525525
36.79191928
36.86043651
36.92807286
36.99523987
37.06338797
37.13163384
37.20116994
37.25792362
37.32352074
37.38352830
37.45883585
37.52752351
37.59814139
37.66544518
37.74195228
37.80864996
37.87548247
37.94422181
38.01202930
38.07827935
38.14758042
38.21538305
38.28480968
38.35093709
38.41882895
38.48650796
38.55513734
38.62310380
38.68881796
38.75761142
38.82498396
38.89295091
38.96143888
39.02854348
39.09609449
39.16332831
39.23217102
39.29969863
39.36795839
39.43573956
39.50246260
39.57080696
39.63832408
39.70566274
39.77365261
39.84293223
39.91127245
39.97798744
40.04500694
40.11207326
40.18172908
40.24946368
40.31583685
40.38495068
40.45135822
40.51822169
40.58805500
40.65648153
40.71982025
40.78780476
40.85732014
40.92501671
40.99338814
41.06169471
41.12819247
41.19576006
41.26321794
41.33146551
41.39908406
41.46790336
41.53577474
41.60336281
41.67379906
41.73689105
41.80571889
41.87551880
41.94342187
42.01169699
42.07719294
42.14422073
42.21197045
42.27945417
42.34709661
42.41658469
42.48433830
42.55244447
42.61676135
42.68800437
42.75305121
42.82253344
42.88977725
42.95786025
43.02762091
43.08226588
43.16014757
43.22800822
43.29599419
43.38651642
43.44490411
43.49892687
43.56865242
43.63598961
43.70402800
43.77219073
43.83940284
43.90592986
43.97195438
44.04061399
44.13242158
44.20061016
44.26782154
44.33794255
44.40473653
44.47125233
44.53904179
44.60624927
44.72494829
44.79458729
44.86162825
44.93050120
44.99931587
45.06662064
45.13227140
45.19026192
45.28073563
45.34888227
45.41542513
45.48434172
45.55251103
45.61724360
45.68732487
45.75474203
45.82111495
45.89127107
45.95835762
46.02783985
46.09044031
46.15943394
46.22850925
46.29743608
46.36391408
46.43448809
46.49062419
46.55655924
46.62307016
46.69130652
46.75994102
46.82779045
46.89550043
46.96394719
47.04266881
47.10713198
47.16536509
47.23291074
47.29088931
47.35999851
47.42956777
47.49597361
47.56271664
47.62860341
47.69664277
47.76421134
47.83309550
47.90107074
47.96849107
48.03658577
48.10330540
48.17139864
48.23840059
48.30619127
48.37576419
48.44153417
48.50073301
48.57852962
48.64551719
48.71284707
48.78257310
48.85028064
48.91810910
48.98398368
49.05274082
49.12076604
49.18802594
49.25688158
49.32214200
49.39132873
49.45699119
49.52560692
49.58579489
49.65290315
49.72141184
49.78700068
49.85317343
49.94570002
50.01261957
50.08201109
50.14858638
50.21444365
50.28367304
50.34091336
50.41862244
50.47672073
50.54312437
50.61247055
50.67983578
50.74616701
50.80512643
50.87073745
50.96101758
51.02998732
51.09838313
51.16520442
51.23297486
51.30054099
51.36651480
51.43598434
51.49159602
51.56196205
51.62896181
51.69565022
51.76431203
51.83100435
51.89904883
51.96707502
52.03646972
52.10085706
52.17139425
52.23869901
52.31104063
52.37743867
52.45305124
52.51960409
52.58747840
52.65668121
52.72176024
52.80110845
52.86882452
52.93669371
53.00307907
53.06230814
53.13090241
53.19829226
53.27519580
53.34285725
53.41219173
53.47794514
53.54765142
53.61619059
53.68248404
53.74849807
53.80901178
53.88668111
53.95433209
54.02031224
54.08736880
54.15735279
54.22481261
54.29046191
54.35878848
54.42766216
54.49551354
54.56324595
54.63066750
54.69874002
54.76641610
54.83527247
54.89931385
54.97055101
55.03666233
55.10571911
55.16953789
55.24040007
55.30715919
55.37622206
55.44515718
55.51136651
55.57876197
55.64660312
55.71623406
55.78369852
55.85193951
55.91994352
55.98705178
56.05287881
56.11248018
56.18854477
56.25698788
56.32622288
56.39133482
56.46087727
56.52776414
56.59486777
56.68346025
56.75311826
56.82026796
56.87912595
56.94681545
57.01439523
57.08197233
57.14943752
57.21777823
57.28570276
57.35376309
57.42147672
57.48931226
57.55763224
57.62202324
57.69006480
57.75844769
57.84947046
57.90706528
57.96369510
58.03126561
58.09841092
58.16578347
58.23350393
58.30341160
58.35877995
58.42685759
58.49392391
58.59228826
58.66215693
58.72928249
58.79837828
58.86685479
58.93409958
59.00239957
59.06839654
59.13712515
59.20611903
59.27104299
59.33890389
59.39579288
59.46435570
59.53119649
59.59816163
59.66763995
59.73560763
59.80321643
59.87000505
59.93874244
60.00559859
60.07353238
60.14253869
60.21096157
60.27874712
60.34717780
60.41437285
60.48015600
60.54965066
60.61734357
60.68588859
60.75285251
60.82034598
60.88685276
60.95248572
61.01045576
61.07977317
61.14619608
61.21447242
61.28145731
61.35013057
61.41822503
61.47637696
61.55458170
61.62092610
61.68960424
61.75786840
61.82352477
61.89145709
61.95747625
62.02702211
62.09645948
62.17623996
62.24212405
62.31036991
62.37871696
62.44585009
62.51332527
62.58233256
62.65002985
62.72018841
62.78712380
62.85472211
62.91821272
62.98844564
63.05374897
63.12301786
63.19192762
63.26082641
63.32711083
63.39405647
63.46240108
63.52983335
63.59835936
63.66729423
63.73246835
63.80079833
63.86958155
63.93698335
64.00570489
64.07310621
64.14057603
64.20782789
64.27640729
64.34317421
64.41046117
64.47962986
64.54744223
64.61387855
64.68193644
64.74929948
64.81608541
64.88333922
64.95319984
65.02123189
65.08874194
65.16313277
65.22487308
65.29146470
65.35812825
65.42714967
65.49789849
65.56248575
65.63048489
65.69002067
65.75581065
65.82270459
65.88910531
65.95742944
66.02495558
66.09344039
66.16064787
66.21994082
66.29790248
66.36535573
66.43376885
66.49928088
66.56903642
66.63704604
66.70383417
66.76227330
66.83901762
66.90641309
66.97544792
67.04284289
67.10921167
67.16759863
67.24543010
67.31386443
67.38035634
67.44812605
67.50584350
67.57523161
67.64065417
67.71373819
67.76841900
67.83589150
67.90513114
67.97115103
68.03906678
68.10564865
68.17400155
68.24095303
68.29863172
68.36814564
68.43223163
68.49946618
68.56680825
68.64602212
68.71281732
68.78175902
68.85088016
68.91604770
68.98429917
69.05125188
69.11096344
69.18846139
69.25657096
69.32765307
69.39020379
69.45982694
69.52615549
69.60475935
69.67125833
69.74005715
69.80708227
69.86474365
69.93339399
70.00259218
70.06770802
70.13503985
70.20424535
70.27300468
70.33875175
70.39801203
70.46472726
70.53162535
70.59805240
70.66589013
70.73389512
70.79234571
70.85094892
70.90761287
70.97372151
71.04084024
71.10883840
71.17885359
71.24645361
71.31462219
71.37331659
71.43827956
71.50497700
71.57324725
71.64270924
71.70864794
71.77724221
71.84501704
71.90027714
71.96832138
72.03640194
72.10379277
72.17315992
72.24132972
72.30823853
72.37451711
72.43438398
72.50307383
72.56871605
72.63615784
72.70313273
72.77111675
72.83884720
72.90747683
72.97645753
73.04420116
73.11038610
73.18157743
73.24813297
73.31467315
73.40598995
73.47155100
73.54031276
73.60890094
73.67827711
73.74359824
73.81073794
73.87791105
73.94546938
74.01539412
74.10410680
74.16011100
74.21800351
74.27505097
74.34507153
74.42255801
74.47684483
74.54623123
74.61446418
74.68267006
74.74866338
74.81712087
74.90628289
74.97083700
75.03087795
75.09922208
75.16609554
75.24479156
75.31195126
75.38082469
75.44760234
75.51683881
75.58405434
75.65205055
75.71832912
75.80720929
75.86538657
75.92363553
75.99190456
76.05878948
76.12582362
76.19578566
76.29546195
76.36191826
76.42946025
76.49912582
76.56554336
76.63464256
76.70191125
76.76986747
76.82502639
76.89280877
76.96146546
77.03047957
77.09961364
77.16641737
77.23357268
77.30172858
77.36736911
77.43635274
77.50576304
77.57370927
77.64086823
77.70621740
77.76552327
77.84196918
77.91237373
77.97936398
78.04677895
78.11398375
78.18310563
78.25024216
78.31736456
78.38600052
78.45384459
78.52233256
78.58702662
78.65642278
78.72414567
78.79243982
78.85972142
78.92683065
78.99556267
79.06208481
79.12919574
79.19764787
79.26534712
79.33331139
79.40201123
79.47046726
79.53804290
79.60539447
79.67454780
79.74017394
79.81020473
79.87539104
79.94212529
80.01051159
80.06822368
80.14585547
80.21464528
80.28274779
80.34994503
80.41878872
80.48638898
80.55294964
80.64271533
80.70842217
80.77661903
80.83579617
80.90265574
80.97273993
81.03835168
81.10543921
81.17235730
81.23876216
81.30800082
81.36591673
81.43368766
81.50329203
81.57004286
81.63611737
81.70353892
81.77234067
81.83881721
81.90848010
81.97612498
82.04364893
82.11085397
82.17935365
82.24623345
82.31478847
82.38288732
