27684.85183031
27684.90826120
27684.97126872
27685.03883218
27685.10529527
27685.16850503
27685.22751767
27685.86534497
27685.94024794
27686.00633642
27686.06728314
27686.14004255
27686.21287961
27686.26405908
27686.33020217
27686.40339464
27686.48165335
27686.54587388
27686.61224140
27686.67620849
27686.73620119
27686.79758780
27686.87438432
27686.93660379
27686.99972779
27687.06883663
27687.13372959
27687.20236484
27687.25710826
27687.31744912
27687.38061621
27687.45659652
27687.52917886
27687.59569016
27687.66663964
27687.72388418
27687.79225319
27687.86091873
27687.92076551
27687.98450945
27688.06983973
27688.12401824
27688.18961434
27688.25039509
27688.30770704
27688.38253066
27688.45936857
27688.53395837
27688.61146230
27688.70134511
27688.75542762
27688.81349307
27688.87651253
27688.94092293
27689.00657535
27689.06239312
27689.13558815
27689.19010458
27689.25336426
27689.35084471
27689.41548466
27689.48097666
27689.53280552
27689.59704568
27689.67403633
27689.73718764
27689.83406606
27689.89059593
27689.95191855
27690.02188969
27690.08580046
27690.14980638
27690.19653274
27690.26971924
27690.33114254
27690.39301385
27690.46113454
27690.52036180
27690.58765219
27690.65125918
27690.71470574
27690.79320167
27690.87565237
27690.94965978
27691.00126677
27691.06535760
27691.12891381
27691.18804080
27691.25305877
27691.31577018
27691.38082186
27691.46479278
27691.51999572
27691.59053987
27691.65150408
27691.71390318
27691.76860948
27691.83467065
27691.89760393
27691.96231257
27692.03287933
27692.08390734
27692.15415752
27692.22262296
27692.28243731
27692.35680695
27692.43854213
27692.49902165
27692.55994619
27692.64295966
27692.70402415
27692.76544532
27692.83287438
27692.89758643
27692.95907289
27693.02857640
27693.09178403
27693.15679688
27693.21944600
27693.28098408
27693.35549324
27693.41237981
27693.48160044
27693.55318225
27693.62507979
27693.69563674
27693.75576853
27693.82091877
27693.88821044
27693.94736943
27694.00212096
27694.07054671
27694.13036576
27694.19661765
27694.26712895
27694.32606522
27694.38869897
27694.45760430
27694.52143273
27694.58273401
27694.64410825
27694.71432515
27694.77956541
27694.84163470
27694.90772872
27694.96927064
27695.04337660
27695.08977614
27695.15241928
27695.21699011
27695.28220221
27695.34813752
27695.41719516
27695.48858028
27695.55326502
27695.63252938
27695.69522287
27695.74558699
27695.81003152
27695.87539424
27695.94048986
27696.00611711
27696.06324560
27696.12126496
27696.18584176
27696.24969152
27696.32490554
27696.38923316
27696.45796185
27696.52325886
27696.59539235
27696.66090482
27696.71387886
27696.80540305
27696.86015372
27696.91628978
27696.98395436
27697.05101862
27697.11044684
27697.17490801
27697.24194667
27697.30204604
27697.37472309
27697.47751255
27697.55157500
27697.61792417
27697.67644273
27697.74436331
27697.81853711
27697.87796106
27697.94876036
27698.00309162
27698.07203279
27698.13099594
27698.19816388
27698.27572755
27698.33298062
27698.39198559
27698.48721409
27698.54426535
27698.60959180
27698.67388529
27698.73833750
27698.80764176
27698.87633717
27698.94630319
27698.99803776
27699.06181669
27699.12429941
27699.18741147
27699.24949184
27699.31628005
27699.38189791
27699.43493936
27699.49971499
27699.59634850
27699.66661532
27699.72495682
27699.79327420
27699.86419041
27699.92988934
27700.00689493
27700.06886650
27700.13248202
27700.20082884
27700.26528148
27700.32719631
27700.39221343
27700.48975958
27700.55286139
27700.60986529
27700.67310236
27700.73458284
27700.80197862
27700.86973622
27700.92442886
27700.98449623
27701.04918908
27701.11958987
27701.17709724
27701.24126145
27701.30668560
27701.36982027
27701.43639045
27701.49947435
27701.56480464
27701.64980894
27701.71476760
27701.78101907
27701.84844258
27701.91177693
27701.97288621
27702.04228946
27702.10738551
27702.15741683
27702.23367660
27702.29503847
27702.36018188
27702.42355889
27702.48997292
27702.55567398
27702.62027339
27702.68346523
27702.74731328
27702.80177041
27702.86733195
27702.92752433
27702.99742422
27703.06368165
27703.12519712
27703.18936859
27703.27896467
27703.33012537
27703.39446238
27703.45978115
27703.51975508
27703.58377422
27703.65128904
27703.71585262
27703.78149565
27703.85524108
27703.92046769
27703.98654124
27704.05298982
27704.11307596
27704.17787291
27704.24445419
27704.30626577
27704.36594657
27704.42783878
27704.48992129
27704.55627771
27704.61677558
27704.69291034
27704.76585748
27704.82807524
27704.88804959
27704.97565783
27705.04262951
27705.12586229
27705.19407045
27705.25851882
27705.31699344
27705.37645792
27705.44209285
27705.49965525
27705.56628261
27705.63341301
27705.68861467
27705.74898965
27705.85664482
27705.91663196
27705.97479511
27706.04689148
27706.10377676
27706.16063005
27706.23436524
27706.29729084
27706.36224950
27706.42592433
27706.48915457
27706.55686352
27706.64466249
27706.69999514
27706.75916138
27706.83724345
27706.90418952
27706.96531075
27707.04101245
27707.09821602
27707.15215902
27707.21541315
27707.27782888
27707.34167950
27707.40673971
27707.50374570
27707.57204517
27707.63168842
27707.69438447
27707.76354282
27707.82883727
27707.90905736
27707.97493335
27708.05685499
27708.10728396
27708.16981191
27708.23601132
27708.29144039
27708.35056354
27708.40371592
27708.47321261
27708.53965266
27708.59885688
27708.66938268
27708.72948460
27708.79389671
27708.85935116
27708.93366064
27708.99967573
27709.06116432
27709.12925429
27709.18058011
27709.24566720
27709.32207845
27709.37240886
27709.43812101
27709.50416042
27709.56894202
27709.63221023
27709.69585989
27709.75981460
27709.82075791
27709.87910794
27709.94299354
27710.01003007
27710.07431119
27710.13624948
27710.20098031
27710.25827989
27710.31935375
27710.38538463
27710.45274927
27710.51617620
27710.58286585
27710.64122825
27710.71327470
27710.77247209
27710.83800632
27710.90232670
27710.96286979
27711.04641575
27711.10579148
27711.16897906
27711.24780011
27711.31188923
27711.37357323
27711.43940443
27711.50929365
27711.55598289
27711.62167968
27711.68634608
27711.75006357
27711.82107749
27711.87084726
27711.96556931
27712.02004820
27712.10061175
27712.16722076
27712.24077206
27712.30521830
27712.35403575
27712.42228231
27712.47042520
27712.53986855
27712.65500701
27712.72761666
27712.79809553
27712.86057015
27712.93819568
27712.99502336
27713.05508518
27713.12568821
27713.19653445
27713.25755711
27713.32077370
27713.38736820
27713.45627694
27713.51682900
27713.57797284
27713.64556873
27713.70778905
27713.77764328
27713.84775736
27713.92422662
27713.99816064
27714.06481957
27714.12672032
27714.19251269
27714.25647210
27714.32009786
27714.38421642
27714.44847962
27714.51323562
27714.58020729
27714.64465310
27714.72950423
27714.78533352
27714.86386230
27714.91251975
27714.97695362
27715.04749692
27715.10387746
27715.17262492
27715.25253226
27715.30961723
27715.37525899
27715.43960410
27715.51012394
27715.57247183
27715.63366474
27715.69609541
27715.75071637
27715.81846629
27715.88190559
27715.94416858
27715.99864320
27716.06326651
27716.13945631
27716.20324761
27716.26594196
27716.32638735
27716.38537738
27716.44502703
27716.50467584
27716.57048698
27716.63465589
27716.69786522
27716.75129237
27716.81514981
27716.88244149
27716.95560452
27717.02282921
27717.09688482
27717.16408306
27717.22406381
27717.28776935
27717.35398114
27717.42217393
27717.48578647
27717.55437947
27717.61696545
27717.68199366
27717.73914945
27717.80837136
27717.86005559
27717.92599473
27718.01189930
27718.08446499
27718.14325150
27718.20430319
27718.26931689
27718.32284986
27718.38681268
27718.44876079
27718.51361578
27718.58285518
27718.63722996
27718.70072687
27718.76797246
27718.82917988
27718.90045790
27718.94638170
27719.01079082
27719.07350095
27719.13809951
27719.20772377
27719.26700607
27719.33402339
27719.39920350
27719.47314861
27719.53623037
27719.60132173
27719.66846578
27719.72908823
27719.79992465
27719.88346677
27719.93337734
27720.02263422
27720.08852600
27720.15451464
27720.21304686
27720.27980947
27720.34352611
27720.41821234
27720.49036758
27720.58107854
27720.65806792
27720.72186349
27720.78443666
27720.85079223
27720.91896583
27721.00624767
27721.06679973
27721.12993866
27721.21674179
27721.26811668
27721.33193017
27721.40492296
27721.46320856
27721.52691368
27721.59091150
27721.65680413
27721.71920579
27721.78530578
27721.88199221
27721.94568623
27722.00076715
27722.07637369
27722.14787529
27722.20489028
27722.26348607
27722.32478436
27722.37616011
27722.44132016
27722.50643455
27722.61234934
27722.67817755
27722.74541547
27722.81024144
27722.87349387
27722.93707312
27723.01298559
27723.07027151
27723.13007349
27723.19003034
27723.25409002
27723.31364240
27723.38298122
27723.44509957
27723.50143232
27723.56077904
27723.62381984
27723.69290565
27723.75514474
27723.81677882
27723.88375861
27723.94954074
27724.02296489
27724.08607182
27724.14234313
27724.21084185
27724.27552318
27724.35201762
27724.41908658
27724.48445911
27724.54700156
27724.60048247
27724.66968135
27724.73132951
27724.79786129
27724.86480140
27724.92158428
27724.98742998
27725.05167697
27725.11860427
27725.19114608
27725.25960042
27725.32865252
27725.39812019
27725.46036398
27725.52573992
27725.59049891
27725.66016413
27725.72032664
27725.78221501
27725.85142370
27725.91165149
27725.97780354
27726.03790034
27726.09587192
27726.15887730
27726.22481687
27726.29096807
27726.35640204
27726.41971975
27726.49561046
27726.55666598
27726.62203254
27726.67473478
27726.75474069
27726.80418193
27726.87290550
27726.94910724
27727.00957311
27727.09747106
27727.15942813
27727.22485698
27727.29121426
27727.35255650
27727.41793842
27727.47323736
27727.53961127
27727.60609356
27727.67533852
27727.73099970
27727.79562172
27727.85945271
27727.92758406
27727.98605185
27728.05283238
27728.11574091
27728.20447471
27728.25651050
27728.32531471
27728.39594334
27728.46088153
27728.53136936
27728.57873871
27728.64611742
27728.73257239
27728.78502162
27728.85019191
27728.93324848
27729.00031147
27729.06537466
27729.12815093
27729.19395354
27729.26091199
27729.32416399
27729.37662731
27729.44903983
27729.52282195
27729.58224676
27729.65132190
27729.71462211
27729.77722216
27729.83953635
27729.90451251
27729.97760642
27730.03860263
27730.10722466
27730.16668871
27730.22528919
27730.29107516
27730.35802380
27730.42239367
27730.49311915
27730.55778000
27730.64108447
27730.69977284
27730.76218730
27730.81744570
27730.88252341
27730.95794137
27731.01970601
27731.08769870
27731.14728905
27731.21992685
27731.26957502
27731.33174073
27731.40329438
27731.45416879
27731.52129321
27731.58157476
27731.65031070
27731.71009006
27731.77822696
27731.83893390
27731.89570398
27731.95794990
27732.02023593
27732.08520782
27732.14850761
27732.21591960
27732.28101352
27732.33281892
27732.39679881
27732.46329646
27732.52106110
27732.57959204
27732.63359775
27732.70389999
27732.76142186
27732.83016420
27732.89656841
27732.95698009
27733.01973758
27733.08886478
27733.15178910
27733.21949251
27733.27430462
27733.34550072
27733.41036850
27733.47564333
27733.54126076
27733.60426914
27733.66690887
27733.72484930
27733.79895398
27733.87218870
27733.93871237
27734.00365013
27734.06446586
27734.12027083
27734.18217371
27734.25136960
27734.31266917
27734.37387659
27734.44090544
27734.51785300
27734.58206073
27734.64652361
27734.71330200
27734.77389203
27734.82870500
27734.89176884
27734.95864580
27735.01561513
27735.07510948
27735.15124680
27735.21403587
27735.28492221
27735.34625592
27735.40870152
27735.48601175
27735.54971644
27735.60468684
27735.66214770
27735.72302573
27735.77658600
27735.83632526
27735.92189660
27735.98127234
27736.04763388
27736.09797709
27736.16002674
27736.25074453
27736.31140197
27736.37792010
27736.43686789
27736.49270230
27736.56820346
27736.64254324
27736.71225838
27736.77922963
27736.84144910
27736.90408627
27736.96606126
27737.03320488
27737.11168332
27737.17819121
27737.22889666
27737.29384423
27737.35460791
27737.42799835
27737.48755030
27737.55849979
27737.62418891
27737.68088774
27737.74218902
27737.80621585
27737.87628640
27737.95773657
27738.02156371
27738.08716835
27738.16568007
27738.22915010
27738.29032039
27738.34502157
27738.40867122
27738.46511022
27738.54221052
27738.60822647
27738.66845042
27738.72111938
27738.77467155
27738.83820131
27738.90291550
27738.97280941
27739.03777319
27739.10097741
27739.15955101
27739.22480450
27739.29820348
27739.35548642
27739.41580594
27739.47334829
27739.52951421
27739.59536717
27739.65933085
27739.71557870
27739.77568659
27739.84141496
27739.90378632
27739.97203885
27740.03698429
27740.10196045
27740.17592049
27740.24048278
27740.32321764
27740.38911455
27740.45392004
27740.50823039
27740.57123450
27740.62740725
27740.70016580
27740.76299071
27740.83888142
27740.90385544
27740.97025283
27741.04424146
27741.09883853
27741.15772701
27741.21997592
27741.28256019
27741.34863672
27741.41234653
27741.48870316
27741.55598331
27741.61014476
27741.66902727
27741.72168941
27741.78737810
27741.85145229
27741.91854684
27741.98310913
27742.04343719
27742.11434316
27742.17568753
27742.22763671
27742.29150951
27742.35623692
27742.42329649
27742.51091455
27742.57075194
27742.63546484
27742.70230895
27742.77220713
27742.84032952
27742.90562653
27742.97063640
27743.03042899
27743.08862414
27743.14360350
27743.21814040
27743.28439826
27743.33544505
27743.40452445
27743.46780248
27743.53042771
27743.59127459
27743.66318749
27743.72838167
27743.78954045
27743.85238455
27743.93833477
27743.99174913
27744.06057936
27744.11082273
27744.17479110
27744.24081771
27744.30260838
27744.37027510
27744.44427397
27744.50721834
27744.59953912
27744.65810163
27744.72680173
27744.78833383
27744.85210381
27744.90794205
27744.97173890
27745.04230823
27745.11126391
27745.17615772
27745.23879532
27745.30542566
27745.35978465
27745.45887065
27745.52146772
27745.57186682
27745.63684212
27745.71371800
27745.77825000
27745.85078541
27745.90822152
27745.97109976
27746.03082109
27746.08718969
27746.16355442
27746.22761239
27746.29245927
27746.34757389
27746.41098845
27746.48477569
27746.55145212
27746.62242976
27746.67066652
27746.73974508
27746.78993725
27746.85452514
27746.91907207
27746.98562476
27747.04980134
27747.11098657
27747.17487089
27747.24040171
27747.30362342
27747.37007712
27747.43245659
27747.50050389
27747.55034022
27747.61628577
27747.70476313
27747.76877332
27747.83741753
27747.89552564
27747.96314030
27748.03131261
27748.08996942
27748.15592861
27748.21954072
27748.30117180
27748.37200182
27748.43377200
27748.49815808
27748.55337254
27748.61694369
27748.68365382
27748.74567232
27748.82069263
27748.88931295
27748.94940591
27749.00660181
27749.07533562
27749.13452746
27749.20807876
27749.29410492
27749.34976695
27749.41678044
27749.47766317
27749.54911014
27749.61331574
27749.67155612
27749.73577025
27749.80125201
27749.86728033
27749.92862555
27749.98502529
27750.05052668
27750.09994274
27750.14451870
27750.22505069
27750.31016763
27750.39600265
27750.45762862
27750.53548925
27750.59781794
27750.65184456
27750.71781784
27750.78886759
27750.84975287
27750.91318706
27750.97240792
27751.04571089
27751.10931617
27751.21078894
27751.27632574
27751.34070968
27751.40465715
27751.46925101
27751.53589416
27751.61622433
27751.67672220
27751.73825558
27751.80714768
27751.86640779
27751.92267868
27751.99056171
27752.05123324
27752.10449740
27752.17036017
27752.23021634
27752.30659771
27752.36139916
27752.42782897
27752.49012140
27752.55944358
27752.63212661
27752.70170265
27752.76309567
27752.82913380
27752.87311456
27752.94204037
27752.99695318
27753.07446479
27753.13793524
27753.20240836
27753.26746047
27753.32975247
27753.39296436
27753.46324910
27753.52337705
27753.58637945
27753.65380766
27753.73853974
27753.80390033
27753.86671457
27753.93193136
27753.98923222
27754.06062288
27754.14628425
27754.20252825
27754.27120404
27754.32975161
27754.39436126
27754.46995587
27754.53793746
27754.59702520
27754.69343173
27754.76094143
27754.82528911
27754.89255049
27754.95327833
27755.01897129
27755.09284899
27755.15338398
27755.22271896
27755.29144679
27755.35267597
27755.42042033
27755.48558636
27755.54622759
27755.60428194
27755.65085342
27755.70368964
27755.76893289
27755.83527054
27755.90115507
27755.98289111
27756.02938707
27756.08775801
27756.15405470
27756.21793432
27756.28728210
27756.34695181
27756.42677937
27756.47728386
27756.52985896
27756.59591117
27756.65975581
27756.72154008
27756.78804583
27756.85475298
27756.91782023
27757.01614036
27757.08158713
27757.14564084
27757.20798233
27757.27149758
27757.33509433
27757.40123144
27757.46563672
27757.56231291
27757.62766837
27757.68932037
27757.75591018
27757.82193935
27757.88825354
27757.95035226
27758.00380757
27758.06691877
27758.13295861
27758.19862127
27758.26656703
27758.32145978
27758.38103690
27758.45083482
27758.51406207
27758.57366479
27758.63990815
27758.71524974
27758.76609812
27758.83525219
27758.89916809
27758.96044462
27759.02639486
27759.08871118
27759.15438067
27759.21932952
27759.28743954
27759.34808760
27759.40363699
27759.47111426
27759.51863209
27759.58313252
27759.64805193
27759.70495641
27759.76578537
27759.82475962
27759.88502794
27759.96392792
27760.03325949
27760.08840099
27760.15162526
27760.21926979
27760.28428776
27760.34685282
27760.41101490
27760.46943149
27760.53529170
27760.59443789
27760.66088264
27760.72728599
27760.78854973
27760.86388748
27760.91881948
27760.98968449
27761.05069180
27761.11124855
27761.17605361
27761.24303681
27761.30573798
27761.37058955
27761.45901401
27761.52545363
27761.58980942
27761.64842825
27761.71816387
27761.77929107
27761.84540600
27761.91855666
27761.98449793
27762.04934524
27762.11205878
27762.18201584
27762.23361303
27762.29903121
27762.36048567
27762.42693596
27762.49802667
27762.56922234
27762.63395231
27762.70352537
27762.76923668
27762.82691812
27762.88770911
27762.95193561
27763.00668373
27763.07107365
27763.13110517
27763.20497305
27763.26335722
27763.32785849
27763.39208799
27763.44857690
27763.51236820
27763.58092580
27763.65222771
27763.71475267
27763.77502910
27763.84014478
27763.89672030
27763.96238979
27764.03091837
27764.08461561
27764.14926750
27764.19870959
27764.26747839
27764.34238264
27764.39447988
27764.45743108
27764.52506835
27764.59903565
27764.66272839
27764.72674413
27764.80641809
27764.86343478
27764.91924828
27765.00578816
27765.06215504
27765.12321141
27765.18087707
27765.24480107
27765.30629137
27765.37178038
27765.44044421
27765.50163285
27765.56263419
27765.68245403
27765.75455978
27765.82308282
27765.89216095
27765.95291695
27766.00891690
27766.07211770
27766.13578015
27766.19940890
27766.26571967
27766.33166820
27766.39367689
27766.44703706
27766.51699540
27766.57529636
27766.63845492
27766.70394948
27766.76245524
27766.82475791
27766.89033695
27766.95238447
27767.02142633
27767.08139470
27767.14923507
27767.20878574
27767.27349481
27767.33794659
27767.41649543
27767.47784450
27767.54268284
27767.60792140
27767.67537180
27767.73794156
27767.80547771
27767.86125836
27767.92376497
27767.98919254
27768.04985254
27768.11680118
27768.16883612
27768.23150658
27768.29495996
27768.35963489
27768.43055409
27768.48133804
27768.54374652
27768.61780427
27768.68301040
27768.74806165
27768.81244261
27768.87894154
27768.93807579
27769.00576640
27769.07508516
27769.14280990
27769.20085743
27769.26802665
27769.33657315
27769.40802056
27769.46672259
27769.53704018
27769.58598649
27769.65317619
27769.70904131
27769.92068615
27769.97004248
27770.01752020
27770.09042382
27770.16244253
27770.22208749
27770.29255783
27770.34138979
27770.41713842
27770.49988736
27770.56722896
27770.63369333
27770.70304068
27770.76897428
27770.84998669
27770.92317703
27770.98495532
27771.05580966
27771.11745057
27771.17813361
27771.24257174
27771.30944998
27771.37352373
27771.45602052
27771.51767422
27771.57989625
27771.66237469
27771.72743703
27771.79578343
27771.86101004
27771.94298117
27772.03577128
27772.08815182
27772.17998022
27772.23576172
27772.29975654
27772.36477238
27772.43044571
27772.51311999
27772.56817402
27772.63629343
27772.68735003
27772.75961109
27772.82744676
27772.88911369
27772.95407151
27773.02020436
27773.09335544
27773.18002587
27773.23619607
27773.29940753
27773.35433570
27773.41888050
27773.48076844
27773.54544721
27773.61115041
27773.66801778
27773.72801005
27773.79351100
27773.85850295
27773.92196785
27773.98588033
27774.05187580
27774.10890999
27774.17178140
27774.23806870
27774.30978278
27774.37674080
27774.43450502
27774.49231787
27774.54847185
27774.61410337
27774.67497286
27774.73876545
27774.81575610
27774.88284298
27774.94428421
27775.01236138
27775.07528442
27775.13798986
27775.20387823
27775.27876499
27775.34564963
27775.42512817
27775.48581889
27775.53593384
27775.59976311
27775.65329907
27775.71987693
27775.78264851
27775.85182263
27775.91340850
27775.97533357
27776.04342354
27776.10484471
27776.16914034
27776.24078273
27776.29367356
27776.35150093
27776.41614855
27776.48315905
27776.54867921
27776.61049847
27776.67769500
27776.74272022
27776.80414609
27776.87316619
27776.92600156
27776.98855084
27777.05354790
27777.12156576
27777.17891910
27777.24597568
27777.31168827
27777.37387488
27777.43873115
27777.50796159
27777.58001871
27777.64820126
27777.69794202
27777.75980607
27777.83027940
27777.89052383
27777.96749229
27778.03764306
27778.09533133
27778.14900723
27778.21547075
27778.28311016
27778.33920184
27778.41770332
27778.47102637
27778.53503058
27778.60150903
27778.66978418
27778.73320983
27778.80990822
27778.86825483
27778.93628293
27779.00908245
27779.07270223
27779.12703178
27779.21430851
27779.28628157
27779.34559203
27779.40672733
27779.46494083
27779.53058131
27779.59908216
27779.67052444
27779.72777666
27779.80061286
27779.85835105
27779.91800839
27779.97570477
27780.04757415
27780.10547618
27780.16905202
27780.22571714
27780.28833341
27780.36222433
27780.43127942
27780.49575382
27780.57344890
27780.63284170
27780.68686661
27780.76404073
27780.82535823
27780.89226335
27780.95572100
27781.07611130
27781.13661770
27781.20403439
27781.26657684
27781.33226724
27781.39945097
27781.44776239
27781.51424809
27781.59151694
27781.65554760
27781.71805507
27781.78356114
27781.84709133
27781.91312818
27781.97646935
27782.04651687
27782.11057015
27782.17304476
27782.23723457
27782.30238737
27782.36346678
27782.43057201
27782.50576810
27782.57290404
27782.63752692
27782.69981295
27782.76345194
27782.82819513
27782.88999775
27782.95572484
27783.02159955
27783.09931341
27783.15962440
27783.22646167
27783.29058365
27783.35181197
27783.42003591
27783.48795606
27783.53910226
27783.60254242
27783.66588743
27783.74640491
27783.80597222
27783.88441098
27783.95117487
27784.00091733
27784.06900901
27784.13145887
27784.19095450
27784.25987348
27784.32583268
27784.38565514
27784.47290328
27784.53773394
27784.60677367
27784.65826717
27784.72646807
27784.78479762
27784.85033655
27784.91247325
27784.96922968
27785.04008359
27785.09971789
27785.15977117
27785.22990956
27785.28294376
27785.34556728
27785.39870217
27785.47602306
27785.53621160
27785.60102903
27785.66480455
27785.71863832
27785.78348477
27785.83743545
27785.90312115
27785.97096493
27786.02453886
27786.09814946
27786.16217501
27786.22747501
27786.28916071
27786.35882295
27786.44266202
27786.49769003
27786.56208037
27786.64618953
27786.71523651
27786.77916990
27786.83017657
27786.89229065
27786.94835418
27787.01678207
27787.07566714
27787.18624368
27787.24697110
27787.31476965
27787.37396832
27787.44576602
27787.49334315
27787.56396411
27787.63633354
27787.69891098
27787.76896105
27787.83734329
27787.94322352
27787.99664342
27788.06063867
27788.12720032
27788.18846875
27788.25473685
27788.31541776
27788.37754677
27788.43685851
27788.50596138
27788.57179429
27788.62138784
27788.68362352
27788.73747734
27788.80474086
27788.88347103
27788.94358831
27789.01219839
27789.07590522
27789.13719498
27789.20709017
27789.27529022
27789.34454712
27789.39753054
27789.45830532
27789.51874985
27789.57737167
27789.64648905
27789.69712069
27789.76042900
27789.82560911
27789.88979337
27789.95426820
27790.02416638
27790.08724729
27790.13657119
27790.20009711
27790.26505748
27790.33090190
27790.39905118
27790.44925914
27790.54680060
27790.60285730
27790.67439174
27790.74017601
27790.79613244
27790.85610082
27790.92088327
27790.99141974
27791.05090300
27791.11957835
27791.17974001
27791.23588588
27791.29706769
27791.36712758
27791.42807131
27791.49371137
27791.54946684
27791.61724619
27791.67542769
27792.00258858
27792.06400293
27792.12929184
27792.19369370
27792.25884522
27792.30874299
27792.37474784
27792.45987246
27792.52973309
27792.59383203
27792.64448841
27792.70684825
27792.76055572
27792.83112505
27792.89227871
27792.95479129
27793.01923198
27793.09496355
27793.15798088
27793.22848621
27793.29284412
27793.37422133
27793.42940507
27793.49265281
27793.55621926
27793.62390091
27793.68659568
27793.73923393
27793.80652134
27793.87953973
27793.93504432
27793.99745750
27794.05372966
27794.11678753
27794.20438596
27794.26688703
27794.33377081
27794.39661022
27794.48365783
27794.54792956
27794.61088759
27794.67633606
27794.73975788
27794.82323940
27794.90015667
27794.96566232
27795.05295355
27795.11016353
27795.17001201
27795.22711149
27795.28756071
27795.34358328
27795.41170354
27795.47288066
27795.53840679
27795.62576672
27795.67612572
27795.73946945
27795.80463718
27795.87108747
27795.94416815
27796.01266090
27796.07757689
27796.13870751
27796.20496964
27796.27253950
27796.33510073
27796.39835401
27796.47069357
27796.53710930
27796.60145442
27796.66646727
27796.73257964
27796.79524583
27796.86124172
27796.92489436
27796.99166678
27797.05534843
27797.11218636
27797.18156358
27797.24722624
27797.31264827
27797.37566176
27797.42861702
27797.49698006
27797.55665062
27797.62262347
27797.68985413
27797.75431232
27797.81618064
27797.87204960
27797.94369541
27798.01078143
27798.07505615
27798.13800138
27798.22393026
27798.29151463
27798.35866935
27798.42028764
27798.48479489
27798.53755517
27798.59990050
27798.65541832
27798.71864984
27798.81052731
27798.86876299
27798.93914245
27799.00928938
27799.07471866
27799.15584456
27799.21913155
27799.28096701
27799.34062136
27799.41150088
27799.47772290
27799.53878141
27799.60122701
27799.66797426
27799.73570156
27799.79647121
27799.86357644
27799.94057008
27800.00220416
27800.07295908
27800.13772404
27800.20725401
27800.27530601
27800.33375502
27800.40388531
27800.45790041
27800.51628927
27800.58077348
27800.65073310
27800.72251800
27800.78715069
27800.84998626
27800.91383687
27800.97779885
27801.04720124
27801.10714530
27801.17245425
27801.23176130
27801.29213927
27801.37653515
27801.44388783
27801.50665642
27801.58094073
27801.64540958
27801.71154371
27801.78451133
27801.85395895
27801.91681458
27801.98101420
27802.04577873
27802.11174262
27802.17570588
27802.23267521
27802.29383143
27802.35534946
27802.42043953
27802.48893142
27802.56396667
27802.62732064
27802.69896943
27802.76589204
27802.84107406
27802.90601992
27802.97033389
27803.04907174
27803.10963532
27803.19551471
27803.25941226
27803.31784464
27803.37292640
27803.44625242
27803.50803327
27803.57221882
27803.64247839
27803.70295236
27803.76437353
27803.85080077
27803.91535239
27803.97979735
27804.04657233
27804.11428214
27804.17453894
27804.23970284
27804.30440038
27804.36640822
27804.43394523
27804.52984488
27804.59521912
27804.65667059
27804.72170733
27804.78853181
27804.84031630
27804.91136946
27804.97296984
27805.04861009
27805.11245302
27805.17605916
27805.24033387
27805.29668199
27805.36325302
27805.42339377
27805.49129771
27805.55347451
27805.61460556
27805.67963121
27805.74264043
27805.81166651
27805.87418251
