8.32103389
8.40282482
8.47879432
8.55758836
8.63718842
8.72665496
8.80433600
8.88308273
8.96012622
9.04107162
9.13017830
9.20987271
9.29484341
9.37242425
9.45036300
9.53107727
9.62078493
9.68657077
9.81035395
9.88818396
9.96566727
10.04625135
10.12408721
10.20069378
10.27977722
10.35729076
10.46085996
10.52482088
10.60458625
10.68264641
10.76118956
10.84078573
10.91845751
10.99748389
11.07601192
11.15479547
11.23259062
11.31157043
11.40510468
11.46799650
11.54786500
11.62661393
11.70441712
11.78236391
11.86214537
11.94041326
12.01927678
12.10799165
12.18682713
12.28021851
12.34435644
12.42235175
12.50196717
12.58069099
12.65846541
12.73731113
12.83718905
12.91584704
12.99352394
13.07443350
13.16521125
13.23146885
13.31034017
13.38724712
13.46684791
13.54488979
13.62447816
13.70222088
13.78018011
13.86232725
13.93658789
14.01746893
14.11722666
14.18490884
14.26420171
14.34126396
14.42094058
14.49984482
14.58065588
14.66823777
14.74602658
14.82495105
14.90263502
15.03942469
15.10233601
15.18213063
15.26145276
15.36213428
15.43975949
15.52855238
15.60902041
15.68689820
15.76509588
15.84306656
15.93686535
16.00210944
16.09188001
16.16971319
16.24853940
16.32736440
16.40619695
16.48325262
16.56290193
16.65263106
16.73060052
16.82322244
16.88802133
16.96585110
17.04469901
17.12550715
17.20623069
17.28223067
17.35986027
17.43866259
17.51755293
17.59615362
17.67322245
17.76774803
17.85353330
17.93229978
18.02104440
18.09990036
18.17778839
18.25751280
18.33634511
18.41302946
18.49292039
18.57263017
18.66349227
18.72842258
18.80668315
18.88627127
18.96502800
19.04385495
19.13186984
19.21057854
19.28932284
19.36827388
19.44771352
19.53853954
19.64829881
19.71500600
19.79367934
19.91590190
19.98143514
20.06186562
20.14321283
20.21829681
20.29709011
20.40050254
20.46434180
20.55507517
20.63489539
20.71271151
20.79081873
20.86975466
20.94752493
21.02536982
21.10502523
21.18580606
21.27456067
21.34790313
21.41819480
21.49692983
21.59975858
21.67745328
21.75638457
21.83415777
21.91304543
21.99185775
22.07395783
22.20265206
22.25954105
22.33834849
22.41811630
22.49554573
22.57336111
22.65365725
22.73006414
22.81045415
22.89897447
22.97762928
23.05760091
23.14722251
23.21294252
23.29282491
23.37148119
23.44830890
23.52907267
23.60704653
23.68565404
23.76354135
23.84234952
23.92215097
23.99879485
24.10261273
24.16930797
24.24670254
24.39075578
24.47122819
24.54726889
24.62703718
24.74858706
24.81640944
24.90811609
24.97399750
25.05191309
25.13154972
25.20950749
25.28727655
25.36693025
25.49967195
25.57241537
25.65203445
25.74497137
25.81009721
25.88730649
25.96848400
26.04731362
26.12397969
26.20480660
26.28366695
26.36052684
26.44022638
26.51995688
26.59876603
26.69041466
26.76737086
26.84529620
26.92486018
27.00371029
27.08281981
27.16174355
27.24034229
27.32016129
27.39889120
27.47770474
27.56959011
27.63577798
27.71301895
27.79195098
27.87090836
27.94948589
28.03924012
28.11909253
28.19777466
28.27559052
28.35633259
28.44709473
28.51398453
28.59188062
28.67149848
28.75031055
28.82910532
28.90806611
28.98690525
29.06475501
29.14521694
29.23305434
29.32648132
29.39140114
29.47094025
29.54979889
29.62747262
29.70938156
29.78876634
29.86503134
29.94476355
30.06661186
30.13329564
30.25788168
30.33668059
30.41545097
30.49427207
30.59496285
30.67383368
30.75160762
30.83139054
30.95404805
31.03381269
31.09977138
31.18052539
31.26022274
31.33616128
31.41631211
31.49574736
31.57371707
31.65425556
31.73222039
31.82186247
31.91477867
31.98050038
32.05837647
32.13797922
32.21584702
32.29658323
32.37433912
32.45334283
32.53303018
32.61421037
32.68910833
32.78238025
32.85929426
32.93850302
33.01641836
33.10698350
33.18497199
33.26352221
33.35347173
33.43209144
33.51087011
33.60169248
33.69373925
33.75864663
33.83776444
33.91660066
33.99555706
34.07501499
34.16496671
34.24253048
34.32178555
34.41254672
34.49040355
34.58318394
34.64886396
34.72870393
34.80649201
34.88535796
34.96503019
35.04285630
35.12266873
35.20044973
35.28021388
35.36914843
35.46272144
35.52675770
35.61835830
35.69710869
35.77595807
35.85441028
35.93221444
36.01310548
36.09059196
36.16935088
36.24900508
36.33995129
36.40564228
36.48798837
36.56527981
36.64323757
36.71977100
36.80053233
36.89026219
36.96811487
37.04786658
37.12579022
37.24053807
37.30527625
37.38423364
37.46245496
37.54205649
37.62038801
37.70092991
37.77773324
37.85837803
37.93713281
38.01496501
38.10777466
38.18449217
38.26323573
38.34121032
38.42083574
38.50070668
38.57841332
38.65635134
38.73627177
38.81495804
38.89309988
38.98457346
39.05172096
39.13004054
39.21972773
39.29977055
39.37823471
39.46901513
39.54690512
39.62486264
39.70365765
39.78225712
39.87602543
39.94091136
40.01930018
40.09997642
40.17683168
40.25559670
40.33541059
40.41509233
40.49291576
40.57226543
40.65158316
40.75280180
40.83069178
40.90947094
40.98698278
41.06632319
41.14545246
41.22361380
41.30339234
41.38295632
41.45978988
41.53975298
41.63343863
41.69816146
41.77701303
41.85565249
41.93459085
42.02537786
42.11415027
42.19314789
42.27166910
42.35057894
42.42948829
42.52300279
42.58591460
42.66659304
42.78846670
42.85713826
42.93597447
43.01481166
43.09346794
43.17053872
43.26409150
43.36534963
43.43030651
43.51087158
43.63345009
43.70093942
43.82238423
43.90204573
43.98022414
44.05937243
44.13890837
44.23152517
44.29546464
44.37619939
44.45420519
44.53204275
44.62361337
44.70339751
44.78027349
44.86051965
44.93929588
45.01716807
45.10988410
45.17566530
45.26493630
45.34276875
45.42183097
45.50151881
45.58022239
45.65902520
45.73865257
45.81764287
45.90733005
46.00008753
46.06478524
46.14270521
46.22252422
46.30143284
46.38012691
46.45895605
46.53775715
46.61765345
46.69635751
46.77727000
46.85501468
46.94881493
47.01070932
47.10039285
47.18111590
47.25895566
47.33785916
47.41757967
47.49432327
47.57606276
47.69697508
47.76506955
47.88692224
47.96646062
48.04632839
48.12322388
48.20408444
48.28272999
48.35975348
48.44951844
48.53006790
48.60785451
48.70286576
48.76668259
48.84435924
48.92328639
49.00201508
49.08076913
49.16139636
49.24018381
49.31776684
49.39745224
49.47490947
49.57793741
49.65554092
49.73462240
49.82445002
49.90403131
49.98121913
50.06310393
50.13942574
50.21740203
50.30504878
50.38395252
50.47552289
50.54039590
50.62030658
50.70003465
50.77777128
50.85758589
50.95383325
51.02512308
51.10435378
51.18347085
51.26227147
51.35594177
51.41969667
51.50143762
51.57842113
51.65802460
51.73804743
51.81467059
51.89482069
51.97540428
52.05320576
52.13214754
52.23477222
52.30162009
52.37941401
52.45772482
52.53683141
52.61555864
52.69528987
52.77322887
52.85285404
52.93169440
53.01057206
53.09043422
53.18211918
53.28899443
53.37065175
53.44851907
53.53917076
53.61731504
53.69700824
53.77457786
53.85437078
53.93412835
54.02587084
54.09076409
54.17063405
54.24797498
54.32746582
54.40711830
54.48693877
54.56459495
54.64448685
54.73328340
54.81100370
54.90572189
54.96957260
55.04758011
55.12709362
55.20699016
55.28575493
55.36699876
55.44260401
55.56596613
55.63157032
55.71247404
55.80409756
55.86987242
55.94964949
56.04945500
56.12923207
56.20700820
56.28830591
56.36660111
56.44454693
56.56637427
56.65804777
56.72496487
56.80378085
56.88259097
56.96224906
57.04102018
57.11982737
57.24249293
57.30933738
57.39917573
57.48136237
57.56977955
57.63642896
57.71442305
57.79314516
57.87285640
57.95062838
58.03029769
58.10817646
58.18790550
58.26877435
58.34621548
58.43998062
58.50567186
58.58267828
58.67246201
58.75142744
58.83005812
58.90856105
58.98934724
59.06829536
59.14608563
59.22308011
59.31766127
59.38265424
59.46221944
59.54002385
59.62083467
59.69969648
59.78152618
59.86794023
59.94677449
60.02547514
60.10532487
60.19490502
60.27382900
60.35447550
60.43318103
60.51026839
60.58960368
60.66928445
60.74799363
60.82673378
60.90543809
60.98480508
61.08854518
61.15341795
61.27707435
61.34293235
61.42285132
61.51460356
61.59350853
61.67241691
61.75089423
61.83081491
61.92163190
61.98850586
62.06555543
62.14573040
62.22523416
62.31503691
62.39274745
62.47206885
62.55381468
62.63115268
62.71926096
62.81727081
62.87961406
62.95735874
63.03649386
63.11589839
63.19288165
63.27605376
63.35134035
63.43315957
63.50867364
63.58821982
63.69001994
63.75607640
63.83616457
63.92587248
64.00520679
64.08205522
64.17276324
64.25152679
64.32935851
64.41315185
64.48892533
64.57884462
64.64453074
64.72541202
64.80512984
64.88102864
64.97135900
65.05116752
65.12887684
65.21916429
65.29798343
65.37581490
65.47438796
65.53484217
65.61543771
65.69222958
65.78307340
65.86288216
65.94068316
66.01950767
66.09737644
66.18628076
66.26693383
66.37452003
66.43941962
66.51835091
66.59516521
66.67397875
66.75187483
66.83077833
66.92788439
66.98481922
67.06262168
67.14134086
67.21914381
67.31004175
67.37474677
67.46448004
67.54234126
67.62105312
67.70897294
67.78767530
67.86537097
67.94418597
68.02196283
68.10075076
68.19060325
68.25582125
68.33390629
68.41098926
68.49028335
68.56731269
68.65603902
68.73470822
68.81257797
68.89046698
69.02602493
69.08086909
69.15751565
69.23543831
69.31292991
69.39164349
69.46928113
69.54813099
69.62583154
69.70278286
69.78150278
69.87078475
69.96380944
70.02720204
70.10320251
70.19373449
70.27185659
70.35042485
70.42743152
70.54906503
70.61577343
70.69481932
70.77216878
70.86391689
70.92988924
71.00664819
71.08568213
71.17439310
71.25195127
71.32913396
71.40878620
71.48560123
71.56357314
71.64129588
71.73314199
71.79809010
71.87580527
71.95346730
72.03315001
72.11003331
72.18798961
72.26565505
72.34430207
72.43498424
72.51184145
72.60252045
72.66828361
72.74566745
72.82454218
72.90196308
72.97981820
73.05763236
73.13526586
73.21417741
73.29188357
73.36971089
73.44763258
73.54123461
73.61417380
73.69488856
73.77061962
73.84954653
73.92730291
74.00491690
74.08385381
74.16066835
74.24035594
74.31748500
74.40749353
74.47342662
74.55180520
74.63006870
74.70766661
74.78642187
74.87511432
74.95298699
75.03175152
75.10867432
75.18736668
75.27919207
75.34493134
75.42102787
75.49916215
75.57732740
75.65655565
75.73448953
75.81216301
75.89016149
75.96912570
76.04768129
76.14842596
76.22424210
76.30194899
76.37984946
76.45847989
76.53730123
76.61414552
76.69303464
76.77096168
76.84843988
76.92632938
77.01671142
77.08266743
77.16141050
77.23730638
77.31620573
77.40668432
77.48355202
77.56226315
77.64014583
77.71886013
77.79583535
77.88751275
77.95224094
78.03023332
78.10713856
78.18787576
78.26373140
78.34257980
78.42022134
78.49755496
78.58872938
78.72255482
78.77723831
78.86487262
78.94264217
79.02055800
79.09964411
79.17616389
79.25497060
79.33468745
79.41150882
79.49126102
79.56799706
79.65977101
79.72564900
79.80348218
79.89140858
79.97015945
80.04757036
80.12591383
80.24743007
80.31525415
80.39219547
80.46977631
80.56273931
80.62738875
80.70524582
80.78297904
80.86187791
80.93876170
81.01760961
81.09531796
81.18311148
81.26273154
81.33871932
81.43247690
81.49590388
81.57570850
81.65316134
81.72994882
81.80925729
81.88699222
81.96386113
82.04374109
82.12232691
82.19716733
82.27588822
82.36689953
82.45245268
82.54137577
82.62011543
82.69700141
82.77681701
82.85370591
82.93168513
83.01039676
83.08716376
83.16670434
83.25574128
83.32336544
83.40117131
83.47794026
83.55618938
83.63470693
83.72335890
83.80134471
83.87904842
83.95770251
84.03587678
84.12831120
84.19129128
84.26990928
84.34776343
84.42545349
84.50353536
84.58214141
84.65954866
84.73911776
84.81605664
84.89483458
84.99749218
85.06137337
85.13914779
85.21793012
85.29486218
85.37461439
85.45040639
85.53016298
85.60791790
85.68492042
85.76463873
85.84229613
85.93287370
85.99774159
86.07542215
86.18707752
86.27583628
86.35459106
86.43183495
86.50825867
86.58715047
86.66691438
86.74376354
86.83546557
86.94309736
87.01095801
87.08877046
87.16684672
87.24351083
87.32315893
87.40108256
87.48948877
87.56732537
87.64541552
87.73821981
87.80302480
87.87989127
87.95867823
88.03552447
88.11430339
88.19311010
88.27092231
88.34872574
88.47039119
88.53717835
88.62886575
88.69282057
88.78257798
88.85144434
88.93023398
89.00859988
89.08508967
89.16465853
89.24232470
89.32034488
89.39808029
89.47588422
89.56763842
89.63148719
89.71221194
89.80013468
89.87677563
89.96642649
90.04363479
90.12199167
90.20175509
90.27762682
90.35929999
90.49039940
90.54550590
90.62457349
90.70143899
90.77917635
90.85723018
90.93683634
91.02281055
91.10259542
91.17710451
91.26714180
91.35788078
91.42256606
91.50034804
91.57729741
91.65593857
91.73490741
91.81202477
91.88970898
92.01121084
92.07960445
92.15736205
92.24977698
92.31259662
92.39130313
92.46930819
92.55784899
92.63578774
92.71543510
92.79233937
92.87113267
92.94809862
93.02767893
93.11953602
93.18759854
93.26213494
93.33998299
93.41747069
93.49669480
93.57352568
93.65164460
93.74025001
93.81889922
93.89579690
93.99048266
94.05428413
94.13212658
94.20882726
94.28766615
94.36647579
94.44323474
94.52111083
94.59792855
94.67764808
94.75555660
94.83333979
94.93674466
95.00138776
95.07732898
95.15632294
95.23378626
95.31268781
95.39047223
95.46725971
95.54595329
95.62408172
95.70367569
95.78139721
95.87319554
95.93800077
96.01494673
96.09452265
96.18340649
96.26017959
96.33670253
96.41570624
96.49353893
96.57230810
96.64957125
96.74041360
96.80615360
96.88494300
96.96176632
97.04053524
97.12916746
97.20611805
97.28630497
97.36355154
97.45039128
97.52931526
97.61886664
97.68565697
97.76445612
97.84140549
97.92002886
97.99683365
98.07432647
98.15452484
98.23148031
98.31012684
98.38796806
98.46587707
98.55843901
98.63320043
98.71129327
98.78885558
98.86678213
98.94547889
99.02324356
99.10214559
99.17881020
99.25623207
99.33556199
99.42887852
99.49094090
99.58021581
99.65757161
99.73434568
99.81418638
99.90295977
99.98049623
100.06029037
100.18110688
100.26083641
100.32770305
100.40539701
100.48190899
100.55977752
100.63738469
100.71720808
100.79498153
100.87279008
100.95027461
101.02797346
101.10670263
101.22043112
101.28426940
101.36202724
101.43998111
101.51861813
101.59657589
101.67617547
101.75168369
101.83049430
101.90719132
101.98609629
102.06556762
102.15413646
102.25344533
102.33125437
102.40989310
102.49763103
102.57670129
102.65415438
102.73304910
102.80891913
102.89059889
102.96741367
103.05908669
103.12293935
103.20099538
103.27758708
103.35846056
103.43325734
103.51395747
103.59102826
103.68005496
103.78994687
103.86971955
103.95951279
104.02441067
104.10311279
104.17985736
104.25863335
104.33750125
104.41549827
104.49430547
104.56998435
104.64967438
104.72846500
104.80502598
104.90854178
104.97233765
105.05021178
105.12817394
105.20674294
105.28370352
105.36254802
105.44031610
105.51895288
105.59676680
105.75054193
105.83110699
105.90621853
105.98438085
106.06323291
106.14100391
106.23068062
106.30877467
106.38649936
106.46511589
106.54287666
106.63329942
106.70021385
106.77626819
106.85401262
106.93365682
107.01064642
107.09123391
107.16701153
107.24482789
107.32365874
107.40036674
107.50411635
107.56812409
107.64470604
107.72559317
107.80336905
107.88024699
107.96607370
108.04073394
108.11743439
108.19271293
108.26852932
108.34341802
108.43322223
108.49588048
108.60371292
108.67046765
108.74531222
108.82210848
108.89706276
108.97291182
109.04959885
109.12629856
109.20214664
109.27881417
109.36732254
109.48380997
109.56065206
109.63742955
109.74518641
109.82001757
109.89775688
109.97341309
110.04927385
110.12436735
110.21698341
110.27678519
110.35364362
110.42842967
110.50421827
110.58111107
110.65548972
110.88485401
110.96054118
111.05150714
111.11120847
111.18893950
111.26377528
111.33776067
111.41749604
111.49111059
111.56903618
111.64390488
111.71903738
111.79494106
111.87251750
111.96422343
112.03413013
112.10903833
112.18673644
112.26254234
112.33840359
112.41520302
112.49086386
112.58773049
112.66053608
112.73847629
112.82612548
112.88893611
112.96486855
113.04132811
113.11698748
113.19363209
113.26938119
113.34438131
113.42213427
113.49790214
113.57336062
113.64905340
113.74843395
113.81213790
113.88692712
113.96471787
114.03947418
114.11631969
114.19439448
114.26695748
114.34292333
114.43040550
114.50528152
114.62993217
114.67984090
114.75468010
114.86342074
114.93913887
115.01685112
115.09126097
115.16795508
115.24310928
115.32063940
115.39435977
115.47118577
115.56201471
115.62182039
115.70265267
115.77459444
115.85126904
115.92696279
116.00278260
116.07959178
116.15457263
116.22938404
116.30511948
116.47009058
116.54447166
116.62239749
116.69765775
116.77763084
116.84923494
116.93689826
117.01079661
117.08950628
117.16436108
117.24009458
117.32808241
117.38983662
117.46765834
117.54340670
117.61931038
117.69594743
117.77182355
117.84692216
117.92381668
117.99768479
118.07529488
118.15110542
118.23988929
118.30372904
118.37847437
118.45440145
118.53024076
118.60616784
118.68273345
118.75848036
118.83452373
118.90953092
118.98638155
119.06106203
119.15191462
119.21322412
119.29001745
119.36541936
119.44241774
119.51738909
119.59436430
119.66777380
119.74527906
119.82207654
119.89803556
119.97297082
120.06349232
120.12449218
120.20014692
120.27791037
120.35483902
120.42957655
120.50633039
120.58062809
120.65651713
120.73228500
120.80892059
120.88379612
120.97315124
121.03582363
121.11364437
121.18802497
121.26405737
121.33898800
121.41707547
121.49267048
121.56835058
121.64313834
121.71892109
121.79678328
121.88550937
121.94742278
122.02321576
122.09992912
122.17597396
122.25484528
122.32846105
122.40319931
122.47851955
122.55533458
122.63307463
122.70665577
122.79614157
122.85909117
122.93479590
123.01085561
123.08713158
123.16384080
123.23807633
123.31767663
123.39052660
123.46711854
123.64075242
123.71764036
123.79269460
123.86816039
123.94501492
124.01991434
124.09585580
124.17343298
124.24820416
124.32400568
124.40079804
124.47681264
124.56434748
124.62819625
124.70450855
124.78024838
124.86534780
124.94311296
125.01790340
125.09369712
125.17036562
125.24632000
125.32307433
125.39874663
125.48951608
125.54955313
125.62625187
125.70100769
125.77692940
125.85264047
125.92935139
126.00636708
126.13555843
126.21178954
126.28956518
126.37705443
126.47066670
126.53934533
126.61223089
126.69997345
126.77586371
126.85176153
126.92730510
127.00413525
127.07807041
127.15569610
127.24553567
127.36045858
127.43696348
127.51189753
127.59057843
127.66351226
127.74126206
127.81500509
127.89180452
127.96753558
128.04336977
128.13316033
128.19508617
128.27172493
128.34755375
128.42256728
128.49911217
128.57606300
128.64992477
128.72756071
128.80254985
128.87833626
128.95509107
129.04390541
129.10576324
129.18099375
129.25933722
129.33432564
129.41108849
129.48496611
129.56209224
129.63850353
129.71333810
129.79020530
129.86484629
129.95565378
130.01866116
130.10543385
130.18119953
130.25684793
130.33282182
130.40872549
130.48452969
130.56104825
130.63693608
130.71096340
130.78799688
130.87705967
130.93990711
131.01495160
131.09253927
131.16756766
131.24413328
131.31916948
131.39472816
131.47084053
131.54737494
131.62346074
131.69892726
131.78784426
131.84969744
131.92843662
132.00323827
132.08054702
132.15557030
132.23131696
132.30660526
132.38338615
132.46074805
132.53446646
132.61127052
132.69910305
132.76394949
132.83974564
