5218.65392794
5218.77458515
5218.84558785
5218.92342820
5219.00499980
5219.08508198
5219.16283284
5219.24432936
5219.33707329
5219.40390393
5219.48276974
5219.56167821
5219.64129007
5219.72311744
5219.80303675
5219.87985919
5219.96155221
5220.03926090
5220.12013204
5220.21498517
5220.27884816
5220.35872407
5220.43926460
5220.51899228
5220.59783858
5220.67772156
5220.75750458
5220.83725005
5220.91592398
5220.99669224
5221.09147271
5221.15543737
5221.23504484
5221.31500999
5221.39569242
5221.47476596
5221.55431882
5221.63518923
5221.73486491
5221.80475902
5221.88367042
5221.97833655
5222.04310894
5222.12225952
5222.20288807
5222.28261160
5222.36164174
5222.44048170
5222.57492633
5222.65583526
5222.73375460
5222.82946546
5222.89420884
5222.97641679
5223.05464357
5223.13256852
5223.21326144
5223.29408138
5223.37399045
5223.45268047
5223.53249542
5223.61231843
5223.70704941
5223.77092605
5223.85278657
5223.93064618
5224.00932303
5224.08999474
5224.16892467
5224.25307773
5224.32951593
5224.40928237
5224.49016423
5224.58391535
5224.64897056
5224.72753478
5224.80758282
5224.88714251
5224.96690870
5225.04605587
5225.12747851
5225.20641331
5225.28626411
5225.36603128
5225.45987504
5225.52551565
5225.60452091
5225.68619102
5225.76500660
5225.84376342
5225.92446975
5226.00215991
5226.08526191
5226.16386343
5226.24362011
5226.33739146
5226.40223676
5226.48101089
5226.56085194
5226.64258909
5226.72035337
5226.80120452
5226.88084808
5226.95966951
5227.03867136
5227.12026516
5227.21597869
5227.27795508
5227.35969833
5227.43856267
5227.51821209
5227.59629015
5227.67699574
5227.75671756
5227.83648522
5227.91627239
5227.99625509
5228.09085368
5228.15473544
5228.23459014
5228.31339768
5228.39420640
5228.47483398
5228.55559711
5228.63436418
5228.71314294
5228.79309931
5228.87264120
5228.96841862
5229.05435929
5229.12213566
5229.20201816
5229.28096662
5229.36168465
5229.44143378
5229.52150839
5229.60204576
5229.73465231
5229.82940646
5229.89330943
5229.97511875
5230.05379536
5230.13466674
5230.21339504
5230.29226475
5230.37217138
5230.45172839
5230.53081850
5230.61061591
5230.70620486
5230.77202003
5230.85085414
5230.93150268
5231.01039580
5231.09010933
5231.16891540
5231.24773513
5231.31157642
5231.37933768
5231.45655923
5231.53228185
5231.62668076
5231.68955608
5231.75450792
5231.83235021
5231.89827680
5231.96494750
5232.04170387
5232.14041748
5232.20629458
5232.28329427
5232.36081888
5232.42764147
5232.50545304
5232.58539113
5232.63712483
5232.71523922
5232.78081009
5232.84681007
5232.91472468
5232.97942613
5233.05704558
5233.13399895
5233.20069135
5233.27769445
5233.34526066
5233.41017105
5233.48797897
5233.56862629
5233.61954056
5233.69734067
5233.76231397
5233.82936964
5233.90784730
5233.97173516
5234.03956956
5234.10667594
5234.17228217
5234.24817886
5234.32600434
5234.39264846
5234.47048539
5234.55227984
5234.60243756
5234.68008920
5234.77757352
5234.86730738
5234.95420647
5235.02004529
5235.08699247
5235.16367862
5235.22953767
5235.32937232
5235.42195022
5235.47191436
5235.53961856
5235.61740259
5235.68222789
5235.76012505
5235.83694505
5235.90452881
5235.98149095
5236.05918965
5236.13599356
5236.21280307
5236.27675042
5236.36071745
5236.42151039
5236.48818596
5236.55492493
5236.63170958
5236.69856801
5236.77450323
5236.85420652
5236.91804439
5236.99674075
5237.07460402
5237.13958585
5237.21642462
5237.30909078
5237.36088398
5237.43772909
5237.53649878
5237.60332771
5237.67933899
5237.74594679
5237.81269989
5237.89065239
5237.95553523
5238.05544400
5238.13293716
5238.21392094
5238.26558735
5238.33151785
5238.39751344
5238.47516190
5238.54098804
5238.60674933
5238.68372098
5238.76136092
5238.82731750
5238.90599971
5238.97079747
5239.03676746
5239.11544504
5239.19729605
5239.24709074
5239.32393708
5239.39094130
5239.45681401
5239.52453821
5239.60135700
5239.67727515
5239.75694650
5239.82181081
5239.89956485
5239.96625529
5240.03118202
5240.10902432
5240.19065371
5240.24073682
5240.31861154
5240.38513888
5240.45018678
5240.52882633
5240.59287876
5240.67239798
5240.74838781
5240.81414300
5240.88102069
5240.95878399
5241.02567534
5241.10237222
5241.18412205
5241.24591558
5241.32191029
5241.39972211
5241.46550631
5241.54419877
5241.61020899
5241.67497919
5241.75275615
5241.83068767
5241.89830216
5241.97312341
5242.03984287
5242.12075814
5242.17272712
5242.23938880
5242.31705311
5242.39408694
5242.45989357
5242.53754862
5242.60443485
5242.66823932
5242.74704539
5242.81290518
5242.89063337
5242.95645903
5243.02215644
5243.10514043
5243.16686960
5243.23265161
5243.29875057
5243.37638514
5243.44225395
5243.51996703
5243.58683399
5243.65170781
5243.73356346
5243.79636636
5243.86190456
5243.93886963
5244.01652078
5244.09943139
5244.16038792
5244.22516154
5244.29293596
5244.37060929
5244.43658270
5244.50330679
5244.56816062
5244.63489105
5244.70093906
5244.77868188
5244.84541548
5244.92215527
5245.00005388
5245.09179186
5245.15459647
5245.23129773
5245.29731454
5245.37497641
5245.44088740
5245.50588264
5245.58360815
5245.65038588
5245.71607524
5245.79497348
5245.86081181
5245.92662868
5246.00530432
5246.08507637
5246.14799362
5246.22583372
5246.28974181
5246.36839599
5246.43314620
5246.50101498
5246.57788521
5246.67562577
5246.74267901
5246.81930445
5246.88705376
5246.95309665
5247.04670245
5247.09545046
5247.16261536
5247.24118056
5247.31599205
5247.38377428
5247.46255378
5247.52649357
5247.60531232
5247.68218864
5247.74680890
5247.82470069
5247.90252957
5247.98432158
5248.04522692
5248.11095334
5248.17878164
5248.25897573
5248.32136903
5248.38713227
5248.46602148
5248.53075633
5248.59755162
5248.66355257
5248.73040612
5248.80809750
5248.87399459
5248.95457584
5249.01657978
5249.08424912
5249.15006527
5249.22711908
5249.32466607
5249.38376672
5249.46032999
5249.52416348
5249.60201333
5249.66968072
5249.73463695
5249.80143175
5249.89622588
5249.94504484
5250.01286802
5250.08869231
5250.15438484
5250.23231661
5250.29815397
5250.36392135
5250.44184094
5250.51862339
5250.58636490
5250.66548647
5250.73912012
5250.80582227
5250.89774335
5250.94944975
5251.01528223
5251.09227363
5251.15906672
5251.22579300
5251.29257049
5251.35640788
5251.43436330
5251.51211221
5251.57783084
5251.65581795
5251.72261982
5251.78827920
5251.88118185
5251.93127618
5251.99781937
5252.07654669
5252.14047234
5252.21836559
5252.28597349
5252.35093313
5252.41767673
5252.49557973
5252.56134687
5252.62707890
5252.70505334
5252.77180352
5252.86452503
5252.91473078
5252.99223662
5253.05806666
5253.12592446
5253.18976405
5253.26747322
5253.33236484
5253.40102673
5253.47792183
5253.54464421
5253.60944806
5253.68831679
5253.75229632
5253.83530908
5253.89882318
5253.96365263
5254.04150151
5254.11918630
5254.18325189
5254.26195435
5254.33788347
5254.40477579
5254.48156434
5254.55038568
5254.61496815
5254.69181936
5254.78754094
5254.83833988
5254.91840523
5254.98215363
5255.04704890
5255.12590691
5255.20354050
5255.27044258
5255.34821685
5255.41486658
5255.48170843
5255.55967824
5255.63749762
5255.70333132
5255.79633515
5255.85994677
5255.92474087
5255.99239729
5256.07029395
5256.13606182
5256.20312505
5256.27990141
5256.34566563
5256.41364583
5256.49060772
5256.56823254
5256.63619543
5256.71299203
5256.79483865
5256.84655066
5256.92350256
5257.00303616
5257.06884182
5257.14671508
5257.21361667
5257.27936235
5257.36317944
5257.43420824
5257.50088162
5257.57962015
5257.65550368
5257.73709016
5257.78919007
5257.86773868
5257.93357336
5258.00168229
5258.07735614
5258.14517908
5258.21209188
5258.28988858
5258.35478508
5258.42162084
5258.50027258
5258.57813950
5258.64399831
5258.73668593
5258.79847775
5258.86631044
5258.94320651
5259.01112284
5259.07596350
5259.15370120
5259.23146743
5259.29920308
5259.37616254
5259.45508004
5259.51994923
5259.58755152
5259.67945310
5259.73213327
5259.79899146
5259.87685228
5259.94257139
5260.00932596
5260.08727309
5260.15216642
5260.21993572
5260.29775217
5260.36364341
5260.43130641
5260.50824466
5260.58701417
5260.66672380
5260.73063799
5260.80840007
5260.87732991
5260.95195806
5261.02977158
5261.09657418
5261.17361020
5261.25237288
5261.31808296
5261.42866693
5261.50553301
5261.58546549
5261.64016928
5261.71713996
5261.78380139
5261.84973798
5261.92858867
5262.00535089
5262.07222931
5262.15011744
5262.21605964
5262.28368241
5262.36145790
5262.43930849
5262.50502979
5262.59890500
5262.65985666
5262.72653955
5262.80445816
5262.88235872
5262.94905282
5263.02580285
5263.10564926
5263.18154011
5263.26015113
5263.33690214
5263.40377934
5263.46970422
5263.56251911
5263.61426549
5263.68204650
5263.75882066
5263.82479772
5263.89251022
5263.97023329
5264.03525754
5264.10390066
5264.18177563
5264.25865926
5264.32446614
5264.40231990
5264.46903204
5264.55197678
5264.61271316
5264.69236379
5264.75630187
5264.83546147
5264.91400788
5264.98079488
5265.05767169
5265.13552008
5265.20039536
5265.27017122
5265.34604768
5265.42271286
5265.50544329
5265.56920851
5265.63313952
5265.70185724
5265.77782221
5265.84379780
5265.91237948
5265.99116971
5266.06895861
5266.13476061
5266.21165888
5266.27655586
5266.34546448
5266.42217794
5266.51694696
5266.57865516
5266.65446164
5266.73335037
5266.79826929
5266.87596823
5266.95480551
5267.01965666
5267.08843094
5267.16621034
5267.23222933
5267.29811569
5267.37575173
5267.45659532
5267.50842508
5267.58910922
5267.65303853
5267.73181339
5267.80883015
5267.90835687
5267.99711915
5268.05297299
5268.11986458
5268.18491004
5268.26453312
5268.34133728
5268.42509610
5268.48584856
5268.56367013
5268.63168398
5268.70808365
5268.78591181
5268.86065918
5268.92843458
5269.00723017
5269.07296415
5269.13986257
5269.21764294
5269.28266597
5269.36645015
5269.42740692
5269.49495265
5269.55985817
5269.63961974
5269.73940367
5269.80517983
5269.88201397
5269.94903356
5270.02570874
5270.10455943
5270.18320679
5270.24909754
5270.34175248
5270.40490672
5270.46864609
5270.54729832
5270.62519864
5270.69188129
5270.75968521
5270.83749264
5270.90478018
5270.97009968
5271.04693066
5271.11387540
5271.19065493
5271.28447211
5271.33521839
5271.40205390
5271.47979160
5271.57973133
5271.64559356
5271.72434551
5271.80209588
5271.86792617
5271.94571995
5272.02474399
5272.08850067
5272.16711292
5272.26583482
5272.36462426
5272.43239234
5272.51223144
5272.57696019
5272.64301259
5272.72073566
5272.78669468
5272.85337269
5272.93215609
5273.00149187
5273.06475655
5273.14278365
5273.22552603
5273.27648637
5273.35415508
5273.43101726
5273.49791543
5273.57579649
5273.64145562
5273.70933488
5273.78447674
5273.86308387
5273.93084878
5274.00756907
5274.08664577
5274.16824785
5274.23025740
5274.30796633
5274.37401458
5274.44165003
5274.51860852
5274.58529555
5274.68333820
5274.76296835
5274.82784681
5274.89578092
5274.97340745
5275.04012813
5275.12116091
5275.18489200
5275.24986213
5275.31752610
5275.39541570
5275.46218563
5275.52710089
5275.60676664
5275.68447411
5275.75039095
5275.82827737
5275.90611260
5275.97104055
5276.06466780
5276.12737001
5276.19323126
5276.26120341
5276.33899427
5276.40477238
5276.47157473
5276.55162594
5276.61428695
5276.71486692
5276.79298301
5276.86948753
5276.93651516
5277.03313469
5277.08106765
5277.14777126
5277.22560161
5277.29337433
5277.35931018
5277.43709006
5277.50388486
5277.56995042
5277.64770324
5277.72635547
5277.79013751
5277.86910450
5277.94688292
5278.04170679
5278.09140493
5278.17011812
5278.23512018
5278.30116770
5278.37895002
5278.44470521
5278.51172773
5278.58434982
5278.66818495
5278.74991089
5278.83183943
5278.91355220
5279.01025512
5279.07898113
5279.16093259
5279.24266414
5279.32450954
5279.40820034
5279.49088664
5279.57371948
5279.65542420
5279.73642798
5279.81912306
5279.91591252
5279.98365452
5280.05453654
5280.13653774
5280.21918650
5280.31275280
5280.38457032
5280.46732489
5280.54921296
5280.62907497
5280.71307248
5280.81049000
5280.87755031
5280.95906657
5281.04317282
5281.12577623
5281.20656131
5281.28837648
5281.37121979
5281.45208825
5281.53669236
5281.61845755
5281.71621299
5281.78207766
5281.86482711
5281.94676101
5282.02947877
5282.11128126
5282.19297380
5282.27580029
5282.35952108
5282.44022863
5282.53422842
5282.63186318
5282.69874087
5282.77960494
5282.86245825
5282.94315044
5283.03110864
5283.10868103
5283.19060275
5283.27329905
5283.35610823
5283.43783368
5283.53673527
5283.60344279
5283.69521490
5283.77899907
5283.86082424
5283.94261771
5284.02533059
5284.10725865
5284.18985694
5284.27268051
5284.35347412
5284.44923227
5284.51890329
5284.59977345
5284.68258434
5284.76433052
5284.84814883
5284.93097435
5285.01293800
5285.09452765
5285.17634257
5285.25809338
5285.35587710
5285.42181345
5285.50556349
5285.58726139
5285.67011592
5285.75108312
5285.83472345
5285.92741570
5285.99830260
5286.08207385
5286.16477552
5286.26353350
5286.32846462
5286.41026906
5286.49293172
5286.57465570
5286.65753681
5286.73844989
5286.82099917
5286.90478627
5286.99767308
5287.07950654
5287.17610047
5287.23221470
5287.30408927
5287.38683701
5287.46859782
5287.55033326
5287.63311343
5287.71386730
5287.78859591
5287.87055614
5287.95134658
5288.04804438
5288.11603067
5288.19861555
5288.27145585
5288.35220826
5288.43396930
5288.53766858
5288.62052311
5288.70217785
5288.78510309
5288.88176504
5288.94885339
5289.03045937
5289.11331342
5289.20690873
5289.27882207
5289.36161175
5289.44335304
5289.52514115
5289.60692585
5289.68977916
5289.78759751
5289.85522833
5289.93716053
5290.01810822
5290.09971884
5290.18243952
5290.33010229
5290.40187543
5290.50668355
5290.58923210
5290.68517482
5290.75389693
5290.82579881
5290.90647953
5291.00115127
5291.08313808
5291.16492595
5291.27863799
5291.35146878
5291.43313182
5291.52978963
5291.58684301
5291.66946593
5291.79423766
5291.87601577
5291.96079274
5292.04259938
5292.12545952
5292.20514916
5292.27806577
5292.40672042
5292.46377819
5292.53455391
5292.61714074
5292.69990506
5292.78269133
5292.86440971
5292.94639237
5293.04001792
5293.12268058
5293.20472225
5293.27851365
5293.34925499
5293.43197567
5293.51282414
5293.61739552
5293.70134329
5293.78198745
5293.87489449
5293.95851995
5294.02842332
5294.12800684
5294.19391076
5294.27666899
5294.35840004
5294.44035248
5294.52316020
5294.60287154
5294.68677177
5294.75761966
5294.83955869
5294.92533576
5295.03080729
5295.09084198
5295.15942341
5295.24141071
5295.32408799
5295.40601190
5295.48853266
5295.56946646
5295.65308436
5295.73498292
5295.81583894
5295.91451671
5295.98036504
5296.07499606
5296.15792544
5296.23958653
5296.32130198
5296.40509713
5296.48584295
5296.56868213
5296.65050705
5296.73252946
5296.82902684
5296.89593940
5296.97981281
5297.06068078
5297.14358237
5297.23704823
5297.31900261
5297.40960858
5297.48366232
5297.56540776
5297.63810470
5297.73382970
5297.80177015
5297.88361483
5297.96520886
5298.04800561
5298.13088063
5298.21469065
5298.30751528
5298.38921879
5298.47113295
5298.56865945
5298.63745690
5298.71716922
5298.79894538
5298.88165948
5298.96364824
5299.04443502
5299.12897452
5299.21085357
5299.29272506
5299.37458705
5299.47027181
5299.53992503
5299.62515890
5299.70548806
5299.78729299
5299.86924616
5299.95082727
5300.03262879
5300.11740137
5300.20059845
5300.27926483
5300.37770440
5300.44455624
5300.52731545
5300.60834043
5300.69195955
5300.77384250
5300.85665193
5300.92820857
5301.00900852
5301.08000074
5301.16474821
5301.25948261
5301.32706662
5301.41006743
5301.49193429
5301.57554951
5301.65638847
5301.72728317
5301.81108222
5301.89188168
5301.97559125
5302.05729646
5302.15855155
5302.22191034
5302.30284292
5302.38656761
5302.46741022
5302.55006971
5302.63187244
5302.71473965
5302.79733331
5302.88003595
5302.96597491
5303.06075929
5303.12648669
5303.24122737
5303.31224421
5303.38206834
5303.45884300
5303.53749108
5303.62166877
5303.70291099
5303.78476493
5303.86954360
5303.96334762
5304.01712494
5304.09498479
5304.17400030
5304.25455839
5304.33066183
5304.41106193
5304.49094296
5304.56868749
5304.64752014
5304.72534854
5304.79521972
5304.88995900
5304.95303887
5305.03066563
5305.11034455
5305.18819538
5305.26800643
5305.34678471
5305.42746154
5305.49441701
5305.57223224
5305.65187385
5305.73084766
5305.81345131
5305.87728383
5305.95639881
5306.03590925
5306.11366889
5306.19589537
5306.26051221
5306.34010482
5306.41993124
5306.49865929
5306.57750706
5306.64528270
5306.73806394
5306.80187134
5306.88157487
5306.94947193
5307.02827923
5307.10797204
5307.18585066
5307.26463065
5307.34431541
5307.42312904
5307.50205093
5307.58173374
5307.69972367
5307.74838488
5307.85034263
5307.92923086
5308.00803938
5308.07559803
5308.14445570
5308.22322471
5308.33502115
5308.41472736
5308.48153801
5308.56427210
5308.62804268
5308.70788617
5308.78593716
5308.85464538
5308.92171373
5309.00120174
5309.10204381
5309.16976947
5309.24761347
5309.31539253
5309.39614688
5309.49004111
5309.55477182
5309.63147918
5309.71124318
5309.84493712
5309.92492251
5310.00260730
5310.07037026
5310.14913172
5310.22993460
5310.30772935
5310.40595290
5310.45351868
5310.53124054
5310.61188713
5310.69080414
5310.76864424
5310.84935739
5310.92805887
5311.11461731
5311.21250806
5311.29342212
5311.36302852
5311.44173049
5311.52403499
5311.59930314
5311.66747327
5311.73412739
5311.81471181
5311.89354202
5311.97333772
5312.03917898
5312.13583093
5312.19779684
5312.27654099
5312.37732259
5312.44416517
5312.52391967
5312.60289860
5312.68172833
5312.75028172
5312.82909340
5312.90811866
5313.00190366
5313.06650149
5313.14318301
5313.21306907
5313.29107130
5313.37165573
5313.45292647
5313.51657149
5313.59849589
5313.67483998
5313.75459739
5313.83446794
5313.92017261
5313.96906276
5314.04787054
5314.12575989
5314.20643233
5314.28328890
5314.35312912
5314.43121352
5314.51172846
5314.61050961
5314.66731211
5314.74820081
5314.84186342
5314.90481748
5314.98450151
5315.06251277
5315.14108576
5315.22090901
5315.29871863
5315.36673004
5315.44540031
5315.52514237
5315.60483372
5315.68291032
5315.77638714
5315.84120245
5315.92028549
5316.00224378
5316.07867807
5316.14542387
5316.22428650
5316.30400418
5316.38286999
5316.46268544
5316.54043484
5316.61822155
5316.71307980
5316.77778832
5316.85973002
5316.92350573
5317.00471333
5317.08117810
5317.15983472
5317.23869589
5317.30733608
5317.38719346
5317.46507818
5317.54491508
5317.63950929
5317.70232877
5317.78044852
5317.86006234
5317.93882477
5318.00612450
5318.08645048
5318.16523656
5318.24405019
5318.32287894
5318.39065580
5318.46868022
5318.56227822
5318.63000730
5318.70789446
5318.78707039
5318.89547446
5318.97614250
5319.05498369
5319.13378488
5319.21250806
5319.29133779
5319.37110252
5319.46602148
5319.52867371
5319.60640922
5319.71713654
5319.79699783
5319.87572881
5319.97642191
5320.03249055
5320.11554939
5320.19187592
5320.27066810
5320.36890263
5320.41624605
5320.49719668
5320.57398011
5320.69660997
5320.76455506
5320.84354229
5320.92319048
5321.00201752
5321.08183565
5321.15851229
5321.25671561
5321.31720257
5321.39687002
5321.47590308
5321.55453898
5321.63255340
5321.71202971
5321.79097524
5321.86080961
5321.92754638
5322.00623616
5322.08722945
5322.17904057
5322.23272524
5322.29955539
5322.37924186
5322.45828833
5322.53591168
5322.60564975
5322.68452702
5322.76237736
5322.84211405
5322.91990003
5322.98692596
5323.08173081
5323.14634693
5323.25061135
5323.31500267
5323.39303246
5323.47164300
5323.55151842
5323.63208968
5323.70989199
5323.77677163
5323.85646346
5323.95340751
5324.01506865
5324.09301895
5324.17086539
5324.25139520
5324.32947155
5324.40912755
5324.48604702
5324.55555932
5324.63442050
5324.71335969
5324.79299545
5324.90683866
5324.96159146
5325.03941620
5325.14361407
5325.20998854
5325.27683429
5325.34384047
5325.42260363
5325.52330356
5325.58124685
5325.64900616
5325.72772641
