5458.68055292
5458.78438458
5458.82755765
5458.89197359
5458.95887372
5459.03489817
5459.10159910
5459.16772244
5459.24503616
5459.31087035
5459.37781070
5459.45374396
5459.51953646
5459.59842762
5459.67498675
5459.75692870
5459.81778649
5459.89627903
5459.96313721
5460.03994576
5460.10504730
5460.17185306
5460.24737893
5460.31519382
5460.38206444
5460.45879204
5460.52594085
5460.59151928
5460.66848435
5460.74800308
5460.81285788
5460.88975615
5460.95542576
5461.03030577
5461.09455958
5461.16008584
5461.22598464
5461.29078166
5461.35561062
5461.42061195
5461.48537362
5461.58216553
5461.69490233
5461.73463427
5461.80049820
5461.86442336
5461.94009624
5462.00517291
5462.08089967
5462.14559965
5462.21236714
5462.27970539
5462.34131850
5462.41700284
5462.48369816
5462.54859856
5462.61239255
5462.67838740
5462.76094693
5462.80990364
5462.87265851
5462.93858096
5463.00577877
5463.06913976
5463.14501280
5463.20894918
5463.29454778
5463.36062115
5463.42719603
5463.49031515
5463.55686029
5463.62177775
5463.68995080
5463.76979551
5463.81622465
5463.88130424
5463.94682026
5464.01158339
5464.07644575
5464.15235903
5464.21718921
5464.28222004
5464.34687443
5464.41358877
5464.47852062
5464.54319769
5464.60807492
5464.67305651
5464.73695217
5464.83794418
5464.93567621
5464.98724559
5465.05292935
5465.11768809
5465.19448225
5465.26828511
5465.33442089
5465.39991764
5465.46721981
5465.52790278
5465.59452350
5465.65841111
5465.74007415
5465.79099231
5465.85478191
5465.92072045
5465.98373888
5466.05279574
5466.11521074
5466.18247902
5466.25573257
5466.32055885
5466.38461932
5466.48662875
5466.55047150
5466.61307521
5466.67988683
5466.75941946
5466.80929485
5466.87342066
5466.93896789
5467.00303811
5467.06956082
5467.13692174
5467.20033392
5467.26307904
5467.33983492
5467.40578297
5467.46955282
5467.53553841
5467.60124509
5467.66501104
5467.73329892
5467.81172441
5467.85984705
5467.92529261
5467.99112655
5468.05595527
5468.12076838
5468.18482325
5468.25151150
5468.31434122
5468.39223910
5468.45609868
5468.52274109
5468.59664074
5468.66266730
5468.72821281
5468.79404554
5468.87275823
5468.92275528
5468.98880817
5469.05334626
5469.11916826
5469.18194581
5469.24786289
5469.31282058
5469.37858089
5469.45669625
5469.53013827
5469.59494529
5469.66004951
5469.72714615
5469.79044520
5469.85452786
5469.93534634
5469.98617917
5470.04995195
5470.11665361
5470.18300053
5470.24531483
5470.31016744
5470.37748911
5470.44076988
5470.51661050
5470.58243981
5470.65819680
5470.72214122
5470.78792128
5470.85368794
5470.91686582
5470.99928515
5471.04813166
5471.11406654
5471.17791515
5471.24361621
5471.30771155
5471.37335581
5471.43916781
5471.50229498
5471.57974840
5471.64372256
5471.70945898
5471.77435011
5471.85118767
5471.91414466
5471.98075684
5472.06160434
5472.11139780
5472.17546218
5472.24042816
5472.30512376
5472.37106327
5472.43585493
5472.50138630
5472.56548456
5472.64201882
5472.72028803
5472.78168098
5472.84654432
5472.91328182
5472.97812809
5473.04290877
5473.12302142
5473.17715714
5473.23746855
5473.30232628
5473.36814219
5473.43396394
5473.49768186
5473.56360235
5473.63848066
5473.70416319
5473.76916477
5473.83731369
5473.89963433
5473.96460032
5474.02926861
5474.09329958
5474.17690748
5474.22379937
5474.28875780
5474.35343998
5474.42182588
5474.48406071
5474.54991513
5474.61593291
5474.68970504
5474.76828316
5474.83134791
5474.89626659
5474.96179968
5475.02770896
5475.09169726
5475.15657401
5475.23815268
5475.28696579
5475.35220436
5475.42005899
5475.48245498
5475.54734123
5475.61216532
5475.68805494
5475.75290975
5475.81795618
5475.88264495
5475.94760191
5476.01313548
5476.08141898
5476.14381423
5476.20974716
5476.29036352
5476.33929903
5476.40324735
5476.47237979
5476.53280189
5476.59863657
5476.66342067
5476.74114350
5476.83788420
5476.89085865
5476.95680719
5477.02161835
5477.08723628
5477.15231734
5477.21790406
5477.29591263
5477.34850552
5477.41155687
5477.47719113
5477.54205252
5477.60586089
5477.67170263
5477.74761737
5477.81248388
5477.87735819
5477.94566216
5478.00800597
5478.07484027
5478.13795427
5478.20599225
5478.26761487
5478.35261591
5478.42923574
5478.48507422
5478.55067387
5478.61649147
5478.68042955
5478.75551973
5478.82191711
5478.88681215
5478.95510832
5479.01739898
5479.08156185
5479.14636570
5479.21193097
5479.27675237
5479.35856364
5479.40753254
5479.47150378
5479.53715926
5479.60208111
5479.66781168
5479.73507386
5479.80845444
5479.87242933
5479.97093181
5480.06778564
5480.12288465
5480.18855158
5480.25149224
5480.33329766
5480.38205810
5480.44784231
5480.51357044
5480.58862867
5480.65246582
5480.71815713
5480.78384650
5480.85216315
5480.92657846
5480.99033636
5481.05504927
5481.12014203
5481.18587382
5481.24959467
5481.31537863
5481.39721306
5481.44759216
5481.50908410
5481.60773262
5481.70471737
5481.76024768
5481.82513394
5481.88990780
5481.95571955
5482.02978646
5482.09556798
5482.16022603
5482.22701888
5482.28986225
5482.37169498
5482.42154623
5482.48639811
5482.55050247
5482.61530046
5482.68189558
5482.74682718
5482.81065409
5482.87651266
5482.94220811
5483.00703171
5483.08202314
5483.14764741
5483.21353426
5483.27753817
5483.34222816
5483.42416084
5483.48082974
5483.54561506
5483.60955070
5483.67630405
5483.75062110
5483.80622065
5483.87103840
5483.93589272
5484.00158549
5484.07833577
5484.14413704
5484.20789592
5484.27385542
5484.33790444
5484.40362989
5484.48436596
5484.53520293
5484.60012429
5484.66376785
5484.74159137
5484.80640961
5484.87140485
5484.93615189
5485.01397102
5485.10884682
5485.16454902
5485.23383214
5485.29618570
5485.36098296
5485.42591822
5485.50661967
5485.55645264
5485.62328059
5485.68529892
5485.75101583
5485.81697826
5485.88509036
5485.94741150
5486.01261617
5486.08904583
5486.15388528
5486.23313630
5486.29546865
5486.36034052
5486.42712435
5486.49124212
5486.58470090
5486.63508220
5486.70937779
5486.77331295
5486.83819530
5486.90315519
5486.96971325
5487.03490987
5487.11395268
5487.17561334
5487.24361451
5487.32040428
5487.38279100
5487.44856155
5487.51354679
5487.59424824
5487.64405512
5487.70817240
5487.77727339
5487.84206895
5487.90540262
5487.97080405
5488.03515685
5488.10000410
5488.16830369
5488.22986389
5488.29457363
5488.37221844
5488.43625185
5488.50319951
5488.56709931
5488.65063846
5488.69943231
5488.76239394
5488.82845267
5488.89397430
5488.95973997
5489.02366074
5489.08946250
5489.15329111
5489.22000886
5489.28489439
5489.34987988
5489.42666745
5489.49157540
5489.55730792
5489.62210104
5489.70188455
5489.75080591
5489.81761290
5489.88271883
5489.94826995
5490.01410755
5490.07894017
5490.14476143
5490.20862125
5490.27372791
5490.33844984
5490.41507236
5490.48191274
5490.54575818
5490.61079681
5490.67639475
5490.75818871
5490.80708252
5490.87288257
5490.93774542
5491.00249271
5491.06942550
5491.13562028
5491.20998464
5491.27384055
5491.33972350
5491.40383834
5491.48133711
5491.57803686
5491.63298178
5491.72496454
5491.77354774
5491.84044835
5491.90772272
5491.97004629
5492.03406922
5492.10065946
5492.17647618
5492.24136439
5492.30811237
5492.37204704
5492.43698913
5492.51358897
5492.57861883
5492.64428649
5492.71012531
5492.79009875
5492.84322241
5492.90556842
5492.97048222
5493.03527534
5493.10099884
5493.16685375
5493.24419185
5493.30744775
5493.37156503
5493.43715394
5493.50303519
5493.57886751
5493.64388543
5493.70944996
5493.79035231
5493.84163277
5493.90603848
5493.97325994
5494.03557815
5494.10157642
5494.16543917
5494.23207744
5494.29599723
5494.36421905
5494.42769291
5494.49149958
5494.55820270
5494.63326703
5494.70983152
5494.77461221
5494.85740628
5494.90676162
5494.97013040
5495.03516563
5495.10188167
5495.16567444
5495.24242691
5495.31845234
5495.38227704
5495.45133366
5495.51464223
5495.57953141
5495.65433169
5495.72126595
5495.78613831
5495.86782426
5495.91918786
5495.98057057
5496.04731051
5496.11127175
5496.17735463
5496.24278507
5496.30775056
5496.37265096
5496.43832789
5496.50419450
5496.56813575
5496.64583249
5496.72060010
5496.78548831
5496.85128568
5496.93207320
5496.98101211
5497.04566090
5497.11246106
5497.17741119
5497.24220309
5497.30947941
5497.37279724
5497.43681554
5497.50366860
5497.57277959
5497.63310953
5497.69928091
5497.77572325
5497.83990758
5497.90455856
5497.98720439
5498.06902005
5498.13376587
5498.19959225
5498.26361030
5498.33941971
5498.40855045
5498.48200052
5498.54581962
5498.61267439
5498.67662564
5498.74216750
5498.80801826
5498.88395714
5498.96455741
5499.01441426
5499.07928540
5499.14318521
5499.21097280
5499.27486260
5499.35167870
5499.41662323
5499.48125787
5499.54734562
5499.61196271
5499.67776276
5499.74255784
5499.80747189
5499.88617580
5499.95250687
5500.02994201
5500.08223964
5500.14558234
5500.21033011
5500.27620843
5500.34256486
5500.40595168
5500.47197239
5500.53573029
5500.60334380
5500.66543746
5500.73313703
5500.79934644
5500.87281772
5500.93846222
5501.00426715
5501.08425717
5501.13426178
5501.20226879
5501.26368613
5501.33043484
5501.39442851
5501.46019980
5501.52842722
5501.59071983
5501.65655353
5501.72058962
5501.78552415
5501.85364576
5501.96193743
5502.02570313
5502.10750636
5502.15458403
5502.21940397
5502.28739539
5502.35107113
5502.43115501
5502.49247872
5502.55833192
5502.62417196
5502.68818635
5502.75531005
5502.81967041
5502.88703450
5502.95952469
5503.03955054
5503.11881766
5503.16582975
5503.23174976
5503.29644633
5503.36225589
5503.43914562
5503.50418475
5503.56879964
5503.63460433
5503.70039000
5503.76529039
5503.83039827
5503.89586211
5503.99263256
5504.04683752
5504.13031572
5504.17730684
5504.24399534
5504.30800388
5504.37466117
5504.43950354
5504.53720266
5504.60012210
5504.66800892
5504.74393999
5504.81076356
5504.87447733
5504.93861241
5505.00761759
5505.06999480
5505.16375591
5505.20978886
5505.27561158
5505.34231812
5505.40617160
5505.47486055
5505.54776229
5505.61285993
5505.67850882
5505.74523803
5505.81006285
5505.87418330
5505.95371568
5506.01963715
5506.09645813
5506.19015317
5506.24993624
5506.32682012
5506.39450483
5506.46037217
5506.54065792
5506.60392065
5506.66981628
5506.74910095
5506.81242049
5506.88021051
5506.95805500
5507.02634411
5507.08871230
5507.18338062
5507.23253580
5507.30915320
5507.38785785
5507.45288405
5507.53069416
5507.59727343
5507.66226257
5507.74196245
5507.81806760
5507.88390911
5507.96067401
5508.02733276
5508.09418461
5508.18688782
5508.23680247
5508.30270833
5508.38034461
5508.44815244
5508.51499599
5508.58180396
5508.64660659
5508.72446887
5508.80141639
5508.86711233
5508.94495170
5509.01169506
5509.07670907
5509.17154270
5509.22033289
5509.28796785
5509.36394183
5509.42958439
5509.50831756
5509.58527507
5509.65022911
5509.71784189
5509.79554740
5509.86151471
5509.93924607
5510.00518242
5510.06993506
5510.16369544
5510.21456679
5510.28227319
5510.35836274
5510.45679987
5510.52274109
5510.60142477
5510.66722458
5510.73236513
5510.81007382
5510.87668917
5510.94350006
5511.02144817
5511.10228859
5511.15293466
5511.23074014
5511.29569686
5511.37350526
5511.45117275
5511.51716005
5511.59496675
5511.67083004
5511.73750049
5511.81532450
5511.88105044
5511.94692266
5512.04262132
5512.09300603
5512.15670810
5512.23431439
5512.30021977
5512.36616708
5512.44718402
5512.51052721
5512.58745985
5512.66510880
5512.74190004
5512.81961482
5512.88654201
5512.95139145
5513.04642890
5513.12790786
5513.18622710
5513.26154353
5513.32655583
5513.39246658
5513.47107541
5513.53581611
5513.60375633
5513.68053122
5513.74719485
5513.81217180
5513.89086036
5513.95667358
5514.04955259
5514.11028457
5514.17610876
5514.29025137
5514.36382310
5514.43292945
5514.50739864
5514.57308118
5514.63923744
5514.71689761
5514.78341861
5514.85024559
5514.93059888
5515.01334077
5515.07071525
5515.14954864
5515.21436614
5515.29217284
5515.36801467
5515.43397515
5515.51267127
5515.57843353
5515.64682967
5515.72461199
5515.78801978
5515.85401245
5515.94846573
5515.99841109
5516.06417214
5516.14191788
5516.20704112
5516.27284581
5516.35047380
5516.41752167
5516.48419407
5516.56195445
5516.62597323
5516.70571797
5516.78161808
5516.84822733
5516.94205305
5517.00195023
5517.06964591
5517.14644787
5517.21229522
5517.28919007
5517.36693313
5517.43273465
5517.49965477
5517.59830572
5517.66421329
5517.73342522
5517.80703157
5517.88876214
5517.95065977
5518.02912768
5518.09507549
5518.17173750
5518.23981449
5518.30443792
5518.38316841
5518.44799152
5518.51481582
5518.59172115
5518.65762580
5518.72437744
5518.80116356
5518.88392252
5518.93410242
5519.01165556
5519.07657449
5519.15430414
5519.22108943
5519.28600226
5519.36481882
5519.43158582
5519.49735320
5519.57417491
5519.64354361
5519.70795882
5519.78712964
5519.86547223
5519.91734344
5519.99414077
5520.06343022
5520.12671099
5520.20658715
5520.27034554
5520.33647571
5520.41513428
5520.47901361
5520.55696586
5520.63693515
5520.69932894
5520.78061407
5520.85794583
5520.91335204
5520.99011669
5521.05347597
5521.11926846
5521.19803382
5521.26297152
5521.33420170
5521.40846634
5521.47242977
5521.54020249
5521.60947512
5521.68211818
5521.76161106
5521.84445804
5521.89322312
5521.96936704
5522.03614452
5522.10382191
5522.17962913
5522.25748117
5522.32422843
5522.40113718
5522.46602051
5522.53262976
5522.61046572
5522.67743850
5522.74414065
5522.83584083
5522.88665635
5522.96442599
5523.04052578
5523.10613322
5523.18484738
5523.26179343
5523.32754790
5523.40528389
5523.48418529
5523.54809095
5523.62677268
5523.69265099
5523.77436352
5523.83618509
5523.90199563
5523.97921645
5524.05766510
5524.12251576
5524.18924473
5524.25621117
5524.32195783
5524.39973576
5524.46650105
5524.53135903
5524.61162162
5524.68616225
5524.76768777
5524.82954640
5524.92761099
5525.01629794
5525.07199013
5525.14872895
5525.21477915
5525.29243469
5525.35930360
5525.44694704
5525.52583040
5525.59210077
5525.67249306
5525.73446092
5525.80006641
5525.87782435
5525.95567615
5526.02295004
5526.09762061
5526.17429531
5526.24104402
5526.31889753
5526.38557749
5526.45172620
5526.52908916
5526.60989935
5526.66076436
5526.73958482
5526.80431601
5526.87136852
5526.94893433
5527.01486824
5527.07274180
5527.14943014
5527.21778288
5527.28208668
5527.35898250
5527.42579534
5527.49168634
5527.58443003
5527.63534722
5527.70220906
5527.77993774
5527.84469624
5527.92176200
5527.98751134
5528.05438513
5528.13196826
5528.21324803
5528.27653416
5528.35241696
5528.41919639
5528.49846595
5528.59073641
5528.63958755
5528.70559728
5528.78434631
5528.84914528
5528.91623338
5528.98191250
5529.04882920
5529.12642964
5529.20319551
5529.26904238
5529.34779847
5529.41380723
5529.48392076
5529.57720425
5529.65334938
5529.73730593
5529.81375022
5529.89547251
5529.97522676
5530.05618274
5530.13781506
5530.21660236
5530.29732453
5530.37812789
5530.47315242
5530.53894882
5530.62304190
5530.70035050
5530.78359269
5530.86117825
5530.94325869
5531.02178048
5531.10692390
5531.18525113
5531.26500489
5531.35973636
5531.42454777
5531.50445343
5531.58862307
5531.66592581
5531.76867715
5531.84944663
5531.92861622
5532.01104701
5532.09187744
5532.17171629
5532.26737716
5532.33230974
5532.41409444
5532.49386526
5532.57384845
5532.65442312
5532.73351055
5532.81498536
5532.89590088
5532.97656381
5533.05736229
5533.15430000
5533.21817249
5533.29874643
5533.38054502
5533.46041849
5533.54116432
5533.62191307
5533.70262110
5533.78394402
5533.86219226
5533.94240219
5534.03779658
5534.10466964
5534.18449142
5534.26458920
5534.34511852
5534.42693345
5534.51007689
5534.58851116
5534.66726237
5534.74899611
5534.82773441
5534.92463579
5534.99288222
5535.06916097
5535.17205031
5535.25268593
5535.33368824
5535.41343469
5535.49522036
5535.57830139
5535.65653914
5535.73644797
5535.83226049
5535.89700802
5535.97776676
5536.05763902
5536.13841727
5536.21827879
5536.31079745
5536.39155424
5536.47136579
5536.55566684
5536.63305784
5536.72876845
5536.79389486
5536.87439029
5536.95615475
5537.03692349
5537.11583465
5537.19547382
5537.28027956
5537.35602485
5537.43900299
5537.51864460
5537.61438715
5537.67920392
5537.75900181
5537.84191535
5537.92266702
5538.00151430
5538.08223355
5538.16306007
5538.24393804
5538.32389075
5538.40436229
5538.50023430
5538.56600632
5538.64578885
5538.72589492
5538.80735510
5538.88825647
5538.96908397
5539.08162281
5539.15055923
5539.23223128
5539.31302392
5539.40809989
5539.47611373
5539.55446462
5539.63669841
5539.71495762
5539.81681784
5539.93954206
5540.02468791
5540.10290275
5540.18173369
5540.27753500
5540.34591651
5540.42758783
5540.50600869
5540.58601967
5540.66657508
5540.74872646
5540.82599995
5540.90683818
5540.98867602
5541.06939673
5541.16230963
5541.22998043
5541.31001945
5541.39055609
5541.47240954
5541.55220304
5541.63292765
5541.71372443
5541.79305835
5541.87438274
5541.95413650
5542.04904839
5542.11823496
5542.19748135
5542.27627011
5542.35608068
5542.43804677
5542.51873628
5542.59853271
5542.67954111
5542.75939922
5542.84086282
5542.93394712
5543.00077239
5543.08236521
5543.16129928
5543.24448320
5543.32274777
5543.40261856
5543.48351311
5543.56422675
5543.64699571
5543.77814623
5543.82764127
5543.90848511
5543.99020227
5544.07003576
5544.15082693
5544.23154423
5544.31130213
5544.39026425
5544.47304320
5544.59462127
5544.69332464
5544.75731002
5544.83812752
5544.91974155
5544.99881509
5545.08027844
5545.16017946
5545.24092358
5545.32083874
5545.40256858
5545.48224847
5545.57600421
5545.64308744
5545.72271539
5545.80359873
5545.88512913
5545.96511451
5546.04492069
5546.12859930
5546.20982543
5546.28912058
5546.36893457
5546.46660248
5546.53156383
5546.60824145
5546.68915623
5546.77089314
5546.85082829
5546.93241721
5547.01223924
5547.09210832
5547.17289023
5547.25473954
5547.34942883
5547.41631457
5547.49605857
5547.57593668
5547.65681952
5547.73647771
5547.81877441
5547.89716016
5547.97814589
5548.05873445
5548.14196445
5548.23422296
5548.30114527
5548.38185989
5548.46264911
5548.54347856
5548.62314723
5548.70647378
5548.78303485
5548.86366901
5548.94540104
5549.02861812
5549.12108338
5549.18672179
5549.26644532
5549.34757831
5549.42819979
5549.54821626
5549.60962604
5549.69344752
5549.77319299
5549.85503230
5549.93381156
5550.02686074
5550.09273053
5550.17308723
5550.25509623
5550.33517450
5550.41652546
5550.49986786
5550.57632166
5550.71171958
5550.79373005
5550.88938409
5550.95341872
5551.03496814
5551.11401071
5551.19561548
5551.27638275
5551.35710346
5551.43692306
5551.51867776
5551.59779104
5551.67934533
5551.77948840
5551.87199633
5551.93165969
5552.01236309
5552.09140932
5552.17288438
5552.25286196
5552.33460204
5552.41436555
5552.49762408
5552.57491170
5552.67064328
5552.77942452
5552.86129821
5552.94098078
5553.02175440
5553.10178561
5553.20434386
5553.28434387
5553.36593254
5553.44914572
5553.54043703
5553.60551053
5553.68701656
5553.76777335
5553.84760733
5553.92756199
5554.01165605
5554.08892856
5554.17279368
5554.28452526
5554.35332466
5554.44897432
5554.51482825
5554.59582032
5554.67547656
5554.75632600
5554.83609537
5554.91595763
5554.98283556
5555.04745777
5555.11440398
5555.19116449
5555.25617948
5555.38062426
5555.43154364
5555.49753240
5555.56424626
5555.63012920
5555.70927100
5555.77293260
5555.83768940
5555.91536956
5555.98355919
5556.04704988
5556.12404152
5556.18952536
5556.26733596
5556.35271172
5556.39905456
5556.47831924
5556.54323816
5556.60661548
5556.68435464
5556.74929746
5556.82706832
5556.89120633
5556.95872182
5557.03462266
5557.10065507
5557.17808459
5557.25583960
5557.33770817
5557.40044622
