5705.49917787
5705.56326517
5705.64192544
5705.71974970
5705.78562679
5705.85429892
5705.93203029
5705.99895650
5706.08083384
5706.14269417
5706.22025974
5706.28607491
5706.36498388
5706.44200063
5706.50859916
5706.58733014
5706.66612086
5706.73193481
5706.79891953
5706.87560520
5706.94039954
5707.02432537
5707.08691859
5707.15476543
5707.22054208
5707.29837486
5707.37623227
5707.44295149
5707.50993134
5707.58681985
5707.65445579
5707.72038604
5707.79836462
5707.87699784
5707.95872036
5708.02069943
5708.09964960
5708.16420452
5708.24404312
5708.32182471
5708.39957314
5708.46635989
5708.54343492
5708.62111020
5708.68897215
5708.76586408
5708.83370384
5708.91623874
5708.97802886
5709.05597624
5709.12079496
5709.18855499
5709.26736960
5709.33330058
5709.40025483
5709.47877687
5709.55553567
5709.62346296
5709.70027760
5709.77906807
5709.86094493
5709.92270579
5710.00034621
5710.06827375
5710.13406990
5710.21208115
5710.27895129
5710.34558273
5710.42333579
5710.49117531
5710.56805237
5710.64670777
5710.72543728
5710.80644837
5710.87008096
5710.94688731
5711.01203200
5711.08056004
5711.15829165
5711.23536935
5711.30120964
5711.37998060
5711.45783167
5711.52447604
5711.60229079
5711.68105371
5711.77401951
5711.82379835
5711.90265660
5711.96850736
5712.03647464
5712.11490281
5712.18091010
5712.24803575
5712.32634543
5712.40427208
5712.46918735
5712.53811621
5712.61751206
5712.68163300
5712.76424957
5712.82620792
5712.89084890
5712.96863098
5713.04986564
5713.12342639
5713.18998226
5713.25581035
5713.32366084
5713.39965945
5713.46558214
5713.53224333
5713.61085850
5713.67573963
5713.75776546
5713.82137415
5713.89860009
5713.96316989
5714.04080128
5714.11006904
5714.18683443
5714.25114359
5714.31604155
5714.39399380
5714.45988675
5714.52559683
5714.60357859
5714.71708656
5714.75809070
5714.83579085
5714.90068881
5714.97929764
5715.05613593
5715.12000867
5715.18796912
5715.26482350
5715.33165633
5715.39830899
5715.46502040
5715.53084191
5715.60685246
5715.70148129
5715.75033999
5715.82808184
5715.90603043
5715.97175613
5716.05055099
5716.12473833
5716.19144926
5716.27110867
5716.33616656
5716.40190006
5716.47976746
5716.54551778
5716.61223870
5716.70488511
5716.75496165
5716.83307091
5716.89939833
5716.96626505
5717.04208494
5717.10881342
5717.17384353
5717.25173410
5717.35044332
5717.41727956
5717.49518037
5717.56175842
5717.64174844
5717.70884092
5717.77044331
5717.87087992
5717.94769115
5718.01276465
5718.08037231
5718.15825873
5718.22291678
5718.30183574
5718.37761102
5718.44341083
5718.52138673
5718.61391319
5718.66587461
5718.74259782
5718.80753479
5718.87668698
5718.95128734
5719.01686577
5719.08374346
5719.16182908
5719.22839006
5719.32603945
5719.39401452
5719.45979800
5719.55252999
5719.61545675
5719.69355309
5719.75720543
5719.82293868
5719.88872581
5719.96664051
5720.03322783
5720.09907299
5720.17698526
5720.24259441
5720.31043295
5720.38654030
5720.45225356
5720.53510175
5720.59787003
5720.67266958
5720.73954557
5720.81623659
5720.88237189
5720.96181162
5721.02778454
5721.09353778
5721.17138958
5721.24709928
5721.31404694
5721.39175929
5721.47272746
5721.52443264
5721.60041321
5721.66641367
5721.73293028
5721.81172173
5721.89091058
5721.95431180
5722.02025350
5722.08707926
5722.16388439
5722.24061004
5722.30745531
5722.38441794
5722.46699818
5722.51686358
5722.59475512
5722.65960651
5722.72649298
5722.80511620
5722.88117381
5722.94768164
5723.02892678
5723.09381499
5723.15735737
5723.23850036
5723.30099825
5723.36873074
5723.44950436
5723.49836087
5723.57619999
5723.64304502
5723.71080115
5723.78659082
5723.85442936
5723.93028290
5723.99594642
5724.06534974
5724.12878313
5724.20665273
5724.27231406
5724.33820042
5724.43390811
5724.48187788
5724.54951236
5724.62645841
5724.71442733
5724.79202948
5724.86801736
5724.93478655
5725.01229995
5725.09038630
5725.15591767
5725.23372900
5725.30105969
5725.38060232
5725.44314776
5725.50900632
5725.57516380
5725.65269817
5725.71763099
5725.78435094
5725.86223444
5725.92894951
5726.00589385
5726.07249385
5726.14844710
5726.22613653
5726.31709334
5726.36897699
5726.44685903
5726.54635673
5726.60126167
5726.67913761
5726.74573419
5726.81089643
5726.88861536
5726.95440761
5727.02139161
5727.09993851
5727.16386855
5727.25841692
5727.30852856
5727.37433300
5727.45220236
5727.52974062
5727.59549947
5727.67143981
5727.75012300
5727.81609689
5727.89378461
5727.95870719
5728.02540203
5728.10329967
5728.16815374
5728.24897271
5728.31360370
5728.38935508
5728.46628358
5728.53508273
5728.60009626
5728.67684116
5728.75472003
5728.82122152
5728.89803568
5728.96482681
5729.02986570
5729.10662621
5729.22214000
5729.27308718
5729.35113232
5729.41581183
5729.48164017
5729.56025704
5729.62612195
5729.69227187
5729.77075100
5729.83665467
5729.90162041
5729.98021607
5730.04595713
5730.12179141
5730.21558470
5730.26639363
5730.34421082
5730.42024746
5730.48685062
5730.56282875
5730.63972677
5730.71842947
5730.78523548
5730.85204344
5730.91703746
5730.99379432
5731.05867886
5731.12742658
5731.22007323
5731.27018097
5731.34775678
5731.42555519
5731.49135622
5731.56941697
5731.63591968
5731.70177752
5731.77862507
5731.85445399
5731.92231667
5731.99906767
5732.06577445
5732.13170348
5732.22553554
5732.27441253
5732.37646853
5732.45277482
5732.51653785
5732.58444905
5732.65043635
5732.71535259
5732.79381660
5732.87102962
5732.94747318
5733.02632753
5733.10422517
5733.18385825
5733.24668748
5733.31163201
5733.37747570
5733.45544259
5733.52113926
5733.58778534
5733.66587607
5733.73072941
5733.79823614
5733.87531067
5733.94003845
5734.01894717
5734.09752187
5734.17827306
5734.23929615
5734.30514009
5734.37274848
5734.45302716
5734.51464271
5734.58120419
5734.66011851
5734.72484507
5734.79193756
5734.86878901
5734.93468757
5735.00125806
5735.07904208
5735.16098794
5735.22269638
5735.29970899
5735.36631240
5735.44217154
5735.50918967
5735.57572871
5735.65161151
5735.73062848
5735.79618643
5735.87394973
5735.93883306
5736.00593920
5736.10048440
5736.14833105
5736.23107319
5736.31094568
5736.39161714
5736.46952015
5736.55046126
5736.63125609
5736.71118296
5736.79070583
5736.87048617
5736.94952874
5737.04511623
5737.11080632
5737.19079487
5737.27144317
5737.34937007
5737.42901875
5737.50983040
5737.58886151
5737.66951347
5737.74942668
5737.82922604
5737.92305054
5737.98882426
5738.06863239
5738.14859827
5738.23256823
5738.30877456
5738.38779324
5738.46945700
5738.54833232
5738.62905181
5738.70877193
5738.80175675
5738.86849132
5738.94908769
5739.03040037
5739.10779332
5739.18755391
5739.26826755
5739.34615812
5739.42586751
5739.50771828
5739.58742718
5739.68314803
5739.74796870
5739.82794799
5739.90662070
5739.98738334
5740.06620210
5740.14621942
5740.22602633
5740.30662440
5740.38982222
5740.46706742
5740.56101870
5740.62595543
5740.70549610
5740.78628093
5740.86602226
5740.94577188
5741.02584869
5741.10730253
5741.18510119
5741.26592576
5741.34725210
5741.43961618
5741.50444172
5741.58533578
5741.66494326
5741.74571858
5741.82558108
5741.90441349
5741.98328783
5742.06490698
5742.14485603
5742.22379035
5742.32019679
5742.38327008
5742.47042468
5742.54462276
5742.62340445
5742.70422780
5742.78291685
5742.86381457
5742.94274571
5743.02346448
5743.10326871
5743.19989775
5743.26376829
5743.34268896
5743.42234202
5743.50318123
5743.58408236
5743.66304057
5743.74477601
5743.82234378
5743.90312813
5743.98195151
5744.07680025
5744.14262639
5744.22236650
5744.30215562
5744.38303700
5744.46171264
5744.54250088
5744.62048264
5744.70103244
5744.78190211
5744.86177022
5744.95741817
5745.02142062
5745.10032446
5745.18101421
5745.26075578
5745.34053149
5745.41952968
5745.50114469
5745.58096208
5745.66074778
5745.74155529
5745.83430508
5745.89907528
5745.97990765
5746.06062130
5746.14041529
5746.21942616
5746.30115283
5746.37972046
5746.45878180
5746.53844999
5746.61834930
5746.71394727
5746.77973514
5746.85798947
5746.96060623
5747.03044109
5747.10992666
5747.18999323
5747.26876736
5747.34840288
5747.42833438
5747.50909020
5747.60569559
5747.72339757
5747.80325886
5747.88399932
5747.96266227
5748.04252063
5748.12324792
5748.20304557
5748.28532349
5748.36384090
5748.45776877
5748.55606157
5748.62308091
5748.70467276
5748.78450624
5748.86350347
5748.94314946
5749.02309730
5749.10391602
5749.18364638
5749.26445681
5749.35827960
5749.42393605
5749.55672278
5749.63757637
5749.71745423
5749.79729259
5749.87781192
5749.95660604
5750.03756983
5750.11834711
5750.21192902
5750.27679723
5750.35666997
5750.43641910
5750.51711519
5750.59596198
5750.67577815
5750.75559360
5750.83728004
5750.91602199
5751.02881951
5751.11375764
5751.17749847
5751.25737195
5751.33704598
5751.41781863
5751.49753411
5751.58089211
5751.66075437
5751.73711235
5751.81675932
5751.89685783
5751.99334205
5752.06169064
5752.17984075
5752.25990050
5752.34143577
5752.42027281
5752.50107691
5752.57985470
5752.66066611
5752.73962017
5752.83539832
5752.90014316
5752.97908187
5753.05967385
5753.14064886
5753.21941982
5753.29899707
5753.37982822
5753.45765686
5753.53950861
5753.61840782
5753.71389241
5753.78069648
5753.86296782
5753.93840127
5754.01825329
5754.09894791
5754.18121462
5754.25752847
5754.33831550
5754.41909570
5754.49897234
5754.59271809
5754.65771528
5754.75832256
5754.84000803
5754.91988833
5755.00059611
5755.07956457
5755.16028186
5755.23817390
5755.32134294
5755.39779723
5755.49528155
5755.55912894
5755.63808837
5755.71978237
5755.79957367
5755.87932110
5755.95813180
5756.03794042
5756.11814718
5756.19863237
5756.27866505
5756.37428107
5756.43813235
5756.51781029
5756.59585446
5756.67755284
5756.75730100
5756.83717569
5756.91780058
5756.99685754
5757.07852838
5757.15721766
5757.25399592
5757.31581724
5757.39582603
5757.47632951
5757.56621039
5757.64906711
5757.72774104
5757.80690966
5757.88740802
5757.96611242
5758.04704598
5758.14283583
5758.20767503
5758.28831211
5758.36720864
5758.44598643
5758.52672835
5758.60553077
5758.71915236
5758.79820663
5758.87781874
5758.95955078
5759.05334870
5759.12145105
5759.19799018
5759.27683380
5759.35746967
5759.43747455
5759.51810286
5759.63088843
5759.69964857
5759.77938137
5759.89639313
5759.95002684
5760.02792595
5760.10968724
5760.18938663
5760.27021705
5760.34910359
5760.42872472
5760.51051404
5760.58835293
5760.66822908
5760.76384412
5760.87064879
5760.95163526
5761.03316590
5761.11199172
5761.19090824
5761.27170844
5761.35153559
5761.43013076
5761.51194179
5761.60696657
5761.67070375
5761.75046677
5761.83127233
5761.91010279
5761.98991872
5762.07052898
5762.15147107
5762.23218618
5762.31201698
5762.39169175
5762.48844318
5762.55156109
5762.63216550
5762.71095987
5762.79171935
5762.87159331
5762.95237887
5763.03204511
5763.11106062
5763.19380080
5763.27352384
5763.36822337
5763.43296846
5763.51204882
5763.59175041
5763.67348903
5763.75423826
5763.83409784
5763.91298364
5763.99373263
5764.07440921
5764.15331549
5764.24895906
5764.31190166
5764.39267113
5764.47555346
5764.55524846
5764.63499784
5764.71584801
5764.79558227
5764.87452731
5764.95534677
5765.03586731
5765.12987930
5765.19579394
5765.27645175
5765.35621380
5765.43516616
5765.51675045
5765.59681897
5765.67567332
5765.75533272
5765.83621313
5765.91676220
5766.01458420
5766.07740124
5766.15719889
5766.23608298
5766.31674104
5766.39762632
5766.47734570
5766.55706363
5766.63687810
5766.71780580
5766.79768001
5766.89329651
5766.95810133
5767.03799796
5767.11787656
5767.19946206
5767.27740870
5767.35714272
5767.43805019
5767.51864119
5767.59939384
5767.67923757
5767.77398781
5767.83879337
5767.91952944
5767.99938243
5768.08015166
5768.15885704
5768.23993859
5768.32059493
5768.39969651
5768.48123422
5768.55984915
5768.65459744
5768.72057060
5768.80040068
5768.88004497
5768.96091587
5769.04166461
5769.12152078
5769.20042901
5769.28131770
5769.36188457
5769.44065773
5769.53732797
5769.60232297
5769.68197311
5769.76098984
5769.84250074
5769.92243760
5770.02410179
5770.10407986
5770.18467647
5770.26462821
5770.34449168
5770.43817575
5770.50385268
5770.58567907
5770.66554912
5770.74526193
5770.82501471
5770.90567545
5770.98549455
5771.06527269
5771.14510131
5771.22494235
5771.31958800
5771.38569794
5771.46625261
5771.54522082
5771.62589155
5771.70762919
5771.78642088
5771.86539860
5771.94804516
5772.02780404
5772.10669935
5772.20334448
5772.30003545
5772.36906793
5772.44865566
5772.52955581
5772.60844966
5772.68922011
5772.76981721
5772.84964460
5772.93034971
5773.01029973
5773.10492588
5773.22454567
5773.30541608
5773.38614533
5773.46500358
5773.54385427
5773.62468177
5773.70532617
5773.78523499
5773.91369117
5773.96677705
5774.04747094
5774.12833720
5774.20590058
5774.28781840
5774.36755875
5774.44774771
5774.52703312
5774.66093674
5774.75849469
5774.82260831
5774.90315616
5774.98201807
5775.06275097
5775.14252887
5775.22249036
5775.30311379
5775.38197838
5775.49667858
5775.56546262
5775.66123101
5775.72521274
5775.80588298
5775.88564893
5775.96466224
5776.04526690
5776.12695407
5776.25954112
5776.34139823
5776.42032328
5776.51612118
5776.58193464
5776.66168523
5776.73956751
5776.82109450
5776.90102673
5776.98168966
5777.06483384
5777.14249888
5777.22313377
5777.30216196
5777.39669180
5777.46066206
5777.57516258
5777.68616737
5777.76776165
5777.84687273
5777.92831853
5778.00713094
5778.08893051
5778.16787239
5778.26448485
5778.32722119
5778.40918655
5778.48800945
5778.56764179
5778.64943600
5778.73430976
5778.81003822
5778.88891232
5778.96968399
5779.04950163
5779.16444345
5779.23192823
5779.31264552
5779.39252802
5779.47146526
5779.55123243
5779.63209650
5779.71362325
5779.79251466
5779.87227500
5779.95204607
5780.04576208
5780.11570202
5780.19267416
5780.27329491
5780.35196664
5780.43296603
5780.51167848
5780.59341246
5780.67507769
5780.75410856
5780.83381916
5780.92853771
5780.99441749
5781.07508310
5781.15495950
5781.23372486
5781.31440315
5781.39333332
5781.47423786
5781.55406891
5781.63567465
5781.71453095
5781.81230858
5781.87407651
5781.95506614
5782.03672357
5782.09657979
5782.17538270
5782.25631942
5782.35788292
5782.43776566
5782.51769228
5782.59839617
5782.69502156
5782.75903814
5782.83971911
5782.92165229
5783.00020651
5783.07992614
5783.15969989
5783.23850791
5783.31932396
5783.40011074
5783.47990253
5783.57579698
5783.64160239
5783.71932815
5783.80003764
5783.88085905
5783.96064060
5784.04134474
5784.12139863
5784.20201913
5784.28182336
5784.36361245
5784.45536530
5784.52118291
5784.60095764
5784.68077893
5784.76164398
5784.84227862
5784.92161425
5785.00202045
5785.08392754
5785.16159843
5785.24224040
5785.33704623
5785.40200904
5785.48276827
5785.56241939
5785.64237844
5785.72407951
5785.80385302
5785.88404808
5785.96354316
5786.04326157
5786.12210885
5786.21878665
5786.28484904
5786.36555366
5786.44522014
5786.52416177
5786.60475351
5786.68566488
5786.76341525
5786.84332798
5786.92495908
5787.00573343
5787.10053194
5787.16628299
5787.24422622
5787.32515125
5787.40577517
5787.48483041
5787.56549554
5787.64522809
5787.72605924
5787.80607217
5787.88473708
5787.98234868
5788.04713985
5788.12693725
5788.20676220
5788.28583452
5788.36737565
5788.45730285
5788.53812401
5788.61868283
5788.69774637
5788.77825716
5788.87313029
5788.93984511
5789.01980563
5789.09769034
5789.17929633
5789.25919906
5789.33910569
5789.41967109
5789.50039010
5789.57921958
5789.66010510
5789.75379087
5789.81865567
5789.89857937
5789.99107291
5790.07185214
5790.15189116
5790.23055729
5790.31126776
5790.39021817
5790.47275672
5790.55353643
5790.64728364
5790.71129584
5790.79289841
5790.87278578
5790.95168012
5791.02945049
5791.09539219
5791.17318768
5791.23978206
5791.30590224
5791.38370065
5791.48328344
5791.55318998
5791.61586098
5791.71468187
5791.78147179
5791.85937187
5791.93528344
5792.00209725
5792.08069974
5792.14551139
5792.21242712
5792.29105034
5792.35688087
5792.42377562
5792.51646129
5792.56651710
5792.63425568
5792.71215503
5792.77679772
5792.84473159
5792.92149576
5792.98729411
5793.05320363
5793.13122220
5793.19771955
5793.26548837
5793.34235055
5793.40912803
5793.48893275
5793.55286986
5793.61895566
5793.68552834
5793.76250731
5793.82923335
5793.89706483
5793.97284888
5794.04957721
5794.11545577
5794.19436815
5794.26019721
5794.32879766
5794.40474336
5794.48844465
5794.53835149
5794.61606554
5794.68184804
5794.74804355
5794.82650390
5794.89156424
5794.95840146
5795.03593046
5795.10198749
5795.18056974
5795.25839912
5795.32421087
5795.39106809
5795.48302525
5795.53471677
5795.60060606
5795.67830280
5795.74423915
5795.81024473
5795.88979004
5795.95392463
5796.02076014
5796.09844323
5796.16516269
5796.24295134
5796.32085142
5796.38565941
5796.46932900
5796.53113131
5796.59692649
5796.66375127
5796.74164501
5796.80663294
5796.88447889
5796.96409344
5797.02793862
5797.10664815
5797.17345026
5797.23743369
5797.31601156
5797.40994870
5797.46990878
5797.54859710
5797.62624312
5797.69117814
5797.76990010
5797.84786186
5797.91369605
5797.99134159
5798.06918120
5798.13392654
5798.21285135
5798.29058954
5798.37326584
5798.43320886
5798.51122792
5798.58786750
5798.66556936
5798.74232378
5798.80925803
5798.88705669
5798.96479829
5799.03063053
5799.10754391
5799.17428823
5799.24128539
5799.33472979
5799.38479340
5799.45152286
5799.52933858
5799.60611494
5799.67192718
5799.78264793
5799.84850625
5799.91452256
5799.99242898
5800.05989352
5800.12499287
5800.20363364
5800.28453843
5800.33721446
5800.41403958
5800.49192064
5800.55765511
5800.63545425
5800.71239128
5800.77811063
5800.85598633
5800.93463515
5800.99948459
5801.07828652
5801.19200563
5801.24200000
5801.31980353
5801.38650178
5801.45428717
5801.53120006
5801.59704181
5801.66299449
5801.74072536
5801.80652980
5801.87336654
5801.95113008
5802.01602024
5802.09585885
5802.18750954
5802.23756510
5802.30625186
5802.38207736
5802.44801127
5802.51603950
5802.59364530
5802.65927103
5802.72620163
5802.80320741
5802.86970086
5802.94668543
5803.02523770
5803.09108213
5803.17381037
5803.23489758
5803.29959123
5803.36862395
5803.44533205
5803.51190620
5803.57890652
5803.65587769
5803.72248719
5803.79147652
5803.86631337
5803.93204150
5803.99886482
5804.07651036
5804.15918887
5804.20937145
5804.28791543
5804.36418272
5804.43056499
5804.50953271
5804.57530521
5804.67411537
5804.75176774
5804.81689634
5804.91583353
5804.99519183
5805.07694434
5805.12682997
5805.20562922
5805.27045184
5805.33821651
5805.41613415
5805.48104283
5805.54883359
5805.62466568
5805.69156190
5805.75917248
5805.83626409
5805.90086606
5805.96971520
5806.06051841
5806.11222554
5806.17824648
5806.25604489
5806.32271242
5806.38957792
5806.46651739
5806.53224650
5806.60918304
5806.68881246
5806.75379282
5806.83275567
5806.90935722
5806.97524236
5807.06985802
5807.13001413
5807.19753255
5807.27536558
5807.35138589
5807.41809340
5807.49487317
5807.57267475
5807.63864035
5807.71624396
5807.79503297
5807.85983657
5807.93602413
5808.03050374
5808.08232230
5808.16019726
5808.23797519
5808.30278245
5808.38061426
5808.45832441
5808.52340182
5808.60202552
5808.66884397
5808.73560926
5808.81247096
5808.87815423
5808.97015893
5809.03377664
5809.11150069
5809.17752188
5809.25453912
5809.32218701
5809.38698257
5809.46490947
5809.54267594
5809.60862276
5809.68623368
5809.75308163
5809.81797374
5809.91359365
5809.97543204
5810.04138277
5810.11815035
5810.19496670
5810.26087842
5810.33956966
5810.41663030
5810.48245571
5810.56003932
5810.65879463
5810.71364519
5810.79232644
5810.87332460
5810.92625541
5811.00287939
5811.06866140
5811.13477109
5811.21336652
5811.27913658
5811.34795110
