5974.48973342
5974.55874421
5974.63434126
5974.71503905
5974.81799495
5974.89755903
5974.96434846
5975.04112458
5975.11804308
5975.18307708
5975.26256899
5975.32740039
5975.39421323
5975.47303564
5975.53890469
5975.62760919
5975.69336682
5975.75921929
5975.82505665
5975.90104745
5975.96716080
5976.04452109
5976.12370824
5976.19016658
5976.26489152
5976.33183626
5976.39762412
5976.47528746
5976.54024564
5976.62310432
5976.68692440
5976.75179749
5976.81753707
5976.89522528
5976.97198238
5977.03886861
5977.11573396
5977.18052610
5977.24745987
5977.32605700
5977.39184218
5977.46887454
5977.53548307
5977.61553160
5977.67821966
5977.75534248
5977.82286553
5977.89965189
5977.96444403
5978.03123712
5978.10839700
5978.17395105
5978.24175936
5978.31874710
5978.38543023
5978.45028601
5978.52898286
5978.60884634
5978.67166143
5978.75043849
5978.81435146
5978.89302173
5978.95893272
5979.02585869
5979.10347789
5979.17931315
5979.24511101
5979.32294355
5979.38859854
5979.45644050
5979.54919735
5979.59824452
5979.66595385
5979.74467045
5979.80866948
5979.88632623
5979.96413781
5980.02902845
5980.10767995
5980.17357241
5980.24040622
5980.31722085
5980.41503481
5980.49763383
5980.55965703
5980.62461131
5980.69131029
5980.76920719
5980.83579061
5980.90071124
5980.97936932
5981.04519132
5981.11111596
5981.18891169
5981.25565041
5981.33248358
5981.41036293
5981.49043169
5981.55329628
5981.62994488
5981.69670750
5981.77354481
5981.83935510
5981.90606798
5981.98495695
5982.04875655
5982.11655364
5982.19338437
5982.25941629
5982.32493474
5982.40394586
5982.48457905
5982.54743729
5982.62414709
5982.68907797
5982.76699194
5982.83478709
5982.89953340
5982.97644385
5983.07605322
5983.13095036
5983.20878558
5983.27544823
5983.34039276
5983.43511350
5983.48510519
5983.55095010
5983.62854249
5983.70541491
5983.77222361
5983.83822115
5983.90376691
5983.98267319
5984.05938152
5984.12430459
5984.20197842
5984.27984339
5984.37184321
5984.42238201
5984.48918119
5984.55529064
5984.63213088
5984.69867187
5984.76472817
5984.84257997
5984.90822350
5984.97493126
5985.04099414
5985.10755805
5985.18544155
5985.26312439
5985.34301078
5985.40599362
5985.47086159
5985.53667286
5985.61444932
5985.71417621
5985.76992497
5985.84568635
5985.91354172
5985.99026932
5986.06726535
5986.13293984
5986.24858920
5986.30955938
5986.37548012
5986.44119582
5986.51991339
5986.59687187
5986.67460909
5986.74359573
5986.80644959
5986.88390959
5986.96089368
5987.02656525
5987.10542398
5987.19829714
5987.24803209
5987.32584879
5987.39077137
5987.45845607
5987.53429718
5987.60219741
5987.66711389
5987.74568957
5987.81075941
5987.88742850
5987.96624189
5988.03109888
5988.10989277
5988.19159335
5988.24142510
5988.32123640
5988.38503819
5988.45103231
5988.52964529
5988.59562845
5988.66460997
5988.73927982
5988.81508362
5988.88194839
5988.95975533
5989.02435657
5989.09143663
5989.18495734
5989.23397623
5989.31263504
5989.37858699
5989.45535871
5989.53329756
5989.59988195
5989.66563860
5989.74350406
5989.80925462
5989.87605868
5989.95395120
5990.01889402
5990.08475454
5990.17848225
5990.22733485
5990.29577658
5990.37278213
5990.43963349
5990.51539072
5990.59418924
5990.65808587
5990.73770822
5990.80283877
5990.86870148
5990.94738224
5991.02235441
5991.08895611
5991.18183950
5991.23779404
5991.31842942
5991.39925911
5991.47923791
5991.55985939
5991.63985257
5991.72147757
5991.80035070
5991.88319011
5991.96510744
5992.05897997
5992.12673903
5992.20765162
5992.28756191
5992.36845304
5992.44927298
5992.53064247
5992.60951267
5992.69229893
5992.77299356
5992.85192471
5992.95112155
5993.01454836
5993.09444938
5993.17853174
5993.25577743
5993.33769086
5993.41739147
5993.49829797
5993.58108447
5993.66019653
5993.74169402
5993.83645450
5993.90228186
5993.98228699
5994.06382837
5994.14570985
5994.22884623
5994.30625211
5994.38605536
5994.46702622
5994.54757846
5994.62941021
5994.72509644
5994.79017189
5994.87178665
5994.95271753
5995.03242179
5995.11566496
5995.19409240
5995.27572081
5995.35570132
5995.43550360
5995.51714566
5995.61393001
5995.67977663
5995.75956965
5995.84129558
5995.92003242
5996.00182589
5996.08281235
5996.16260147
5996.24358964
5996.32646684
5996.40478701
5996.50075971
5996.56638251
5996.64920316
5996.72898008
5996.80874481
5996.88959084
5996.97149281
5997.05050612
5997.13295935
5997.21378880
5997.29342114
5997.38949088
5997.45509028
5997.53491816
5997.61657681
5997.69744283
5997.77822083
5997.85718148
5997.93881599
5998.05351498
5998.13237908
5998.22824792
5998.29483475
5998.37473577
5998.45895929
5998.53730798
5998.61905099
5998.69795361
5998.77855241
5998.86036807
5998.94121313
5999.02197992
5999.11577248
5999.18290666
5999.26243977
5999.34755710
5999.42490446
5999.50489570
5999.58742816
5999.67070960
5999.74800381
5999.82873939
5999.90970830
6000.00643657
6000.07127382
6000.15206256
6000.23380288
6000.31474789
6000.39438828
6000.47433978
6000.55805203
6000.63595698
6000.71864426
6000.79845654
6000.89213768
6000.95792335
6001.03982020
6001.12047873
6001.20050605
6001.28130161
6001.36413030
6001.44384676
6001.55781846
6001.61644320
6001.69810258
6001.79290378
6001.85772274
6001.93855097
6002.02044782
6002.10346497
6002.18103591
6002.26272503
6002.34262898
6002.42329361
6002.53699932
6002.63181685
6002.69777831
6002.77930993
6002.86022715
6002.94093421
6003.02194822
6003.10263504
6003.18344548
6003.26332407
6003.34400602
6003.42391679
6003.52140770
6003.58663846
6003.66703588
6003.74800308
6003.82878035
6003.90859409
6003.98949230
6004.07113729
6004.15089934
6004.23192701
6004.31271720
6004.40838247
6004.47509949
6004.55586847
6004.63594041
6004.71664722
6004.79828929
6004.87833416
6004.96086564
6005.04081957
6005.12043119
6005.20122431
6005.29692346
6005.36302292
6005.44263990
6005.52444752
6005.60607788
6005.68599646
6005.76586603
6005.84658576
6005.92729599
6006.00906191
6006.08984601
6006.18477473
6006.25145713
6006.33223245
6006.41219882
6006.49374653
6006.57357587
6006.65540372
6006.73611687
6006.81805615
6006.89768386
6006.97651602
6007.07432485
6007.13807886
6007.21984137
6007.29985698
6007.38047846
6007.46154611
6007.54335129
6007.62379503
6007.70458767
6007.78461767
6007.86618878
6007.96202642
6008.02883024
6008.10864690
6008.19029701
6008.26928716
6008.34992547
6008.43186571
6008.51157705
6008.59331542
6008.67310551
6008.75381842
6008.84878736
6008.91457791
6008.99638162
6009.07605249
6009.15800176
6009.23862177
6009.31934834
6009.40013414
6009.48104308
6009.56173307
6009.64166066
6009.73958653
6009.80311745
6009.88499479
6009.96474563
6010.04486047
6010.12550462
6010.20707745
6010.28811341
6010.36959895
6010.44947437
6010.52835651
6010.62502066
6010.69079902
6010.77364209
6010.85342292
6010.93331809
6011.01517056
6011.09573621
6011.17561456
6011.25645644
6011.33743608
6011.41801245
6011.51361311
6011.57845426
6011.65933783
6011.74108059
6011.82211289
6011.90278533
6011.98344070
6012.06425211
6012.14423237
6012.22515910
6012.30770424
6012.40254006
6012.46735658
6012.54913348
6012.62986662
6012.71164864
6012.79161744
6012.87129562
6012.95304764
6013.03286285
6013.11278459
6013.20441651
6013.30015467
6013.36717329
6013.44668226
6013.52850012
6013.60930372
6013.68924790
6013.76993911
6013.88460786
6013.95679061
6014.03535165
6014.11610382
6014.21193633
6014.27769299
6014.35765764
6014.43843029
6014.51926827
6014.59986561
6014.67964254
6014.75953624
6014.84214648
6014.92289303
6015.00288597
6015.09873360
6015.16536651
6015.24606333
6015.32700030
6015.40670676
6015.48763032
6015.56927239
6015.65098589
6015.72904006
6015.81269843
6015.89158594
6015.98532145
6016.05299615
6016.13323900
6016.21369688
6016.29455510
6016.37517317
6016.45711683
6016.53767833
6016.61767736
6016.69834370
6016.78005770
6016.87485036
6016.94176341
6017.02263430
6017.10232151
6017.18320167
6017.26478644
6017.34570488
6017.42543841
6017.50721213
6017.58520559
6017.66878155
6017.76371490
6017.82938914
6017.90943816
6017.98909879
6018.07173657
6018.15251092
6018.23256433
6018.31413983
6018.39301417
6018.47392920
6018.55652066
6018.65115973
6018.71813933
6018.79882445
6018.87997865
6018.95952396
6019.03924188
6019.12102048
6019.20282444
6019.28266036
6019.36347031
6019.44318189
6019.53892273
6019.60477301
6019.68658526
6019.76557199
6019.83444210
6019.89814758
6019.97685662
6020.04176092
6020.10955192
6020.18630341
6020.25224195
6020.31987716
6020.39774676
6020.47938493
6020.54136449
6020.61915436
6020.68388970
6020.75066499
6020.82964100
6020.89452165
6020.96122575
6021.03794335
6021.10573191
6021.17165704
6021.24848143
6021.31516359
6021.38312721
6021.47498855
6021.52581724
6021.59161168
6021.66939741
6021.73534302
6021.80302212
6021.88068667
6021.94763775
6022.01240771
6022.09041531
6022.15617002
6022.22388422
6022.30163460
6022.36661667
6022.45024115
6022.51212367
6022.57919910
6022.65488855
6022.73354858
6022.79947713
6022.89837457
6022.97621077
6023.05291521
6023.11978412
6023.19655682
6023.26413742
6023.33020396
6023.42378343
6023.47700242
6023.54065085
6023.61847145
6023.68508875
6023.75101071
6023.83000476
6023.89561148
6023.96147980
6024.04019469
6024.10429953
6024.18298687
6024.26060925
6024.32643564
6024.40933625
6024.47100202
6024.53703760
6024.61370375
6024.69171623
6024.75758333
6024.83509795
6024.91314041
6024.97988693
6025.05752930
6025.13444220
6025.20109705
6025.27815598
6025.37171717
6025.42069509
6025.49926540
6025.57713647
6025.64326883
6025.72091437
6025.79868353
6025.86441897
6025.94232124
6026.02010527
6026.08493545
6026.16375956
6026.24368058
6026.32219847
6026.41707793
6026.49566263
6026.55979259
6026.63832730
6026.70425316
6026.77123935
6026.84807910
6026.91483976
6026.98161018
6027.05856427
6027.13724089
6027.20221418
6027.29699905
6027.34762878
6027.41255990
6027.49131112
6027.56796874
6027.63403308
6027.71279332
6027.77846269
6027.84535062
6027.92229302
6027.98886180
6028.05677422
6028.13269676
6028.21047859
6028.29220161
6028.35490406
6028.43177209
6028.49754923
6028.57440556
6028.67506111
6028.74102135
6028.81767385
6028.91646012
6029.00439199
6029.07300609
6029.13691052
6029.22054988
6029.28238534
6029.34731890
6029.41421122
6029.49384064
6029.55779652
6029.62572747
6029.70249505
6029.76913308
6029.83599785
6029.91296608
6029.97964141
6030.04554094
6030.12362095
6030.20610831
6030.25624408
6030.33392425
6030.40161382
6030.46654860
6030.54453864
6030.60936126
6030.67602538
6030.75484803
6030.82164015
6030.88775569
6030.96527201
6031.04194134
6031.10779601
6031.20172461
6031.25157147
6031.32036307
6031.39911892
6031.46295119
6031.52972672
6031.60668350
6031.68343987
6031.75028123
6031.82889787
6031.89399819
6031.96070424
6032.03935696
6032.11620378
6032.19896030
6032.25995609
6032.32663873
6032.39352861
6032.47118391
6032.53705393
6032.60392675
6032.68162788
6032.74567323
6032.81247876
6032.89215036
6032.95798357
6033.02311534
6033.10185778
6033.18268455
6033.24450051
6033.32305863
6033.41088590
6033.47766485
6033.55544839
6033.62219564
6033.68723184
6033.76499734
6033.84274381
6033.90942621
6033.98541873
6034.05125145
6034.14510569
6034.20869830
6034.27545091
6034.35234260
6034.42915382
6034.49508285
6034.57282713
6034.65056873
6034.71639024
6034.79332922
6034.87201437
6034.93700571
6035.01375110
6035.10851207
6035.15835918
6035.23612663
6035.31491051
6035.38065620
6035.45853677
6035.53626618
6035.60321068
6035.67802827
6035.75687311
6035.82252176
6035.89943977
6035.97907602
6036.07301292
6036.13371589
6036.21054393
6036.27534949
6036.35333441
6036.42002291
6036.48606555
6036.56370085
6036.64170967
6036.71746642
6036.79532627
6036.86202720
6036.92896121
6037.02152400
6037.07247068
6037.13925231
6037.21621031
6037.28299194
6037.34972286
6037.42645802
6037.49438848
6037.55930155
6037.63889757
6037.71799500
6037.79156941
6037.86924323
6037.96203154
6038.01299090
6038.09162070
6038.15659863
6038.22334857
6038.30033509
6038.39907528
6038.45573126
6038.53357623
6038.59853271
6038.66632420
6038.74819959
6038.81010332
6038.90365792
6038.96476367
6039.03048180
6039.09830011
6039.17494457
6039.24100087
6039.30781785
6039.38548972
6039.45120079
6039.51815967
6039.59610436
6039.66195440
6039.72859486
6039.80730926
6039.89200895
6039.95081703
6040.02764166
6040.09348975
6040.16148433
6040.23736250
6040.30419850
6040.37187515
6040.44864713
6040.51358873
6040.58128537
6040.65817730
6040.72489237
6040.79087065
6040.88642620
6040.93451958
6041.00145384
6041.07994564
6041.14497331
6041.21261802
6041.29049299
6041.35631669
6041.42328020
6041.50008582
6041.56667655
6041.63278502
6041.71137484
6041.77721122
6041.85808187
6041.92086478
6041.98757985
6042.05448388
6042.13217964
6042.19799871
6042.26401308
6042.34266360
6042.40856800
6042.47538669
6042.55216427
6042.62984541
6042.69773101
6042.77441643
6042.85622356
6042.91805561
6042.99480905
6043.06180206
6043.12855736
6043.20551975
6043.27114865
6043.33898476
6043.41680340
6043.48174159
6043.54865049
6043.62729029
6043.69211388
6043.77299526
6043.86262112
6043.91241288
6043.99127430
6044.06824912
6044.13393166
6044.21258096
6044.29044861
6044.36731787
6044.44531474
6044.52285203
6044.58777948
6044.66582048
6044.74329487
6044.82412213
6044.88595101
6044.96473514
6045.03068782
6045.10846819
6045.18624002
6045.25212224
6045.32986384
6045.40596631
6045.48345728
6045.56125715
6045.63906434
6045.70383820
6045.79683667
6045.84949953
6045.91557192
6045.99406324
6046.05889073
6046.12582523
6046.20550244
6046.26865497
6046.33511916
6046.40027409
6046.46482877
6046.54266180
6046.60670203
6046.68329090
6046.76604011
6046.81414763
6046.87976995
6046.94459477
6047.01051892
6047.08016897
6047.14209733
6047.20682901
6047.27197029
6047.34863596
6047.41439554
6047.48019779
6047.54413587
6047.62083006
6047.68580799
6047.76945588
6047.81737543
6047.88235263
6047.95993404
6048.02475618
6048.08973337
6048.15462036
6048.22059888
6048.28623510
6048.35010369
6048.42872033
6048.49359195
6048.55860718
6048.62223124
6048.70099952
6048.78277983
6048.83067963
6048.89754879
6048.96131108
6049.02645699
6049.09198544
6049.16896295
6049.23557903
6049.29852407
6049.36521403
6049.42933180
6049.48723584
6049.55215013
6049.61870039
6049.69554209
6049.75939508
6049.84118514
6049.92272700
6049.98101187
6050.05562491
6050.11916314
6050.19598192
6050.26071214
6050.32774928
6050.42255731
6050.49120896
6050.55510169
6050.62095343
6050.68918768
6050.77746478
6050.83931341
6050.93606777
6051.00194755
6051.06770445
6051.13385827
6051.19837369
6051.27417140
6051.34000778
6051.43587126
6051.49168609
6051.56771445
6051.63340381
6051.71615497
6051.76317778
6051.82887934
6051.90816499
6051.97167274
6052.04946481
6052.11412262
6052.18905797
6052.25573794
6052.31970357
6052.38447791
6052.45122175
6052.52807077
6052.59313866
6052.65873879
6052.73960213
6052.78846352
6052.85449226
6052.92007484
6052.99802051
6053.06265589
6053.12655886
6053.19224456
6053.25810338
6053.32291576
6053.39978208
6053.46557799
6053.53045913
6053.59624650
6053.66105181
6053.74396998
6053.79088698
6053.85850171
6053.92336139
6053.99814412
6054.06434012
6054.12994269
6054.19468754
6054.27076124
6054.33726346
6054.40311910
6054.47047418
6054.53288723
6054.59689089
6054.66377760
6054.74524803
6054.79614376
6054.86345105
6054.92484400
6055.00165547
6055.06644030
6055.13227107
6055.20007987
6055.26318924
6055.32994722
6055.40802236
6055.48137027
6055.54715984
6055.64591441
6055.72583957
6055.77561353
6055.84229642
6055.90549893
6055.97205552
6056.03679964
6056.11365060
6056.17961401
6056.24430668
6056.32027408
6056.38591517
6056.46272323
6056.52683831
6056.59243966
6056.66022384
6056.73898432
6056.78887482
6056.85484823
6056.93160094
6056.99882118
6057.06018049
6057.12699528
6057.20383503
6057.26893974
6057.33454816
6057.41132744
6057.50795770
6057.60588527
6057.68659940
6057.73731691
6057.80331225
6057.86721376
6057.94406594
6058.01220023
6058.07472056
6058.14238795
6058.20548099
6058.28232951
6058.35825644
6058.42488276
6058.48966516
6058.55537012
6058.61924043
6058.70305410
6058.75106167
6058.81784452
6058.88252841
6058.94736249
6059.04608951
6059.11102429
6059.17679801
6059.25181528
6059.31748661
6059.38649544
6059.48010904
6059.54605489
6059.61262587
6059.70351564
6059.75348538
6059.81905698
6059.88486679
6059.94971111
6060.01552092
6060.08039913
6060.14633206
6060.21111786
6060.27785756
6060.34269481
6060.40760447
6060.47237443
6060.55113735
6060.61494133
6060.68074553
6060.76153402
6060.82235378
6060.88722735
6060.95234328
6061.01706301
6061.08471041
6061.14953766
6061.21434054
6061.28013279
6061.34422861
6061.41086176
6061.47674691
6061.54049945
6061.61836978
6061.68310829
6061.77810332
6061.82466850
6061.88871459
6061.96634819
6062.03135366
6062.10800739
6062.17272493
6062.23780135
6062.30441305
6062.37040986
6062.43506133
6062.49906328
6062.56573374
6062.63162181
6062.70851300
6062.78835307
6062.83903498
6062.90484918
6062.96786907
6063.03452392
6063.09942139
6063.16616450
6063.23003797
6063.29591531
6063.36166880
6063.42843921
6063.49228733
6063.55719943
6063.62399691
6063.69973391
6063.76563612
6063.85634790
6063.90635397
6063.98235575
6064.04786079
6064.12566968
6064.19046719
6064.25761893
6064.32508956
6064.38528175
6064.45273849
6064.51597733
6064.59452179
6064.65749317
6064.72419629
6064.80096119
6064.88089489
6064.93072371
6064.99556632
6065.07215276
6065.13799596
6065.20387916
6065.26876712
6065.33363338
6065.40035260
6065.46523910
6065.53094870
6065.59581203
6065.66086554
6065.72646665
6065.80239845
6065.89312340
6065.94406448
6066.00977847
6066.07645161
6066.14129495
6066.21711460
6066.28202012
6066.35975026
6066.42286938
6066.49050801
6066.55442609
6066.62013594
6066.68494417
6066.75081079
6066.82779829
6066.91936121
6066.98015537
6067.04431117
6067.11094578
6067.17603806
6067.24088335
6067.31839309
6067.38317378
6067.44920423
6067.51387691
6067.57881583
6067.64555869
6067.71030354
6067.77716563
6067.84102154
6067.92388680
6067.98260394
6068.04858076
6068.11437594
6068.17912468
6068.25588252
6068.31976549
6068.38658979
6068.45143777
6068.51721978
6068.59401199
6068.65891848
6068.72271978
6068.79057735
6068.85445447
6068.93808359
6068.98609042
6069.06284338
6069.15865273
6069.22444083
6069.29027063
6069.35700911
6069.42089087
6069.48687939
6069.55278111
6069.61845609
6069.68322800
6069.74898856
6069.81322555
6069.87967535
6069.95974631
6070.01033679
6070.08623885
6070.15111316
6070.21690322
6070.29463165
6070.35763473
6070.42452900
6070.49110973
6070.55587725
6070.63166130
6070.69657096
6070.77252666
6070.83742243
6070.90495865
6070.98404266
6071.03477943
6071.11067345
6071.17530443
6071.24221358
6071.30711202
6071.37287624
6071.43873944
6071.50254830
6071.56936333
6071.63326386
6071.70606637
6071.77311254
6071.83881165
6071.91557899
6071.99636602
6072.04838376
6072.12609757
6072.20089493
6072.27762204
6072.34272211
6072.40953715
6072.48632375
6072.55298201
6072.63073873
6072.69466364
6072.76132556
6072.82725362
6072.89207112
6072.97509144
6073.03667749
6073.10247925
6073.16836586
6073.26606034
6073.32190760
6073.39778821
6073.46367018
6073.54150273
6073.61922117
6073.68417105
6073.76107200
6073.82662581
6073.89261530
6073.98629937
6074.03530411
6074.11292381
6074.17879798
6074.25457935
6074.33162317
6074.39623270
6074.47594819
6074.54085370
6074.60668545
6074.68357153
6074.74865868
6074.81635972
6074.89788183
6074.97268431
6075.03551818
6075.10052439
6075.16730212
6075.23212913
6075.29706951
6075.36483564
6075.44262625
6075.51823866
6075.58432568
6075.68207771
6075.73711259
6075.80450009
6075.86971403
6075.95210873
6076.00110933
6076.06686526
6076.13276893
6076.19862823
6076.26444267
6076.34124902
6076.40706858
6076.48495719
6076.56266759
6076.63749884
6076.71626858
6076.78039830
6076.84692198
6076.92964583
6076.97771849
6077.05557761
6077.12118237
6077.18809761
6077.26577558
6077.33076667
6077.39633974
6077.46326570
6077.52906381
6077.59590151
6077.69263759
6077.74865917
6077.82446346
6077.90711758
6077.96715910
6078.03275386
6078.09863608
6078.17659711
6078.24214848
6078.30708350
6078.37414478
6078.43956839
6078.50769244
6078.57230928
6078.63827634
6078.71400993
6078.79080872
6078.87354574
6078.93435330
6079.00023089
6079.07711087
6079.14280413
6079.20983079
6079.27550455
6079.33942337
6079.41736758
6079.48393929
6079.54904132
6079.62764040
6079.69231941
6079.77021096
6079.86009769
6079.91182384
6079.97767314
6080.04351123
6080.11029213
6080.18710457
6080.25199765
6080.31982742
6080.38357996
6080.45056322
6080.51557358
6080.58218918
6080.65911060
6080.73503607
6080.80165459
6080.89459699
6080.96624384
6081.03112887
6081.09813603
6081.16280456
6081.24069806
6081.30741654
6081.37332290
6081.44923105
6081.51490115
6081.58179567
6081.64761669
6081.71453120
6081.79034524
6081.87592873
6081.92284183
6081.99957967
6082.06451055
6082.14232358
6082.20827187
6082.27311790
6082.35084244
6082.41657642
6082.48250252
6082.55916112
6082.62510575
6082.70284638
6082.76677422
6082.84957999
6082.89938272
6082.96413878
6083.03206242
6083.10895946
6083.17479902
6083.23953801
6083.30620993
6083.37222965
6083.44882194
6083.51482557
6083.59163436
6083.69029482
6083.75611340
6083.84912431
6083.89790036
6083.96549168
6084.03050058
6084.09638450
6084.17396884
6084.24993356
6084.31660597
6084.39538400
6084.45837025
6084.52599229
6084.59100289
6084.65683488
6084.72262250
6084.78826457
6084.87205947
6084.92104154
6084.98677479
6085.06283045
6085.12861051
6085.19548382
6085.27315179
6085.34990109
6085.41474589
6085.48078366
6085.54650789
6085.62328815
6085.69001663
6085.75592664
6085.83981030
6085.88772302
6085.96434773
6086.06305061
6086.12886603
6086.19488868
6086.25979078
6086.32650561
6086.39246024
6086.46817261
6086.53494644
6086.60175392
6086.66859333
6086.73337719
6086.81625903
6086.87706391
6086.94290834
6087.00771365
6087.08458875
6087.15021204
6087.21710266
6087.28391623
6087.34796548
6087.42672206
6087.49040804
6087.57012938
6087.63401797
6087.69983143
6087.79364447
6087.84344257
6087.90939257
6087.97440146
6088.04091514
6088.10694633
6088.18455432
6088.24950568
6088.32547429
6088.42412257
6088.49175948
6088.55758050
6088.62144178
6088.70016179
6088.78020691
6088.83004499
6088.89684442
6088.96152076
6089.02934199
6089.10635802
6089.17110359
6089.24878546
6089.32551696
6089.39138870
6089.45830320
6089.52207159
6089.58881494
6089.65481078
6089.72039725
6089.81420469
6089.86408324
6089.92996156
6089.99584500
6090.06158361
6090.13750201
6090.20526302
6090.27119571
6090.34789917
6090.41263280
6090.47856646
6090.54525593
6090.61127468
6090.68804494
6090.75287659
6090.83842887
6090.89729620
6090.96307724
6091.02800738
6091.09579424
6091.16067537
6091.23757656
6091.30248110
6091.36825800
6091.44594572
6091.51086489
6091.58969168
6091.66538772
6091.73225859
6091.82611527
6091.87295279
6091.94024569
6092.01647958
6092.08355134
6092.15013085
6092.21392972
6092.28108243
6092.35766130
6092.42257145
6092.48958348
6092.55711824
6092.62115604
6092.69013025
6092.75266008
6092.83769891
6092.89627025
6092.96223951
6093.03887153
