1302.33314950
1302.38558531
1302.44947480
1302.50222025
1302.57881780
1302.63054901
1302.69520917
1302.75506410
1302.82317490
1302.89710908
1302.96082717
1303.02645209
1303.07742553
1303.14268059
1303.19361283
1303.25947693
1303.31377398
1303.37698202
1303.42822146
1303.49312324
1303.55749839
1303.65239480
1303.71798973
1303.78056484
1303.84773551
1303.90898381
1303.97209359
1304.02654790
1304.09135216
1304.16428502
1304.23012546
1304.28105892
1304.34562985
1304.39680420
1304.46297257
1304.51372000
1304.58095674
1304.64168548
1304.70451659
1304.76733868
1304.83211904
1304.89630110
1304.94832000
1305.01235430
1305.06490154
1305.13058473
1305.18217379
1305.24658454
1305.29965425
1305.36500147
1305.41587983
1305.48003873
1305.53332519
1305.59696501
1305.66029032
1305.72441728
1305.78882900
1305.84158689
1305.92936480
1305.98000472
1306.04496598
1306.09626955
1306.16299697
1306.21420862
1306.27742714
1306.33014333
1306.39445436
1306.45719331
1306.52244983
1306.58673478
1306.64044766
1306.70439761
1306.75573165
1306.84178852
1306.89566085
1306.96078913
1307.01228726
1307.07489430
1307.12788600
1307.19305573
1307.24557273
1307.30973772
1307.37263148
1307.43651170
1307.50226657
1307.55457682
1307.61860187
1307.67100111
1307.73489108
1307.78847718
1307.85210945
1307.90589158
1307.96822458
1308.02117215
1308.08610197
1308.17069330
1308.22323468
1308.27037886
1308.34037625
1308.40660216
1308.45775407
1308.52263732
1308.57580359
1308.63887582
1308.69112927
1308.75577017
1308.80849417
1308.87356881
1308.92575082
1308.99065796
1309.07464610
1309.12940469
1309.19220044
1309.25580077
1309.32056114
1309.38343077
1309.44815091
1309.50037510
1309.56625651
1309.61814936
1309.68432211
1309.73359133
1309.80008397
1309.85115006
1309.91681423
1309.98023853
1310.04357310
1310.10774370
1310.17026346
1310.23539954
1310.28723559
1310.35209494
1310.40485795
1310.46905244
1310.52124127
1310.58603968
1310.63830409
1310.70323196
1310.75508629
1310.81892335
1310.88334654
1310.94715800
1311.01272709
1311.07517420
1311.13901979
1311.19224847
1311.25550649
1311.30790183
1311.37178669
1311.42388994
1311.48918547
1311.54107784
1311.60635118
1311.65862242
1311.72269696
1311.78527841
1311.85137510
1311.91722895
1311.97894244
1312.04300893
1312.09498102
1312.15966605
1312.22323590
1312.28722218
1312.33882611
1312.40404996
1312.45596207
1312.52132197
1312.57462721
1312.63816000
1312.70046009
1312.76532725
1312.82900462
1312.89401490
1312.95753525
1313.00992377
1313.07452274
1313.13819036
1313.20194453
1313.25394173
1313.31839685
1313.37120301
1313.43502666
1313.48722988
1313.55178740
1313.61569956
1313.67975045
1313.74489116
1313.80762401
1313.87105489
1313.92420336
1313.98942209
1314.05126967
1314.11671271
1314.16896737
1314.23319356
1314.28559256
1314.34971220
1314.40210168
1314.46608942
1314.51998492
1314.58414479
1314.64848240
1314.71223145
1314.77680067
1314.82936619
1314.89317814
1314.94519997
1315.00907873
1315.06164351
1315.12637268
1315.17912690
1315.24346232
1315.29584156
1315.36047028
1315.41239458
1315.47757723
1315.54015185
1315.59351170
1315.65902373
1315.71074007
1315.77565964
1315.82667527
1315.89203931
1315.94311589
1316.01290994
1316.06169764
1316.12567904
1316.17632090
1316.24299396
1316.29550072
1316.35835401
1316.42376462
1316.47538124
1316.53952477
1316.59217879
1316.65795878
1316.70965195
1316.77413510
1316.83698523
1316.90296635
1316.95271661
1317.01806992
1317.10249595
1317.15935544
1317.20881921
1317.27475328
1317.33832606
1317.38999729
1317.45460040
1317.50729611
1317.57246706
1317.63398087
1317.71096486
1317.75153959
1317.81553660
1317.86832350
1317.93215934
1318.01730485
1318.07154607
1318.13577323
1318.19936649
1318.26328157
1318.31515248
1318.38043338
1318.43158993
1318.49616037
1318.55080631
1318.61314566
1318.66585088
1318.73074510
1318.79445222
1318.85887516
1318.92135884
1318.98737726
1319.05087519
1319.11417124
1319.17751362
1319.23102829
1319.29441114
1319.34678161
1319.41219197
1319.47480853
1319.53877408
1319.59193255
1319.65545071
1319.72087375
1319.77356484
1319.83823475
1319.90181045
1319.96552927
1320.02776695
1320.09203556
1320.14629945
1320.20897696
1320.26306799
1320.32645499
1320.37841854
1320.44206153
1320.49664848
1320.55910997
1320.61408554
1320.67643367
1320.74044115
1320.80441646
1320.86975319
1320.93289955
1320.99724715
1321.04951742
1321.11398863
1321.16642054
1321.23096051
1321.28323882
1321.34774807
1321.39917134
1321.46416089
1321.51708774
1321.58030675
1321.64374201
1321.70882543
1321.77203835
1321.83703229
1321.90194894
1321.95315156
1322.01828350
1322.07084804
1322.13554771
1322.18593967
1322.25021071
1322.30322923
1322.36815173
1322.42098715
1322.48587698
1322.54823681
1322.61204388
1322.67737111
1322.73977507
1322.80553018
1322.85678376
1322.94232302
1322.99411835
1323.06093793
1323.11188212
1323.17597981
1323.22838881
1323.29372554
1323.35772621
1323.42076358
1323.47404736
1323.53752407
1323.60219692
1323.65425629
1323.71942358
1323.77094169
1323.85735232
1323.91095574
1323.97456143
1324.02628410
1324.09112639
1324.14462424
1324.20903742
1324.26026687
1324.32465250
1324.38816774
1324.45254777
1324.51928787
1324.56900789
1324.63349642
1324.68699158
1324.74974784
1324.80293556
1324.86804848
1324.91923258
1324.98377327
1325.03708997
1325.10154046
1325.15377635
1325.21776506
1325.27032571
1325.33446095
1325.39960557
1325.46256662
1325.52693178
1325.57903382
1325.64368204
1325.69585868
1325.75977791
1325.81216959
1325.87859542
1325.93013012
1325.99621827
1326.08031345
1326.13305476
1326.19618234
1326.26049849
1326.32375407
1326.37666043
1326.44119845
1326.49432424
1326.55779242
1326.61086336
1326.67641124
1326.72719841
1326.79233815
1326.84382530
1326.90941389
1326.97165108
1327.03546328
1327.11118653
1327.17435483
1327.23950554
1327.29089248
1327.35729149
1327.41853638
1327.50636744
1327.55813229
1327.62358216
1327.67465508
1327.76050739
1327.81459281
1327.87767090
1327.94019530
1328.00520777
1328.07006225
1328.13393320
1328.19758546
1328.25130639
1328.31405753
1328.37772466
1328.44150199
1328.49563618
1328.55860211
1328.61256027
1328.67601846
1328.72781793
1328.79175374
1328.85594774
1328.91930669
1328.98402659
1329.04848318
1329.11294220
1329.16457149
1329.22957787
1329.28960736
1329.35322500
1329.40734675
1329.46982824
1329.52260807
1329.58844364
1329.63997175
1329.70492375
1329.76759687
1329.83180502
1329.89455493
1329.95922632
1330.02266695
1330.07618113
1330.14035733
1330.19397196
1330.25820644
1330.32097903
1330.38528445
1330.43734456
1330.50214589
1330.55440104
1330.61913800
1330.68108091
1330.74733169
1330.80982122
1330.87426562
1330.93719595
1330.99003722
1331.05809780
1331.10917340
1331.17204132
1331.22424186
1331.28815523
1331.34241303
1331.40623035
1331.45797887
1331.52202731
1331.57483737
1331.63843965
1331.70366911
1331.76683229
1331.83227435
1331.88411990
1331.94872472
1332.02178143
1332.08692190
1332.13917486
1332.20260891
1332.25659461
1332.32003305
1332.37386516
1332.43673991
1332.50124428
1332.56116479
1332.62940920
1332.69264186
1332.75764312
1332.80849100
1332.87490683
1332.92545873
1332.98962616
1333.04295041
1333.10836517
1333.19278412
1333.24571658
1333.29771646
1333.36211989
1333.41514646
1333.47914419
1333.54275646
1333.61752789
1333.68256352
1333.73479965
1333.80044481
1333.85370226
1333.91472259
1333.96841329
1334.03253049
1334.09558883
1334.16040162
1334.24576802
1334.29986417
1334.35131670
1334.41652715
1334.47980272
1334.53313599
1334.59826988
1334.64892296
1334.71554628
1334.76653460
1334.83079418
1334.88318196
1334.94686128
1334.99997269
1335.06416426
1335.12731134
1335.19204611
1335.25782195
1335.31942499
1335.38419560
1335.43605627
1335.50074910
1335.55383759
1335.61853043
1335.67067977
1335.73484890
1335.78830018
1335.85129513
1335.90414493
1335.96470861
1336.03008557
1336.09514583
1336.16032604
1336.22329051
1336.28766567
1336.34188080
1336.40519294
1336.45642092
1336.52166184
1336.57510654
1336.63870296
1336.68976369
1336.75423247
1336.81776721
1336.88263291
1336.94547547
1337.01015222
1337.07585491
1337.13867456
1337.20315650
1337.25450200
1337.32088541
1337.37219409
1337.43602116
1337.48877831
1337.55329561
1337.60664619
1337.66889898
1337.72206696
1337.78627583
1337.84984836
1337.91373029
1337.97910872
1338.04199078
1338.10788340
1338.15904824
1338.22250130
1338.27488811
1338.34148948
1338.39279963
1338.45707311
1338.50957817
1338.57362247
1338.62748335
1338.68949550
1338.75331721
1338.81710454
1338.88233229
1338.94547596
1339.01064886
1339.06280868
1339.12682714
1339.17879313
1339.24403600
1339.29790200
1339.36137213
1339.41332764
1339.47777033
1339.53078665
1339.59433456
1339.65807678
1339.72200113
1339.78613735
1339.85018531
1339.91402042
1339.96675124
1340.03095768
1340.08292928
1340.14766234
1340.19993164
1340.26474443
1340.31676381
1340.38203960
1340.43434912
1340.49770588
1340.54986497
1340.61573930
1340.67953102
1340.73838194
1340.79552985
1340.84977108
1340.91421523
1340.96510309
1341.03226450
1341.08344226
1341.14766356
1341.19942329
1341.26423096
1341.31637445
1341.37969537
1341.43339777
1341.49698030
1341.56197448
1341.62480632
1341.68873872
1341.74122793
1341.80642423
1341.85828221
1341.92497355
1341.97524361
1342.03952246
1342.09179077
1342.15567197
1342.20789030
1342.27439025
1342.32526373
1342.39109175
1342.45507510
1342.50711618
1342.57140771
1342.62345123
1342.68878821
1342.74110358
1342.80384911
1342.85612377
1342.92136713
1342.97491885
1343.03866083
1343.12371321
1343.17716765
1343.24127705
1343.30476498
1343.36901311
1343.45475034
1343.51887827
1343.57223885
1343.63412642
1343.68685456
1343.76222185
1343.84764847
1343.91170497
1343.96439678
1344.03053687
1344.09296398
1344.15609522
1344.22087436
1344.28396830
1344.34941353
1344.40246155
1344.46609454
1344.52792457
1344.59320767
1344.64619473
1344.71058305
1344.76285917
1344.82711924
1344.87968891
1344.94358522
1345.00699684
1345.07282899
1345.13546384
1345.19898614
1345.26344297
1345.31599167
1345.38170899
1345.44246772
1345.50831475
1345.56106361
1345.62453521
1345.68891304
1345.75271378
1345.80539048
1345.86947038
1345.93254407
1345.99659423
1346.06813323
1346.12656260
1346.19049012
1346.24206578
1346.30530527
1346.35850591
1346.42220546
1346.47401322
1346.53960035
1346.59189378
1346.65641546
1346.70825979
1346.77415437
1346.83630427
1346.90056532
1346.96550562
1347.02848058
1347.09192926
1347.14588449
1347.20978251
1347.26248626
1347.32573209
1347.39027913
1347.45455676
1347.50658224
1347.57205990
1347.62464590
1347.68763426
1347.75129115
1347.81621707
1347.88062709
1347.94293937
1348.00773046
1348.05971986
1348.12410988
1348.17597469
1348.24135385
1348.30440756
1348.36910576
1348.42085622
1348.48531842
1348.53804363
1348.60320994
1348.66639287
1348.73003220
1348.79385440
1348.85883420
1348.92259909
1348.96720814
1349.02940754
1349.08161905
1349.14513356
1349.19799018
1349.26190112
1349.31333634
1349.38962109
1349.44168022
1349.50651471
1349.55937718
1349.62338540
1349.68741581
1349.74106116
1349.80475413
1349.85710851
1349.92069811
1349.96615684
1350.03786309
1350.09001950
1350.15566538
1350.21820611
1350.28172720
1350.33596623
1350.39852086
1350.45031472
1350.51694048
1350.58086019
1350.70590679
1350.78275693
1350.87237341
1350.95114111
1351.02967963
1351.10807211
1351.18722479
1351.26610074
1351.36598622
1351.44434822
1351.52425792
1351.60178342
1351.68121013
1351.75846036
1351.83819355
1351.91767098
1351.99537957
1352.07502645
1352.15245320
1352.23134353
1352.30979599
1352.38705695
1352.46636615
1352.55722971
1352.63327626
1352.82187198
1352.90055752
1352.97742253
1353.05723471
1353.13729241
1353.21370393
1353.29319892
1353.37203147
1353.44950576
1353.52939864
1353.60860398
1353.68443622
1353.76399825
1353.84298221
1353.93322650
1354.02252651
1354.10142026
1354.17846228
1354.25917533
1354.33744030
1354.41629894
1354.49381907
1354.57363734
1354.65150344
1354.72957994
1354.80818429
1354.88755834
1354.96401156
1355.04292286
1355.13418701
1355.21303346
1355.29179726
1355.36982500
1355.44763404
1355.52629373
1355.60528744
1355.68319255
1355.76170961
1355.84116778
1355.91911750
1355.99746146
1356.12273260
1356.19854802
1356.27826560
1356.35682192
1356.45600791
1356.53516693
1356.61406311
1356.69086717
1356.77062571
1356.84888312
1356.93023374
1357.00617764
1357.08510772
1357.16470705
1357.24210576
1357.32088175
1357.40070173
1357.47730270
1357.55632250
1357.64558716
1357.72325626
1357.80324374
1357.88255074
1357.95989679
1358.03893829
1358.11816703
1358.19612626
1358.27558614
1358.35402006
1358.43115960
1358.51123997
1358.58941619
1358.66809539
1358.74669779
1358.83560210
1358.92463588
1359.00426983
1359.08407762
1359.16118425
1359.23927123
1359.31825641
1359.39680103
1359.47607488
1359.55429815
1359.63381825
1359.71079151
1359.79059735
1359.86985364
1359.94731501
1360.02691679
1360.11544588
1360.19318202
1360.27272455
1360.35140082
1360.42940686
1360.50877823
1360.58699419
1360.70824248
1360.77673484
1360.85488839
1360.93419296
1361.01207343
1361.09385096
1361.16917583
1361.24738521
1361.32637819
1361.42786184
1361.50567429
1361.58483038
1361.66269184
1361.74154561
1361.82050714
1361.89914440
1361.97682325
1362.05635115
1362.13475874
1362.21274601
1362.29135011
1362.38049555
1362.45928861
1362.53903130
1362.61842584
1362.70517561
1362.78464377
1362.87468375
1362.95325153
1363.03173811
1363.11176143
1363.23088200
1363.30411669
1363.37859067
1363.46799114
1363.54646383
1363.62445304
1363.70274068
1363.78184338
1363.86842980
1363.94581973
1364.03589409
1364.11637235
1364.19428282
1364.27206407
1364.35177848
1364.42973064
1364.50847615
1364.60345132
1364.67889370
1364.75453357
1364.83087196
1364.90930174
1364.98516201
1365.06396507
1365.14941728
1365.23757871
1365.31310155
1365.39045248
1365.46768272
1365.54471840
1365.62249769
1365.69804297
1365.77529808
1365.85048666
1365.92878697
1366.00416743
1366.08216153
1366.16903881
1366.24583263
1366.32261036
1366.39980329
1366.47562090
1366.55354088
1366.62922025
1366.70770123
1366.78149522
1366.85910799
1366.93539737
1367.01197494
1367.08991466
1367.15765657
1367.23484000
1367.31136612
1367.38910178
1367.46483990
1367.54324213
1367.63138820
1367.70718386
1367.78339205
1367.86142735
1367.93676466
1368.01489553
1368.10237624
1368.17882239
1368.25602654
1368.33274307
1368.40775294
1368.48580530
1368.56350756
1368.63935003
1368.71698012
1368.79263023
1368.87040612
1368.94709632
1369.02393378
1369.10085999
1369.17749411
1369.25137441
1369.32991878
1369.40711148
1369.48437390
1369.57034860
1369.64721239
1369.72385920
1369.80058597
1369.87736443
1369.95466416
1370.02968695
1370.10857070
1370.18295349
1370.26192014
1370.33790427
1370.41505795
1370.49006489
1370.56787418
1370.64676671
1370.72043222
1370.79810326
1370.87614539
1370.95191155
1371.02810657
1371.11796760
1371.19294991
1371.26903230
1371.34594851
1371.42341622
1371.53213199
1371.59857123
1371.67396900
1371.75201941
1371.82745400
1371.90449065
1371.98069299
1372.05941046
1372.13415507
1372.21158304
1372.28797579
1372.36556931
1372.44020493
1372.52880082
1372.60505680
1372.68147905
1372.75916546
1372.83536902
1372.91363667
1372.98857242
1373.06620201
1373.14212544
1373.22041527
1373.29571625
1373.37309448
1373.44957622
1373.52621449
1373.60282619
1373.68000596
1373.76780777
1373.84362928
1373.91924477
1373.99811267
1374.07368988
1374.15133753
1374.22720438
1374.30467721
1374.38094904
1374.45707580
1374.53363190
1374.61126906
1374.68800120
1374.76447538
1374.84228833
1374.92844320
1375.00683568
1375.08270498
1375.15959730
1375.23500043
1375.31290187
1375.38772011
1375.46501544
1375.54347814
1375.62043873
1375.69605665
1375.77354387
1375.84934733
1375.92639033
1376.00286647
1376.08397278
1376.17003526
1376.24301785
1376.32086322
1376.39787525
1376.47457009
1376.55137098
1376.62534075
1376.70403287
1376.78278692
1376.85713680
1376.93576943
1377.01105529
1377.08909156
1377.16340438
1377.24141090
1377.32786908
1377.40586829
1377.48182585
1377.55851288
1377.63495586
1377.71273223
1377.78809172
1377.86579885
1377.94148870
1378.01940892
1378.09545815
1378.17281907
1378.24775555
1378.32625750
1378.40109256
1378.47907592
1378.55540382
1378.63324407
1378.70813350
1378.78609297
1378.87465693
1378.94970654
1379.02809658
1379.10375279
1379.18016090
1379.25718585
1379.33473207
1379.41173898
1379.48841431
1379.56284074
1379.63974452
1379.72656158
1379.80506743
1379.88199096
1379.95886133
1380.03518046
1380.11185993
1380.18782894
1380.26508795
1380.34210413
1380.41811849
1380.49524170
1380.57233345
1380.65840763
1380.73596140
1380.81160079
1380.88922014
1380.96617683
1381.04246816
1381.11990027
1381.19586880
1381.27444535
1381.34942791
1381.42723647
1381.50397080
1381.58016217
1381.65629965
1381.73329413
1381.81000164
1381.88699538
1381.96381310
1382.04069810
1382.14915153
1382.21589944
1382.32421535
1382.39129703
1382.46688107
1382.54478179
1382.62069984
1382.69668641
1382.78388382
1382.86082222
1382.93970426
1383.01480117
1383.09313977
1383.16882328
1383.24518946
1383.32247748
1383.40976412
1383.48575727
1383.56360459
1383.63951265
1383.71616799
1383.79236472
1383.87035150
1383.94622299
1384.02285590
1384.09962680
1384.17723738
1384.25261955
1384.33027401
1384.40702517
1384.48368124
1384.57061801
1384.64778632
1384.72365269
1384.80248963
1384.87746269
1384.95521297
1385.04306525
1385.11847301
1385.19676821
1385.27239028
1385.34902295
1385.43651170
1385.51298955
1385.59060574
1385.66666423
1385.74354801
1385.82090869
1385.92910685
1385.99564093
1386.07359017
1386.15096620
1386.22480262
1386.30283596
1386.37809574
1386.45513239
1386.53166046
1386.60848378
1386.68528492
1386.76225501
1386.83969541
1386.91606257
1387.00220818
1387.08111705
1387.15606962
1387.23362120
1387.30938858
1387.38724614
1387.46489598
1387.53920270
1387.61685497
1387.69356248
1387.78071991
1387.85815299
1387.93468569
1388.04432233
1388.11027688
1388.18529772
1388.27556249
1388.34926407
1388.42824755
1388.50377209
1388.60311998
1388.67811961
1388.76896537
1388.85628298
1388.93302316
1389.00798817
1389.08419660
1389.15973090
1389.23556192
1389.31317153
1389.39819927
1389.47407857
1389.57135626
1389.64742695
1389.72367634
1389.79977555
1389.87641041
1389.95215560
1390.02714426
1390.13654635
1390.21178979
1390.30924083
1390.38543488
1390.47098780
1390.54757243
1390.63507923
1390.71092682
1390.79747399
1390.87446773
1390.95006933
1391.02608150
1391.10392955
1391.17841035
1391.25263954
1391.32919248
1391.40606602
1391.48041834
1391.55753252
1391.64332096
1391.71890621
1391.79494886
1391.87314824
1391.94690346
1392.04350630
1392.12090184
1392.19633764
1392.27314609
1392.34811695
1392.42532257
1392.54366709
1392.60907990
1392.68539999
1392.76349454
1392.83761694
1392.92362407
1392.99995026
1393.08581744
1393.16301794
1393.24802155
1393.38075204
1393.45465965
1393.53221878
1393.60668813
1393.68299360
1393.75871076
1393.84475860
1393.93311873
1394.00755102
1394.09592480
1394.17006549
1394.24731718
1394.32305726
1394.39879709
1394.47502113
1394.55146338
1394.62600684
1394.71315427
1394.78911133
1394.86493357
1394.94231936
1395.02896795
1395.10459563
1395.20139864
1395.27922913
1395.36553273
1395.43087313
1395.50608243
1395.59181015
1395.66813976
1395.75490221
1395.83184012
1395.91671646
1395.99364292
1396.06974993
1396.14566652
1396.22143610
1396.30916062
1396.38397885
1396.45929519
1396.54750270
1396.62355168
1396.69928274
1396.78512383
1396.86292385
1396.93765822
1397.01328395
1397.10033043
1397.17779522
1397.25261223
1397.32777692
1397.40420625
1397.47924805
1397.55576661
1397.65439014
1397.73042547
1397.80676654
1397.88215845
1397.95791291
1398.04461197
1398.12019748
1398.20786348
1398.28235867
1398.36868592
1398.44670293
1398.52262928
1398.59861926
1398.67326731
1398.76185736
1398.83730121
1398.92349680
1398.99977033
1399.08613903
1399.16277120
1399.24779944
1399.33624442
1399.41097634
1399.48784111
1399.56368456
1399.65136154
1399.72671811
1399.81207353
1399.88888344
1399.96465863
1400.04066616
1400.13879695
1400.21547667
1400.29032343
1400.36753758
1400.44149248
1400.51834287
1400.59462152
1400.66982424
1400.74564404
1400.82146653
1400.89737605
1400.98514275
1401.06094037
1401.14911862
1401.22411483
1401.29902937
1401.37588585
1401.44982393
1401.52765760
1401.60374169
1401.67922699
1401.75591231
1401.83033094
1401.93180070
1402.03688834
1402.10223044
1402.17721446
1402.25406436
1402.33001923
1402.40464535
1402.48191118
1402.55664774
1402.63299636
1402.71893035
1402.79721068
1402.87284738
1402.94872813
1403.02418051
1403.09958560
1403.17650595
1403.26221612
1403.33840774
1403.41433774
1403.49040013
1403.56660077
1403.64277043
1403.71731219
1403.79398776
1403.87062311
1403.94551692
1404.02228929
1404.11868513
1404.19575372
1404.28070467
1404.35821504
1404.43331536
1404.51084695
1404.58564617
1404.66313826
1404.73729918
1404.81312484
1404.90100881
1404.98706543
1405.06362422
1405.13953960
1405.21526456
1405.29051531
1405.36730864
1405.44370383
1405.52054666
1405.60688342
1405.68095218
1405.75677198
1405.83186353
1405.91021310
1405.98430429
1406.06217892
1406.13924946
1406.21438002
1406.28806405
1406.36582531
1406.44060380
1406.51665108
1406.59342466
1406.66747880
1406.74566794
1406.84202379
1406.91930206
1406.99505652
1407.07079441
1407.14543003
1407.22164480
1407.29697991
1407.37301231
1407.44942628
1407.53588567
1407.61428157
1407.68866314
1407.76482842
1407.83986852
1407.91797379
1408.01287167
1408.10018634
1408.17642477
1408.26208812
1408.33952755
1408.41466810
1408.49137196
1408.56589494
1408.64282480
1408.71864607
1408.79544038
1408.87091958
1408.98072200
1409.05574357
1409.14166342
1409.21833972
1409.30379755
1409.39281743
1409.47760185
1409.55387612
1409.64170986
1409.71854245
1409.79240471
1409.86928654
1409.94455534
1410.01959593
1410.09640267
1410.19407948
1410.26984467
1410.34753547
1410.42175320
1410.53118942
1410.59625212
1410.67093504
1410.74832838
1410.82400287
1410.89857730
1410.97475306
1411.06128975
1411.13925873
1411.23406542
1411.31156019
1411.41919052
1411.48622246
1411.56021540
1411.63786987
1411.71326203
1411.81081865
1411.88607500
1411.97343893
1412.04831714
1412.13559476
1412.21278038
1412.28701884
1412.36540961
1412.44010448
1412.51710359
1412.59136959
1412.67701613
1412.75434486
1412.82935327
1412.90695068
1412.99211740
1413.06853064
1413.14472274
1413.22080439
1413.29595737
1413.37316811
1413.44899108
1413.52396267
1413.61546428
1413.70452586
1413.78265039
1413.86103604
1413.94971849
1414.02830942
1414.10648125
1414.19637031
1414.27495296
1414.35224952
1414.43146753
1414.51056023
1414.58760006
1414.67610696
1414.75506166
1414.83458347
1414.92237528
1415.00033987
1415.07948669
1415.15595795
1415.24562954
1415.32531347
1415.41403298
1415.49183934
1415.57080550
1415.69197017
1415.75979254
1415.85065245
1415.92746553
1416.00580412
1416.08591131
1416.16345094
1416.24128290
1416.31937964
1416.39740982
1416.47662272
1416.55528314
1416.64224649
1416.72214863
1416.79990135
1416.87872928
1416.95832178
1417.03447439
1417.12407014
1417.20252284
1417.28135686
1417.35810070
1417.43791385
1417.55826200
1417.62577766
1417.70538309
1417.82690737
1417.90475031
1417.99477200
1418.07172625
1418.15113760
1418.24159717
1418.31762763
1418.39666011
1418.48637704
1418.56525591
1418.64267998
1418.73234449
1418.80992338
1418.88884102
1418.96541102
1419.04430209
1419.12348695
1419.21249878
1419.29151883
1419.36996616
1419.44786688
1419.52670406
1419.61602334
1419.70591289
1419.78402620
1419.86291532
1419.98263566
1420.04997066
1420.13017732
1420.20820555
1420.28693448
1420.37558085
1420.45297517
1420.54215377
1420.62298507
1420.69910256
1420.77852221
1420.85549840
1420.93396329
1421.01332296
1421.09081822
1421.17044656
1421.24915039
1421.32397593
1421.40359428
1421.47444574
