1640.31088825
1640.39006897
1640.46756301
1640.54354202
1640.62225998
1640.70981286
1640.79036963
1640.86670412
1640.94381513
1641.02319674
1641.10008736
1641.17739196
1641.25547480
1641.33356885
1641.45512532
1641.52990698
1641.60842527
1641.68911833
1641.76649217
1641.84432096
1641.93177412
1642.00729112
1642.08625996
1642.16078489
1642.23934901
1642.31713318
1642.43689375
1642.50423972
1642.58188517
1642.65973590
1642.73660043
1642.85044887
1642.93003308
1643.00928938
1643.08677415
1643.16736969
1643.24587871
1643.33730474
1643.41579426
1643.49448930
1643.57366465
1643.65174895
1643.73043668
1643.81229881
1643.88994304
1643.97978553
1644.07003177
1644.14911398
1644.22835663
1644.30616006
1644.38579182
1644.46668993
1644.54472132
1644.62329154
1644.70410382
1644.79519437
1644.87355150
1644.95259641
1645.03110592
1645.11202182
1645.18947149
1645.26895330
1645.35971154
1645.43773611
1645.51706360
1645.59609730
1645.67748790
1645.75432950
1645.83444815
1645.91410551
1645.99183166
1646.07239282
1646.15070143
1646.24129388
1646.31894737
1646.40282824
1646.47974250
1646.57019841
1646.64708415
1646.72731105
1646.80667584
1646.89516568
1646.97599381
1647.05505018
1647.13396807
1647.21266189
1647.29221612
1647.37016633
1647.45080331
1647.52859456
1647.60866908
1647.68656028
1647.76530970
1647.84538690
1647.92540241
1648.00470211
1648.08351637
1648.16224848
1648.24213209
1648.32014764
1648.40065273
1648.47837912
1648.55881740
1648.64822323
1648.72631192
1648.80689649
1648.88556301
1648.96361122
1649.05481027
1649.13379838
1649.21308515
1649.29175142
1649.38202789
1649.46131881
1649.55768929
1649.65583276
1649.73265949
1649.80885525
1649.88730478
1649.96202378
1650.03993474
1650.11611221
1650.19448884
1650.26945775
1650.35833232
1650.43346579
1650.51207990
1650.58840975
1650.66434853
1650.74070349
1650.81895846
1650.89386788
1650.97225231
1651.04836907
1651.12453631
1651.20141205
1651.27874737
1651.35472955
1651.43210363
1651.51893947
1651.59764280
1651.67087774
1651.74930289
1651.82466092
1651.90329623
1651.98043723
1652.05692605
1652.13343388
1652.20974155
1652.28653122
1652.36334430
1652.44019981
1652.51742761
1652.59353315
1652.66871735
1652.74595295
1652.85592848
1652.92299992
1652.99922956
1653.07732825
1653.15298324
1653.22924190
1653.30582360
1653.38371042
1653.45884975
1653.53673291
1653.61289722
1653.68993216
1653.76536382
1653.84425318
1653.91901607
1653.99577357
1654.08480539
1654.16079172
1654.23841205
1654.31495353
1654.39169761
1654.46881984
1654.54438096
1654.62107775
1654.69835821
1654.77506036
1654.85232230
1654.96092640
1655.02728689
1655.10331929
1655.19121107
1655.26763332
1655.34388491
1655.41937118
1655.49712000
1655.57471010
1655.65161754
1655.72662936
1655.80466392
1655.88156136
1655.95771275
1656.03370492
1656.11126747
1656.18803399
1656.26345029
1656.34212217
1656.42004653
1656.49615769
1656.58261294
1656.66002335
1656.73664968
1656.81409252
1656.88978822
1656.96709380
1657.04220070
1657.12020503
1657.19598485
1657.27286205
1657.34979046
1657.42666083
1657.50321767
1657.57987667
1657.65561333
1657.73380637
1657.80883379
1657.88592701
1657.96345714
1658.04020293
1658.11680755
1658.19395831
1658.26991611
1658.34650854
1658.42291788
1658.49907438
1658.60976866
1658.68536562
1658.76242153
1658.84005284
1658.91610207
1658.99277154
1659.06943785
1659.14702259
1659.22315544
1659.29951650
1659.37810500
1659.45289666
1659.52897076
1659.60572264
1659.68325935
1659.75989957
1659.83694695
1659.91268995
1659.99035686
1660.06776898
1660.14351515
1660.22099261
1660.29658128
1660.37448248
1660.44986806
1660.52933769
1660.60420639
1660.68186964
1660.75681368
1660.83453787
1660.90949093
1660.98719051
1661.06323120
1661.15196485
1661.22783829
1661.30538206
1661.38239556
1661.46163040
1661.53462177
1661.61225746
1661.68947088
1661.76460631
1661.84087838
1661.91896585
1661.99496729
1662.07171113
1662.14920102
1662.22510397
1662.32557386
1662.40164503
1662.47813019
1662.55324733
1662.63275451
1662.70652582
1662.78426172
1662.86138907
1662.93802661
1663.01399782
1663.09151234
1663.16843782
1663.24470014
1663.32027540
1663.39861643
1663.47602758
1663.56225023
1663.63868687
1663.71554384
1663.79169181
1663.86990704
1663.94520558
1664.02375409
1664.09873568
1664.17828966
1664.25347532
1664.32846178
1664.40741356
1664.48229494
1664.55988894
1664.63544421
1664.71297531
1664.79991671
1664.87780158
1664.95272270
1665.03132925
1665.10707883
1665.18493054
1665.26123650
1665.33773824
1665.41445672
1665.49113449
1665.56797463
1665.64409846
1665.72154959
1665.79838949
1665.87419735
1665.95064325
1666.03756613
1666.11566872
1666.19126544
1666.26893843
1666.34618671
1666.42204187
1666.49978630
1666.57541032
1666.65248233
1666.72985374
1666.80546654
1666.88207336
1666.96170634
1667.03497956
1667.11268474
1667.22123983
1667.28813280
1667.39648871
1667.46260758
1667.53857197
1667.61677452
1667.69239854
1667.76906119
1667.84493463
1667.92228873
1667.99968183
1668.07745137
1668.15304370
1668.22967856
1668.30585335
1668.38389352
1668.45991203
1668.53941213
1668.61610306
1668.69093910
1668.76804499
1668.84577894
1668.92114965
1668.99856153
1669.07577909
1669.16955495
1669.24701876
1669.32209592
1669.39973357
1669.47637330
1669.55362085
1669.62889842
1669.70766441
1669.78402425
1669.86009786
1669.95368404
1670.02988004
1670.10597023
1670.18316731
1670.26047971
1670.33809517
1670.41554947
1670.49215166
1670.56923415
1670.64451074
1670.73395705
1670.80972394
1670.88788968
1670.96397889
1671.04084756
1671.11848130
1671.19630497
1671.27300322
1671.34851582
1671.42656941
1671.50302067
1671.58035795
1671.65567306
1671.73365643
1671.81133430
1671.88825612
1671.96589011
1672.04218388
1672.11890358
1672.19585563
1672.30651041
1672.38269349
1672.46026555
1672.53604635
1672.61400850
1672.68886916
1672.76673257
1672.84424343
1672.92154194
1672.99824238
1673.07551602
1673.15246490
1673.23945238
1673.31820399
1673.39406354
1673.47072424
1673.54861130
1673.62436186
1673.70216408
1673.77915489
1673.85448805
1673.93315872
1674.01084342
1674.08600932
1674.16404755
1674.24040714
1674.31822521
1674.42661671
1674.50464688
1674.58112278
1674.65932508
1674.73450684
1674.81241925
1674.88821663
1674.96658838
1675.04386909
1675.12089794
1675.19817475
1675.27403673
1675.35126697
1675.47192792
1675.54831873
1675.62464590
1675.70234547
1675.78997344
1675.86802751
1675.94481792
1676.02085106
1676.09816785
1676.17463521
1676.25206513
1676.32830794
1676.40659021
1676.48296127
1676.55938913
1676.63620806
1676.71461883
1676.79024163
1676.86778151
1676.94557909
1677.03194462
1677.10893568
1677.18517240
1677.26337324
1677.34113767
1677.41765257
1677.49361476
1677.57164859
1677.64811595
1677.72515602
1677.80269443
1677.87848132
1677.95555552
1678.03248344
1678.11015132
1678.18664062
1678.26451646
1678.34157140
1678.41825527
1678.49498643
1678.57246365
1678.64862112
1678.72657499
1678.80437184
1678.87998538
1678.95746431
1679.05482758
1679.13252959
1679.24158377
1679.30813345
1679.38583473
1679.46158285
1679.54879342
1679.62632526
1679.70519072
1679.78082255
1679.85754445
1679.93431730
1680.01163775
1680.08813778
1680.16589976
1680.24241223
1680.31946595
1680.39572754
1680.47393252
1680.54955216
1680.62717591
1680.70605015
1680.78106880
1680.85836901
1680.93579308
1681.01250546
1681.09028744
1681.16676066
1681.24319534
1681.32000209
1681.39655283
1681.47478976
1681.55066076
1681.62759209
1681.70592605
1681.78184874
1681.85946932
1681.93631995
1682.01355360
1682.08909156
1682.16720634
1682.24289595
1682.32083591
1682.39729767
1682.47559482
1682.55236133
1682.62834838
1682.70626739
1682.78296295
1682.87099199
1682.94764001
1683.02537274
1683.10292554
1683.17856931
1683.26510648
1683.34367987
1683.42055122
1683.49830492
1683.57510434
1683.65208102
1683.72867248
1683.80492529
1683.88119126
1683.99152909
1684.05874779
1684.13442667
1684.21249756
1684.28762836
1684.36542570
1684.44198766
1684.57344498
1684.65195205
1684.72793764
1684.80568890
1684.88178689
1684.96068259
1685.03481499
1685.11225173
1685.18809201
1685.26690360
1685.34465096
1685.42149939
1685.49821373
1685.57516335
1685.66373754
1685.73898342
1685.81620878
1685.89339855
1685.96996953
1686.04576470
1686.12362470
1686.20040194
1686.27927448
1686.35496848
1686.43261466
1686.51184194
1686.58545575
1686.69691803
1686.77164337
1686.84933880
1686.92545556
1687.01405292
1687.09092086
1687.16927847
1687.24386996
1687.32204009
1687.39979452
1687.47614924
1687.55308983
1687.64059517
1687.71858268
1687.79442491
1687.87255408
1687.94897706
1688.02688509
1688.10242183
1688.19072564
1688.26753214
1688.34516052
1688.42116879
1688.49738307
1688.57543178
1688.65295557
1688.73033404
1688.83905298
1688.90598179
1688.98170212
1689.06003681
1689.13517419
1689.21278185
1689.29037682
1689.36803592
1689.44585545
1689.52304400
1689.59882357
1689.67582049
1689.75346983
1689.82838291
1689.90628826
1689.99383870
1690.07206928
1690.14793200
1690.22507325
1690.30249805
1690.38016787
1690.48991617
1690.56545242
1690.64309519
1690.72967502
1690.80955376
1690.88344796
1690.96131747
1691.03786382
1691.11550073
1691.19325151
1691.27024842
1691.34754912
1691.42547105
1691.50147200
1691.57702751
1691.65543486
1691.73064855
1691.80767156
1691.88562469
1691.97554715
1692.05001625
1692.12843457
1692.20591423
1692.28183936
1692.35911616
1692.43496108
1692.51388555
1692.59044068
1692.66648088
1692.74276661
1692.82219942
1692.89737313
1692.97548498
1693.05097588
1693.13973294
1693.21711214
1693.29297949
1693.37175206
1693.44700525
1693.52464973
1693.64539894
1693.72148645
1693.79807791
1693.87629216
1693.95288679
1694.03002974
1694.10512129
1694.18430493
1694.26072328
1694.34942791
1694.42616444
1694.50214491
1694.59300116
1694.66982156
1694.74572743
1694.82221039
1694.89910368
1694.97395508
1695.06253951
1695.13855363
1695.21409890
1695.29014009
1695.36662134
1695.44253233
1695.52800966
1695.61534579
1695.69107953
1695.76874302
1695.84441946
1695.92014808
1695.99673247
1696.07345168
1696.14923345
1696.22739821
1696.30309952
1696.38016958
1696.45435879
1696.53111408
1696.60771066
1696.68461981
1696.77045724
1696.84720084
1696.92334613
1696.99933074
1697.07545653
1697.15184709
1697.22807478
1697.30368930
1697.37977266
1697.45668180
1697.53245235
1697.60964407
1697.68554579
1697.76066806
1697.83775640
1697.91332020
1697.99122921
1698.06552325
1698.14338764
1698.21985914
1698.29421658
1698.37028970
1698.44747361
1698.52321978
1698.59946186
1698.67713072
1698.75072405
1698.82935303
1698.90401912
1698.98065617
1699.05736271
1699.13420724
1699.21959510
1699.29625848
1699.40398731
1699.47042557
1699.54559343
1699.62321888
1699.70042352
1699.80891206
1699.88380319
1699.95960763
1700.03555300
1700.11078132
1700.18780749
1700.26417172
1700.34082949
1700.41560067
1700.49226844
1700.56842665
1700.64592362
1700.72078769
1700.79850701
1700.87450016
1700.95095874
1701.02610271
1701.10293407
1701.17831478
1701.25496304
1701.33043127
1701.40748841
1701.48461039
1701.55977411
1701.63507240
1701.71089367
1701.78803955
1701.86432210
1701.94126757
1702.02802173
1702.10457515
1702.18030645
1702.25706736
1702.33344427
1702.40874232
1702.48444119
1702.56218977
1702.63671421
1702.71339320
1702.80029706
1702.87627582
1702.95353898
1703.04131128
1703.11638698
1703.19147267
1703.26839279
1703.34334877
1703.42111466
1703.49749596
1703.57430684
1703.64948592
1703.72562194
1703.80309745
1703.87872513
1703.96492999
1704.04263931
1704.15019162
1704.21505195
1704.29136718
1704.36865154
1704.47650203
1704.54201138
1704.61801453
1704.69480835
1704.77069788
1704.84640090
1704.92402123
1704.99785009
1705.07512836
1705.15033401
1705.22796044
1705.30409817
1705.38131865
1705.45701289
1705.53354437
1705.60725255
1705.68626917
1705.76031624
1705.83725025
1705.91325510
1705.98993409
1706.06613131
1706.14231829
1706.21748737
1706.29450037
1706.37039161
1706.47151174
1706.54316436
1706.62166972
1706.69599302
1706.77191937
1706.84859445
1706.92486067
1707.00140873
1707.07919120
1707.15459750
1707.22897614
1707.30650749
1707.38292365
1707.45857473
1707.53491044
1707.61077559
1707.68653785
1707.76379979
1707.84008648
1707.91560031
1707.99168708
1708.06771144
1708.14469397
1708.22026557
1708.29652984
1708.37204415
1708.44981369
1708.52549891
1708.60237075
1708.67722751
1708.75441240
1708.83957863
1708.91792722
1708.99234073
1709.07000081
1709.14594422
1709.22169088
1709.29750800
1709.37523561
1709.45029449
1709.52631714
1709.60283911
1709.67860820
1709.75496463
1709.83013151
1709.90688071
1709.98319033
1710.06010459
1710.13543604
1710.21234299
1710.28914851
1710.36597476
1710.44134693
1710.51835091
1710.59255548
1710.66949363
1710.74608997
1710.82296132
1710.89810724
1710.97289036
1711.04961982
1711.12547863
1711.21393019
1711.29090613
1711.36646896
1711.45232249
1711.52922993
1711.60485127
1711.68264909
1711.75760118
1711.83461931
1711.91036816
1711.98892448
1712.06467504
1712.14084909
1712.21548082
1712.29283369
1712.36921377
1712.44690237
1712.52239132
1712.59761355
1712.67443467
1712.74922999
1712.82800086
1712.90272718
1712.97968362
1713.05450063
1713.13161555
1713.20791395
1713.28397049
1713.36019843
1713.43693423
1713.51165177
1713.58970681
1713.67617693
1713.75189190
1713.83909589
1713.91583266
1713.99273717
1714.06947637
1714.14574405
1714.21978332
1714.29726346
1714.37251202
1714.44910128
1714.52690642
1714.60182706
1714.67693128
1714.75370852
1714.82969387
1714.91803962
1714.99278861
1715.07049964
1715.14565604
1715.22238647
1715.29827941
1715.37478261
1715.45083891
1715.52743256
1715.60268405
1715.67816691
1715.75517065
1715.83037654
1715.90729202
1715.98355799
1716.06038009
1716.13624622
1716.21412962
1716.28893201
1716.36585700
1716.44237239
1716.52041330
1716.62615800
1716.69232710
1716.76856894
1716.84610150
1716.92061132
1716.99764383
1717.07313668
1717.14961526
1717.22617624
1717.31233063
1717.38997047
1717.46474384
1717.54207550
1717.61698127
1717.69371340
1717.76946226
1717.84787692
1717.92205735
1717.99960162
1718.07430989
1718.15128584
1718.22746623
1718.29481025
1718.37159822
1718.44804169
1718.52408531
1718.60028033
1718.67549207
1718.75154788
1718.82773657
1718.90525158
1718.98116110
1719.07221216
1719.14707867
1719.22357260
1719.29826649
1719.37426623
1719.45223521
1719.52574004
1719.60297247
1719.67761833
1719.75387870
1719.82991720
1719.90612076
1719.98184401
1720.05852495
1720.13443886
1720.21012554
1720.28522830
1720.36173541
1720.43746744
1720.51298175
1720.59003083
1720.66505728
1720.74199983
1720.81761580
1720.89407975
1720.96825750
1721.04466317
1721.11983908
1721.19649027
1721.27330384
1721.34873671
1721.42537864
1721.50566064
1721.57909428
1721.65182478
1721.72849572
1721.80411584
1721.87926444
1721.95607094
1722.03159939
1722.10785414
1722.18336065
1722.26099952
1722.33598525
1722.41365605
1722.48691951
1722.56349147
1722.63902089
1722.71450180
1722.79113129
1722.86709567
1722.94287939
1723.01836835
1723.10552016
1723.18204920
1723.25900101
1723.33431491
1723.40909828
1723.48501780
1723.56102412
1723.63741346
1723.71296702
1723.78940561
1723.86477217
1723.94111568
1724.01613383
1724.10400269
1724.18204481
1724.25442910
1724.33265530
1724.40816790
1724.48309317
1724.55959076
1724.63605544
1724.71125280
1724.78826263
1724.86288655
1724.94066585
1725.01460271
1725.09155135
1725.16678650
1725.24198434
1725.31930942
1725.39453116
1725.47145542
1725.54509679
1725.62246405
1725.69799250
1725.77441134
1725.85058345
1725.92605412
1726.00153234
1726.07681552
1726.15457434
1726.23036488
1726.30615738
1726.41398373
1726.47866169
1726.55485867
1726.63154984
1726.70733527
1726.78313825
1726.85931011
1726.93402083
1727.01095630
1727.08786252
1727.16280485
1727.27249488
1727.33657453
1727.41194792
1727.48910941
1727.56375844
1727.63933126
1727.71621163
1727.79162720
1727.86884379
1727.94252148
1728.01954351
1728.09650726
1728.17216225
1728.24754124
1728.32369897
1728.39960240
1728.47568990
1728.55143193
1728.62792318
1728.70360986
1728.77916221
1728.85492618
1728.93091860
1729.00768974
1729.08252090
1729.15983306
1729.23430850
1729.31043599
1729.38645059
1729.46176986
1729.53882236
1729.61393755
1729.69017207
1729.76626031
1729.84341863
1729.91745082
1729.99540298
1730.06955195
1730.14625215
1730.22196882
1730.29620947
1730.37382005
1730.45967212
1730.53651860
1730.61186956
1730.68917319
1730.76452731
1730.84048194
1730.91580584
1730.99211765
1731.06810129
1731.14345810
1731.21925474
1731.30606059
1731.38198279
1731.46033382
1731.53551240
1731.61138243
1731.69794861
1731.77296775
1731.84848742
1731.92457785
1731.99893041
1732.07618040
1732.18424665
1732.25088509
1732.32582645
1732.40218263
1732.48108296
1732.56397738
1732.64101330
1732.71647665
1732.79246810
1732.86753063
1732.94442563
1733.02031394
1733.09659016
1733.17135061
1733.24838970
1733.32436603
1733.40152166
1733.47713642
1733.55127077
1733.62855587
1733.70393949
1733.78065139
1733.85473552
1733.93330939
1734.00652019
1734.09432590
1734.16962810
1734.24600500
1734.32236557
1734.39873151
1734.47380428
1734.54983205
1734.62573670
1734.70185346
1734.77864875
1734.88566711
1734.95144197
1735.02789080
1735.10379496
1735.17905791
1735.25444885
1735.34213558
1735.41769889
1735.49333511
1735.56915247
1735.64543868
1735.72146719
1735.79896757
1735.87314287
1735.94908946
1736.02535446
1736.10170284
1736.17798880
1736.25209438
1736.32955624
1736.40528193
1736.48424005
1736.56720663
1736.64597214
1736.71900739
1736.79527702
1736.87169806
1736.94752201
1737.02324429
1737.10014758
1737.17565872
1737.26158978
1737.33809834
1737.41390937
1737.48909819
1737.56523470
1737.64135244
1737.72839746
1737.80350729
1737.87983763
1737.95580201
1738.03324997
1738.10785780
1738.18341478
1738.25935673
1738.33671229
1738.41202180
1738.48741810
1738.56288853
1738.63914401
1738.71592296
1738.79044814
1738.86741531
1738.95371574
1739.02964526
1739.10511690
1739.18205237
1739.25687134
1739.33378048
1739.41040997
1739.48656916
1739.57258872
1739.64790213
1739.72538203
1739.80103482
1739.87581576
1739.95113721
1740.02677928
1740.10425089
1740.19020852
1740.26705281
1740.34203367
1740.41851200
1740.49546795
1740.57017306
1740.64618742
1740.72148572
1740.79791797
1740.87262844
1740.94945176
1741.02488902
1741.10216266
1741.17662762
1741.25425185
1741.33006751
1741.40515003
1741.48034203
1741.59065157
1741.66639458
1741.74064888
1741.81813463
1741.89357945
1741.97039595
1742.04545994
1742.12227961
1742.19714928
1742.27324922
1742.34852216
1742.45807346
1742.53349342
1742.60959409
1742.68470709
1742.76079874
1742.83821427
1742.91404456
1742.98916755
1743.07557160
1743.15356399
1743.22809136
1743.30428224
1743.37988164
1743.45619711
1743.53053650
1743.60819462
1743.69206988
1743.76657653
1743.84384627
1743.95026389
1744.01707786
1744.10824741
1744.18278892
1744.25770321
1744.33361932
1744.41724590
1744.49297622
1744.56585056
1744.64085019
1744.71547118
1744.78828116
1744.86299992
1744.99367510
1745.06677984
1745.14066136
1745.21616933
1745.29052287
1745.36548129
1745.43925431
1745.51258994
1745.58846704
1745.66308852
1745.73578123
1745.81082425
1745.88576122
1745.96171902
1746.03435394
1746.10960981
1746.19389077
1746.26906399
1746.34401681
1746.41850225
1746.49359428
1746.56929388
1746.64270680
1746.71551873
1746.78907744
1746.86416996
1746.93849424
1747.01224215
1747.08869561
1747.16319470
1747.23469152
1747.31060738
1747.39646920
1747.48013479
1747.55523657
1747.66244657
1747.72503460
1747.80147856
1747.87444725
1747.94886784
1748.02404569
1748.09748689
1748.17306751
1748.24727330
1748.32055870
1748.39680883
1748.47060843
1748.55551622
1748.64144094
1748.71581617
1748.79051519
1748.86480679
1748.94085017
1749.01394833
1749.09909920
1749.17493241
1749.24790111
1749.32246334
1749.39727694
1749.47145152
1749.54611689
1749.62078859
1749.69571751
1749.81208597
1749.88761344
1749.96140987
1750.03603988
1750.11203864
1750.18521458
1750.25996016
1750.33358104
1750.40865284
1750.48205625
1750.55827687
1750.63168808
1750.70550670
1750.78042441
1750.85458460
1750.93951165
1751.02522402
1751.10118718
1751.17318088
1751.24952439
1751.32369238
1751.39748077
1751.47049067
1751.55034381
1751.62273053
1751.69473643
1751.76914628
1751.87651890
1751.93929613
1752.01456175
1752.09915747
1752.17331303
1752.24818734
1752.35649497
1752.41920100
1752.49458024
1752.56867680
1752.65294898
1752.72811464
1752.82436371
1752.89863094
1752.97319171
1753.04633424
1753.12157744
1753.19664119
1753.28113865
1753.35488948
1753.43029603
1753.50527810
1753.57902114
1753.65495846
1753.72775576
1753.80222608
1753.87703383
1753.95013150
1754.02600665
1754.10090973
1754.17542003
1754.24933788
1754.32348393
1754.39823999
1754.48169541
1754.55798089
1754.63199748
1754.70650095
1754.78122362
1754.85519900
1754.92928166
1755.00432664
1755.07949230
1755.15346598
1755.22900004
1755.30248293
1755.37615014
1755.45122096
1755.52501129
1755.59992461
1755.68478657
1755.75931930
1755.83434843
1755.90912083
1755.98235040
1756.06836119
1756.14173242
1756.21601866
1756.29142764
1756.36486128
1756.43976948
1756.51423395
1756.58890882
1756.66275402
1756.73801208
1756.81157421
1756.89767838
1756.97382610
1757.04570643
1757.12176688
1757.19498255
1757.26967693
1757.34394416
1757.41816457
1757.49349285
1757.56849809
1757.64105377
1757.71543339
1757.78979717
1757.86565817
1757.93929857
1758.02484514
1758.09975870
1758.17367411
1758.24780700
1758.32270227
1758.40717219
1758.48216499
1758.55720021
1758.63102712
1758.70603601
1758.77957181
1758.85370494
1758.92913635
1759.00313173
1759.07754939
1759.15262801
1759.23725932
1759.31208682
1759.38710425
1759.46077341
1759.53775008
1759.61149751
1759.68478364
1759.75837527
1759.83448180
1759.90806684
1759.98238819
1760.05788617
1760.13191251
1760.20570675
1760.28014513
1760.35560750
1760.44046629
1760.52757592
1760.59949063
1760.67438299
1760.74813577
1760.82328047
1760.89752819
1760.97137850
1761.07935114
1761.15264922
1761.22659827
1761.30268285
1761.37653390
1761.45020647
1761.52854141
1761.61359622
1761.68516033
1761.75979156
1761.86647957
1761.92979269
1762.00464042
1762.07863068
1762.15449949
1762.22813110
1762.30282426
1762.37633080
1762.45074285
1762.52542284
1762.60012332
1762.67562251
1762.75955604
1762.83365650
1762.90931344
1762.98401806
1763.05882800
1763.13264540
1763.20632115
1763.27914063
1763.35709352
1763.43038161
1763.50439722
1763.57857229
1763.65584129
1763.72674883
1763.80328372
1763.87567483
1763.96216519
1764.03697733
1764.11292782
1764.18434881
1764.25969075
1764.33448387
1764.40793702
1764.48223447
1764.55911533
1764.63081695
1764.71687601
1764.79171473
1764.86558966
1764.94011947
1765.01441815
1765.10008346
1765.17596811
1765.25040649
1765.32365313
1765.39829655
1765.47351756
1765.54739225
1765.65452180
1765.72880706
1765.80258618
1765.87704529
1765.95223679
1766.02629800
1766.10140003
1766.17492144
1766.24939273
1766.34532558
1766.42129094
1766.53037290
1766.59160999
1766.66547639
1766.73906217
1766.81572579
1766.88952296
1766.96351102
1767.03682129
1767.11239655
1767.18686005
1767.25982045
1767.33604791
1767.41030684
1767.48323629
1767.57027765
1767.65448644
1767.72905185
1767.80428334
1767.87840184
1767.95230603
1768.02652840
1768.10171771
1768.18348451
1768.25817791
1768.33334430
1768.40639078
1768.48092205
1768.55769734
1768.63146475
1768.70642415
1768.81261625
1768.87654913
1768.95112112
1769.02601006
1769.13652831
1769.20775352
1769.28281118
1769.35794368
1769.43324490
1769.50665124
1769.58163429
1769.65624236
1769.73098257
1769.80589979
1769.88050640
1769.96577089
1770.04043893
1770.11498093
1770.18938055
1770.26487364
1770.33924571
1770.41409369
1770.48948365
1770.56401029
1770.63874929
1770.71449522
1770.78776867
1770.87531570
1770.94931669
1771.02384820
1771.10970027
1771.18451875
1771.25820790
1771.33410426
1771.40711660
1771.48079868
1771.55659727
1771.63090009
1771.70617693
1771.78006796
1771.85611670
1771.93061506
1772.00525287
1772.07883865
1772.15377586
1772.22841612
1772.31490379
1772.41044630
1772.48577873
1772.56031609
1772.63613663
1772.70921528
1772.78426757
1772.85947615
1772.93305290
1773.00727893
1773.08273643
1773.15729549
1773.23110753
1773.30838482
1773.38232851
1773.46604749
1773.54245438
1773.61657386
1773.69123776
1773.76608940
1773.87385870
1773.93617244
1774.01192495
1774.08578307
1774.16122984
1774.23526594
1774.30967628
1774.39756220
1774.47110385
1774.54385409
1774.63063678
1774.70672136
1774.77873286
1774.85452633
1774.92926386
1775.00400993
1775.07969247
1775.15377025
1775.22815938
1775.30259240
1775.37683549
1775.45174734
1775.52758909
1775.60042369
1775.67532945
1775.75091447
1775.82574806
1775.90166661
1775.97575439
1776.05014425
1776.12361397
1776.19927555
1776.27358471
1776.34967636
1776.42331821
1776.49762518
1776.57441607
1776.64737063
1776.72055631
1776.79617644
1776.87113364
1776.95559331
1777.04223313
1777.11706477
1777.22400536
1777.29863513
1777.37310009
1777.47990341
1777.55498423
1777.62853490
1777.70540503
1777.77949866
1777.85350526
1777.92951913
1778.00553179
1778.07844173
1778.15356814
1778.22818840
1778.30127485
1778.37652414
1778.45183073
1778.52646342
1778.60107003
1778.67644025
1778.74943528
1778.82521802
1778.93185897
1778.99533178
1779.07131177
1779.14457767
1779.21981428
1779.29467396
1779.36945367
1779.44452645
1779.51776187
1779.59283440
1779.66758558
1779.74189791
1779.81667958
1779.89208759
1779.96685096
1780.04042918
1780.11652205
1780.19299892
1780.26476344
1780.33994008
1780.41517547
1780.51028668
1780.58591850
1780.66014989
1780.73441663
1780.80972809
1780.88499737
1780.97023138
1781.04457711
1781.11936097
1781.19460270
1781.26872120
1781.34262978
1781.41970715
1781.49317444
1781.56949893
1781.65506378
1781.72708601
1781.80106408
1781.87674808
1781.95237284
1782.02636383
1782.09142701
