3261.92628525
3261.99503702
3262.05794029
3262.12542767
3262.17677512
3262.23861002
3262.30123926
3262.36828997
3262.43134734
3262.49803819
3262.56031463
3262.62744995
3262.69143842
3262.75816219
3262.82230450
3262.88450439
3262.95023561
3263.01456833
3263.06740375
3263.13612578
3263.21504781
3263.26301411
3263.34868893
3263.40252201
3263.46692057
3263.53463054
3263.59698379
3263.66537813
3263.71371893
3263.78007284
3263.84775819
3263.91169204
3263.97708973
3264.02887433
3264.09206750
3264.15781944
3264.21059220
3264.29348344
3264.33929154
3264.40528266
3264.46797578
3264.53446305
3264.59933972
3264.66397404
3264.72879634
3264.79463629
3264.84859031
3264.91234545
3264.97528432
3265.04110673
3265.10685623
3265.16064080
3265.22553380
3265.28938964
3265.39549933
3265.44137692
3265.49434643
3265.56016298
3265.62391106
3265.68794488
3265.75370267
3265.80854415
3265.87326697
3265.93628386
3266.00139142
3266.06725868
3266.13148414
3266.19629522
3266.25976462
3266.31552112
3266.37928528
3266.46202756
3266.50889477
3266.57482104
3266.63861592
3266.70455950
3266.76867207
3266.83310379
3266.89896983
3266.96273863
3267.02732639
3267.09199338
3267.15733889
3267.22316227
3267.27513631
3267.34328880
3267.40560669
3267.45907332
3267.54294859
3267.58883324
3267.65411854
3267.71747554
3267.77052868
3267.83647518
3267.90212619
3267.96593692
3268.03165961
3268.09466089
3268.16133931
3268.22696789
3268.29045582
3268.35618436
3268.40906585
3268.47461421
3268.53751847
3268.62129718
3268.66710504
3268.73190003
3268.79866914
3268.86205199
3268.92705056
3268.99192894
3269.04431184
3269.10905003
3269.17388939
3269.22963541
3269.29367532
3269.38031562
3269.43031749
3269.49411481
3269.54895483
3269.61465825
3269.69555904
3269.74230995
3269.80826036
3269.87405423
3269.93829797
3270.00136460
3270.11094248
3270.17559947
3270.23947165
3270.30605327
3270.36908528
3270.43339021
3270.53208518
3270.59668805
3270.67946641
3270.72457088
3270.79038621
3270.85613279
3270.91004194
3270.97490130
3271.03877347
3271.10346802
3271.16981242
3271.23215932
3271.29895038
3271.36282084
3271.42672301
3271.49246276
3271.55725385
3271.62218586
3271.68688284
3271.76981651
3271.81664032
3271.89015930
3271.95597341
3272.02263330
3272.07453615
3272.13954667
3272.20422682
3272.25819766
3272.32297266
3272.37687669
3272.44072765
3272.50647740
3272.56083541
3272.62519983
3272.69001969
3272.75373924
3272.83842614
3272.88443685
3272.94849188
3273.01310231
3273.07894324
3273.14278080
3273.19869455
3273.26252235
3273.32555314
3273.39219303
3273.45616858
3273.50975371
3273.57576043
3273.63846696
3273.70531117
3273.79032185
3273.84413299
3273.95967492
3274.00573708
3274.07044552
3274.13742357
3274.20197086
3274.26689214
3274.32981492
3274.38369701
3274.44850078
3274.51337525
3274.57814416
3274.64214921
3274.70837609
3274.77428383
3274.83714346
3274.90207621
3274.96865710
3275.05146960
3275.09544937
3275.16025217
3275.22696228
3275.29180043
3275.34473922
3275.40951251
3275.47435968
3275.53909152
3275.60410204
3275.65689747
3275.72256701
3275.78757241
3275.85161452
3275.91812519
3275.98142832
3276.04676310
3276.12725746
3276.17452720
3276.24133264
3276.32682704
3276.38073375
3276.44541757
3276.49819423
3276.56600148
3276.62883869
3276.69377606
3276.75852863
3276.82346454
3276.88816591
3276.95298846
3277.04968540
3277.13170137
3277.17947043
3277.24443487
3277.30825755
3277.37403900
3277.43910632
3277.49167087
3277.55653900
3277.62214832
3277.68612557
3277.75185996
3277.81457672
3277.88054541
3277.94484986
3278.00919844
3278.07599949
3278.17888578
3278.21763950
3278.27860108
3278.34522415
3278.40941840
3278.47431238
3278.53891769
3278.60462574
3278.65751699
3278.72333111
3278.78642480
3278.88446391
3279.00271823
3279.06841800
3279.15207505
3279.19803334
3279.26383624
3279.32870559
3279.39158570
3279.45644579
3279.52133611
3279.57607397
3279.64340019
3279.70384221
3279.77072397
3279.83397638
3279.90027543
3279.96504751
3280.02818679
3280.09375270
3280.15905604
3280.24032717
3280.28817133
3280.35113263
3280.41777813
3280.48187388
3280.53574792
3280.60135675
3280.66616661
3280.73022213
3280.81679417
3280.86981463
3280.93539128
3281.00038888
3281.05513186
3281.11892333
3281.18284158
3281.24823171
3281.33268212
3281.37746476
3281.44370286
3281.50744313
3281.57332234
3281.63529914
3281.70196269
3281.76731698
3281.83107091
3281.89512520
3281.96084448
3282.02490195
3282.09149308
3282.15343355
3282.22007491
3282.28479067
3282.33883635
3282.42255436
3282.47745264
3282.54328017
3282.60906454
3282.67294890
3282.73773682
3282.80354435
3282.86767472
3282.93143499
3282.99703479
3283.06094866
3283.12635000
3283.18955463
3283.25694838
3283.31842172
3283.38616339
3283.47023784
3283.50310455
3283.56800072
3283.63466183
3283.69847865
3283.76248736
3283.81529547
3283.88121662
3283.94589336
3284.00979650
3284.07653026
3284.12932569
3284.19527585
3284.25804577
3284.32380600
3284.38890624
3284.45341183
3284.53535563
3284.62517643
3284.69241244
3284.75531449
3284.82018263
3284.88558666
3284.94997570
3285.00381245
3285.06860500
3285.15533429
3285.20940948
3285.27323825
3285.33883099
3285.40280361
3285.46667774
3285.55228355
3285.59918758
3285.65095999
3285.75877415
3285.81268574
3285.87944437
3285.94648874
3285.99702309
3286.06204653
3286.12586775
3286.19164724
3286.29904985
3286.36461747
3286.43062127
3286.49243667
3286.57680638
3286.62441038
3286.68834497
3286.75316678
3286.81686658
3286.88187758
3286.94763879
3287.01051744
3287.07543848
3287.14114922
3287.20507235
3287.27205017
3287.33515825
3287.40010074
3287.46723265
3287.52998598
3287.61379541
3287.65818918
3287.72328259
3287.81096566
3287.86381571
3287.92951036
3287.99334669
3288.05850252
3288.12403528
3288.18780798
3288.25370913
3288.31751206
3288.37052375
3288.43726361
3288.49013024
3288.55540017
3288.61880886
3288.69142598
3288.73856187
3288.80255254
3288.86843077
3288.93223492
3288.98610775
3289.05096784
3289.11584865
3289.18052930
3289.24624394
3289.31005564
3289.37594436
3289.43887227
3289.50432359
3289.61636102
3289.69436827
3289.74192668
3289.80698060
3289.87266501
3289.93645404
3290.00140068
3290.06717481
3290.13097043
3290.19579517
3290.25977096
3290.32646962
3290.39032326
3290.45423005
3290.51895849
3290.58477845
3290.64856578
3290.73280285
3290.78037687
3290.84170026
3290.90709283
3290.97192707
3291.03763464
3291.10249449
3291.15553129
3291.22111452
3291.28400804
3291.34992480
3291.41461861
3291.47053407
3291.53440624
3291.59918782
3291.65211467
3291.71702425
3291.79965413
3291.84755461
3291.91138143
3291.96568921
3292.03111835
3292.09389485
3292.15888830
3292.22402682
3292.28839441
3292.35414197
3292.41798074
3292.48203333
3292.54858960
3292.61253711
3292.67827174
3292.75213108
3292.83608582
3292.88277383
3292.93663471
3293.00067413
3293.06554592
3293.13018878
3293.19702177
3293.24888707
3293.31378495
3293.37743526
3293.44305920
3293.50884747
3293.57268868
3293.63796203
3293.70186126
3293.76681278
3293.83154755
3293.93611612
3293.97113689
3294.03587580
3294.10107649
3294.16676553
3294.23139741
3294.29727638
3294.36017137
3294.42494881
3294.48982109
3294.55293062
3294.64143021
3294.70604820
3294.77004106
3294.83497234
3294.89924387
3294.98392151
3295.02986907
3295.09360227
3295.15940371
3295.22275511
3295.27731816
3295.34196979
3295.39612007
3295.46274095
3295.52550550
3295.59045482
3295.65541853
3295.72108245
3295.78598643
3295.84961918
3295.91358230
3295.98280218
3296.06402919
3296.10905710
3296.17299730
3296.22639811
3296.29221832
3296.35859246
3296.42145185
3296.50820894
3296.56390984
3296.62779835
3296.69160787
3296.75639530
3296.82228963
3296.87408227
3296.94097866
3297.00480938
3297.05776621
3297.14149982
3297.18747835
3297.25221214
3297.34856800
3297.41467615
3297.47961816
3297.54590355
3297.60928860
3297.67235425
3297.73835683
3297.80415900
3297.86852561
3297.93245045
3297.99830358
3298.05008939
3298.11608246
3298.19970953
3298.24762438
3298.31033724
3298.36318193
3298.42931860
3298.49390855
3298.55791311
3298.62372284
3298.68885258
3298.75248045
3298.81723497
3298.88281162
3298.94704170
3299.01280047
3299.07807845
3299.14139888
3299.20518743
3299.28959883
3299.33546301
3299.40027458
3299.46619012
3299.52910875
3299.59579302
3299.65857049
3299.72358443
3299.79021701
3299.84312069
3299.90796030
3299.98211269
3300.04773249
3300.11254406
3300.17723714
3300.24311806
3300.32584278
3300.37181936
3300.43622669
3300.50023418
3300.56587811
3300.63072406
3300.69504899
3300.76079021
3300.84896504
3300.90230831
3300.96436435
3301.02633749
3301.09105447
3301.15660307
3301.22242036
3301.28731556
3301.33949634
3301.45488102
3301.50183674
3301.56585008
3301.63156715
3301.69646016
3301.76007633
3301.82757834
3301.88988501
3301.95651711
3302.02044877
3302.08349370
3302.14905815
3302.21315951
3302.27975503
3302.33266603
3302.39852061
3302.46475798
3302.54701654
3302.59193328
3302.67783874
3302.73259757
3302.79661310
3302.85044009
3302.91620690
3302.98089828
3303.04493405
3303.11306947
3303.16257689
3303.27017796
3303.33626709
3303.40098358
3303.46682451
3303.54945610
3303.59683848
3303.65990998
3303.72484199
3303.78954092
3303.85522996
3303.92015759
3303.98298285
3304.05226222
3304.11453915
3304.17753264
3304.24423007
3304.30722502
3304.37382225
3304.43792580
3304.50255012
3304.58610770
3304.63106198
3304.69585941
3304.76045326
3304.82485938
3304.89151122
3304.95727584
3305.00837875
3305.07509642
3305.13894080
3305.20399911
3305.29143471
3305.34330586
3305.40912022
3305.47299508
3305.52805598
3305.59165802
3305.66945853
3305.72483760
3305.78619415
3305.85003683
3305.91600917
3305.98075540
3306.04898908
3306.10903321
3306.17748973
3306.24075701
3306.30414059
3306.36923278
3306.43397779
3306.48861716
3306.55354356
3306.61860504
3306.68420094
3306.76601796
3306.82196902
3306.87687950
3306.94066804
3307.00641901
3307.10405950
3307.16892251
3307.23475247
3307.29857637
3307.36253193
3307.42742518
3307.48112685
3307.54696827
3307.60989666
3307.67464142
3307.74141249
3307.82432860
3307.87011720
3307.93293002
3307.98881281
3308.05365632
3308.11744267
3308.18234226
3308.24732620
3308.31293966
3308.37780731
3308.44069279
3308.50635379
3308.57224958
3308.63597279
3308.70186760
3308.76470554
3308.82908630
3308.91157648
3308.96140231
3309.02523401
3309.08825212
3309.15461505
3309.22082292
3309.28268025
3309.35061161
3309.41339054
3309.47911859
3309.54394113
3309.63221301
3309.68384327
3309.74840689
3309.81239341
3309.87821898
3309.96278520
3310.00769584
3310.07255837
3310.13738969
3310.20041999
3310.27632049
3310.37624401
3310.44309870
3310.50439552
3310.57172807
3310.63361369
3310.69769798
3310.76187491
3310.82712607
3310.89285266
3310.97714337
3311.01065349
3311.07556112
3311.12930156
3311.19448445
3311.25816036
3311.31203026
3311.37784827
3311.44250941
3311.50737755
3311.57466256
3311.63711308
3311.70183249
3311.77011664
3311.83142906
3311.89548848
3311.96010695
3312.04293457
3312.08887628
3312.15480230
3312.24158279
3312.29525740
3312.36035106
3312.42298322
3312.48877076
3312.57569339
3312.62961156
3312.69425149
3312.75893457
3312.82282454
3312.88888466
3312.94245980
3313.00724845
3313.09305760
3313.13248229
3313.18996788
3313.25561450
3313.36236248
3313.42811516
3313.49198245
3313.55804696
3313.62286243
3313.68749944
3313.75311582
3313.81609126
3313.88281137
3313.94688884
3314.01168724
3314.11716327
3314.15082674
3314.21824927
3314.28016341
3314.34508177
3314.41374309
3314.47577402
3314.54050342
3314.60529915
3314.66923154
3314.77779493
3314.83179673
3314.89571327
3314.96049193
3315.01437646
3315.08108413
3315.16292066
3315.20986296
3315.27462382
3315.33959923
3315.43822885
3315.50362630
3315.56519911
3315.63092179
3315.69711820
3315.76293402
3315.82430861
3315.89269686
3315.95430966
3316.00718872
3316.07367940
3316.13753719
3316.22344241
3316.26745851
3316.33104616
3316.39692659
3316.46077731
3316.52561423
3316.59238993
3316.67717387
3316.73107376
3316.79639757
3316.86001448
3316.92571522
3316.98926142
3317.06179687
3317.12037619
3317.17398911
3317.25777538
3317.30273405
3317.36774725
3317.43441104
3317.48723305
3317.55212654
3317.61706221
3317.68067448
3317.74654297
3317.80952329
3317.87524110
3317.93897211
3318.00414817
3318.06987183
3318.13360308
3318.19943012
3318.26242019
3318.33513825
3318.38212225
3318.46821910
3318.52309739
3318.58706563
3318.65282050
3318.71854830
3318.78234514
3318.84539177
3318.91306786
3318.97603087
3319.04072029
3319.11640088
3319.18237664
3319.24723161
3319.31107355
3319.39484763
3319.44065183
3319.49363061
3319.55847046
3319.62345221
3319.68895717
3319.75290078
3319.81779744
3319.88366398
3319.93557804
3320.00163913
3320.06546230
3320.13139539
3320.19534778
3320.26098854
3320.32495020
3320.38993390
3320.47749848
3320.51935224
3320.58662726
3320.64916238
3320.71395713
3320.76781435
3320.83350217
3320.89742847
3320.96123579
3321.04816598
3321.10194421
3321.16681454
3321.23230414
3321.29648595
3321.36216134
3321.42593940
3321.50829037
3321.58682694
3321.64185786
3321.70652192
3321.77137835
3321.83530368
3321.89933018
3321.96491219
3322.03162401
3322.09564198
3322.15934349
3322.22416896
3322.27829729
3322.34308375
3322.40792799
3322.51554906
3322.58130393
3322.63428368
3322.69917010
3322.76396290
3322.87110243
3322.93763262
3322.99397572
3323.05589035
3323.11886969
3323.18465162
3323.25035919
3323.31314471
3323.38020249
3323.44300532
3323.51773798
3323.56358338
3323.62737339
3323.69325821
3323.75703749
3323.81735712
3323.87628143
3323.94315197
3324.00562322
3324.07127495
3324.13421700
3324.19900760
3324.26384477
3324.32954088
3324.39458431
3324.45729864
3324.52368619
3324.60670909
3324.64257782
3324.70611647
3324.76077216
3324.82744400
3324.89229336
3324.95468122
3325.01952132
3325.07336708
3325.13918290
3325.20196915
3325.26695187
3325.33183513
3325.41938752
3325.47228559
3325.53800560
3325.59109262
3325.67589070
3325.72050633
3325.78561023
3325.85123856
3325.90516015
3326.00293936
3326.06499321
3326.13233186
3326.19613162
3326.26023566
3326.32540953
3326.39041201
3326.45520968
3326.54182658
3326.60655501
3326.65141469
3326.76918870
3326.81227175
3326.87802540
3326.94269995
3327.00754931
3327.07139637
3327.12872763
3327.19118181
3327.25609480
3327.30902433
3327.37584952
3327.42590478
3327.49278654
3327.55674112
3327.61068782
3327.67714315
3327.74107213
3327.80500526
3327.89171480
3327.92455835
3327.98945135
3328.05356416
3328.11804830
3328.18393117
3328.24807909
3328.31270853
3328.38831963
3328.45316558
3328.54100372
3328.59198155
3328.65784199
3328.72534814
3328.78830603
3328.85362521
3328.93348640
3328.98228896
3329.04581152
3329.11073890
3329.17726762
3329.23933487
3329.30610935
3329.41376430
3329.47958085
3329.54349813
3329.60912963
3329.67300644
3329.73780582
3329.79088895
3329.85650192
3329.93938902
3329.98716198
3330.05021812
3330.11682169
3330.18018114
3330.24491420
3330.31188982
3330.37468436
3330.43902391
3330.50476196
3330.56775593
3330.63372218
3330.69814951
3330.76203729
3330.82712534
3330.89188205
3330.97475453
3331.02254943
3331.07438913
3331.14017496
3331.20727590
3331.26995097
3331.33469403
3331.39900653
3331.46385979
3331.53066694
3331.59437893
3331.65855099
3331.72241877
3331.78886240
3331.85429886
3331.90714354
3331.97172593
3332.05456963
3332.10468584
3332.16590781
3332.23053555
3332.29539198
3332.36029425
3332.41410246
3332.47884431
3332.55275776
3332.60569948
3332.65568208
3332.70729553
3332.75909719
3332.82126441
3332.87406155
3332.93579722
3332.98859728
3333.04046551
3333.09414134
3333.14468860
3333.19381958
3333.26710060
3333.30189462
3333.36157766
3333.41442234
3333.46330293
3333.51791645
3333.56758405
3333.63138454
3333.68259716
3333.73458461
3333.79728162
3333.84805149
3333.90397402
3333.95272197
3334.01457979
3334.06953830
3334.11843693
3334.17011450
3334.22211950
3334.27294349
3334.32590593
3334.38866828
3334.43970877
3334.50384597
3334.57470791
3334.62748701
3334.69136796
3334.75316605
3334.80529734
3334.85686105
3334.90870611
3334.96121970
3335.01082684
3335.06376880
3335.11853567
3335.16830787
3335.21829535
3335.27119318
3335.32252722
3335.37384102
3335.42762778
3335.48944147
3335.54053682
3335.59122209
3335.64507029
3335.69498584
3335.74695037
3335.80060157
3335.88055614
3335.92523711
3335.97625542
3336.03005047
3336.07912293
3336.13088485
3336.18468112
3336.23554412
3336.29941556
3336.34931308
3336.40323467
3336.45506364
3336.51474936
3336.56825989
3336.61973290
3336.67145411
3336.73350990
3336.78536325
3336.83701717
3336.88900608
3336.95194837
3337.00296496
3337.05672783
3337.11828625
3337.18950294
3337.22312302
3337.27212209
3337.32503553
3337.37582100
3337.42960264
3337.47945846
3337.53222951
3337.58499764
3337.63485809
3337.68688235
3337.73787506
3337.80073299
3337.85543086
3337.90685170
3337.96779499
3338.01920510
3338.07099847
3338.13477020
3338.19581394
3338.27053270
3338.32129818
3338.38428313
3338.43625058
3338.50802145
3338.54183779
3338.59266983
3338.66448262
3338.71848101
3338.78020571
3338.84219056
3338.90497071
3338.95666095
3339.00781799
3339.08137231
3339.13350849
3339.18621663
3339.23708061
3339.28901637
3339.36187755
3339.42527161
3339.49921067
3339.55114618
3339.60314412
3339.65492091
3339.72475227
3339.77856902
3339.84148741
3339.91664040
3339.96805660
3340.01824181
3340.07180451
3340.12095792
3340.17361584
3340.22560012
3340.29931585
3340.35109021
3340.41397276
3340.46610113
3340.51671130
3340.56953647
3340.62132717
3340.68324740
3340.73521169
3340.78709015
3340.83898910
3340.88975140
3340.97308614
3341.00501442
3341.05587011
3341.11954870
3341.17042389
3341.23348418
3341.28529121
3341.33602572
3341.38981272
3341.45177977
3341.50359899
3341.56632038
3341.63241878
3341.68001766
3341.73279798
3341.80675142
3341.86857828
3341.93212716
3341.98194422
3342.04593805
3342.09667988
3342.15096718
3342.22141611
3342.25250374
3342.30809005
3342.35405102
3342.41984807
3342.47069644
3342.53160682
3342.58639198
3342.63545396
3342.68810993
3342.73912019
3342.79284966
3342.84284567
3342.90580332
3342.95760157
3343.01941794
3343.07231943
3343.12401992
3343.18614276
3343.25205025
3343.31166674
3343.36351058
3343.41542879
3343.49728092
3343.53015543
3343.58099575
3343.64476016
3343.69719012
3343.74768692
3343.81034029
3343.87365902
3343.92437622
3343.98750868
3344.03833974
3344.09023259
3344.15308003
3344.20476320
3344.25672944
3344.30960557
3344.36423713
3344.41124502
3344.47503893
3344.52699176
3344.58870061
3344.64116983
3344.69340401
3344.76382612
3344.80003350
3344.85059076
3344.89955400
3344.96248336
3345.01447252
3345.06609937
3345.11802562
3345.17013522
3345.22166138
3345.27727622
3345.32598175
3345.38804681
3345.43888080
3345.49148777
3345.54247145
3345.59360093
3345.66912841
3345.72000945
3345.77281098
3345.83469099
3345.88671379
3345.93739661
3345.98931457
3346.04112989
3346.11097954
3346.15490080
3346.21085332
3346.26054262
3346.31142195
3346.37342240
3346.42439438
3346.47634404
3346.52905316
3346.58193027
3346.63395527
3346.69550564
3346.74675240
3346.79925941
3346.85019262
3346.91317318
3346.96386357
3347.01681479
3347.06863816
3347.12049760
3347.17222686
3347.22319006
3347.27458676
3347.32644840
3347.37921092
3347.44999045
3347.50392301
3347.55889590
3347.60660304
3347.65955256
3347.71079370
3347.76338019
3347.81513602
3347.86525321
3347.91785262
3347.97033890
3348.02140206
3348.07333027
3348.12726624
3348.17708890
3348.22801529
3348.28083413
3348.34173256
3348.40605286
3348.45746882
3348.51036470
3348.57211792
3348.62496236
3348.67586998
3348.73078192
3348.79770902
3348.83437501
3348.88243006
3348.93616001
3348.98510155
3349.03802742
3349.09262314
3349.17404592
3349.22580516
3349.27816149
3349.33002362
3349.37952860
3349.43341264
3349.48351008
3349.53679898
3349.58767588
3349.63913621
3349.69129311
3349.74282488
3349.79580195
3349.84676637
3349.89956643
3349.96128114
3350.01336977
3350.06908116
3350.13627913
3350.17080204
3350.23067086
3350.28212851
3350.33493297
3350.38588813
3350.43777902
3350.48857083
3350.54034665
3350.59238457
3350.64627592
3350.70012242
3350.74995215
3350.81144182
3350.86342976
3350.91528213
3350.96707941
3351.01896812
3351.07116524
3351.12206920
3351.17287588
3351.22540751
3351.27736351
3351.32924051
3351.38125209
3351.43302011
3351.50490703
3351.53775813
3351.59759867
3351.64954224
3351.70143509
3351.75743563
3351.80514667
3351.85824393
3351.91040400
3351.95985095
3352.01281730
3352.06438954
3352.11643721
3352.16829129
3352.22041161
3352.27236688
3352.32269008
3352.37485819
3352.43843950
3352.50131425
3352.55443907
3352.60497512
3352.65697062
3352.71790269
3352.77453227
3352.84360343
3352.87425221
3352.92524052
3352.97724333
3353.02810853
3353.08046876
3353.13260395
3353.18436027
3353.24652261
3353.29830087
3353.35032708
3353.40194687
3353.46406946
3353.51753927
3353.57847086
3353.63144062
3353.68290851
3353.74550751
3353.79637929
3353.85016215
3353.90187092
3353.95274708
3354.01499037
3354.06746251
3354.14925076
3354.18215770
3354.23340470
3354.28595388
3354.33587773
3354.38960573
3354.43851338
3354.49248592
3354.54249705
3354.59510353
3354.64619010
3354.69967917
3354.75064311
3354.80662001
3354.85644170
3354.91812422
3354.96721692
3355.02007672
3355.07078539
3355.12371418
3355.17759627
3355.22904295
3355.27907285
3355.33048540
3355.38224123
3355.44544829
3355.51747783
3355.55038867
3355.60118998
3355.65257669
3355.71495675
3355.76777339
3355.81883314
3355.87155763
3355.92148391
3355.97429568
3356.02628386
3356.07784147
3356.12973432
3356.18071557
3356.24341453
3356.29538247
3356.35330838
3356.40219141
3356.46088727
3356.51485176
3356.57472985
3356.62847809
3356.68145199
3356.73220674
3356.78624292
3356.85390315
3356.88785554
3356.93753558
3356.99072403
3357.04090559
3357.09360276
3357.14592325
3357.19676431
3357.24913820
3357.31191250
3357.36427980
3357.42445070
3357.48837432
3357.54054121
3357.59160731
3357.64429010
3357.69514115
3357.74720076
3357.79901998
3357.85090284
3357.90280081
3357.96642259
3358.01745845
3358.06883418
3358.12303688
3358.19188496
3358.24673741
3358.29859734
3358.34879986
3358.40137172
3358.45216572
3358.51487566
3358.56800584
3358.61861040
3358.67103427
3358.72489588
3358.77465954
3358.83663195
3358.88939276
3358.94133901
3358.99225930
3359.05398620
3359.10596145
3359.15875006
3359.22068590
3359.27263994
3359.32432385
3359.37619598
3359.42807225
3359.49795944
3359.53591371
3359.58273167
3359.63560610
3359.68666439
3359.74018589
3359.79014070
3359.84286932
3359.90572969
3359.95757353
3360.00756906
3360.06033913
3360.11129234
3360.16322420
3360.21925693
3360.26842424
3360.32632869
3360.37913412
3360.43303474
3360.48202943
3360.53297069
3360.58472018
3360.63759339
3360.70032332
3360.75304219
3360.80399686
3360.88382367
3360.91776923
3360.97886125
3361.03153209
3361.09444073
3361.14756433
3361.19846122
3361.26000794
3361.31464730
3361.36442803
3361.41551558
3361.46821666
3361.52007806
3361.58311202
3361.64890053
3361.69678662
3361.74783394
3361.80150391
3361.85233717
3361.91434639
3361.96622120
3362.01907929
3362.06974968
3362.12076945
3362.19240915
3362.22452004
3362.27751491
3362.32899377
3362.38097683
3362.44286050
3362.49383321
3362.54756048
3362.59848370
3362.65039752
3362.70190491
3362.75463451
3362.80549483
3362.85633491
3362.90916594
3362.97128975
3363.02315530
3363.07625451
3363.13990190
3363.18907627
3363.25084267
3363.31465779
3363.36856036
3363.41930511
3363.47526835
3363.54104687
3363.57588965
3363.62677874
3363.67804281
3363.72941464
3363.79127075
3363.84324406
3363.89606168
3363.94812105
3363.99794054
3364.04983022
3364.10135882
3364.16504936
3364.21734937
3364.26947725
3364.32034610
3364.37112718
3364.42475522
3364.47384305
3364.53782445
3364.59002523
3364.64087482
3364.69477836
3364.74566452
3364.79742060
3364.87932978
3364.91429129
3364.96321503
3365.02606150
3365.07743382
3365.12772801
3365.17946873
3365.24338186
3365.29617436
3365.34797091
3365.39848185
3365.45033715
3365.50130182
3365.55396316
3365.60495123
3365.66881341
3365.72060264
3365.77260447
3365.82495641
3365.88626274
3365.93812950
3365.98864458
3366.04128788
3366.09409404
3366.14807511
3366.21802887
3366.24978551
3366.30084331
3366.35276542
3366.40546528
3366.45622173
3366.50906471
3366.56006083
3366.61179739
3366.67459851
3366.73563811
3366.78755047
3366.84033468
3366.89316156
3366.94296765
3366.99403350
3367.04674433
3367.09966093
3367.15072605
3367.22340047
3367.27847406
3367.32679022
3367.38343028
3367.43150679
3367.48215816
3367.56419583
3367.64082532
3367.69274816
3367.74539073
3367.80138176
3367.84946168
3367.89926192
3367.95292141
3368.02490560
3368.07766203
3368.12941883
3368.18133435
3368.23115482
3368.29425071
3368.34700031
3368.40971731
3368.46778682
3368.51245024
3368.56538708
3368.61550281
3368.67901609
3368.73169962
3368.82343236
3368.85728040
3368.90963941
3368.96337302
3369.09747835
3369.16045063
3369.21231837
3369.28630253
3369.33900117
3369.40077756
3369.45182390
3369.50355437
3369.55463412
3369.60828215
3369.68019247
3369.73223331
3369.78484833
3369.84088910
3369.88860965
3369.97149041
3370.02322527
3370.08613635
3370.13899395
3370.18890658
3370.25361210
3370.30366784
3370.36616981
3370.41970861
3370.47068913
3370.52112156
3370.57308634
3370.63783061
3370.69167150
3370.75060605
3370.80240333
3370.86610654
3370.91627322
3370.96982153
3371.03279917
3371.08462912
3371.13452151
3371.22828446
3371.26931780
3371.33501391
3371.38380770
3371.44873216
3371.49870233
3371.55246251
3371.60425272
3371.66621513
3371.71848223
3371.78084059
3371.83133544
3371.88393704
3371.93542127
3371.98924850
3372.04960665
3372.10237404
3372.15381292
3372.20678170
3372.25754571
3372.30944856
3372.38329911
3372.46554378
3372.49817009
3372.54796008
3372.61263902
3372.66753512
3372.72937660
3372.77839006
3372.83907711
3372.90379311
3372.96480150
3373.01669094
3373.06957902
3373.12032913
3373.19417896
3373.25692522
3373.31989871
3373.37225919
3373.42310829
3373.47618435
3373.55935158
3373.61217774
3373.69327772
3373.72592207
3373.77587663
3373.84029421
3373.89048454
3373.94262242
3373.99526376
3374.04709493
3374.10987093
3374.16203441
3374.21281647
3374.26468079
3374.31635299
3374.36827242
3374.42022720
3374.48292884
3374.53782567
3374.58484282
3374.63774236
3374.70044229
3374.75129798
3374.80416412
3374.85502663
3374.90701091
3374.96002260
3375.02926174
3375.06281355
3375.11367460
3375.17648474
3375.23948701
3375.29519888
3375.34402583
