3261.90525694
3261.97094013
3262.03832340
3262.08863564
3262.15599087
3262.21691734
3262.28424283
3262.35074107
3262.41307725
3262.47950308
3262.54285911
3262.60909014
3262.67362303
3262.73924503
3262.80517617
3262.86767887
3262.93362391
3262.99966184
3263.05044462
3263.11749339
3263.18055343
3263.24461163
3263.33188242
3263.38444526
3263.45105249
3263.51728620
3263.57940148
3263.64610867
3263.69053218
3263.76382758
3263.83231628
3263.89198543
3263.95728364
3264.00964534
3264.07524831
3264.14006939
3264.19315520
3264.25667044
3264.32120748
3264.38663589
3264.45145965
3264.51676030
3264.58210069
3264.64544331
3264.71026391
3264.77647250
3264.83045894
3264.89429016
3264.95942892
3265.02416052
3265.08895381
3265.14251358
3265.20754385
3265.27107371
3265.35759699
3265.42294811
3265.46865747
3265.54129434
3265.60782915
3265.67144947
3265.73541332
3265.78925445
3265.85474405
3265.91914968
3265.98377839
3266.04865799
3266.11405763
3266.17864002
3266.24365346
3266.29603125
3266.36260532
3266.42520090
3266.49111547
3266.55553548
3266.61997890
3266.68601098
3266.75029934
3266.81487466
3266.87934636
3266.94363349
3267.00897047
3267.07467195
3267.13881768
3267.20292147
3267.25691937
3267.32274543
3267.38689603
3267.44032415
3267.50420876
3267.56849077
3267.63438315
3267.69935905
3267.75282691
3267.81856447
3267.88179396
3267.94320927
3268.01241355
3268.07720708
3268.14264768
3268.20713522
3268.27079455
3268.33677251
3268.38972885
3268.45411010
3268.51965578
3268.58432984
3268.65059842
3268.71413413
3268.77876407
3268.84364000
3268.90787692
3268.97233326
3269.01976318
3269.09238274
3269.15726063
3269.21031864
3269.27571219
3269.36048881
3269.41216759
3269.47608170
3269.53089709
3269.59550460
3269.65877724
3269.72426709
3269.79025724
3269.85392754
3269.91928597
3269.98361870
3270.04792290
3270.15606816
3270.22081585
3270.28558817
3270.35306140
3270.41562188
3270.48016331
3270.57738884
3270.64231061
3270.70828808
3270.77196520
3270.83771617
3270.89096826
3270.95687526
3271.02012914
3271.08455207
3271.15070996
3271.21390434
3271.27857207
3271.34499717
3271.40864382
3271.47387182
3271.53700525
3271.60302294
3271.66857130
3271.73155236
3271.79708706
3271.87402936
3271.93783864
3272.00216161
3272.05758238
3272.12139409
3272.18619469
3272.23954040
3272.30456677
3272.35805998
3272.42324214
3272.48780771
3272.54229420
3272.60612371
3272.66979498
3272.73504639
3272.80028194
3272.86376938
3272.93034223
3272.99452039
3273.05994465
3273.12588262
3273.17834135
3273.24467722
3273.30727671
3273.37266806
3273.43775537
3273.49022971
3273.55698322
3273.62173823
3273.68527638
3273.77217634
3273.82513391
3273.92167628
3273.98766447
3274.05362926
3274.11946605
3274.17850787
3274.24621931
3274.31201368
3274.36677104
3274.43092603
3274.49449930
3274.55959369
3274.62515424
3274.68977905
3274.75584990
3274.81838405
3274.88396313
3274.94830244
3275.01139272
3275.07839711
3275.14127844
3275.20622387
3275.27247854
3275.32465104
3275.38971666
3275.45633827
3275.52092432
3275.58651242
3275.63831141
3275.70617718
3275.76899122
3275.83453227
3275.89766326
3275.96272766
3276.02716815
3276.09210577
3276.15633366
3276.22123910
3276.30786624
3276.36263287
3276.42690854
3276.48052951
3276.54616419
3276.60996882
3276.67482038
3276.73988283
3276.80499429
3276.87039393
3276.93509212
3276.99789007
3277.09556616
3277.16007004
3277.22628157
3277.28956518
3277.35544659
3277.42022086
3277.47234971
3277.54008285
3277.60355835
3277.66762435
3277.73323196
3277.79833366
3277.86215025
3277.92865458
3277.99079693
3278.05735515
3278.14164074
3278.19595462
3278.26163293
3278.32720568
3278.39108151
3278.45578751
3278.52091237
3278.58592289
3278.63913353
3278.70500689
3278.76951346
3278.86656978
3278.98624745
3279.04978683
3279.11382625
3279.18003802
3279.24308027
3279.30980428
3279.37335389
3279.43862139
3279.50284806
3279.55609966
3279.62336931
3279.68682774
3279.75151351
3279.81754120
3279.87971548
3279.94601551
3280.00974554
3280.07537607
3280.14174753
3280.20389646
3280.26930317
3280.33314024
3280.39840407
3280.46477773
3280.51708920
3280.58198805
3280.64852263
3280.71176772
3280.79878593
3280.85238593
3280.91711192
3280.98210684
3281.03470186
3281.10049818
3281.15816077
3281.23026297
3281.29464519
3281.35983125
3281.42415155
3281.48888876
3281.55470970
3281.61717729
3281.68213953
3281.74935019
3281.81300464
3281.87674930
3281.94277846
3282.00631978
3282.07128544
3282.13537509
3282.19981826
3282.26692042
3282.31852972
3282.38388816
3282.46140048
3282.52476432
3282.59044336
3282.65400029
3282.71953597
3282.78509409
3282.84819436
3282.91412989
3282.97000512
3283.04241208
3283.10815208
3283.17175314
3283.23641428
3283.30176272
3283.36681980
3283.43114205
3283.48477058
3283.55007708
3283.61409432
3283.67784800
3283.74361628
3283.79738378
3283.86247939
3283.92724317
3283.99202280
3284.05757312
3284.11140961
3284.17583450
3284.24194850
3284.30502342
3284.36981524
3284.43412749
3284.49970024
3284.60796105
3284.67272703
3284.73677548
3284.80128814
3284.86693842
3284.93132015
3284.98507887
3285.04994043
3285.13687817
3285.18943321
3285.25612821
3285.32039950
3285.38514816
3285.44958183
3285.51361126
3285.57838431
3285.63320433
3285.69794910
3285.79620545
3285.85885297
3285.92319277
3285.97700830
3286.04429697
3286.10816208
3286.17249090
3286.23663541
3286.34665385
3286.41053992
3286.47419608
3286.53934582
3286.60406133
3286.66855326
3286.73308006
3286.79916651
3286.86329298
3286.92927337
3286.99386283
3287.05744439
3287.12245393
3287.18740277
3287.25160359
3287.31611235
3287.38135717
3287.44684556
3287.51003702
3287.57599352
3287.64188516
3287.70645219
3287.79159380
3287.84503167
3287.91029867
3287.97467797
3288.03995010
3288.10516298
3288.16074637
3288.23311408
3288.29884725
3288.35392766
3288.41768183
3288.47237824
3288.53722760
3288.60124752
3288.65340832
3288.71859731
3288.78369487
3288.84973914
3288.91491106
3288.96765773
3289.03236056
3289.09701243
3289.16099530
3289.22706712
3289.29137498
3289.35660566
3289.42214012
3289.48583139
3289.57235978
3289.65762963
3289.72357540
3289.78923202
3289.85199657
3289.91834414
3289.97538672
3290.04678846
3290.11386526
3290.17606905
3290.24297640
3290.30530161
3290.36957412
3290.43577613
3290.50017518
3290.56621018
3290.63008601
3290.69291712
3290.75951508
3290.82349746
3290.88842435
3290.95279950
3291.01835420
3291.08385307
3291.13771615
3291.20143496
3291.26730491
3291.33119391
3291.39597817
3291.44958159
3291.51559026
3291.58027408
3291.63265113
3291.69820388
3291.76219211
3291.82699027
3291.89227459
3291.94608183
3292.01088877
3292.07600778
3292.14171852
3292.20565555
3292.26913714
3292.33507072
3292.39939174
3292.46431035
3292.52990284
3292.59417437
3292.65941480
3292.73330583
3292.79905119
3292.86401904
3292.91638976
3292.98262542
3293.04795972
3293.11225027
3293.17663517
3293.23084055
3293.29505650
3293.36048149
3293.42468939
3293.48826436
3293.55080802
3293.61802599
3293.68334127
3293.74886818
3293.81237902
3293.89851513
3293.95314913
3294.01785049
3294.08328085
3294.14805049
3294.21096205
3294.27706801
3294.34167234
3294.40670432
3294.47196230
3294.53671877
3294.62281123
3294.68785613
3294.75191311
3294.81715232
3294.88270044
3294.94612376
3295.01169407
3295.07565791
3295.14151031
3295.20748460
3295.25929992
3295.32468127
3295.37715878
3295.44205251
3295.50750262
3295.57211329
3295.63728204
3295.70086335
3295.76693274
3295.83326421
3295.89610605
3295.96155347
3296.02656643
3296.09029061
3296.15539671
3296.20779765
3296.27391287
3296.33966628
3296.40268098
3296.49037380
3296.54382752
3296.61031333
3296.67397095
3296.73809229
3296.80210198
3296.85630541
3296.92039116
3296.98632157
3297.03986086
3297.10481019
3297.16894202
3297.23444918
3297.33192314
3297.39611909
3297.46106378
3297.52475725
3297.59048749
3297.65471050
3297.71966300
3297.78388796
3297.84817632
3297.91464287
3297.98028753
3298.03248685
3298.09781091
3298.16316032
3298.22666703
3298.29267034
3298.34561254
3298.41008400
3298.47648691
3298.54034933
3298.60641628
3298.66621294
3298.73402580
3298.79944251
3298.86438525
3298.92712102
3298.99236658
3299.05843620
3299.12363665
3299.18708118
3299.25136588
3299.31682720
3299.38113628
3299.44640792
3299.51214231
3299.57536132
3299.64009438
3299.70558057
3299.76995865
3299.82499347
3299.88908971
3299.96509334
3300.02852958
3300.09378733
3300.15880345
3300.22293796
3300.28975316
3300.35328376
3300.41792978
3300.48252217
3300.54817561
3300.61293720
3300.67638247
3300.74268761
3300.82711461
3300.88143263
3300.94759978
3301.00826952
3301.07442278
3301.13724730
3301.20241873
3301.26898451
3301.32110874
3301.41743777
3301.48413302
3301.54817074
3301.61234084
3301.67612671
3301.74145467
3301.80686699
3301.87201989
3301.93609394
3301.99980056
3302.06559859
3302.13184376
3302.19578566
3302.26082861
3302.31303621
3302.37817205
3302.44434334
3302.50863146
3302.57384336
3302.65864266
3302.71344245
3302.77797193
3302.83124815
3302.89567134
3302.96047023
3303.02599616
3303.09153038
3303.14506675
3303.21048394
3303.31942255
3303.38262888
3303.44906495
3303.51138650
3303.57700045
3303.64227428
3303.70612866
3303.77117453
3303.83484873
3303.90078060
3303.96631629
3304.02988931
3304.09536623
3304.15977333
3304.22547358
3304.29119334
3304.35292926
3304.41951332
3304.48380558
3304.54855815
3304.61458803
3304.67601041
3304.74277831
3304.80583543
3304.87108415
3304.93686340
3304.98996969
3305.05482904
3305.12025648
3305.18458214
3305.27109761
3305.32473711
3305.39064094
3305.45531013
3305.50876945
3305.57332673
3305.63009357
3305.70520706
3305.76844899
3305.83174406
3305.89878795
3305.96109658
3306.02697871
3306.09173616
3306.15522726
3306.22026143
3306.28549844
3306.35039852
3306.41557215
3306.46838294
3306.53454448
3306.59871654
3306.66372072
3306.72802712
3306.80321789
3306.85779435
3306.92400685
3306.98675921
3307.05157858
3307.14972009
3307.21382486
3307.27958875
3307.34207853
3307.40892200
3307.45493320
3307.52669992
3307.59171263
3307.65675826
3307.72109026
3307.78509141
3307.84961577
3307.91618008
3307.96878681
3308.03351841
3308.09949807
3308.16304013
3308.22886960
3308.29261524
3308.35876898
3308.42229811
3308.48657086
3308.55236694
3308.61695396
3308.68133033
3308.74694013
3308.81152423
3308.87646429
3308.94071217
3309.00546181
3309.07029582
3309.13500938
3309.19957592
3309.25620647
3309.32970033
3309.39417910
3309.45850793
3309.52342361
3309.60906380
3309.66218838
3309.72853887
3309.79381149
3309.85836438
3309.92125132
3309.98801117
3310.05276203
3310.11694238
3310.18280013
3310.25819132
3310.32250064
3310.41990903
3310.48330187
3310.54893069
3310.61497837
3310.67871133
3310.74411560
3310.80656100
3310.87265599
3310.93741514
3310.99055922
3311.05674027
3311.10910854
3311.17598567
3311.24016285
3311.29334813
3311.35764721
3311.42183122
3311.48760218
3311.55335778
3311.61667480
3311.68150636
3311.74523274
3311.81088057
3311.87599057
3311.93961820
3312.00506441
3312.07007322
3312.13553625
3312.22268318
3312.27500416
3312.33941101
3312.40417504
3312.46912265
3312.55649536
3312.61057396
3312.67537773
3312.74024464
3312.80397029
3312.87038173
3312.92186986
3312.98754354
3313.05263866
3313.10686135
3313.17215908
3313.23593397
3313.30087745
3313.40979387
3313.47324230
3313.53804558
3313.60254239
3313.66753999
3313.73295621
3313.79661968
3313.86341342
3313.92687356
3313.99005770
3314.07789121
3314.13184181
3314.19630692
3314.26228171
3314.32768135
3314.39095887
3314.45544813
3314.52113424
3314.58557766
3314.64987869
3314.71514716
3314.81168466
3314.87594961
3314.94095647
3314.99548100
3315.06012702
3315.12339796
3315.19010759
3315.25442032
3315.31763299
3315.41621751
3315.48037518
3315.54599011
3315.61101111
3315.67493326
3315.74028633
3315.80570670
3315.86886646
3315.93422148
3315.98807895
3316.05337326
3316.11794468
3316.18287425
3316.24747859
3316.31057276
3316.37692984
3316.44303263
3316.50558140
3316.57219058
3316.65678800
3316.71086538
3316.77658246
3316.84008990
3316.90691948
3316.97083700
3317.03576584
3317.10166529
3317.15345233
3317.21849308
3317.28234819
3317.34790606
3317.41153052
3317.46762786
3317.53161219
3317.59730123
3317.66082207
3317.72627779
3317.79010437
3317.85493544
3317.92043504
3317.98443595
3318.04977878
3318.11347541
3318.17920517
3318.24370783
3318.29665613
3318.36135067
3318.44870290
3318.50275175
3318.56830280
3318.63239123
3318.69838381
3318.76212506
3318.82627957
3318.89114770
3318.95477923
3319.02022203
3319.09662307
3319.16006907
3319.22700739
3319.29075132
3319.35505430
3319.41995072
3319.47371066
3319.53791271
3319.60319215
3319.66857447
3319.73296937
3319.79720385
3319.86350363
3319.91582290
3319.98238454
3320.04619576
3320.11056701
3320.17529300
3320.23882604
3320.30471037
3320.37041404
3320.43491695
3320.49905000
3320.56325229
3320.62802241
3320.69367098
3320.74699840
3320.81302049
3320.87914595
3320.94138874
3321.02787154
3321.08136524
3321.14665834
3321.21285840
3321.27628684
3321.34156799
3321.40539847
3321.47014665
3321.53524299
3321.62273321
3321.68637304
3321.75050341
3321.81580576
3321.88130122
3321.94499785
3322.01089559
3322.07396880
3322.14078375
3322.20603467
3322.25817133
3322.32448720
3322.38789687
3322.45193532
3322.55992112
3322.61417210
3322.67998231
3322.74324496
3322.80907614
3322.91718385
3322.97267947
3323.03618495
3323.10051232
3323.16512274
3323.23036805
3323.28726826
3323.36066581
3323.42518238
3323.47792002
3323.54296492
3323.60717843
3323.67303960
3323.73672087
3323.79115080
3323.85560519
3323.91998497
3323.98521004
3324.05093200
3324.11478442
3324.17914714
3324.24304882
3324.30895923
3324.37368718
3324.43822836
3324.50389351
3324.56768572
3324.62198033
3324.68634524
3324.73927550
3324.80546142
3324.87010696
3324.93392160
3325.00073216
3325.04632839
3325.11815630
3325.18330189
3325.24723063
3325.31392270
3325.39853061
3325.45230201
3325.51765728
3325.57059192
3325.63617905
3325.70038768
3325.76523485
3325.83057207
3325.88262852
3325.94884394
3326.04687745
3326.11170804
3326.17558045
3326.24139896
3326.30522798
3326.37080194
3326.43480577
3326.52130905
3326.58647049
3326.63026156
3326.72879829
3326.79364423
3326.85765709
3326.92234675
3326.98696206
3327.05317577
3327.10496671
3327.17112118
3327.23600663
3327.28811964
3327.35448354
3327.40704809
3327.47206324
3327.53965911
3327.59098120
3327.65682238
3327.72053413
3327.78611419
3327.85210531
3327.90488074
3327.96958577
3328.03287475
3328.09935983
3328.16459880
3328.22923970
3328.29213128
3328.36960313
3328.43260539
3328.51912403
3328.57411838
3328.63835188
3328.70394925
3328.76718313
3328.83369210
3328.89305063
3328.96290296
3329.02647598
3329.09128974
3329.15721942
3329.22125202
3329.28535484
3329.35096196
3329.45855206
3329.52245690
3329.58859041
3329.65229094
3329.71814382
3329.76969046
3329.83587834
3329.89960593
3329.96641991
3330.03049591
3330.09586604
3330.15940542
3330.22420748
3330.28966441
3330.35412368
3330.41955867
3330.48398527
3330.54813124
3330.61309909
3330.67812692
3330.74209369
3330.80801655
3330.87312849
3330.93565337
3331.00172739
3331.05533300
3331.12048907
3331.18614520
3331.24986548
3331.31565009
3331.37830590
3331.44329277
3331.50996046
3331.57397575
3331.63945804
3331.70283358
3331.76830197
3331.83228312
3331.88519363
3331.95078930
3332.01553528
3332.08090298
3332.14668979
3332.21063681
3332.27496101
3332.34043574
3332.39367734
3332.45828728
3332.52208193
3332.58512198
3332.63590452
3332.68859097
3332.73947835
3332.80334321
3332.85470382
3332.91614473
3332.96982982
3333.02020789
3333.07228286
3333.12387461
3333.17687971
3333.22871356
3333.27917135
3333.34209413
3333.39363443
3333.44429531
3333.49758958
3333.54923789
3333.61251322
3333.66418737
3333.71633890
3333.77696500
3333.82993475
3333.88156088
3333.93297830
3333.99562289
3334.04745650
3334.10055498
3334.15194559
3334.20330693
3334.25312887
3334.30575973
3334.36820342
3334.41996925
3334.48334015
3334.53471758
3334.60929103
3334.67058663
3334.73514123
3334.78721498
3334.83631207
3334.88979017
3334.94029136
3334.99189090
3335.04342145
3335.09659942
3335.14804464
3335.19948059
3335.25098017
3335.30260264
3335.35708231
3335.40696592
3335.47089783
3335.52104988
3335.57318191
3335.62475586
3335.67549012
3335.72888581
3335.78069382
3335.84258285
3335.90583745
3335.95728998
3336.00843336
3336.06004803
3336.11383405
3336.16408607
3336.21657991
3336.27803154
3336.32862903
3336.38212152
3336.43431986
3336.49789873
3336.54834506
3336.60065897
3336.65091001
3336.71389374
3336.76795649
3336.81711795
3336.86886207
3336.93104245
3336.98448471
3337.03671182
3337.09798450
3337.15021186
3337.20195550
3337.25360259
3337.30501001
3337.35806876
3337.40985287
3337.45967553
3337.51154595
3337.56435455
3337.61609502
3337.66792521
3337.72080695
3337.78188556
3337.83465905
3337.88557520
3337.94718141
3338.00020675
3338.05006404
3338.11423000
3338.17679975
3338.25021413
3338.30343549
3338.36561173
3338.41752750
3338.46906243
3338.52149556
3338.57093569
3338.64465508
3338.69678345
3338.76162598
3338.82323171
3338.88500834
3338.93823190
3338.98870895
3339.06251879
3339.11455451
3339.16535900
3339.21832314
3339.26881458
3339.34334926
3339.40556475
3339.47834742
3339.53019736
3339.58195953
3339.63309901
3339.68541779
3339.75976328
3339.82156746
3339.89591954
3339.94843483
3339.99900063
3340.05244410
3340.10329077
3340.15493688
3340.20532909
3340.27854500
3340.33085843
3340.39327067
3340.44596565
3340.49785119
3340.55145899
3340.60052243
3340.66245706
3340.71465784
3340.76803329
3340.81956311
3340.87229588
3340.93425757
3340.98584346
3341.03578949
3341.09876201
3341.15020284
3341.21528821
3341.26532737
3341.31817230
3341.37023484
3341.43034065
3341.48375584
3341.54149573
3341.60863884
3341.65978418
3341.71227070
3341.78577188
3341.84786693
3341.91164938
3341.96342300
3342.02513308
3342.07618722
3342.12928376
3342.18153257
3342.23191527
3342.28529072
3342.33582823
3342.39915159
3342.45045735
3342.51366124
3342.56558774
3342.61534043
3342.66814196
3342.71940310
3342.77391714
3342.82376638
3342.88624299
3342.93754290
3343.00131316
3343.05259136
3343.10397953
3343.16794971
3343.22982680
3343.29372433
3343.34448956
3343.39636802
3343.45815587
3343.50956330
3343.56172239
3343.62397372
3343.67750179
3343.72755388
3343.78979522
3343.85368178
3343.90436411
3343.96752948
3344.01935163
3344.07231529
3344.13334903
3344.18610911
3344.23774865
3344.28833346
3344.34185300
3344.39339574
3344.45684418
3344.50657127
3344.56911078
3344.62205055
3344.67279944
3344.72502071
3344.77715103
3344.82966754
3344.87961479
3344.94247857
3344.99420855
3345.04528196
3345.09936958
3345.14909204
3345.20166951
3345.25279802
3345.30469989
3345.36814881
3345.41926683
3345.47276492
3345.52166989
3345.57515042
3345.64827370
3345.69922691
3345.75194578
3345.81416542
3345.86585542
3345.91722359
3345.96930246
3346.02120043
3346.07135590
3346.13638641
3346.18771923
3346.23967547
3346.29021786
3346.35355804
3346.40623474
3346.45780283
3346.50865681
3346.56125915
3346.61294793
3346.67560057
3346.72733860
3346.77880478
3346.82929549
3346.89266956
3346.94489033
3346.99638309
3347.04793119
3347.10238550
3347.15152916
3347.20338007
3347.25532729
3347.30645288
3347.35950821
3347.41120357
3347.48377608
3347.53678411
3347.58915702
3347.64006586
3347.69069407
3347.74287876
3347.79570613
3347.84819558
3347.89744481
3347.94882809
3348.00206604
3348.05274399
3348.10648979
3348.15838288
3348.20935876
3348.26026906
3348.31976462
3348.38591860
3348.43739259
3348.49095212
3348.55219286
3348.60456016
3348.65618628
3348.70789164
3348.75974061
3348.81129797
3348.86350412
3348.91555301
3348.96712208
3349.01979682
3349.07021487
3349.15403162
3349.20619266
3349.25810282
3349.30904944
3349.36187438
3349.41443673
3349.46430864
3349.51653210
3349.56830109
3349.62133546
3349.67133001
3349.72425734
3349.77488043
3349.82700149
3349.87946412
3349.94239372
3349.99367339
3350.04558867
3350.09675887
3350.15005777
3350.21202311
3350.26209812
3350.31429281
3350.36801032
3350.41897182
3350.47025003
3350.52214093
3350.57316167
3350.62596734
3350.67802745
3350.72960554
3350.79134219
3350.84406399
3350.89478607
3350.94649850
3350.99837794
3351.05076255
3351.10348362
3351.15400870
3351.20685167
3351.25678942
3351.30830314
3351.36071043
3351.41324230
3351.46488988
3351.51599060
3351.57954265
3351.63054023
3351.68293825
3351.73543429
3351.78537179
3351.83859852
3351.88931450
3351.94217137
3351.99268889
3352.04599900
3352.09649605
3352.14782740
3352.20016423
3352.25116132
3352.30441414
3352.35578622
3352.41648692
3352.48074407
3352.53223244
3352.58440274
3352.63476618
3352.70084092
3352.75190409
3352.80149782
3352.85622934
3352.90518868
3352.95835055
3353.01000130
3353.06124342
3353.11270668
3353.16551235
3353.22717513
3353.27837970
3353.33105494
3353.38164292
3353.44573818
3353.49704686
3353.55930867
3353.61152579
3353.66426393
3353.72527159
3353.77675727
3353.82951882
3353.88049007
3353.93322479
3353.99508481
3354.04662657
3354.11008110
3354.16212121
3354.21334651
3354.26517938
3354.31735091
3354.36869884
3354.41967692
3354.47196840
3354.52427377
3354.57657183
3354.62822819
3354.67919602
3354.73082605
3354.78325796
3354.83581641
3354.89745090
3354.94896780
3355.00015750
3355.05344396
3355.10355140
3355.15659040
3355.20865440
3355.25870649
3355.31161700
3355.36326068
3355.42654990
3355.47730806
3355.52958784
3355.58103427
3355.63200528
3355.69571166
3355.74701303
3355.79969729
3355.85128440
3355.90234683
3355.95554821
3356.00722480
3356.05741854
3356.10948596
3356.16239354
3356.22460318
3356.27495930
3356.32788298
3356.37995795
3356.44288854
3356.49404045
3356.55595045
3356.60856643
3356.65949843
3356.71364432
3356.76382270
3356.81605835
3356.87031810
3356.91972897
3356.96985274
3357.02172828
3357.07469511
3357.12557469
3357.17864465
3357.22846951
3357.29217248
3357.34396537
3357.40518538
3357.46921750
3357.51995128
3357.57347375
3357.62474683
3357.67642099
3357.72833578
3357.78004724
3357.83185426
3357.88390852
3357.94590336
3357.99718864
3358.05122116
3358.10227530
3358.15521702
3358.22630131
3358.27954462
3358.33034643
3358.38027686
3358.43386540
3358.49697713
3358.54773285
3358.59981197
3358.65110676
3358.70320831
3358.75468985
3358.81863590
3358.87091836
3358.92057280
3358.97306493
3359.03446683
3359.08725860
3359.13788437
3359.20217371
3359.25393075
3359.30568878
3359.35738853
3359.40705930
3359.46054593
3359.51176465
3359.56364141
3359.61582390
3359.66702750
3359.71905128
3359.77120964
3359.82444661
3359.88526873
3359.93705089
3359.98916073
3360.04041114
3360.09211553
3360.14327134
3360.19699690
3360.24716066
3360.30746298
3360.35924416
3360.41092685
3360.46398413
3360.51317948
3360.56617556
3360.61860089
3360.68170872
3360.73242397
3360.78337743
3360.84684146
3360.89893204
3360.96057117
3361.01196665
3361.07561281
3361.12664623
3361.17801001
3361.24210430
3361.29233047
3361.34542822
3361.39546276
3361.44796464
3361.50096829
3361.56313867
3361.62632331
3361.67787287
3361.72995028
3361.78065554
3361.83340075
3361.89545971
3361.94738816
3361.99946338
3362.05082180
3362.10301746
3362.15313635
3362.20585742
3362.25879475
3362.30856841
3362.36082307
3362.42253071
3362.47566796
3362.52777463
3362.57998541
3362.63015794
3362.68172603
3362.73433861
3362.78496657
3362.84006088
3362.88888564
3362.95318862
3363.00396093
3363.05584280
3363.11877144
3363.17100513
3363.23296243
3363.29454986
3363.34850973
3363.39899117
3363.45151865
3363.50226218
3363.55458316
3363.60585820
3363.65735364
3363.71027927
3363.77176040
3363.82390340
3363.87597691
3363.92746480
3363.98014247
3364.03189440
3364.08424561
3364.14435897
3364.19691255
3364.24896728
3364.30145966
3364.35244871
3364.40534776
3364.45795936
3364.51847891
3364.56969178
3364.62257937
3364.67420305
3364.72783719
3364.77805995
3364.84054680
3364.89225703
3364.94260730
3365.00740449
3365.05739904
3365.10933967
3365.16149730
3365.22475678
3365.27539206
3365.32643256
3365.37861334
3365.42950901
3365.48284522
3365.52769466
3365.58655485
3365.64979604
3365.69988080
3365.75393575
3365.80464003
3365.86775640
3365.91921453
3365.97220526
3366.02208790
3366.07354799
3366.12645411
3366.17813509
3366.23058285
3366.28086485
3366.33303881
3366.38463982
3366.43519733
3366.48819975
3366.54028668
3366.59208298
3366.65352169
3366.71775275
3366.76891490
3366.81963406
3366.87339327
3366.92368990
3366.97625054
3367.02010597
3367.08002161
3367.13173770
3367.20375042
3367.25624914
3367.30732449
3367.36065606
3367.41184796
3367.46438837
3367.52537847
3367.62085881
3367.67398070
3367.72425978
3367.77758696
3367.82957221
3367.88114348
3367.93177120
3368.00502418
3368.05678244
3368.10808406
3368.16094678
3368.21343355
3368.27555956
3368.32716423
3368.38970447
3368.44236532
3368.49155091
3368.54474814
3368.59740021
3368.66031592
3368.71215757
3368.78392575
3368.83564184
3368.88880786
3368.94053078
3368.99072086
3369.14170535
3369.19136979
3369.26636893
3369.31368865
3369.38005133
3369.43283189
3369.48474132
3369.53584715
3369.58736307
3369.65963521
3369.71309697
3369.76431203
3369.81828896
3369.86827839
3369.93149448
3370.00333458
3370.06571318
3370.11957186
3370.17026956
3370.23368849
3370.28527219
3370.34803893
3370.39911917
3370.45043004
3370.50310723
3370.55414821
3370.61741866
3370.66868273
3370.73246469
3370.78275791
3370.84553026
3370.89803799
3370.94950832
3371.01200346
3371.06382268
3371.11436166
3371.18810786
3371.25057057
3371.31427866
3371.36585773
3371.43011049
3371.48100348
3371.53375308
3371.58359013
3371.64559448
3371.69757193
3371.76026992
3371.81415079
3371.86528246
3371.91693760
3371.96872293
3372.03027014
3372.08188821
3372.13431793
3372.18620615
3372.23709012
3372.29078252
3372.36402697
3372.42482324
3372.47774277
3372.52988382
3372.59247307
3372.64370105
3372.70884616
3372.75964918
3372.82006657
3372.88328607
3372.94523337
3372.99782132
3373.04912878
3373.10029850
3373.17521815
3373.23686728
3373.30008604
3373.35082738
3373.40373033
3373.45469475
3373.54060070
3373.59093829
3373.65342295
3373.70543575
3373.75693704
3373.82004707
3373.87181436
3373.92377669
3373.97654189
3374.02685437
3374.09035790
3374.14093540
3374.19269294
3374.24367711
3374.29759919
3374.34731579
3374.39938004
3374.46247739
3374.51537181
3374.56665830
3374.61937303
3374.68144273
3374.73268582
3374.78417029
3374.83554895
3374.88789504
3374.93951848
3374.99015986
3375.04467024
3375.09372028
3375.15749493
3375.22117035
3375.27166276
3375.32380966
3375.36529770
