6457.03387831
6457.10484664
6457.17640889
6457.26013065
6457.34093206
6457.42415207
6457.52156617
6457.59125133
6457.67304261
6457.74552451
6457.81967016
6457.90259613
6457.98545408
6458.05605450
6458.14077564
6458.21065755
6458.28344616
6458.35622794
6458.44102808
6458.51097948
6458.59260131
6458.67536514
6458.77110867
6458.85215706
6458.92496907
6459.00761125
6459.09033193
6459.16314809
6459.24504713
6459.34069923
6459.41059577
6459.48246497
6459.55607742
6459.62684460
6459.71767512
6459.79963268
6459.88326106
6459.96620580
6460.03883520
6460.11079633
6460.18354763
6460.26928960
6460.33713351
6460.42085771
6460.49275788
6460.57565508
6460.64852025
6460.73025155
6460.81295175
6460.88571330
6460.96759454
6461.04025515
6461.13617471
6461.20588083
6461.27881280
6461.36049266
6461.44449456
6461.52612663
6461.59874165
6461.70351978
6461.78747219
6461.85916170
6461.99876510
6462.06859509
6462.15034224
6462.23423271
6462.31617125
6462.39965189
6462.48267002
6462.55628587
6462.62803195
6462.71006070
6462.79273530
6462.89029472
6462.95826224
6463.04202326
6463.12370775
6463.19667020
6463.29040400
6463.37318953
6463.45481282
6463.53863089
6463.62142130
6463.70341348
6463.79305104
6463.84911699
6463.93272002
6464.00361618
6464.07556243
6464.15917009
6464.24009877
6464.31464769
6464.38741972
6464.45834928
6464.54208665
6464.61196369
6464.69984679
6464.76748980
6464.85129397
6464.93401173
6465.01783881
6465.09983587
6465.18337014
6465.25621507
6465.32723338
6465.40900613
6465.49262720
6465.58028649
6465.64815063
6465.72126546
6465.80284584
6465.88550557
6465.96841082
6466.05225741
6466.13508390
6466.21694686
6466.33343273
6466.43215170
6466.49988687
6466.57470105
6466.65348397
6466.73745515
6466.81927909
6466.89293445
6466.97488128
6467.04669953
6467.12022907
6467.20105584
6467.34174297
6467.45352015
6467.52737250
6467.59899863
6467.67008398
6467.75364629
6467.83674561
6467.91929270
6468.00217722
6468.08576001
6468.15776550
6468.25536588
6468.32418844
6468.40090824
6468.47882733
6468.56162555
6468.64535755
6468.71617057
6468.78905012
6468.87184955
6468.94371486
6469.02643213
6469.12427412
6469.18110759
6469.26586383
6469.34758051
6469.43056938
6469.51316035
6469.59591346
6469.67955184
6469.75039997
6469.85619674
6469.93814698
6470.03668651
6470.10537059
6470.17532711
6470.25818968
6470.33000038
6470.40466608
6470.48551332
6470.56934407
6470.64209123
6470.71484742
6470.78460718
6470.86735712
6470.96513426
6471.03599531
6471.11679331
6471.18956705
6471.26051977
6471.34408306
6471.42697270
6471.50970606
6471.59359361
6471.68629829
6471.77009027
6471.85678017
6471.91372823
6471.99644891
6472.07023349
6472.13918868
6472.21188123
6472.29659457
6472.37848312
6472.46222220
6472.53399875
6472.61674991
6472.68859766
6472.78541517
6472.85515128
6472.93797119
6473.03163795
6473.10447825
6473.17515059
6473.24796456
6473.33084371
6473.40268707
6473.48549894
6473.56854267
6473.66625398
6473.72305575
6473.79504564
6473.86675418
6473.93945941
6474.02421004
6474.10507412
6474.17768548
6474.26062485
6474.33433092
6474.41720691
6474.49900184
6474.60862520
6474.67477975
6474.75826502
6474.84113004
6474.92575560
6475.00755151
6475.11124347
6475.17241602
6475.24407604
6475.32893225
6475.41058211
6475.49758312
6475.56624842
6475.64911685
6475.72104603
6475.79367787
6475.86454502
6475.94736420
6476.03116934
6476.11475092
6476.19753523
6476.31242951
6476.40995601
6476.46780397
6476.54970643
6476.63338138
6476.71618813
6476.79896318
6476.87071608
6476.95459437
6477.03736820
6477.10918109
6477.19095725
6477.28880704
6477.36170659
6477.44041685
6477.51214879
6477.59491360
6477.66768026
6477.74254955
6477.82234305
6477.89419738
6477.96685312
6478.03968732
6478.11048498
6478.19740211
6478.26525114
6478.34888586
6478.42181564
6478.50456143
6478.58827613
6478.66909460
6478.78470690
6478.85654855
6478.92848164
6479.01241722
6479.11003759
6479.16698858
6479.25069254
6479.33346540
6479.41528179
6479.49805245
6479.64578909
6479.71838997
6479.79218966
6479.87532018
6479.98271756
6480.04078617
6480.11262100
6480.18635218
6480.26600354
6480.35993604
6480.43454567
6480.51636425
6480.59818674
6480.73583844
6480.82260978
6480.88049699
6480.96245308
6481.04610463
6481.12889870
6481.21261241
6481.28454842
6481.36825044
6481.44938538
6481.53180618
6481.60558880
6481.69252421
6481.74938036
6481.82130076
6481.90493817
6481.99769210
6482.07956700
6482.16337386
6482.24703979
6482.31885048
6482.40154166
6482.47453336
6482.57039074
6482.63815858
6482.71185392
6482.79384829
6482.87862210
6482.95026163
6483.02307145
6483.09383937
6483.17669537
6483.24846827
6483.33220027
6483.41519694
6483.50085333
6483.56861240
6483.64145270
6483.72431405
6483.80702718
6483.88984636
6483.97258337
6484.05628636
6484.13005679
6484.20004549
6484.35245743
6484.40943133
6484.48122154
6484.55405477
6484.63575194
6484.72054256
6484.80349779
6484.88628942
6484.96909080
6485.05482277
6485.13368858
6485.22740629
6485.28018496
6485.34713726
6485.42575536
6485.50367714
6485.57182069
6485.64914464
6485.72816405
6485.80679458
6485.87377906
6485.94064091
6486.02037224
6486.09820015
6486.18181683
6486.24484306
6486.32048351
6486.42148845
6486.47819270
6486.55614983
6486.63571756
6486.70180799
6486.77047427
6486.84830999
6486.92605646
6486.99301291
6487.06163627
6487.15465742
6487.21922502
6487.28522743
6487.35291408
6487.43078954
6487.50976701
6487.57643844
6487.64415094
6487.72291898
6487.80271614
6487.86872075
6487.93543460
6488.01514496
6488.10883195
6488.17075958
6488.23770603
6488.31667618
6488.39631779
6488.46218270
6488.57372581
6488.65268134
6488.73069065
6488.79810521
6488.87697126
6488.95396973
6489.04660395
6489.10048123
6489.17920319
6489.25804023
6489.33690604
6489.40189591
6489.48154679
6489.56030678
6489.66000514
6489.73003188
6489.80480461
6489.88437966
6489.96532711
6490.01914636
6490.09694819
6490.17567795
6490.24156358
6490.32133612
6490.40000736
6490.47790573
6490.54473857
6490.61163649
6490.68936981
6490.77014123
6490.83621581
6490.93098922
6490.99262769
6491.07229417
6491.13812079
6491.20602883
6491.28396547
6491.36262892
6491.42953611
6491.49740952
6491.57612539
6491.65481029
6491.73178413
6491.81141502
6491.90433108
6491.96704231
6492.03720144
6492.13460701
6492.21435565
6492.29220014
6492.35823523
6492.43786221
6492.51590248
6492.59445158
6492.66227281
6492.74000637
6492.83305775
6492.88676095
6492.95272655
6493.03124029
6493.10916890
6493.18791061
6493.25579596
6493.33459862
6493.41232755
6493.47914429
6493.54594420
6493.62564774
6493.70457621
6493.78610442
6493.83709840
6493.91769160
6493.99751144
6494.06345046
6494.14211001
6494.21996961
6494.29883932
6494.36556536
6494.43684455
6494.51231531
6494.59098509
6494.65781427
6494.74074657
6494.80465272
6494.88149149
6494.94925299
6495.02807930
6495.10594964
6495.18471573
6495.25135473
6495.33264473
6495.40905660
6495.48699374
6495.55368223
6495.64736581
6495.71016676
6495.78729226
6495.85685673
6495.93460589
6496.01345585
6496.08028380
6496.14801849
6496.22689161
6496.30557163
6496.37171887
6496.45030601
6496.52898042
6496.62195086
6496.67283976
6496.75256427
6496.83044728
6496.91009352
6496.97693025
6497.04468980
6497.12245067
6497.20153590
6497.26718162
6497.33512915
6497.41375310
6497.49350955
6497.58640635
6497.64748113
6497.72795389
6497.80577838
6497.87351989
6497.94142573
6498.01823671
6498.10139600
6498.17507940
6498.24362938
6498.32236109
6498.39913379
6498.46631332
6498.56213218
6498.62469493
6498.70249017
6498.76944393
6498.84823855
6498.92602818
6499.02763021
6499.09364481
6499.17245844
6499.27229358
6499.32901441
6499.39615030
6499.49069257
6499.55263092
6499.62013326
6499.68696706
6499.76695171
6499.84477767
6499.91068061
6499.97935518
6500.05723600
6500.13605792
6500.20605564
6500.27166333
6500.34949953
6500.44312484
6500.49498654
6500.57287321
6500.65260942
6500.73024862
6500.79632662
6500.86508652
6500.94284787
6501.02156398
6501.08857211
6501.15727862
6501.23412593
6501.31295370
6501.39465599
6501.44761289
6501.52642042
6501.60506193
6501.67204787
6501.75065524
6501.82854093
6501.90740186
6501.97523626
6502.05219548
6502.13182563
6502.19876647
6502.26562612
6502.36032346
6502.42417986
6502.48925141
6502.55782821
6502.63653652
6502.71451730
6502.78114338
6502.85005396
6502.92798646
6503.00674012
6503.07356612
6503.14123790
6503.21825514
6503.31199918
6503.37479843
6503.44351298
6503.52149766
6503.60128410
6503.66718753
6503.74664043
6503.82565228
6503.90337632
6503.97016941
6504.03808037
6504.11591560
6504.19468095
6504.28650231
6504.35221557
6504.42904118
6504.50802597
6504.57369436
6504.65339034
6504.73222397
6504.81006894
6504.87774584
6504.95655996
6505.03352942
6505.11215386
6505.19593730
6505.25977908
6505.33756725
6505.40537507
6505.47125973
6505.54908350
6505.62881410
6505.69661388
6505.76350766
6505.84151599
6505.91904743
6505.98681697
6506.05467746
6506.14937577
6506.21330654
6506.28005428
6506.34691466
6506.42476769
6506.50349769
6506.58034524
6506.65925226
6506.73888143
6506.81664619
6506.88371016
6506.98336585
6507.09501429
6507.17379208
6507.24076072
6507.30748749
6507.38609705
6507.46418657
6507.53185542
6507.59900935
6507.67854491
6507.75731953
6507.82416967
6507.90301622
6507.99684072
6508.06041528
6508.12724518
6508.20424365
6508.28310166
6508.38461469
6508.45050861
6508.52833116
6508.61062663
6508.67392959
6508.74071171
6508.82052106
6508.91424877
6509.01892864
6509.08771292
6509.16560544
6509.24439250
6509.31221032
6509.37894904
6509.45685522
6509.53676843
6509.60254898
6509.67038899
6509.75009399
6509.83396716
6509.88268543
6509.95174058
6510.02940148
6510.11001102
6510.17499016
6510.27566400
6510.35445740
6510.43314498
6510.50000293
6510.56696985
6510.64667485
6510.74042938
6510.79027527
6510.87007998
6510.94690242
6511.02763386
6511.09657784
6511.20516720
6511.28219322
6511.45856774
6511.54527738
6511.60529988
6511.68406549
6511.78368241
6511.84050784
6511.91729468
6511.99725349
6512.07315579
6512.14267199
6512.21948102
6512.29930768
6512.36614977
6512.44991518
6512.51198105
6512.59055989
6512.65735956
6512.73324602
6512.81101761
6512.88984246
6512.95558570
6513.02441021
6513.10330064
6513.17994584
6513.24800893
6513.31573459
6513.41027711
6513.47320801
6513.53997696
6513.60686587
6513.68573363
6513.76355057
6513.83133401
6513.89910380
6513.97798839
6514.05560516
6514.12344248
6514.19028141
6514.26910333
6514.36277106
6514.41484903
6514.49343226
6514.57237560
6514.65099418
6514.71692662
6514.79492471
6514.87442808
6514.94039247
6515.00821882
6515.09013664
6515.16494545
6515.24264707
6515.32645490
6515.39015746
6515.46801999
6515.53492621
6515.60168882
6515.68146501
6515.75920442
6515.82537165
6515.89488492
6515.97187681
6516.05170201
6516.11768931
6516.19620208
6516.29016263
6516.35289092
6516.42064926
6516.48841441
6516.56629011
6516.64414118
6516.71120539
6516.79067999
6516.86943877
6516.94820242
6517.01508328
6517.08188831
6517.16075875
6517.25352024
6517.30556944
6517.38419948
6517.46298678
6517.54077544
6517.60849745
6517.68750247
6517.76514167
6517.86795445
6517.92275626
6518.00153771
6518.07842476
6518.16119005
6518.21499102
6518.29190001
6518.37059686
6518.44949363
6518.52914694
6518.60683759
6518.68466404
6518.75143567
6518.81837261
6518.93097483
6519.00993670
6519.12452890
6519.17637768
6519.25525032
6519.33303800
6519.39893119
6519.46688579
6519.54574428
6519.62428777
6519.69190591
6519.79190635
6519.87067585
6519.94748001
6520.04429117
6520.09401004
6520.17285000
6520.25155782
6520.31750221
6520.38619238
6520.46408953
6520.54088272
6520.62062526
6520.69932479
6520.77822693
6520.85401001
6520.92395483
6521.01676581
6521.08052274
6521.17928804
6521.24805038
6521.32503690
6521.42553057
6521.48240938
6521.54942093
6521.62808949
6521.70583183
6521.77268051
6521.84052734
6521.93633986
6521.99817582
6522.06309645
6522.13193608
6522.26551031
6522.34416937
6522.41035269
6522.47895582
6522.55672376
6522.63648361
6522.70126820
6522.76920476
6522.86398475
6522.92583582
6522.99459840
6523.06141758
6523.13925670
6523.21800353
6523.28481954
6523.36477006
6523.44161371
6523.52132675
6523.59004204
6523.65583746
6523.73378142
6523.82543577
6523.88029804
6523.95808548
6524.03706442
6524.11492987
6524.18049709
6524.25944969
6524.33914080
6524.43810870
6524.49501385
6524.57369680
6524.65163467
6524.73428733
6524.79807644
6524.87578659
6524.95460754
6525.03142242
6525.10031447
6525.17899717
6525.25689969
6525.32368546
6525.39148427
6525.46935704
6525.54893038
6525.64089559
6525.70846716
6525.78431071
6525.86217397
6525.92901704
6525.99594740
6526.07478639
6526.15761971
6526.22018099
6526.28802320
6526.36606761
6526.44561340
6526.51151269
6526.59317914
6526.65908866
6526.73913207
6526.81472717
6526.89075601
6526.97036032
6527.04924612
6527.11601068
6527.19490014
6527.27452249
6527.35324664
6527.41915275
6527.51186524
6527.57570896
6527.65264355
6527.72232213
6527.79942446
6527.87817275
6527.94479347
6528.01273710
6528.09054526
6528.16938766
6528.23721207
6528.30498820
6528.38281294
6528.47652138
6528.53929674
6528.60599523
6528.68589966
6528.76461285
6528.83182066
6528.89832898
6528.97633024
6529.05588578
6529.12280785
6529.20143545
6529.27851853
6529.35821085
6529.43888621
6529.50373346
6529.58257830
6529.66141021
6529.72746773
6529.80707935
6529.88390252
6529.96270104
6530.03051179
6530.10824852
6530.18698267
6530.26500733
6530.34655968
6530.41156272
6530.49016862
6530.56804213
6530.63485692
6530.71284550
6530.79248540
6530.86917667
6530.93702570
6531.01505719
6531.09389155
6531.16052128
6531.22750040
6531.32229087
6531.38516351
6531.45190978
6531.52058630
6531.59929875
6531.67722419
6531.74314737
6531.81290957
6531.89065093
6531.96951454
6532.03543089
6532.10206770
6532.18180245
6532.27663315
6532.33755067
6532.40542408
6532.48322103
6532.56204417
6532.62970741
6532.69754523
6532.77633692
6532.85412923
6532.92194486
6532.98875745
6533.06674847
6533.14523735
6533.22801435
6533.29182785
6533.36980424
6533.44845598
6533.51522030
6533.59315841
6533.67293509
6533.73069089
6533.80846126
6533.87636881
6533.95525753
6534.03390440
6534.09980271
6534.18349229
6534.24657289
6534.32621767
6534.39200505
6534.45979532
6534.53776293
6534.61746500
6534.69422503
6534.76204651
6534.84085770
6534.91954992
6534.98647442
6535.05345671
6535.14891766
6535.20988394
6535.27758864
6535.37726481
6535.45651754
6535.53486501
6535.60276353
6535.67970446
6535.75942434
6535.83621776
6535.90398000
6535.98196614
6536.07664641
6536.13233958
6536.20009474
6536.27710784
6536.34482058
6536.41256453
6536.48840978
6536.56733093
6536.63300031
6536.70082471
6536.77865750
6536.84535160
6536.91120529
6536.98931943
6537.10568461
6537.14461174
6537.22263250
6537.30050917
6537.36811049
6537.44384700
6537.52367903
6537.58948152
6537.65644893
6537.73522794
6537.80009177
6537.86784986
6537.94653110
6538.01448058
6538.09307625
6538.15697215
6538.23502826
6538.30170603
6538.38042434
6538.45829052
6538.52306950
6538.59200836
6538.66963415
6538.74642929
6538.82536507
6538.90223505
6538.99675343
6539.04679486
6539.12343224
6539.20238729
6539.26899264
6539.33776449
6539.41460058
6539.47960167
6539.54820944
6539.62591008
6539.69096408
6539.75856028
6539.83647913
6539.92918673
6540.01312695
6540.07994808
6540.15776453
6540.22548995
6540.29238081
6540.37003317
6540.44700409
6540.51589126
6540.59240163
6540.67276369
6540.73620635
6540.81498171
6540.90969904
6540.95963270
6541.02545884
6541.10427076
6541.18114611
6541.24879717
6541.32659119
6541.39360736
6541.45922846
6541.53893907
6541.61573493
6541.68363516
6541.74854726
6541.84142261
6541.90423136
6541.97187145
6542.04966254
6542.12738367
6542.19319493
6542.27198443
6542.35199834
6542.41904889
6542.49470568
6542.57134404
6542.64444838
6542.70596714
6542.79964097
6542.85048208
6542.91746315
6542.99420245
6543.06283679
6543.12786836
6543.20661592
6543.28777232
6543.35110307
6543.42906580
6543.50704805
6543.57350590
6543.64026095
6543.73431146
6543.79516121
6543.86171000
6543.94060287
6544.02025789
6544.08425132
6544.16301838
6544.24077510
6544.30753698
6544.37447294
6544.45132757
6544.51912662
6544.59604024
6544.69155922
6544.75249307
6544.82130856
6544.89710822
6544.97521432
6545.04090295
6545.10863057
6545.18545642
6545.25247455
6545.32004563
6545.39799520
6545.47556346
6545.54156319
6545.63619811
6545.69801285
6545.76487494
6545.84264263
6545.91948726
6545.98741479
6546.05507487
6546.13086551
6546.19765007
6546.26478108
6546.34332554
6546.41103682
6546.47708848
6546.57088982
6546.63360812
6546.69933065
6546.76714871
6546.84498662
6546.91004842
6546.97764315
6547.05544717
6547.13317877
6547.20005135
6547.27675261
6547.35912830
6547.42345867
6547.51431552
6547.57713403
6547.64391468
6547.71515754
6547.79298862
6547.85625086
6547.92231764
6548.00089210
6548.07122092
6548.13460628
6548.21244175
6548.29016141
6548.35694645
6548.42379269
6548.51755526
6548.56741992
6548.63519996
6548.71320268
6548.78994954
6548.85770055
6548.93647445
6549.01321521
6549.09018150
6549.16784240
6549.24753838
6549.31252801
6549.38021759
6549.47390336
6549.52403206
6549.59170531
6549.66779193
6549.74827224
6549.81414666
6549.89322117
6549.97226739
6550.04674804
6550.11352309
6550.19334000
6550.26916916
6550.33617656
6550.42959463
6550.49357562
6550.55859938
6550.63710606
6550.71494226
6550.77984558
6550.84850650
6550.92625809
6550.99221638
6551.05996496
6551.13777824
6551.20452452
6551.27148267
6551.36507409
6551.42898949
6551.49282956
6551.57165026
6551.64971296
6551.71619812
6551.78310166
6551.86008452
6551.92683422
6551.99469153
6552.07248848
6552.13962193
6552.20625898
6552.30010055
6552.36208913
6552.42875836
6552.50681570
6552.58346576
6552.65122044
6552.71795136
6552.79508758
6552.86159005
6552.92939348
6553.00733672
6553.08500932
6553.15100686
6553.24458048
6553.30738216
6553.37421938
6553.44105148
6553.51994679
6553.59560602
6553.66349088
6553.74127954
6553.80906957
6553.87498373
6553.95266657
6554.02952753
6554.09733170
6554.18016892
6554.24193003
6554.30788709
6554.37380491
6554.45262488
6554.51940748
6554.58702343
6554.66477381
6554.74357525
6554.80858536
6554.88637597
6554.96599101
6555.03084703
6555.11464340
6555.17745751
6555.24243300
6555.30924316
6555.38700939
6555.45483038
6555.52160665
6555.60033373
6555.67809776
6555.74391439
6555.82087288
6555.90056130
6555.96633600
6556.04913908
6556.11196783
6556.21079847
6556.27750793
6556.35461197
6556.43317058
6556.49906133
6556.57873805
6556.65551173
6556.72249207
6556.82137634
6556.89909990
6556.98372937
6557.03356989
6557.10958069
6557.17826672
6557.24504567
6557.32297500
6557.40056422
6557.46556434
6557.53254224
6557.61316469
6557.67716299
6557.74488914
6557.82263806
6557.93933384
6557.99021519
6558.06721976
6558.14491967
6558.21071216
6558.28853178
6558.36732494
6558.43310792
6558.50094769
6558.62146787
6558.70029321
6558.76731328
6558.86102758
6558.91199548
6558.97863497
6559.05650725
6559.13430030
6559.19906270
6559.27821645
6559.35601632
6559.42582070
6559.48955764
6559.56731606
6559.66793309
6559.72192667
6559.81567315
6559.87929989
6559.94431536
6560.02388505
6560.10183949
6560.16762833
6560.26749614
6560.34527431
6560.41006426
6560.48894031
6560.56864165
6560.63548741
6560.70033587
6560.79220526
6560.85806773
6560.92292400
6560.99053141
6561.06844100
6561.13441611
6561.20206716
6561.28078352
6561.38051503
6561.46725613
6561.52523673
6561.60207526
6561.67871728
6561.77341535
6561.83437017
6561.90007148
6562.00178932
6562.07868368
6562.14359529
6562.21145237
6562.29109203
6562.35790462
6562.42481255
6562.50063878
6562.57866198
6562.64531951
6562.72835325
6562.79101693
6562.85764277
6562.92557762
6563.00338847
6563.10304660
6563.15704163
6563.23676541
6563.31059630
6563.37536724
6563.45422281
6563.53201707
6563.60880294
6563.69343948
6563.75436261
6563.82028773
6563.89988716
6563.97771654
6564.04357340
6564.11028920
6564.18839847
6564.26614251
6564.33303263
6564.40996576
6564.48846635
6564.55446340
6564.63806399
6564.70078838
6564.79962195
6564.85549335
6564.93343633
6565.01098777
6565.07789959
6565.15582795
6565.23374388
6565.30032778
6565.36820972
6565.44589793
6565.51178624
6565.59371430
6565.65739491
6565.72315450
6565.79016531
6565.86800663
6565.94764848
6566.01247403
6566.07961601
6566.15816145
6566.23500071
6566.30179746
6566.37966292
6566.45723312
6566.53904829
6566.60294468
6566.68065142
6566.74761835
6566.82532338
6566.90309302
6566.96893647
6567.03605748
6567.11456026
6567.18045125
6567.24637833
6567.32529363
6567.39187705
6567.47385021
6567.53673625
6567.61526901
6567.68124973
6567.74796236
6567.82592144
6567.89156253
6567.96036778
6568.03729140
6568.11593559
6568.18181756
6568.26051124
6568.33764259
6568.41926490
6568.49295951
6568.57178924
6568.63750786
6568.70444041
6568.78223833
6568.85059765
6568.91600663
6568.99470738
6569.06062520
6569.12735928
6569.20514477
6569.28491097
6569.36465376
6569.41647426
6569.49449454
6569.57219567
6569.63915113
6569.71789650
6569.79479720
6569.86163930
6569.93939406
6570.01809213
6570.08315393
6570.16079069
6570.23946072
6570.32215263
6570.37408041
6570.45192027
6570.51769253
6570.58757834
6570.66328487
6570.74198537
6570.80788319
6570.88569257
6570.96444135
6571.02923228
6571.09525395
6571.17494603
6571.25471491
6571.30753235
6571.38546071
6571.46505965
6571.52921545
6571.60873102
6571.68652577
6571.75242725
6571.83063891
6571.93098971
6571.99668346
6572.06355847
6572.15649355
6572.20726567
6572.27411386
6572.35175526
6572.41945727
6572.48646443
6572.56420139
6572.64201175
6572.70992515
6572.77668947
6572.85361382
6572.91946117
6572.99815973
6573.09081369
6573.15466912
6573.22053793
6573.29723652
6573.37711413
6573.44287615
6573.52177926
6573.61939793
6573.68720234
6573.75406857
6573.83217735
6573.89759365
6573.96642328
6574.05931691
6574.11112596
6574.18702704
6574.26476742
6574.34249123
6574.40929236
6574.47628440
6574.55401820
6574.62070597
6574.68864155
6574.76633585
6574.84421910
6574.91005329
6575.00379660
6575.06759230
6575.13167788
6575.21022113
6575.28896796
6575.36584696
6575.43354190
6575.51045333
6575.57816047
6575.64512179
6575.72372940
6575.78875072
6575.85561476
6575.95225356
6576.01200445
6576.07880998
6576.14559868
6576.22338538
6576.28937902
6576.35713150
6576.43484141
6576.50176762
6576.56760278
6576.64645445
6576.72509766
6576.79108228
6576.88765426
6576.94756949
6577.02427880
6577.09107969
6577.16990454
6577.23576262
6577.30271662
6577.38042019
6577.44716574
6577.52504144
6577.60277353
6577.68055487
6577.74755813
6577.82931186
6577.90403217
6577.96883114
6578.03666311
6578.11544651
6578.19324345
6578.25809119
6578.33782349
6578.41570187
6578.48151655
6578.54834695
6578.62711791
6578.69203513
6578.77683112
6578.83854590
6578.90339510
6578.97121194
6579.04804730
6579.12784032
6579.19260540
6579.27144634
6579.35041260
6579.41611440
6579.48197248
6579.55985183
6579.62654423
6579.71035254
6579.77229065
6579.83922296
6579.90495987
6579.98368963
6580.06334197
6580.12824797
6580.19602459
6580.27480092
6580.33975178
6580.40651464
6580.48528585
6580.55016772
6580.61703346
6580.71073801
6580.77457027
6580.83944409
6580.91821213
6580.99599080
6581.06273390
6581.13056587
6581.20824798
6581.27329686
6581.34116441
6581.41968865
6581.48654123
6581.55349133
6581.64614457
6581.70815046
6581.77481286
6581.84264970
6581.92042105
6581.99725227
6582.06425698
6582.14201638
6582.20769575
6582.28655595
6582.36446700
6582.44248484
6582.50895244
6582.60163469
6582.66550816
6582.73033908
6582.83116383
6582.90992285
6582.97478107
6583.04169485
6583.12523205
6583.18813613
6583.25413074
6583.33193525
6583.41054627
6583.47541156
6583.55912040
6583.62203326
6583.72080612
6583.78761823
6583.86456769
6583.93215633
6584.02206525
6584.09789222
6584.17556970
6584.25326376
6584.33218442
6584.40990920
6584.49073060
6584.54352147
6584.62033684
6584.68744103
6584.75422754
6584.83213980
6584.89890412
6584.96640768
6585.04338420
6585.12201083
6585.18787135
6585.25569600
6585.33350636
6585.39840163
6585.48305865
6585.54401104
6585.64569839
6585.70052092
6585.77759497
6585.85607654
6585.92111566
6585.99886775
6586.07866857
6586.14434842
6586.21218428
6586.29003609
6586.35386250
6586.43896691
6586.54341565
6586.62233461
6586.68824438
6586.76678617
6586.84545741
6586.91081178
6586.97828242
6587.05110907
6587.13185757
6587.21164839
6587.30741605
6587.37125051
6587.45104060
6587.53181032
6587.61153166
6587.71428324
6587.79411795
6587.87499275
6587.95396266
6588.03451539
6588.11432376
6588.20933732
6588.27422333
6588.35480434
6588.43546556
6588.51538414
6588.59521470
6588.67583131
6588.75494726
6588.83572112
6588.91632676
6588.99613854
6589.09089196
6589.15693387
6589.23463500
6589.31625512
6589.39620320
6589.47685565
6589.55606035
6589.63562394
6589.71728259
6589.79607598
6589.87690714
6589.97071896
6590.07023934
6590.14017708
6590.24077193
6590.31981206
6590.40240572
6590.48039674
6590.56197346
6590.69379592
6590.79026673
6590.85713467
6590.93614969
6591.01591345
6591.09750797
6591.17640109
6591.25534906
6591.33498165
6591.41674148
6591.49549952
6591.57643161
6591.67208249
6591.73777015
6591.81774041
6591.89636095
6591.97820440
6592.05794037
6592.13777020
6592.21765488
6592.29736769
6592.37727700
6592.45900147
6592.55502416
6592.61871258
6592.69947474
6592.77921070
6592.85812771
6592.93783125
6593.01961204
6593.09941871
6593.17931437
6593.25797903
6593.33984004
6593.42961145
6593.49865393
6593.57836722
6593.65816584
6593.73803444
6593.82067685
6593.90054009
6593.98034602
6594.06018146
6594.13997765
6594.21979090
6594.31639848
6594.38018589
6594.46008740
6594.53991016
6594.62068792
6594.70144935
6594.78218079
6594.86094127
6594.94175999
6595.02246632
6595.10228323
6595.20024420
6595.26192363
6595.34075457
6595.42247929
6595.50326266
6595.58035939
6595.66302350
6595.74272363
6595.82357868
6595.90331976
6595.98232454
6596.07691850
6596.14368867
6596.22348583
6596.30416168
6596.38405929
6596.46391984
6596.54369896
6596.62445576
6596.70427583
6596.78323161
6596.86384797
6596.96053552
6597.02539959
6597.10525015
6597.18494442
6597.26579191
6597.34458604
6597.42437540
6597.50439686
6597.58392120
6597.66585608
6597.74455464
6597.84127901
6597.90614283
6597.98583418
6598.06470632
6598.14639423
6598.22525150
6598.30804728
6598.38574085
6598.46649764
6598.54555898
6598.62610927
6598.72181403
6598.78776842
6598.86556658
6598.94737932
6599.02701727
6599.10783892
6599.18675275
6599.26663598
6599.34661551
6599.42831926
6599.50898487
6599.60279255
6599.66853140
6599.74841000
6599.82815474
6599.90805698
6599.98779879
6600.10228006
6600.17125939
6600.25197742
6600.33103608
6600.41047728
6600.50535674
6600.57209375
6600.65198771
6600.73173586
6600.81141599
6600.94523525
6601.02701166
6601.10566755
6601.18660744
6601.26527357
6601.36113705
6601.42685591
6601.55937104
6601.64121376
6601.72112137
6601.80121744
6601.88067595
6601.96151222
6602.04025320
6602.12201961
6602.21680765
6602.28157760
6602.36162906
6602.44035858
6602.52307877
6602.60293834
6602.68258751
6602.76223058
6602.84199971
6602.92272529
6603.00251246
6603.09842323
6603.16309031
6603.24289746
6603.32373374
6603.40360014
6603.48456734
6603.56242110
6603.64399319
6603.72290800
6603.80376305
6603.88328056
6603.97789549
6604.04481732
6604.12372506
6604.20446503
6604.28438385
6604.36502094
6604.44482468
6604.52467377
6604.60421834
6604.68413912
6604.81284642
6604.86759435
6604.94740101
6605.02823729
6605.10631828
6605.18701485
6605.26769265
6605.34728428
6605.42915748
6605.50787871
6605.58786311
6605.68451336
6605.74832222
6605.82823129
6605.90710393
6605.98864116
6606.07191382
6606.14853414
6606.22905688
6606.30988731
6606.38905300
6606.46994438
6606.56348728
6606.62915738
6606.70892284
6606.82495230
6606.90150338
6606.98309254
6607.06305549
6607.14270246
6607.22689258
6607.30415559
6607.39687490
6607.46279320
