6631.50236008
6631.58262852
6631.66195440
6631.74365522
6631.82400729
6631.90263149
6631.98332245
6632.06350800
6632.14290068
6632.22337807
6632.30354582
6632.38409416
6632.46306870
6632.54292316
6632.62464349
6632.70470518
6632.78321966
6632.86348079
6632.94419126
6633.02485443
6633.10591501
6633.18416959
6633.26351546
6633.34475890
6633.42573780
6633.50539916
6633.58507149
6633.66501445
6633.74447125
6633.82473994
6633.90576858
6633.98504814
6634.06522564
6634.14612896
6634.22686625
6634.30543949
6634.38622237
6634.46611901
6634.54595542
6634.62539052
6634.71428202
6634.79421181
6634.87440785
6634.95513929
6635.03469386
6635.11448199
6635.19532900
6635.27424308
6635.35472705
6635.43592831
6635.51536512
6635.59497991
6635.67579693
6635.75551534
6635.83537760
6635.91537102
6635.99619169
6636.07690924
6636.15674589
6636.23668934
6636.31663912
6636.39612470
6636.47682103
6636.55898899
6636.63733841
6636.71711777
6636.79593262
6636.89775603
6636.97910772
6637.05853599
6637.14011954
6637.21978090
6637.29956685
6637.37949932
6637.45929965
6637.53996599
6637.62100439
6637.69984972
6637.77934748
6637.85992263
6637.94085595
6638.02088034
6638.10094935
6638.18050806
6638.26020136
6638.34094499
6638.42219354
6638.50166449
6638.58230645
6638.66215018
6638.75313405
6638.83338640
6638.91237070
6638.99121067
6639.07190017
6639.15251653
6639.23162639
6639.31249656
6639.39321337
6639.47303905
6639.55435198
6639.63452728
6639.71359350
6639.79322049
6639.87314589
6639.95299913
6640.03435472
6640.11688742
6640.19510274
6640.27488064
6640.35504449
6640.43413924
6640.51421044
6640.59693575
6640.67485314
6640.75545122
6640.83650424
6640.91527862
6640.99601420
6641.07603981
6641.15653475
6641.23512335
6641.31599083
6641.39505340
6641.47535280
6641.55543010
6641.63621250
6641.71612864
6641.79788359
6641.87719191
6641.95729212
6642.03707514
6642.11716683
6642.19693132
6642.27673043
6642.39024742
6642.47009408
6642.55060999
6642.63088575
6642.71172592
6642.79014580
6642.86961797
6642.95076802
6643.03200610
6643.11156286
6643.19115644
6643.27163920
6643.35198468
6643.43168017
6643.51143052
6643.59043847
6643.67089636
6643.75105923
6643.83284807
6643.91156174
6643.99222052
6644.07355905
6644.15291662
6644.23253239
6644.31229639
6644.39158545
6644.47337210
6644.55280062
6644.63464773
6644.71339821
6644.79307517
6644.87421304
6644.95400216
6645.03437520
6645.11429207
6645.19374887
6645.27381422
6645.35344510
6645.43461662
6645.51530831
6645.62686874
6645.69763251
6645.77671507
6645.85546921
6645.93765180
6646.01623455
6646.09694380
6646.17671097
6646.25730783
6646.33817507
6646.41787007
6646.49798686
6646.57894066
6646.65748683
6646.73717428
6646.81817122
6646.89759024
6646.97809347
6647.05924206
6647.17220537
6647.24030528
6647.32074853
6647.39963043
6647.48025581
6647.56102309
6647.64221655
6647.72061351
6647.80116161
6647.88213880
6647.96189232
6648.09585592
6648.17650349
6648.25525300
6648.33692067
6648.41571991
6648.49663982
6648.57776062
6648.65740906
6648.73650697
6648.81673470
6648.89650699
6648.97615323
6649.05664744
6649.13720846
6649.21708949
6649.29884200
6649.37764198
6649.45854092
6649.53922116
6649.61871989
6649.69843416
6649.77846318
6649.85937016
6649.93821963
6650.01862607
6650.09732292
6650.17920953
6650.25864732
6650.33985808
6650.41940753
6650.49849618
6650.57999318
6650.66021945
6650.77189471
6650.85308061
6650.93241331
6651.01449204
6651.09279782
6651.17281392
6651.25455643
6651.33308993
6651.41246481
6651.49386746
6651.57363049
6651.65322309
6651.73423271
6651.81407864
6651.89406134
6651.97394871
6652.05337479
6652.13397725
6652.21322852
6652.29486644
6652.37497812
6652.45519975
6652.53490914
6652.61479090
6652.69455442
6652.77524904
6652.85444350
6652.93427285
6653.01478900
6653.09565161
6653.17555824
6653.25625335
6653.33513891
6653.41659397
6653.49680756
6653.57441214
6653.65533034
6653.73573019
6653.81670715
6653.89645823
6653.97641557
6654.05703242
6654.13776995
6654.21784676
6654.29867231
6654.37784020
6654.45702808
6654.53691325
6654.61888910
6654.69754596
6654.77811795
6654.85796606
6654.93893107
6655.01964910
6655.09830694
6655.17766914
6655.25780837
6655.33852225
6655.41852860
6655.49922712
6655.57910450
6655.65995126
6655.73988081
6655.81952583
6655.89948415
6655.97968847
6656.05861889
6656.13974457
6656.22035483
6656.30058036
6656.38129669
6656.46188233
6656.54155734
6656.62012204
6656.70126210
6656.78139182
6656.86093664
6656.94165808
6657.02150035
6657.10113220
6657.18167103
6657.26148038
6657.34142846
6657.42051321
6657.50281771
6657.59203713
6657.67198594
6657.75314917
6657.83389231
6657.91474614
6657.99371020
6658.07371777
6658.15223712
6658.23312704
6658.31292103
6658.39371049
6658.47327799
6658.55438611
6658.63541646
6658.71595577
6658.79455607
6658.87541137
6658.97557272
6659.04608098
6659.12651083
6659.20604004
6659.28552488
6659.36625022
6659.44710430
6659.52778917
6659.60716600
6659.72916196
6659.80991949
6659.88198155
6659.96268568
6660.04458033
6660.12415636
6660.20518159
6660.28508115
6660.42045908
6660.53472579
6660.60321799
6660.68502146
6660.76455653
6660.84533014
6660.92442270
6661.00530115
6661.08182273
6661.16612110
6661.24650292
6661.32816083
6661.40825715
6661.48885132
6661.56949913
6661.70437775
6661.78588060
6661.86593473
6661.94678491
6662.02655330
6662.10693219
6662.18711018
6662.26649871
6662.34703730
6662.42826318
6662.50867889
6662.58985796
6662.66991575
6662.75139081
6662.83120016
6662.91297364
6662.99375872
6663.07354783
6663.15513699
6663.23290249
6663.31515457
6663.39465379
6663.47555224
6663.55779603
6663.63620713
6663.71816615
6663.79769025
6663.87863282
6663.95958028
6664.04002061
6664.12017690
6664.20187309
6664.28242801
6664.36200696
6664.44093372
6664.52244925
6664.60481592
6664.68335917
6664.76413693
6664.84517654
6664.95771635
6665.03788630
6665.11927261
6665.20004745
6665.28118288
6665.36164271
6665.44146011
6665.52224908
6665.60147476
6665.68252753
6665.76228349
6665.84572853
6665.92429689
6666.00593091
6666.08719264
6666.16647341
6666.24658142
6666.32625766
6666.40785145
6666.48766129
6666.57066357
6666.65043927
6666.72913246
6666.80911955
6666.89106102
6666.97046857
6667.05248756
6667.13234495
6667.21205190
6667.29280772
6667.37370129
6667.45408066
6667.53473433
6667.61559230
6667.69648514
6667.77700057
6667.85648541
6667.93719003
6668.01923121
6668.09912979
6668.17899644
6668.25931950
6668.33991197
6668.42087015
6668.50143774
6668.58252563
6668.66332314
6668.74238449
6668.82341362
6668.90543139
6668.98373985
6669.06511056
6669.14483945
6669.22558138
6669.30753162
6669.38731634
6669.46710180
6669.54787469
6669.62883750
6669.70909449
6669.78986713
6669.87244079
6669.95100647
6670.03305155
6670.11148070
6670.19329660
6670.27298649
6670.35263127
6670.43359603
6670.51360945
6670.59643741
6670.67511085
6670.75681021
6670.83751117
6670.95013705
6671.01998117
6671.09988829
6671.18038030
6671.26122755
6671.34079699
6671.42199606
6671.50239640
6671.58281674
6671.66328584
6671.74397364
6671.82592217
6671.90436887
6672.02940197
6672.11000273
6672.19022216
6672.27163773
6672.35226092
6672.43306257
6672.51181599
6672.59362531
6672.67287828
6672.75345417
6672.83452524
6672.91481075
6672.99503262
6673.07771234
6673.15753510
6673.23744783
6673.31799056
6673.39866592
6673.47869519
6673.55947685
6673.63911773
6673.71915504
6673.79973995
6673.88131595
6673.96117650
6674.04169655
6674.12196792
6674.20366826
6674.28473616
6674.36563607
6674.44542226
6674.52563365
6674.60768995
6674.68647432
6674.76762365
6674.84651652
6674.92772071
6675.00779069
6675.09042384
6675.16918554
6675.24991064
6675.33199742
6675.41259403
6675.49341617
6675.60607154
6675.67473294
6675.75548437
6675.83643134
6675.91603955
6675.99721886
6676.07572920
6676.15748464
6676.23956849
6676.31940709
6676.39991325
6676.47969066
6676.56041869
6676.64042650
6676.72142857
6676.80319790
6676.88263301
6677.01858658
6677.09940749
6677.17705523
6677.25866487
6677.33855712
6677.41999609
6677.50025454
6677.58130122
6677.66136072
6677.74243300
6677.82346018
6677.90380153
6677.98384957
6678.06515420
6678.14466342
6678.22646982
6678.30489579
6678.38575865
6678.46652592
6678.54789809
6678.62803829
6678.70802928
6678.78900331
6678.86947826
6678.94959042
6679.03027066
6679.11214606
6679.19159237
6679.27289457
6679.35431672
6679.43309061
6679.51387593
6679.59442427
6679.67556507
6679.75666392
6679.83622532
6679.91585864
6679.99781571
6680.07881290
6680.15817413
6680.23916206
6680.31893776
6680.40065517
6680.48039210
6680.56110745
6680.63994546
6680.72058913
6680.80156560
6680.88326301
6680.96308577
6681.04384208
6681.12500311
6681.20482587
6681.28624144
6681.39889072
6681.46883456
6681.54956819
6681.62968157
6681.71006387
6681.78982422
6681.87171448
6681.95148580
6682.03118641
6682.11248056
6682.19307522
6682.31738738
6682.39747686
6682.47815320
6682.55900240
6682.63995278
6682.71979651
6682.80118111
6682.88243845
6682.96083175
6683.04116602
6683.12258354
6683.20227757
6683.28325477
6683.36397963
6683.44565558
6683.52454016
6683.60535864
6683.68703850
6683.76844773
6683.84786455
6683.92861378
6684.00857405
6684.08895343
6684.16877302
6684.24990504
6684.33100048
6684.41015618
6684.49034051
6684.57093029
6684.65241827
6684.73322578
6684.81394088
6684.89417300
6684.97487299
6685.05525797
6685.13557055
6685.21713313
6685.29672427
6685.37687983
6685.45715047
6685.53851021
6685.62002842
6685.69973756
6685.77977146
6685.86129943
6685.94231490
6686.02102321
6686.10193263
6686.18273697
6686.26444998
6686.34526090
6686.42367054
6686.50493690
6686.58456827
6686.66551450
6686.74709757
6686.82643539
6686.90756058
6686.98726461
6687.06838614
6687.14899007
6687.23012062
6687.31084670
6687.39059753
6687.47116001
6687.55092328
6687.63189170
6687.71254147
6687.79339993
6687.88522348
6687.96574768
6688.04560458
6688.12651400
6688.20744536
6688.28864052
6688.36920105
6688.44874757
6688.52844794
6688.60994811
6688.69000127
6688.76968092
6688.84662648
6688.92856600
6689.00827538
6689.08981334
6689.16988601
6689.25078568
6689.33177945
6689.41150567
6689.49216274
6689.57290857
6689.65341229
6689.73353956
6689.81403426
6689.89513337
6689.97445729
6690.05574779
6690.15722010
6690.25990147
6690.34084356
6690.42120538
6690.50236398
6690.58274969
6690.66304154
6690.74528314
6690.82549087
6690.90525390
6690.98576445
6691.06483359
6691.14505108
6691.22562185
6691.30638547
6691.38710374
6691.46790296
6691.54868462
6691.62875314
6691.71038424
6691.79005242
6691.87226184
6691.95161624
6692.03300157
6692.11465242
6692.19142756
6692.27368573
6692.35235479
6692.43344633
6692.51414486
6692.59596661
6692.67578693
6692.75665173
6692.83765843
6692.91822603
6692.99903208
6693.07851277
6693.15959310
6693.24063150
6693.31923058
6693.40005149
6693.48060836
6693.56129494
6693.64359822
6693.72301650
6693.80329957
6693.88517204
6693.96572452
6694.04443673
6694.12727029
6694.20716888
6694.28754362
6694.36871904
6694.44713063
6694.52788206
6694.60778455
6694.68947391
6694.77047500
6694.84951416
6694.93103530
6695.01164800
6695.09163070
6695.17268031
6695.25415049
6695.33525057
6695.41383453
6695.49548782
6695.57620975
6695.65614588
6695.73617100
6695.81659304
6695.89679371
6695.97694976
6696.05796499
6696.13879176
6696.21955002
6696.30010420
6696.38130181
6696.46119868
6696.54307213
6696.62263694
6696.70258136
6696.78134062
6696.86429926
6696.94331647
6697.02595792
6697.12909423
6697.20719570
6697.28797346
6697.36872343
6697.44940391
6697.52932956
6697.60997103
6697.69100065
6697.77107575
6697.85206221
6697.93199396
6698.01137079
6698.09393714
6698.17287170
6698.25350464
6698.33537004
6698.41415758
6698.49566994
6698.57562436
6698.65850669
6698.73822461
6698.81932225
6698.90014121
6698.97882441
6699.05844627
6699.13923720
6699.22083026
6699.30066204
6699.38181088
6699.46233947
6699.54328644
6699.62308408
6699.70398229
6699.78376994
6699.86579162
6699.94546712
6700.02563999
6700.10685783
6700.18676104
6700.26651968
6700.34728842
6700.42815615
6700.51044236
6700.59073519
6700.66907144
6700.75117187
6700.83230389
6700.91179385
6700.99248701
6701.07465400
6701.15565923
6701.23484931
6701.31515579
6701.39565244
6701.47556882
6701.55619249
6701.63710094
6701.71588117
6701.79888516
6701.87871889
6701.96028147
6702.03992235
6702.11876500
6702.20144423
6702.28049411
6702.36129406
6702.44404961
6702.52187094
6702.60347229
6702.68317461
6702.76329384
6702.84478133
6702.92440246
6703.00521216
6703.08561641
6703.16843754
6703.24781144
6703.32753668
6703.40855094
6703.48941184
6703.56961714
6703.64977782
6703.73055875
6703.81051414
6703.89031959
6703.97179660
6704.05274942
6704.13334359
6704.21394386
6704.29403432
6704.37479477
6704.45488743
6704.53641905
6704.61696885
6704.69811891
6704.77618088
6704.85752111
6704.93852098
6705.01830425
6705.10022304
6705.18127216
6705.26216402
6705.34045200
6705.42255487
6705.50321658
6705.58277237
6705.66250541
6705.74302814
6705.82415431
6705.90471484
6705.98479409
6706.06544702
6706.14697864
6706.22723806
6706.30789514
6706.38857367
6706.46990707
6706.54801122
6706.62931049
6706.71104960
6706.79074704
6706.87240203
6706.95204266
6707.03202073
6707.11178424
6707.19160383
6707.27379642
6707.35432501
6707.43504572
6707.51621870
6707.59591175
6707.67557604
6707.75783933
6707.83913129
6707.91847057
6707.99989784
6708.08046593
6708.15938611
6708.23987495
6708.32070879
6708.40048840
6708.48251032
6708.56158069
6708.64214341
6708.72435160
6708.80476828
6708.88573256
6708.96553703
6709.04525422
6709.10621393
6709.18697267
6709.26786234
6709.34863620
6709.42894975
6709.50917772
6709.58877203
6709.66962635
6709.74921237
6709.83188307
6709.91097416
6709.99170706
6710.07235829
6710.15279569
6710.23376143
6710.31439437
6710.39559417
6710.47578776
6710.55730914
6710.63664794
6710.71675254
6710.79763758
6710.87745205
6710.95915654
6711.03906756
6711.15150984
6711.23236660
6711.31336574
6711.39463478
6711.47587456
6711.55545765
6711.63534575
6711.71495737
6711.79810302
6711.87785922
6711.95658751
6712.03716706
6712.11799529
6712.19897566
6712.28995222
6712.37174691
6712.45220528
6712.53313274
6712.61239425
6712.69371766
6712.77553649
6712.85438011
6712.93490894
6713.01558211
6713.09460030
6713.17638792
6713.25713399
6713.33708499
6713.41749265
6713.49858517
6713.57884118
6713.66054762
6713.73408228
6713.81166834
6713.87956637
6713.94720255
6714.02413349
6714.10204527
6714.16989625
6714.24795724
6714.32564886
6714.39345571
6714.46167948
6714.53934574
6714.61684134
6714.68462113
6714.75198888
6714.82938134
6714.90727069
6714.97528893
6715.05378073
6715.13252756
6715.19938355
6715.26628904
6715.34366907
6715.42238420
6715.49036513
6715.55743080
6715.63667281
6715.71216137
6715.77993165
6715.85865409
6715.93637497
6716.00328972
6716.07028444
6716.14910710
6716.22670680
6716.29347210
6716.36138086
6716.44337036
6716.51670607
6716.59640303
6716.67386815
6716.75218661
6716.81819512
6716.88621091
6716.96497481
6717.04366678
6717.10966944
6717.17829573
6717.25618191
6717.32305058
6717.38965960
6717.46767890
6717.54648497
6717.61327294
6717.69172598
6717.76986036
6717.84730890
6717.92513657
6717.99408372
6718.07170244
6718.15079182
6718.21578803
6718.28314262
6718.36328014
6718.43008176
6718.49687485
6718.57593083
6718.65345739
6718.71981040
6718.78693776
6718.86694435
6718.94598424
6719.01056232
6719.07977058
6719.15718573
6719.25581425
6719.32461633
6719.40239231
6719.48034261
6719.54618606
6719.61521611
6719.69188104
6719.77076294
6719.83857784
6719.90627156
6719.98265100
6720.08197535
6720.15062676
6720.22795340
6720.30735144
6720.37335922
6720.44124360
6720.51895961
6720.59763573
6720.66542722
6720.74349358
6720.82203853
6720.89782624
6720.96559725
6721.04552631
6721.12255745
6721.20033173
6721.26879345
6721.34660698
6721.42469601
6721.49049874
6721.55959656
6721.63796305
6721.71427373
6721.78306435
6721.86089348
6721.93845881
6722.00558251
6722.07337887
6722.15128944
6722.23037516
6722.29765270
6722.37548549
6722.45394047
6722.52975842
6722.59755308
6722.67620921
6722.77677846
6722.84306954
6722.91196817
6722.98974244
6723.06713832
6723.14561306
6723.21286256
6723.29174861
6723.35736361
6723.42429811
6723.50358790
6723.58150529
6723.64731412
6723.71528944
6723.79313905
6723.87280480
6723.94891897
6724.02877001
6724.10742785
6724.17313111
6724.24021873
6724.32022849
6724.39853622
6724.46353389
6724.53130832
6724.61138025
6724.68811565
6724.75562700
6724.82213532
6724.90016901
6724.97703704
6725.04482073
6725.12454182
6725.22369819
6725.29108325
6725.35909319
6725.43826133
6725.51572815
6725.58207190
6725.68224179
6725.76050027
6725.83756408
6725.91623777
6725.99527326
6726.07316042
6726.14031532
6726.20681779
6726.28567946
6726.36401937
6726.42987184
6726.49795614
6726.57690168
6726.65453527
6726.72176917
6726.79927355
6726.87931647
6726.95579148
6727.03242643
6727.11259125
6727.19003321
6727.25607805
6727.32419186
6727.40281776
6727.48031969
6727.54694358
6727.62605344
6727.70434703
6727.77177256
6727.83941216
6727.91645476
6727.99625850
6728.06091387
6728.12919761
6728.20750070
6728.28443164
6728.35291604
6728.43240331
6728.51095924
6728.57665275
6728.64467123
6728.72258203
6728.80152244
6728.86649013
6728.93432429
6729.01236651
6729.09150148
6729.15733957
6729.23535107
6729.31463623
6729.38059403
6729.44954751
6729.52835846
6729.62834111
6729.69317128
6729.76282182
6729.84054051
6729.91642477
6729.98418822
6730.05088110
6730.13035375
6730.20761432
6730.28605443
6730.36544297
6730.44300635
6730.52017183
6730.58944909
6730.66635662
6730.74518074
6730.81311461
6730.87879008
6730.95681304
6731.02343571
6731.09122329
6731.17059940
6731.24793408
6731.31331795
6731.38264983
6731.46098486
6731.53872695
6731.61662947
6731.68378754
6731.76244514
6731.86129041
6731.92930352
6732.00785359
6732.08554595
6732.15166320
6732.22032630
6732.29846727
6732.37678255
6732.44354297
6732.51124669
6732.59000766
6732.68800106
6732.75625311
6732.83439748
6732.91349978
6732.97838604
6733.04630334
6733.12482245
6733.20367411
6733.27080927
6733.33844472
6733.41518548
6733.49279372
6733.56034457
6733.63951660
6733.71706706
6733.78407324
6733.85138954
6733.92970288
6734.00872229
6734.07545296
6734.14344852
6734.22024341
6734.29763368
6734.36556219
6734.44325796
6734.52420639
6734.59083881
6734.65681148
6734.73583064
6734.81256555
6734.87958417
6734.94736786
6735.02676639
6735.10286764
6735.17147321
6735.24969390
6735.32703760
6735.39545690
6735.46284952
6735.54132938
6735.61945961
6735.68518408
6735.75279930
6735.83083396
6735.90854606
6735.97510192
6736.05394847
6736.13195753
6736.19850584
6736.27261419
6736.35567230
6736.43541192
6736.50117638
6736.56870748
6736.64777395
6736.71350159
6736.78129283
6736.85922022
6736.96040874
6737.02685367
6737.09491140
6737.17156561
6737.25248503
6737.31719940
6737.38479828
6737.46351805
6737.54029148
6737.60857425
6737.68712700
6737.76453922
6737.83084981
6737.89912258
6737.97711506
6738.05454337
6738.12194403
6738.22263469
6738.30142102
6738.37717143
6738.44712844
6738.52493635
6738.60278133
6738.67914931
6738.74727969
6738.82508786
6738.90487331
6738.96971666
6739.03876718
6739.11646392
6739.19493305
6739.26072725
6739.34074214
6739.41833453
6739.48418895
6739.55133264
6739.63170348
6739.70987053
6739.78654669
6739.85362284
6739.93328737
6740.00880860
6740.07664007
6740.18860571
6740.26628416
6740.33313869
6740.40018315
6740.47876029
6740.55773825
6740.63535551
6740.70299608
6740.78089055
6740.85802116
6740.92586995
6741.00325169
6741.08346625
6741.15687414
6741.22411072
6741.30259350
6741.38182795
6741.44704725
6741.51621163
6741.59388862
6741.66005146
6741.72770618
6741.80670827
6741.88524226
6741.94992420
6742.02978182
6742.10857620
6742.18631560
6742.25218856
6742.32058031
6742.39885756
6742.47558808
6742.54503455
6742.61117155
6742.68916476
6742.75492776
6742.82233622
6742.90223505
6742.98122910
6743.04794929
6743.11392806
6743.19298477
6743.27084998
6743.34798596
6743.42711338
6743.50601771
6743.60454554
6743.67170532
6743.75171678
6743.82808866
6743.89590015
6743.96392691
6744.04187332
6744.12041534
6744.18526186
6744.25403273
6744.33233217
6744.43146392
6744.49948556
6744.57884801
6744.65587866
6744.72262543
6744.78945997
6744.86872904
6744.94738712
6745.01395980
6745.08121662
6745.15833334
6745.25730856
6745.31403280
6745.39291129
6745.47066020
6745.53744500
6745.60579604
6745.68315022
6745.76211331
6745.82913071
6745.89697754
6745.97589406
6746.05235298
6746.12044582
6746.19894786
6746.27587490
6746.34483643
6746.41062600
6746.48854680
6746.56794826
6746.63411086
6746.71189342
6746.79052541
6746.86871441
6746.94681490
6747.02478544
6747.10296394
6747.17040142
6747.23837991
6747.31630949
6747.39375633
6747.47116464
6747.53827737
6747.61740844
6747.69504008
6747.76207040
6747.84170689
6747.91853591
6747.98510641
6748.06421212
6748.14212829
6748.22168920
6748.28886458
6748.35535633
6748.43453616
6748.50988550
6748.57765895
6748.65634410
6748.73444483
6748.80115551
6748.86918984
6748.94787498
6749.02654330
6749.10332673
6749.17279344
6749.24943814
6749.32753278
6749.39499391
6749.47269040
6749.55129777
6749.61877182
6749.68477253
6749.76236249
6749.84224620
6749.90812695
6749.97546569
6750.05498905
6750.13269359
6750.21054442
6750.28868197
6750.38804948
6750.45598092
6750.52288323
6750.60074406
6750.67930535
6750.74600774
6750.81424467
6750.89299369
6750.96853443
6751.03635517
6751.11621158
6751.19394733
6751.26052294
6751.32780048
6751.40663362
6751.48552259
6751.55182075
6751.63110834
6751.70784716
6751.78667395
6751.85301795
6751.93089657
6752.00985941
6752.07659960
6752.14364430
6752.22204565
6752.30013346
6752.36688535
6752.43448228
6752.51335516
6752.59128644
6752.65947095
6752.73690877
6752.81467914
6752.88201324
6752.95067050
6753.02719135
6753.10632145
6753.17215246
6753.24112302
6753.31832287
6753.39545422
6753.46388254
6753.54071303
6753.62061844
6753.68638631
6753.75427118
6753.83346174
6753.91083031
6753.97658721
6754.04441308
6754.12417489
6754.18937419
6754.26357105
6754.34863767
6754.42577145
6754.49282395
6754.56060228
6754.63968288
6754.71842849
6754.78333645
6754.85263005
6754.92941518
6755.00903948
6755.08687373
6755.15458720
6755.23234612
6755.29930207
6755.36727520
6755.44391795
6755.52182022
6755.59149636
6755.65848157
6755.73686171
6755.81473327
6755.88021417
6755.94777477
6756.02729936
6756.12560776
6756.19278168
6756.27166065
6756.35077149
6756.41696261
6756.49313993
6756.57339716
6756.65175316
6756.71769511
6756.78571237
6756.86373387
6756.96214076
6757.03037038
6757.10950218
6757.18848014
6757.25465957
6757.32078267
6757.39949951
6757.47825341
6757.54526983
6757.61354065
6757.69348068
6757.79252246
6757.85564621
6757.93620894
6758.01457713
6758.08060124
6758.14790341
6758.22837226
6758.30467003
6758.37396168
6758.43809139
6758.51785856
6758.59575011
6758.66374688
6758.74198781
6758.81901164
6758.88486972
6758.95458121
6759.03196124
6759.11002711
6759.17596321
6759.24345067
6759.32197246
6759.39970675
6759.46809167
6759.54662321
6759.62478709
6759.69205951
6759.77019682
6759.84740253
6759.92632197
6759.99276885
6760.06033579
6760.13798841
6760.21624664
6760.28326501
6760.36106708
6760.44036516
6760.50721384
6760.57615367
6760.65345373
6760.73080280
6760.79763514
6760.87692347
6760.95574223
6761.02223129
6761.09951501
6761.17656493
6761.25569405
6761.32242156
6761.39213329
6761.46836498
6761.54746582
6761.62638356
6761.70224905
6761.78146667
6761.85871943
6761.92846091
6762.00521728
6762.10687465
6762.17344734
6762.23868858
6762.31745199
6762.39611689
6762.46184234
6762.54198279
6762.61878280
6762.69585563
6762.76396480
6762.84374758
6762.92098620
6762.98774540
6763.05507390
6763.13249099
6763.21180492
6763.28778353
6763.35593976
6763.43394346
6763.51167580
6763.58114275
6763.65584843
6763.73785865
6763.80457421
6763.87092381
6763.94840697
6764.02668252
6764.09302627
6764.16143313
6764.24086970
6764.31748539
6764.38376623
6764.46314965
6764.54121820
6764.60777016
6764.67610120
6764.75522106
6764.83243018
6764.89899043
6764.96653714
6765.04573087
6765.12014252
6765.19648392
6765.26362737
6765.34365493
6765.42169690
6765.49889774
6765.57762969
6765.65858227
6765.73797641
6765.81587454
6765.88250988
6765.95140559
6766.02831897
6766.10860302
6766.18679713
6766.25526909
6766.33354268
6766.41147421
6766.48818694
6766.57062943
6766.63674449
6766.71615448
6766.79437980
6766.87235936
6766.94081913
6767.01891401
6767.09843079
6767.17477488
6767.25312771
6767.33383452
6767.41139473
6767.49241679
6767.55611009
6767.61871697
