1967.81956091
1967.89458712
1967.97197754
1968.05042756
1968.12730549
1968.29122089
1968.36950536
1968.45711676
1968.53619190
1968.61341117
1968.69094982
1968.76978774
1968.84620244
1968.92497721
1969.00058734
1969.07707006
1969.15644435
1969.23248310
1969.31415188
1969.38840131
1969.46544455
1969.54192117
1969.61849947
1969.70725603
1969.78367268
1969.86149659
1969.93925809
1970.01639032
1970.09449608
1970.18331506
1970.26010742
1970.33730401
1970.41586301
1970.49348408
1970.57014624
1970.64928965
1970.72471375
1970.80207101
1970.87871904
1970.96835258
1971.04578860
1971.12338114
1971.20188357
1971.27754636
1971.35660005
1971.43419332
1971.51017770
1971.58894247
1971.66535058
1971.74583909
1971.82214407
1971.89962324
1971.97571904
1972.05264841
1972.13226579
1972.21929277
1972.29808705
1972.37505227
1972.45283815
1972.54150767
1972.63044490
1972.70755275
1972.78490879
1972.86200201
1972.97191195
1973.04919388
1973.12709313
1973.20438676
1973.28224164
1973.35963353
1973.43712050
1973.52567129
1973.60239440
1973.68159340
1973.75931784
1973.91102937
1973.98996164
1974.11090225
1974.17704136
1974.25302525
1974.33093596
1974.40952373
1974.48619247
1974.56461640
1974.64059858
1974.71909419
1974.79717874
1974.88445075
1974.96299195
1975.03911554
1975.11843620
1975.19426478
1975.27394993
1975.35134304
1975.42970991
1975.50628479
1975.58284309
1975.66016452
1975.73914970
1975.81672054
1975.89370648
1975.97138167
1976.04894056
1976.13825058
1976.21500246
1976.29248407
1976.36881514
1976.44683508
1976.52528899
1976.60188045
1976.67983578
1976.76017337
1976.83625990
1976.91189148
1976.99061773
1977.07023413
1977.14452257
1977.22173794
1977.29928830
1977.38771816
1977.47569405
1977.56413171
1977.64221065
1977.71863558
1977.79741084
1977.87407106
1977.95239771
1978.03011898
1978.10809430
1978.18547887
1978.27339770
1978.35035244
1978.42880977
1978.50495189
1978.61506371
1978.73147068
1978.83238796
1978.91092307
1978.98936187
1979.07021097
1979.15014603
1979.22755693
1979.30684370
1979.38564724
1979.47688457
1979.55540529
1979.63420907
1979.71454642
1979.79219991
1979.87244485
1979.95095143
1980.04150877
1980.12020430
1980.19859410
1980.28027703
1980.35711839
1980.43615282
1980.51668301
1980.59627016
1980.71772813
1980.78596010
1980.86571718
1980.94426228
1981.02338496
1981.10194031
1981.18177492
1981.27161424
1981.35087126
1981.43012488
1981.50920733
1981.58793017
1981.66801054
1981.74750138
1981.82657823
1981.90482833
1981.98411948
1982.06338260
1982.14473322
1982.22165163
1982.30147478
1982.39199287
1982.46992186
1982.56070399
1982.63921472
1982.71743751
1982.79822346
1982.87718474
1982.95760376
1983.03523117
1983.11335326
1983.19408314
1983.28451809
1983.36147233
1983.44183845
1983.52204511
1983.59992778
1983.67887615
1983.77050917
1983.84847279
1983.92795827
1984.00810519
1984.08762627
1984.16582394
1984.24606449
1984.32332984
1984.40374252
1984.48131434
1984.56129426
1984.64019825
1984.71973590
1984.79841753
1984.87830456
1984.96825872
1985.04586003
1985.12559639
1985.20481294
1985.29526398
1985.37454880
1985.45407109
1985.53230436
1985.62210321
1985.70096575
1985.78077744
1985.86165361
1985.93818558
1986.01807821
1986.09818930
1986.18678495
1986.26655178
1986.34594388
1986.42528136
1986.50486948
1986.58420672
1986.66204258
1986.74105799
1986.82292182
1986.90034857
1986.97877714
1987.06949466
1987.14936852
1987.23488047
1987.31366768
1987.39288960
1987.50026587
1987.57991958
1987.67066343
1987.75975426
1987.83771495
1987.91752884
1987.99818460
1988.07600022
1988.15498808
1988.23496264
1988.31364354
1988.39265115
1988.47264692
1988.55272875
1988.63056485
1988.72143354
1988.80038849
1988.88036109
1988.95644982
1989.03667720
1989.11638479
1989.19496207
1989.27370905
1989.35443259
1989.44429653
1989.52287016
1989.60176732
1989.68165094
1989.76022993
1989.83927289
1989.93018619
1990.00913700
1990.08669808
1990.16638373
1990.24571731
1990.32454913
1990.40421527
1990.48325555
1990.56350780
1990.64163623
1990.72164834
1990.80119062
1990.89035873
1990.96904183
1991.04862946
1991.12717603
1991.21908188
1991.29656860
1991.37581807
1991.45556076
1991.53375576
1991.61334680
1991.69194115
1991.77313451
1991.85284697
1991.93259649
1992.01071200
1992.08677683
1992.16684867
1992.24677666
1992.32517084
1992.41610170
1992.50507379
1992.58558083
1992.66478641
1992.74387472
1992.82344797
1992.90246728
1992.98121815
1993.06173543
1993.14117824
1993.22050841
1993.29892014
1993.37893273
1993.45816830
1993.53634769
1993.61598506
1993.70510929
1993.78447701
1993.86333028
1993.94303543
1994.02220200
1994.11242411
1994.19077757
1994.27011920
1994.34958517
1994.42829899
1994.50853271
1994.58634127
1994.66714819
1994.74545728
1994.83505182
1994.91493812
1995.00467309
1995.08409883
1995.16359845
1995.24202628
1995.32076180
1995.40025654
1995.47971300
1995.55928137
1995.63707115
1995.71667877
1995.79561177
1995.87673565
1995.95445448
1996.03373857
1996.11252602
1996.20132476
1996.28204099
1996.36187486
1996.44144957
1996.51939515
1996.59823380
1996.67909923
1996.75591792
1996.83549458
1996.91617375
1996.99576016
1997.07299137
1997.15252463
1997.23207374
1997.31226114
1997.38984588
1997.47983685
1997.55891224
1997.64600676
1997.71607583
1997.79607087
1997.87566167
1997.95567109
1998.03529407
1998.11335716
1998.19335829
1998.27088549
1998.35056431
1998.43038185
1998.51009383
1998.58881130
1998.67778998
1998.75747733
1998.83730121
1998.91714947
1998.99491292
1999.07273025
1999.15437002
1999.23212616
1999.31100577
1999.39005653
1999.46893492
1999.54960116
1999.62847492
1999.72915547
1999.80905688
1999.89829570
1999.98715905
2000.06809593
2000.14652790
2000.22628376
2000.30434929
2000.38420730
2000.46392732
2000.54379948
2000.62147345
2000.70083068
2000.77990339
2000.85694784
2000.93675929
2001.01855730
2001.09638219
2001.21809445
2001.29786152
2001.42173199
2001.51139504
2001.59048383
2001.66902284
2001.76040279
2001.83826937
2001.91787505
2001.99869977
2002.07549968
2002.15491860
2002.23487828
2002.31402364
2002.39420787
2002.48160886
2002.56171629
2002.64040183
2002.71922170
2002.79894343
2002.87873440
2002.95782563
2003.03536063
2003.11596227
2003.19377521
2003.27461261
2003.35181164
2003.43229478
2003.51310072
2003.59071667
2003.68131375
2003.80425969
2003.88143044
2003.96108853
2004.04089193
2004.12129852
2004.19817401
2004.27706021
2004.35737463
2004.43739795
2004.51585845
2004.59486289
2004.67529971
2004.75302732
2004.83099971
2004.91201338
2005.00208311
2005.08044413
2005.15974821
2005.23838986
2005.31865260
2005.39762583
2005.47692504
2005.55536335
2005.63402695
2005.71320644
2005.79290842
2005.87253043
2005.95025413
2006.03047006
2006.15315951
2006.27679665
2006.34415993
2006.42335600
2006.50147395
2006.58112375
2006.66055876
2006.74021587
2006.82299131
2006.89847758
2006.97804254
2007.05835672
2007.14642550
2007.22705103
2007.31765859
2007.40697982
2007.49556255
2007.57473107
2007.65437527
2007.74478949
2007.82270995
2007.90337083
2007.98418044
2008.06099888
2008.14204961
2008.22042454
2008.29909739
2008.37797944
2008.45768386
2008.58100185
2008.65768254
2008.74881283
2008.82972922
2008.91873374
2009.00812251
2009.08707136
2009.16678552
2009.24664403
2009.32543538
2009.40351773
2009.48323141
2009.57193702
2009.65155903
2009.73228915
2009.81163297
2009.90055557
2009.97879420
2010.07043211
2010.14962111
2010.22701275
2010.30821854
2010.38662028
2010.46484917
2010.54507997
2010.64615426
2010.73608672
2010.83428260
2010.92362748
2011.00180151
2011.08123212
2011.16131054
2011.23896574
2011.33071043
2011.40926504
2011.48883415
2011.56692844
2011.64673185
2011.72576481
2011.81599374
2011.89515397
2011.97676254
2012.05522987
2012.13322030
2012.22694546
2012.30757367
2012.38654470
2012.46719900
2012.54613639
2012.63760582
2012.71753015
2012.79718922
2012.87563558
2012.95614042
2013.03516290
2013.12715896
2013.21626612
2013.29671074
2013.37638176
2013.45718380
2013.54776626
2013.62547022
2013.70657556
2013.78674614
2013.87848620
2013.95720587
2014.03630832
2014.11645744
2014.19643492
2014.27594161
2014.35685605
2014.43641272
2014.51836213
2014.59617434
2014.67453561
2014.75508799
2014.84559145
2014.93664153
2015.02615342
2015.11687411
2015.19890276
2015.27881100
2015.36946806
2015.44753871
2015.52614891
2015.60804566
2015.69812464
2015.77680872
2015.85624665
2015.93649842
2016.02724520
2016.10741651
2016.18695464
2016.26588716
2016.34585489
2016.43654828
2016.51757072
2016.59676607
2016.67657751
2016.76670160
2016.89203907
2016.96004405
2017.03785992
2017.11742219
2017.19809210
2017.27842773
2017.35660590
2017.48146794
2017.56035949
2017.63919863
2017.73092113
2017.80983146
2017.89008664
2017.96880436
2018.04953497
2018.12842531
2018.21903385
2018.31156848
2018.39067946
2018.46939962
2018.55019143
2018.62944455
2018.70951224
2018.78916424
2018.86813918
2018.94918747
2019.03840581
2019.11755361
2019.19776807
2019.27819246
2019.36813296
2019.44901254
2019.53969568
2019.62043287
2019.71104653
2019.80007129
2019.88083140
2019.97200606
2020.05217396
2020.13144854
2020.21034424
2020.29003110
2020.38164877
2020.47318500
2020.55187834
2020.63139941
2020.71224193
2020.80219170
2020.88165035
2020.96110974
2021.04065056
2021.12113005
2021.20201352
2021.28054400
2021.36058024
2021.44116700
2021.54265089
2021.66573727
2021.73405457
2021.81761727
2021.89518128
2021.97251855
2022.05263842
2022.13271928
2022.21468283
2022.29250382
2022.37178985
2022.45312535
2022.53135229
2022.62196156
2022.70182762
2022.78006723
2022.86081100
2022.94111519
2023.04280120
2023.12174640
2023.20229171
2023.28310082
2023.36129947
2023.44298094
2023.51999004
2023.60131408
2023.69148986
2023.77068813
2023.85067146
2023.93144840
2024.01028826
2024.09094963
2024.16878549
2024.26065014
2024.33931397
2024.42005385
2024.49896003
2024.58001832
2024.65990510
2024.73891223
2024.81806051
2024.89723269
2024.97814884
2025.05771989
2025.13810015
2025.21612667
2025.29576842
2025.37657827
2025.46763347
2025.55827224
2025.63801396
2025.71666171
2025.79590410
2025.88828319
2025.96634603
2026.04640031
2026.12600282
2026.21701681
2026.34011854
2026.40894346
2026.48851914
2026.56850930
2026.64733674
2026.72809563
2026.80781809
2026.89904663
2026.98971247
2027.06715628
2027.14816142
2027.22934478
2027.31918264
2027.39891510
2027.47753066
2027.55853141
2027.63831238
2027.73106596
2027.80871360
2027.88920454
2027.96866832
2028.04879794
2028.12806374
2028.21841896
2028.29856735
2028.38840058
2028.46745963
2028.54839870
2028.62791465
2028.70883494
2028.78823191
2028.86894009
2028.94828757
2029.02792323
2029.11892650
2029.20904742
2029.28986434
2029.37006783
2029.44943140
2029.53971592
2029.61942740
2029.69873319
2029.77931459
2029.87073623
2029.94868790
2030.02864442
2030.10912244
2030.20032661
2030.27876175
2030.35779813
2030.43779268
2030.52047986
2030.60863909
2030.68714469
2030.77945795
2030.85934766
2030.94957244
2031.07121620
2031.14132916
2031.22068054
2031.30041348
2031.38004402
2031.46027677
2031.53958207
2031.63140063
2031.71321302
2031.79078825
2031.87206134
2031.95207685
2032.04075028
2032.13087071
2032.21058025
2032.29153833
2032.37040380
2032.46270803
2032.54146696
2032.62016395
2032.70140705
2032.78255213
2032.86059255
2032.94078044
2033.02036490
2033.10154046
2033.18145504
2033.26040170
2033.35166706
2033.43181447
2033.52189517
2033.60052536
2033.68081492
2033.76198633
2033.85244127
2033.93201135
2034.01186181
2034.09264118
2034.17218565
2034.25226407
2034.33127168
2034.41085907
2034.49100990
2034.56955744
2034.65883990
2034.74115064
2034.82074315
2034.91235813
2034.99144059
2035.08182165
2035.16181255
2035.24155475
2035.32203472
2035.39979330
2035.48194873
2035.56143591
2035.65222267
2035.72940098
2035.80831838
2035.89928459
2035.98110527
2036.05868903
2036.13959177
2036.21942175
2036.29865951
2036.38995413
2036.46777536
2036.54813099
2036.62853466
2036.71921756
2036.79718703
2036.89488920
2036.97080482
2037.05073402
2037.12862133
2037.21900971
2037.29790224
2037.37604067
2037.45554760
2037.53465346
2037.62209126
2037.70165329
2037.78183509
2037.86151732
2037.93805855
2038.01799873
2038.09730184
2038.21838336
2038.28800773
2038.36662914
2038.45530598
2038.53456008
2038.61382174
2038.69279083
2038.77052356
2038.85020140
2038.93032955
2039.05086471
2039.11850422
2039.19882328
2039.27530722
2039.35590763
2039.43458439
2039.51366929
2039.59154416
2039.68157219
2039.76287136
2039.83998457
2039.91809764
2039.99802807
2040.08702308
2040.16570984
2040.24560930
2040.32392425
2040.40210559
2040.48166030
2040.56038607
2040.63937515
2040.71909907
2040.79799501
2040.87766871
2040.96619219
2041.04434427
2041.12408477
2041.20211227
2041.28085583
2041.36024061
2041.43845560
2041.51804786
2041.59713275
2041.67681084
2041.75395453
2041.83381766
2041.91415622
2041.99103513
2042.06957048
2042.14905718
2042.24855671
2042.32776473
2042.40682086
2042.48628366
2042.56458909
2042.64466215
2042.72414689
2042.80087074
2042.88177762
2042.96058555
2043.03842775
2043.11701064
2043.19714636
2043.27688783
2043.35406248
2043.43269804
2043.52229819
2043.60196798
2043.68096535
2043.75941805
2043.83681018
2043.91750372
2043.99501873
2044.07611164
2044.15296276
2044.23362608
2044.31186812
2044.39000436
2044.46846851
2044.54795058
2044.62651226
2044.70565689
2044.79620740
2044.87478298
2044.96360708
2045.04382374
2045.12250879
2045.20050434
2045.27964970
2045.35807510
2045.43735358
2045.51528599
2045.59547973
2045.67441492
2045.75254872
2045.83326494
2045.91173690
2046.00037083
2046.07848001
2046.15903751
2046.23781886
2046.31554891
2046.39448460
2046.47517741
2046.55196294
2046.63161348
2046.71041092
2046.83311354
2046.90187726
2046.98086366
2047.05781108
2047.13734580
2047.21685834
2047.34937623
2047.42716918
2047.50844104
2047.58601359
2047.70713071
2047.80826109
2047.88743327
2047.96552293
2048.04494599
2048.12379805
2048.20334960
2048.28204391
2048.36217109
2048.43943327
2048.56122867
2048.62923049
2048.70945519
2048.78646771
2048.86742238
2048.94552472
2049.02507554
2049.11504189
2049.18397822
2049.26350319
2049.34246180
2049.42115221
2049.49988187
2049.57874344
2049.65812140
2049.73663797
2049.81597034
2049.90477566
2049.98355043
2050.06357278
2050.14283590
2050.22097286
2050.30081454
2050.37871696
2050.45717576
2050.53735389
2050.61616646
2050.69520430
2050.77278562
2050.85181615
2050.93093152
2051.00978675
2051.08892382
2051.17869585
2051.25694009
2051.33716358
2051.41585301
2051.49472702
2051.57264114
2051.65161242
2051.73078021
2051.80880649
2051.89260617
2051.97091819
2052.04586174
2052.12489739
2052.20453012
2052.28415749
2052.37264172
2052.45095813
2052.53071448
2052.60840576
2052.68825403
2052.76680205
2052.84551782
2052.92491455
2053.00331678
2053.08387892
2053.16197541
2053.24070995
2053.32004890
2053.41887942
2053.49812523
2053.62082443
2053.70971412
2053.78864200
2053.86819062
2053.94795136
2054.02593862
2054.12811933
2054.20633577
2054.28412360
2054.36346133
2054.44305140
2054.52107889
2054.59971348
2054.67942228
2054.75768383
2054.83648908
2054.92616968
2055.00593992
2055.08481515
2055.16377521
2055.24267286
2055.32120480
2055.39910161
2055.47792051
2055.55783802
2055.63537862
2055.71535245
2055.79409065
2055.91621544
2055.98399075
2056.10728363
2056.18637097
2056.27533233
2056.35363192
2056.43273656
2056.51102347
2056.59100778
2056.66969600
2056.79187320
2056.85907752
2056.98261786
2057.06003974
2057.14057530
2057.21889634
2057.29811728
2057.37657876
2057.45633779
2057.54524502
2057.66706505
2057.73522242
2057.81594303
2057.89262080
2057.97183540
2058.05082740
2058.13034628
2058.20894941
2058.28715123
2058.36690319
2058.44504844
2058.52456732
2058.60430611
2058.68180381
2058.76117689
2058.85066781
2058.93165880
2059.00758808
2059.08633773
2059.16676480
2059.24362469
2059.32337763
2059.40359843
2059.48242976
2059.56015299
2059.64027895
2059.71903811
2059.79673037
2059.87436607
2059.95556747
2060.04432404
2060.12350475
2060.20257843
2060.28031092
2060.36035764
2060.44029197
2060.51892923
2060.59678606
2060.67569078
2060.75448164
2060.83349266
2060.91301983
2060.99124895
2061.17740171
2061.25708784
2061.34695813
2061.43674186
2061.51427954
2061.59510548
2061.67379102
2061.75154471
2061.83089512
2061.92035166
2061.99709672
2062.07565621
2062.15454337
2062.25061836
2062.32674902
2062.40370497
2062.47920636
2062.55823055
2062.64403142
2062.72219910
2062.82989087
2062.89681212
2062.97298374
2063.05052508
2063.12692466
2063.20331863
2063.27973504
2063.35682119
2063.43228503
2063.50975639
2063.58680865
2063.66325968
2063.74028121
2063.81658108
2063.89382107
2063.97113128
2064.04734191
2064.12520142
2064.20045704
2064.27627563
2064.35400178
2064.43323369
2064.50880700
2064.58406653
2064.66040686
2064.73656824
2064.81397646
2064.92348315
2064.99079011
2065.07565621
2065.15355034
2065.23067842
2065.30924449
2065.38337226
2065.45983279
2065.53695746
2065.61365498
2065.69029398
2065.76722531
2065.84282568
2065.92034703
2065.99857737
2066.07428697
2066.15063804
2066.23916932
2066.31997551
2066.39196775
2066.46979386
2066.54647065
2066.62247746
2066.69889167
2066.77561064
2066.85209092
2066.92998773
2067.00634660
2067.08298316
2067.15859109
2067.23548512
2067.31190006
2067.38962450
2067.47624042
2067.55358696
2067.63047196
2067.70706830
2067.78345471
2067.85983577
2067.93650768
2068.01378278
2068.09328995
2068.16732020
2068.24456311
2068.31998648
2068.39983572
2068.47440356
2068.55025994
2068.63830019
2068.71502770
2068.79035817
2068.86906955
2068.97705170
2069.04350386
2069.11989442
2069.19696033
2069.27296714
2069.35136205
2069.42631219
2069.50382183
2069.58075389
2069.65752723
2069.78767310
2069.86414363
2069.94056759
2070.01861386
2070.09426568
2070.17181287
2070.24913332
2070.32381039
2070.40250153
2070.47894305
2070.58858870
2070.66435682
2070.74213660
2070.81822752
2070.89582640
2070.97256951
2071.04924362
2071.13503790
2071.21242223
2071.28809209
2071.36492224
2071.44122771
2071.51997078
2071.59476951
2071.67297767
2071.74887061
2071.82665308
2071.90243631
2071.97999960
2072.05539785
2072.13447787
2072.21960387
2072.29750288
2072.37314007
2072.45076260
2072.52667042
2072.60351227
2072.68151758
2072.75639554
2072.83405537
2072.91014215
2072.98877575
2073.06443342
2073.14088567
2073.22822034
2073.30609594
2073.39210307
2073.46988431
2073.55732992
2073.63380654
2073.70958441
2073.78706065
2073.86262494
2073.94072436
2074.01757182
2074.09340016
2074.16901540
2074.24683810
2074.32518011
2074.40018681
2074.47757138
2074.55344945
2074.63087669
2074.70724677
2074.79570198
2074.87094469
2074.94855600
2075.02539590
2075.10250863
2075.17898330
2075.25566375
2075.33164934
2075.40943400
2075.48384849
2075.56272883
2075.63774479
2075.71645520
2075.79231937
2075.86995751
2075.94468553
2076.03474258
2076.10968759
2076.18641266
2076.26220271
2076.34045842
2076.41874532
2076.49472945
2076.57146549
2076.64832392
2076.72487393
2076.80083734
2076.88078288
2076.96653377
2077.04279730
2077.11882044
2077.19760301
2077.28374180
2077.36068166
2077.43674747
2077.51365271
2077.59060915
2077.66784548
2077.74326056
2077.82020481
2077.89709835
2077.97436638
2078.05100246
2078.12689565
2078.20308263
2078.28149315
2078.35613584
2078.43464803
2078.51343791
2078.58696835
2078.66568777
2078.74092341
2078.81799541
2078.89480264
2078.97204288
2079.04723877
2079.12378391
2079.20076449
2079.27887854
2079.35516987
2079.43186348
2079.50858148
2079.58507029
2079.66009162
2079.73816861
2079.81382481
2079.89338026
2079.96868343
2080.04631766
2080.12216307
2080.20007743
2080.27679397
2080.35291292
2080.43099235
2080.50789052
2080.58354795
2080.66031178
2080.73645487
2080.81239097
2080.88984942
2080.97724236
2081.05480076
2081.13118791
2081.20819360
2081.28459440
2081.36053172
2081.43811865
2081.51513458
2081.59009398
2081.66823436
2081.74435137
2081.82147604
2081.90164735
2081.97584923
2082.05107901
2082.12783651
2082.20439408
2082.28148242
2082.35804584
2082.43466436
2082.51135651
2082.58760713
2082.66642749
2082.74144467
2082.81840209
2082.89474218
2082.97433883
2083.04835810
2083.12568660
2083.20186773
2083.27853135
2083.36722160
2083.44308529
2083.51928031
2083.59617483
2083.67249566
2083.74900690
2083.82689153
2083.90333524
2083.98000593
2084.05720228
2084.13250570
2084.21251341
2084.28561304
2084.36332699
2084.44020103
2084.51797667
2084.59528687
2084.67192417
2084.74799485
2084.82512245
2084.90193675
2084.97897828
2085.05545929
2085.13099823
2085.20974228
2085.28532144
2085.36203139
2085.43848997
2085.51627585
2085.59129304
2085.66993981
2085.74626307
2085.82250832
2085.93802271
2086.01602509
2086.09262533
2086.16936308
2086.24781748
2086.32367922
2086.40023654
2086.47799073
2086.55464558
2086.63087961
2086.70843119
2086.78504898
2086.86211075
2086.93751656
2087.01793241
2087.09342527
2087.17066429
2087.24862522
2087.32422535
2087.40105477
2087.47874386
2087.55505225
2087.63214084
2087.70935401
2087.78552075
2087.86314157
2087.93920836
2088.01734386
2088.09408038
2088.17022738
2088.26040145
2088.33535597
2088.41342979
2088.48994348
2088.56724223
2088.64284675
2088.72061922
2088.79672988
2088.88625884
2088.96244801
2089.03973676
2089.11537054
2089.19366793
2089.27018137
2089.34804552
2089.42436878
2089.51256995
2089.58927624
2089.66546298
2089.74544485
2089.81983276
2089.89746846
2089.97355011
2090.05166903
2090.12703584
2090.20497654
2090.28275974
2090.35881530
2090.43494864
2090.51243464
2090.59045823
2090.66685196
2090.75564485
2090.83090999
2090.90770406
2090.98545215
2091.06258340
2091.13920606
2091.21596941
2091.30483228
2091.37944668
2091.46065321
2091.53514620
2091.61274118
2091.68892011
2091.76601699
2091.84274961
2091.93188603
2092.04153876
2092.11646329
2092.19511738
2092.26990806
2092.34865943
2092.42469524
2092.50246576
2092.57863226
2092.65594247
2092.73316247
2092.81020547
2092.88745180
2092.96348249
2093.04042333
2093.12084138
2093.19518686
2093.27126510
2093.34810842
2093.42539278
2093.50399177
2093.57919059
2093.65726294
2093.73346382
2093.81013671
2093.88778752
2093.96369558
2094.04232212
2094.11876339
2094.19615332
2094.31554647
2094.38124673
2094.46853093
2094.54622855
2094.62303456
2094.70116811
2094.77668389
2094.85425692
2094.93175852
2095.00843117
2095.08675611
2095.16135199
2095.23961891
2095.31585465
2095.39324409
2095.47027807
2095.54699972
2095.62388009
2095.71289485
2095.79089309
2095.86700010
2095.94540721
2096.02040537
2096.11013791
2096.18594040
2096.26383355
2096.34007880
2096.41631089
2096.49332243
2096.57220228
2096.64691714
2096.72446043
2096.80167117
2096.88835340
2096.97009728
2097.04561037
2097.12079481
2097.19851754
2097.27424543
2097.35082835
2097.42801032
2097.50390741
2097.58158699
2097.65926315
2097.73547525
2097.81369413
2097.88869790
2097.96761238
2098.04409144
2098.13282265
2098.20995512
2098.28683549
2098.36314950
2098.44034658
2098.51831995
2098.59540025
2098.67162843
2098.74927875
2098.82616693
2098.90173804
2098.98011492
2099.05761920
2099.13419847
2099.21015505
2099.29823528
2099.37464779
2099.45462259
2099.52814083
2099.60605374
2099.68284756
2099.76201486
2099.83781540
2099.91432713
2099.99215739
2100.06878322
2100.14565067
2100.22261687
2100.29968863
2100.37727166
2100.45440511
2100.53141348
2100.60713844
2100.68491116
2100.77260715
2100.85936765
2100.93643259
2101.01296090
2101.08877095
2101.16771712
2101.24366248
2101.32180798
2101.39821756
2101.47579133
2101.55278897
2101.62948112
2101.70725018
2101.78415640
2101.86092194
2101.93787155
2102.01600291
2102.09144164
2102.16758668
2102.24457555
2102.32111215
2102.39981719
2102.47581741
2102.55269901
2102.62995509
2102.70829807
2102.78420150
2102.87186873
2102.95096191
2103.02657131
2103.10127715
2103.18977893
2103.26677072
2103.34425014
2103.42239198
2103.49846364
2103.57601010
2103.65292997
2103.73000685
2103.83948281
2103.90434461
2103.98103066
2104.05981226
2104.13552430
2104.21355765
2104.28989189
2104.36728499
2104.44412197
2104.52007976
2104.59791148
2104.67421622
2104.75186215
2104.82814007
2104.90547735
2104.98283461
2105.06004583
2105.13693206
2105.21385973
2105.30269651
2105.37824178
2105.45661500
2105.53319695
2105.60931444
2105.68565282
2105.76398313
2105.83941211
2105.91839046
2105.99383187
2106.07174648
2106.14744292
2106.22641395
2106.30232494
2106.37901880
2106.46802746
2106.54296663
2106.62258717
2106.70928428
2106.78477397
2106.86168238
2106.93996441
2107.01683430
2107.09502368
2107.17080886
2107.24656406
2107.32529689
2107.40209705
2107.47968642
2107.55577173
2107.63272769
2107.70859601
2107.78639359
2107.86147636
2107.93932343
2108.01603826
2108.09394458
2108.17110144
2108.24767753
2108.32560970
2108.40341216
2108.47998387
2108.58831466
2108.65491628
2108.73078996
2108.80844736
2108.88510903
2108.96240266
2109.03905190
2109.11640527
2109.19430086
2109.27096351
2109.34681842
2109.42261068
2109.50172068
2109.61037501
2109.67736721
2109.75379702
2109.83166458
2109.90803369
2109.98538095
2110.06171227
2110.13759205
2110.22652684
2110.30261849
2110.38135620
2110.46433375
2110.54242049
2110.61865087
2110.69660352
2110.77288071
2110.85070535
2110.92667559
2111.00482206
2111.08149934
2111.15720284
2111.23491022
2111.31202392
2111.39980256
2111.47647667
2111.55379737
2111.62990291
2111.70867695
2111.78381238
2111.86146173
2111.94266143
2112.01637789
2112.09346720
2112.17674099
2112.25664825
2112.37930406
2112.46068466
2112.53864828
2112.61935694
2112.70880251
2112.79912287
2112.87782864
2112.95743944
2113.03743155
2113.11691215
2113.19505301
2113.27647409
2113.35442747
2113.44554411
2113.52485477
2113.60398282
2113.68449668
2113.76331851
2113.84315921
2113.93372655
2114.01191983
2114.09237055
2114.17107584
2114.24999494
2114.33024549
2114.40841074
2114.48883756
2114.56857781
2114.64839658
2114.72645747
2114.80713396
2114.88619910
2114.96482027
2115.04434061
2115.13448250
2115.21599086
2115.30488664
2115.38392205
2115.46311324
2115.54210549
2115.62273785
2115.70137535
2115.78207939
2115.86113795
2115.94028526
2116.01913903
2116.09876469
2116.17952504
2116.25909975
2116.33821318
2116.42778138
2116.50802120
2116.58631591
2116.66509190
2116.74479656
2116.82548767
2116.90478444
2116.98359017
2117.06406332
2117.14317699
2117.23424364
2117.31350896
2117.39215451
2117.47110604
2117.55185786
2117.62996362
2117.71961228
2117.79991062
2117.88008656
2117.95927678
2118.03735767
2118.11808194
2118.19857094
2118.27563563
2118.35622044
2118.43524902
2118.52683352
2118.64857895
2118.71715664
2118.79598432
2118.87572360
2118.95506205
2119.04579908
2119.12520361
2119.20507235
2119.28374472
2119.36497319
2119.44439771
2119.52458341
2119.60218570
2119.68167264
2119.76198658
2119.84100711
2119.91930669
2119.99986054
2120.07847269
2120.16977560
2120.24709312
2120.33952560
2120.41928244
2120.49766028
2120.57606788
2120.65714128
2120.73615840
2120.81527987
2120.89437159
2120.97497834
2121.05537981
2121.14612220
2121.22399780
2121.30261093
2121.38301435
2121.47319329
2121.55217847
2121.64292135
2121.72283593
2121.81275059
2121.89109821
2121.97214747
2122.05033735
2122.13028777
2122.20869195
2122.28851193
2122.36811760
2122.44991634
2122.52751400
2122.60750976
2122.68552970
2122.77900544
2122.86602901
2122.94587337
2123.02633749
2123.10529000
2123.18363372
2123.26426778
2123.34392904
2123.42498562
2123.50325181
2123.58150629
2123.66180218
2123.74217903
2123.81952386
2123.89948744
2123.97894853
2124.06919063
2124.15773606
2124.23943946
2124.31953178
2124.39693732
2124.47777764
2124.55759153
2124.63678589
2124.71488897
2124.79518974
2124.87424489
2124.95486749
2125.03190147
2125.11237924
2125.19259054
2125.27304564
2125.34951739
2125.44154271
2125.52120787
2125.60000166
2125.67934329
2125.75968380
2125.83951134
2125.91878909
2125.99658813
2126.07761180
2126.15663501
2126.23650522
2126.31441300
2126.39439390
2126.47489289
2126.55385612
2126.63249461
2126.73307592
2126.81346081
2126.90394549
2126.98565036
2127.06372711
2127.14260135
2127.22156142
2127.30138603
2127.38017762
2127.46103014
2127.54053731
2127.61802428
2127.69784353
2127.77747017
2127.86837153
2127.94663089
2128.03701805
2128.11796979
2128.20744608
2128.28680209
2128.36962337
