7374.02876075
7374.11000151
7374.19200441
7374.27268709
7374.35405414
7374.43775323
7374.51826646
7374.60258092
7374.68478911
7374.76615762
7374.84999032
7374.91903499
7374.99934732
7375.10424346
7375.18605717
7375.26785868
7375.35063568
7375.44268013
7375.52570582
7375.60847843
7375.68902262
7375.77117718
7375.85188423
7375.93299431
7376.01557821
7376.09716615
7376.17982856
7376.26073993
7376.34272260
7376.42637171
7376.50808326
7376.58888882
7376.67180552
7376.75262863
7376.84635512
7376.93849392
7377.02289396
7377.10389310
7377.18586821
7377.26745201
7377.34997691
7377.43183109
7377.51469050
7377.60636826
7377.68768094
7377.77005590
7377.85266564
7377.93442913
7378.01585640
7378.09836838
7378.19204440
7378.27244669
7378.36569263
7378.45854092
7378.54198547
7378.62497288
7378.70478003
7378.78744878
7378.87010753
7378.95174204
7379.03427914
7379.11562644
7379.19749573
7379.27913829
7379.36122433
7379.44361709
7379.53658216
7379.61832687
7379.70010133
7379.78186554
7379.87550670
7379.96841057
7380.05029596
7380.13386778
7380.21466992
7380.29736330
7380.37904657
7380.46223414
7380.54307164
7380.62568187
7380.70679658
7380.78866125
7380.87041400
7380.95221723
7381.03468508
7381.11761227
7381.19834565
7381.28012864
7381.37480331
7381.45469043
7381.53831638
7381.61906342
7381.70217493
7381.78477882
7381.86591864
7381.94846622
7382.03021849
7382.11223505
7382.19372351
7382.27684721
7382.35825937
7382.44029835
7382.52189605
7382.60579725
7382.68609910
7382.76711726
7382.85079392
7382.94390552
7383.02577774
7383.10849769
7383.18948464
7383.27208512
7383.35463782
7383.43627672
7383.55021160
7383.62185211
7383.69160018
7383.77425161
7383.85641592
7383.93817721
7384.01999385
7384.10285179
7384.18352764
7384.30988755
7384.39179439
7384.48483968
7384.56854730
7384.65018059
7384.73114487
7384.81402475
7384.89534036
7384.97829754
7385.09212612
7385.16218382
7385.23368366
7385.31533864
7385.39831167
7385.48010831
7385.58430739
7385.70901866
7385.79148578
7385.87235717
7385.95593045
7386.03689814
7386.12012302
7386.20230439
7386.28398449
7386.36596204
7386.44781500
7386.52991494
7386.64395784
7386.71580559
7386.79752592
7386.87850068
7386.96124257
7387.04425412
7387.12602613
7387.20712329
7387.32228307
7387.41431850
7387.49764017
7387.57899893
7387.66210507
7387.74313469
7387.82498473
7387.90779732
7387.99065039
7388.07258235
7388.18638826
7388.25710985
7388.33985979
7388.42102765
7388.50460873
7388.58524094
7388.66791261
7388.74895491
7388.83245237
7388.91343712
7388.99609929
7389.07688339
7389.16191246
7389.24249469
7389.32561424
7389.39509436
7389.47656186
7389.55949563
7389.67375649
7389.74517806
7389.82685279
7389.90965515
7389.99038927
7390.11597630
7390.19796458
7390.28071549
7390.36167489
7390.44423076
7390.53637614
7390.61879913
7390.70263865
7390.78388575
7390.86655986
7390.94754633
7391.02894580
7391.11106281
7391.19338681
7391.27536095
7391.35709493
7391.44075355
7391.52155155
7391.60463892
7391.68522334
7391.76777043
7391.84894535
7391.93154193
7392.02481884
7392.10794375
7392.18904993
7392.27153241
7392.35254008
7392.42378318
7392.50621032
7392.58912068
7392.66994038
7392.75166363
7392.83546098
7392.91714035
7392.99796638
7393.08003146
7393.16246567
7393.24417722
7393.32603481
7393.40817230
7393.50038424
7393.58455388
7393.66605991
7393.74896661
7393.82905610
7393.91156881
7393.99348760
7394.07537714
7394.15822777
7394.23989373
7394.32116618
7394.40340265
7394.48534534
7394.56782757
7394.64942941
7394.73037297
7394.81292883
7394.90571031
7394.99947727
7395.08223404
7395.16549719
7395.24693982
7395.32783388
7395.40980461
7395.49234706
7395.57538835
7395.65709893
7395.73883608
7395.82069270
7395.90197369
7395.98423332
7396.08735306
7396.19151533
7396.27315130
7396.35593391
7396.43770251
7396.52981986
7396.61361281
7396.69514078
7396.77704957
7396.85904248
7396.94075842
7397.02361661
7397.10447727
7397.21952588
7397.29087065
7397.37240763
7397.45541284
7397.53581782
7397.61824008
7397.70056700
7397.78253675
7397.86434583
7397.94690364
7398.03904732
7398.12245627
7398.20449453
7398.28644819
7398.37022700
7398.45049154
7398.53244788
7398.61585635
7398.69602629
7398.77891203
7398.86071233
7398.94161054
7399.02531718
7399.10594061
7399.18737593
7399.27105332
7399.35239696
7399.43292409
7399.51521957
7399.59982026
7399.68125972
7399.76306612
7399.84490811
7399.92565808
7400.01564526
7400.09858610
7400.17999045
7400.26203237
7400.34450607
7400.42764269
7400.50817201
7400.59125377
7400.67204055
7400.75462836
7400.83637648
7400.91726786
7400.99977984
7401.08305372
7401.16559301
7401.24728993
7401.32849558
7401.41107729
7401.49422732
7401.57472153
7401.66823713
7401.75003011
7401.83108435
7401.91375188
7401.99577356
7402.07828944
7402.16018068
7402.24084922
7402.32361817
7402.40547016
7402.49808293
7402.58189587
7402.66278408
7402.74540748
7402.82828371
7402.91014375
7402.99205644
7403.07264720
7403.15516211
7403.23624049
7403.31870760
7403.40183984
7403.48457978
7403.56500694
7403.64734947
7403.72888475
7403.81060679
7403.89289641
7403.97549275
7404.05883929
7404.13903020
7404.21276065
7404.29259511
7404.37500542
7404.45650486
7404.53852825
7404.62171631
7404.70258404
7404.78667517
7404.86700067
7404.94986837
7405.03060688
7405.11316786
7405.19450809
7405.27723536
7405.35868311
7405.45121127
7405.53550696
7405.61614648
7405.69861872
7405.78061504
7405.86371168
7405.94427660
7406.02606958
7406.10927203
7406.19040380
7406.27380227
7406.35433086
7406.43703423
7406.51880064
7406.60187558
7406.68240222
7406.76455458
7406.84690101
7406.92864231
7407.01129960
7407.09309697
7407.17613168
7407.25803852
7407.33873266
7407.42232545
7407.50243761
7407.58520510
7407.66687618
7407.74899465
7407.83090052
7407.91359536
7407.99503043
7408.07643161
7408.15855618
7408.24132757
7408.33314235
7408.41593008
7408.49786837
7408.58088382
7408.66321050
7408.74607991
7408.82682207
7408.90892128
7408.99003721
7409.07190797
7409.15377410
7409.23589550
7409.31864031
7409.40029701
7409.48335829
7409.56391662
7409.64168505
7409.72782808
7409.81016769
7409.90340168
7409.98522612
7410.06761668
7410.15026495
7410.23328503
7410.31516408
7410.39569559
7410.47763925
7410.56044892
7410.64318569
7410.72485970
7410.80663757
7410.88837960
7410.96942165
7411.05201189
7411.13433565
7411.21549107
7411.29716825
7411.39098860
7411.47307465
7411.65371022
7411.73535716
7411.81856620
7411.89908479
7411.98147096
7412.06360455
7412.17804046
7412.24859578
7412.33050945
7412.41334984
7412.49593521
7412.57632970
7412.65875952
7412.74152457
7412.82312495
7412.90431353
7413.04045166
7413.12376309
7413.20623265
7413.28738466
7413.36990981
7413.45195026
7413.53326172
7413.61503398
7413.69748745
7413.78038318
7413.86315360
7413.94540470
7414.02615565
7414.12881873
7414.21157281
7414.29351574
7414.38559724
7414.46795050
7414.56082000
7414.64485993
7414.72726708
7414.80749578
7414.88905519
7414.97142747
7415.05358836
7415.13595357
7415.25030757
7415.32300865
7415.39386873
7415.47557565
7415.55750346
7415.63913090
7415.72058669
7415.80182452
7415.88443256
7416.00863354
7416.09070983
7416.17454570
7416.25667295
7416.33892844
7416.42022503
7416.50198168
7416.58453926
7416.66580074
7416.74789556
7416.83094319
7416.91273812
7416.99471616
7417.07613709
7417.17927853
7417.29497348
7417.37665797
7417.45867623
7417.53987920
7417.63396287
7417.71585557
7417.80133934
7417.88182746
7417.96344637
7418.04404858
7418.12682266
7418.20802002
7418.29041619
7418.37205972
7418.45434886
7418.53484965
7418.61761568
7418.69973659
7418.78220029
7418.86398791
7418.94603983
7419.02728936
7419.11121763
7419.19313837
7419.27705421
7419.35644615
7419.43943210
7419.52032470
7419.60296419
7419.68386678
7419.76707922
7419.84809958
7419.92993108
7420.01399126
7420.09411610
7420.17678387
7420.25914932
7420.35126837
7420.43357677
7420.52653136
7420.61967392
7420.70208155
7420.78391281
7420.86576529
7420.94828873
7421.02906527
7421.11117204
7421.18380437
7421.26589919
7421.34685761
7421.42855015
7421.51123938
7421.59280513
7421.67455350
7421.75679217
7421.84939323
7421.93113575
7422.02409667
7422.11744257
7422.18939516
7422.27199979
7422.35313376
7422.43544801
7422.51753698
7422.59991218
7422.68117634
7422.76362542
7422.84523384
7422.92747836
7423.00878714
7423.09116137
7423.17423362
7423.27742260
7423.36959797
7423.45165062
7423.54459472
7423.63744495
7423.72087463
7423.80306283
7423.88489020
7423.96647155
7424.04787322
7424.13169397
7424.21221598
7424.29500980
7424.37596750
7424.45851849
7424.54082128
7424.62224757
7424.68370075
7424.76372197
7424.84133118
7424.90964003
7424.98703177
7425.06749867
7425.14260055
7425.21065950
7425.28982983
7425.36822606
7425.44695094
7425.51373916
7425.59386400
7425.67045165
7425.74762785
7425.81700264
7425.89351520
7425.97331480
7426.04004084
7426.10827290
7426.18584432
7426.26511802
7426.33176995
7426.39829216
7426.47817344
7426.55799620
7426.62383867
7426.69063030
7426.77072979
7426.84734645
7426.91516622
7426.98206976
7427.06175428
7427.13962534
7427.20667419
7427.30726879
7427.38534636
7427.46478464
7427.53060298
7427.59899351
7427.67695478
7427.75379063
7427.83402908
7427.91238216
7427.98986191
7428.06682088
7428.13506610
7428.21362569
7428.29260999
7428.37004366
7428.44896188
7428.52774455
7428.60595256
7428.67269128
7428.74069586
7428.81839358
7428.89777894
7428.96433529
7429.03049692
7429.10969504
7429.19007247
7429.25599954
7429.32390538
7429.40387077
7429.48121691
7429.54657445
7429.61498302
7429.69380397
7429.77262443
7429.85093801
7429.91756458
7429.99527229
7430.07357173
7430.15287956
7430.22059328
7430.29834536
7430.37621911
7430.44332623
7430.51170969
7430.59094925
7430.66983237
7430.73559195
7430.81552199
7430.89222569
7430.97136774
7431.03814596
7431.10453530
7431.18280304
7431.26186194
7431.32832760
7431.40865358
7431.48640542
7431.58503614
7431.65413884
7431.73164199
7431.81060362
7431.88751456
7431.96614265
7432.04596298
7432.12487657
7432.18994520
7432.26850380
7432.34847602
7432.42583972
7432.52422589
7432.59402198
7432.67149662
7432.75024393
7432.81804371
7432.88515205
7432.96359801
7433.04245114
7433.10783014
7433.17716397
7433.25484925
7433.33407980
7433.40035260
7433.50163767
7433.57915960
7433.65751974
7433.73424466
7433.80259057
7433.88127279
7433.96024003
7434.02814025
7434.09592370
7434.17338760
7434.25028123
7434.31942026
7434.39743639
7434.47493833
7434.56311839
7434.64195641
7434.71979017
7434.79846239
7434.89831411
7434.98795361
7435.04071912
7435.12354147
7435.20159515
7435.26842310
7435.34752151
7435.42638146
7435.49276495
7435.57089494
7435.64953693
7435.72936628
7435.79444197
7435.86336425
7435.94107928
7436.06375254
7436.14054816
7436.22068690
7436.29931475
7436.37649218
7436.44337036
7436.51137323
7436.59045286
7436.66893028
7436.73444873
7436.80360287
7436.88120940
7436.96032414
7437.03838148
7437.11712806
7437.19530120
7437.27225701
7437.35114817
7437.41901988
7437.49785838
7437.57555926
7437.64205100
7437.72133690
7437.80003667
7437.87775340
7437.94528524
7438.02284179
7438.10187704
7438.16754836
7438.23712210
7438.31348325
7438.39302441
7438.45935914
7438.52806882
7438.60754415
7438.68559539
7438.75209493
7438.83181212
7438.90809087
7438.98694887
7439.05565197
7439.12115677
7439.20136792
7439.27913366
7439.34646459
7439.41293220
7439.49246385
7439.57100904
7439.64692232
7439.71474550
7439.79386512
7439.87355208
7439.95145630
7440.02882317
7440.10797057
7440.18610251
7440.25255890
7440.35356823
7440.43242379
7440.50907167
7440.57878803
7440.64553821
7440.72308477
7440.79973581
7440.88032681
7440.95849630
7441.03663751
7441.11432449
7441.18223618
7441.26137213
7441.33972765
7441.41702746
7441.48437546
7441.56424869
7441.64113842
7441.70976423
7441.77616601
7441.85548945
7441.93286826
7442.01056354
7442.07743782
7442.15754900
7442.23571142
7442.30342904
7442.37136389
7442.45881325
7442.52700410
7442.59531588
7442.66236960
7442.74119592
7442.81884463
7442.88559139
7442.96438406
7443.04223830
7443.12213713
7443.18827681
7443.26775287
7443.34523189
7443.42241980
7443.49052288
7443.56975757
7443.64676140
7443.72532367
7443.79313735
7443.87112715
7443.95103597
7444.02760119
7444.09601147
7444.17562797
7444.25339493
7444.35195689
7444.40855094
7444.48757888
7444.58738939
7444.65356418
7444.73254311
7444.81166712
7444.88943871
7444.95762005
7445.02313558
7445.10424273
7445.18158350
7445.24753618
7445.31658037
7445.39586870
7445.47290544
7445.54100950
7445.60909356
7445.68648530
7445.76517995
7445.83225439
7445.89858059
7445.97675934
7446.05563539
7446.13526944
7446.21213723
7446.28997465
7446.37105620
7446.43649200
7446.51031144
7446.59613971
7446.67119770
7446.74839781
7446.81653112
7446.89646481
7446.97323727
7447.03963392
7447.11929650
7447.19838369
7447.27613943
7447.34280696
7447.42167569
7447.49972937
7447.60156106
7447.66858431
7447.74596995
7447.84589749
7447.91266181
7447.98132565
7448.05995862
7448.13725161
7448.23718379
7448.29316855
7448.37354549
7448.45035891
7448.52809174
7448.60928593
7448.68684540
7448.76554713
7448.84276332
7448.90890471
7448.98794386
7449.06725828
7449.13403064
7449.20099294
7449.27999577
7449.35907466
7449.42490227
7449.50272628
7449.58332216
7449.66240276
7449.72712176
7449.82884326
7449.90947619
7449.98550430
7450.06448348
7450.14158313
7450.21922063
7450.29733038
7450.36503264
7450.44295637
7450.54464543
7450.61113156
7450.67956842
7450.75637647
7450.83629529
7450.90138318
7450.96999192
7451.04937339
7451.12644085
7451.19446591
7451.26173663
7451.34115539
7451.41890114
7451.48675870
7451.56440034
7451.64308256
7451.72080954
7451.78868538
7451.85513105
7451.93410803
7452.01426578
7452.09023806
7452.16854384
7452.24867038
7452.32507030
7452.39324116
7452.47259776
7452.57183093
7452.64698205
7452.71274090
7452.79287915
7452.86987689
7452.94812123
7453.01553238
7453.09566307
7453.17359850
7453.25071326
7453.32977388
7453.40875062
7453.48623134
7453.56435182
7453.63200337
7453.71062683
7453.78901770
7453.88719858
7453.95577027
7454.03486135
7454.13436735
7454.20014253
7454.26813638
7454.32616111
7454.40626425
7454.48598241
7454.55297665
7454.61974219
7454.69940696
7454.77616625
7454.85505205
7454.93356677
7455.01152561
7455.09128766
7455.16791505
7455.24565275
7455.32555573
7455.40245472
7455.46958817
7455.54933706
7455.62764991
7455.70430217
7455.77223897
7455.85115110
7455.93104603
7456.00698100
7456.07450454
7456.14846515
7456.23227907
7456.33078032
7456.39982060
7456.47793987
7456.57744489
7456.63395433
7456.70201304
7456.78079790
7456.85828204
7456.92568855
7456.99430656
7457.07188798
7457.14941722
7457.21655823
7457.29669502
7457.37352989
7457.45275654
7457.52006626
7457.58825516
7457.66715095
7457.74459145
7457.81224129
7457.87815325
7457.95797479
7458.03692349
7458.11209803
7458.19132760
7458.27088680
7458.34999154
7458.42675547
7458.50455168
7458.58417500
7458.66258708
7458.72880795
7458.80756673
7458.88719566
7458.97552469
7459.04300825
7459.12106217
7459.19963102
7459.27778515
7459.34399846
7459.45513465
7459.53467167
7459.63309759
7459.70011254
7459.78007135
7459.85812893
7459.92592359
7459.99353271
7460.07049290
7460.14926728
7460.21797110
7460.28398157
7460.36489781
7460.44159469
7460.51846492
7460.58751958
7460.66724263
7460.74371691
7460.82134562
7460.90019266
7460.98989799
7461.05718480
7461.13577730
7461.20286198
7461.28246336
7461.36049169
7461.42806814
7461.52722719
7461.60546250
7461.68336039
7461.75016664
7461.81903870
7461.89789451
7461.97439585
7462.04227414
7462.12208617
7462.20001161
7462.27673823
7462.34499271
7462.42273822
7462.50258828
7462.57908231
7462.64900177
7462.72567500
7462.80466417
7462.86970915
7462.93885720
7463.01650030
7463.09656102
7463.16346212
7463.24118665
7463.31879660
7463.39877052
7463.46581595
7463.53384003
7463.61168038
7463.68890632
7463.75743924
7463.82488818
7463.90252665
7463.98123910
7464.05916356
7464.13900875
7464.21674937
7464.29548109
7464.37210385
7464.45017605
7464.52988715
7464.60813100
7464.67614046
7464.75480171
7464.83174581
7464.91094149
7464.97720356
7465.05668938
7465.13444268
7465.21171105
7465.27901663
7465.34667500
7465.42653384
7465.50307956
7465.58344479
7465.66073047
7465.73926738
7465.83951602
7465.90564717
7465.98574226
7466.06292164
7466.12975959
7466.19676552
7466.27661827
7466.35483165
7466.43675922
7466.50205946
7466.58038913
7466.65810123
7466.73714843
7466.80339880
7466.88300165
7466.96132766
7467.02716794
7467.09475439
7467.17457252
7467.25454498
7467.32173036
7467.38804899
7467.46674340
7467.54499018
7467.61349237
7467.68030765
7467.75729222
7467.83858198
7467.91391597
7467.98146121
7468.06047891
7468.13739692
7468.21752762
7468.29422279
7468.37437932
7468.45132342
7468.51899788
7468.59675411
7468.67568380
7468.75456594
7468.82148484
7468.90174743
7468.97800009
7469.07721132
7469.14407340
7469.22405415
7469.30375891
7469.37086139
7469.43695865
7469.51573449
7469.59461566
7469.66111033
7469.74070659
7469.81751928
7469.89659452
7469.96414927
7470.04297777
7470.12099415
7470.20041779
7470.26691465
7470.34319852
7470.42354279
7470.50173617
7470.56932310
7470.63670743
7470.71421668
7470.79362570
7470.85977342
7470.92922599
7471.00770633
7471.08508832
7471.16202925
7471.26187462
7471.34064022
7471.41925710
7471.49741489
7471.56533072
7471.64267979
7471.72179891
7471.78779645
7471.86891214
7471.94667373
7472.02311656
7472.09273053
7472.17127012
7472.24737185
7472.31387579
7472.39092741
7472.47170200
7472.54940801
7472.62856273
7472.70802563
7472.78704698
7472.86434193
7472.94238731
7473.00897024
7473.08959416
7473.16677622
7473.23376411
7473.31155253
7473.39216645
7473.46920515
7473.53489841
7473.60474814
7473.68138797
7473.76115807
7473.83898671
7473.91613049
7473.99550683
7474.07357855
7474.14102505
7474.20900208
7474.28723911
7474.36535130
7474.43242843
7474.50881615
7474.58996377
7474.66643805
7474.73384579
7474.81266210
7474.89212476
7474.97788574
7475.07459695
7475.14368282
7475.22161411
7475.30089951
7475.36898113
7475.43495527
7475.51385814
7475.59471075
7475.67210029
7475.73993737
7475.81812100
7475.89837701
7475.97531989
7476.04119187
7476.12211153
7476.19956348
7476.28046973
7476.38035802
7476.44689901
7476.52483688
7476.60512678
7476.68306904
7476.76197751
7476.83026881
7476.90851534
7476.98849682
7477.08785702
7477.15388211
7477.23497877
7477.31399208
7477.39260652
7477.47070165
7477.54981005
7477.62909594
7477.70857127
7477.78481027
7477.86560510
7477.94264843
7478.02256311
7478.10170125
7478.16910606
7478.24540577
7478.32550697
7478.40571275
7478.47150817
7478.55098302
7478.63226717
7478.71072923
7478.79003877
7478.85790926
7478.93549262
7479.01170481
7479.09018174
7479.17031682
7479.24907803
7479.32779975
7479.40644735
7479.48411678
7479.56269416
7479.64371988
7479.72298432
7479.80204420
7479.87637856
7479.95819739
7480.03747450
7480.11487697
7480.19175768
7480.27187228
7480.35104504
7480.43055719
7480.50876422
7480.58606014
7480.65530352
7480.73353054
7480.81287519
7480.88893719
7480.96912128
7481.04779155
7481.12611732
7481.20655692
7481.28541053
7481.36349566
7481.44102613
7481.52217107
7481.59864754
7481.67773741
7481.75576329
7481.83634942
7481.90445811
7481.98144024
7482.06193445
7482.13963388
7482.24106572
7482.30687918
7482.38622042
7482.46394983
7482.54253428
7482.62424925
7482.70034904
7482.77047525
7482.88196619
7482.95835099
7483.03856823
7483.10710700
7483.18456091
7483.26124828
7483.34323655
7483.41026151
7483.48903979
7483.56739262
7483.64703642
7483.72270077
7483.79053395
7483.87200169
7483.94955849
7484.03086288
7484.09503111
7484.17356973
7484.25422095
7484.33255599
7484.41103048
7484.48957031
7484.56913122
7484.64710518
7484.72710226
7484.80383912
7484.88341247
7484.96211907
7485.04009229
7485.13961388
7485.20781132
7485.28848448
7485.36698043
7485.44462329
7485.51438745
7485.58080556
7485.65921617
7485.74023019
7485.81635850
7485.89421128
7485.97339794
7486.05447608
7486.13255950
7486.20868757
7486.28886605
7486.36869953
7486.47899532
7486.55685834
7486.63624005
7486.71372419
7486.79427009
7486.87331046
7486.95122175
7487.02976281
7487.11079925
7487.18834093
7487.25989343
7487.34450022
7487.42354644
7487.50308809
7487.58229767
7487.64819403
7487.71607549
7487.79531262
7487.87629225
7487.94207841
7488.01026170
7488.09023587
7488.16696322
7488.24640296
7488.31407522
7488.38115576
7488.45932891
7488.54038608
7488.61713562
7488.68663890
7488.76356690
7488.84602842
7488.92238055
7488.99080692
7489.05800376
7489.13608255
7489.21528189
7489.29332703
7489.37339336
7489.45076437
7489.52772090
7489.60852475
7489.68807201
7489.76543887
7489.84427762
7489.92313050
7489.98991677
7490.05801302
7490.13902216
7490.21681886
7490.29245565
7490.37398386
7490.45190150
7490.53025335
7490.61282628
7490.68887926
7490.76703510
7490.84676228
7490.94586501
7491.01209881
7491.08240056
7491.15655767
7491.23964480
7491.31986594
7491.39680566
7491.47525260
7491.55403088
7491.63272504
7491.76506438
7491.83347929
7491.90291918
7491.98091117
7492.05869764
7492.13841653
7492.21672109
7492.29541453
7492.37395656
7492.45247981
7492.52997029
7492.59986415
7492.67770376
7492.75764063
7492.82342239
7492.90283312
7492.98289262
7493.06177695
7493.15990371
7493.22889962
7493.30822745
7493.38692966
7493.46455302
7493.54321914
7493.62350587
7493.70031783
7493.77834469
7493.87875156
7493.94750975
7494.02803834
7494.10505388
7494.18571047
7494.26159522
7494.32897077
7494.41031441
7494.48944622
7494.56773883
7494.64519395
7494.72419166
7494.80517276
7494.88209151
7494.94890898
7495.02792107
7495.10609738
7495.18761462
7495.26380462
7495.34441830
7495.42166082
7495.50138484
7495.57752095
7495.65885046
7495.73749854
7495.81537131
7495.89488541
7495.97189754
7496.05046760
7496.12822481
7496.20703503
7496.28562923
7496.36445457
7496.44225103
7496.52096713
7496.60243610
7496.67873630
7496.75651008
7496.81588136
