3095.35639915
3095.44544000
3095.55692422
3095.63646431
3095.71824037
3095.82040718
3095.90401717
3095.99418100
3096.08559802
3096.17532470
3096.26427461
3096.36996299
3096.45368075
3096.53344905
3096.61213361
3096.71187012
3096.79276433
3096.87146303
3096.95832642
3097.05051216
3097.12873763
3097.23000770
3097.31842952
3097.40755960
3097.48457260
3097.58721874
3097.68582715
3097.76480379
3097.85449195
3097.93431876
3098.03701805
3098.11403617
3098.20457596
3098.29222734
3098.37115522
3098.47379380
3098.57364685
3098.65135203
3098.75310680
3098.85433543
3098.93205670
3099.02155664
3099.12269213
3099.20092248
3099.27976990
3099.38048165
3099.48120413
3099.56012105
3099.63894726
3099.74157340
3099.80834447
3099.88814470
3099.96696653
3100.06574731
3100.14537566
3100.24593747
3100.34537849
3100.42444485
3100.51495416
3100.62866314
3100.70454877
3100.79529092
3100.89610897
3100.99665128
3101.07461953
3101.17516500
3101.25314739
3101.33196313
3101.41265521
3101.53031268
3101.61113301
3101.71580862
3101.81960480
3101.91277895
3102.01655611
3102.12037399
3102.21311977
3102.31897541
3102.40052765
3102.49445444
3102.58735015
3102.67993550
3102.77263860
3102.87831797
3102.98174405
3103.09944468
3103.19198516
3103.28282825
3103.37570982
3103.47037876
3103.56270908
3103.65633135
3103.74917513
3103.84202916
3103.95871529
3104.04127593
3104.12210089
3104.21709361
3104.30875248
3104.40242449
3104.49708514
3104.59903983
3104.69321433
3104.79863282
3104.87960358
3104.96134331
3105.05601542
3105.14968011
3105.24170786
3105.33531038
3105.42903383
3105.52097259
3105.63841893
3105.71827889
3105.81295393
3105.91570441
3106.01053817
3106.10248839
3106.19663558
3106.28969977
3106.37192493
3106.47854052
3106.55938133
3106.65200056
3106.74569963
3106.83947184
3106.94226670
3107.03501369
3107.12692052
3107.22058959
3107.32825162
3107.40802430
3107.48894898
3107.58457024
3107.67697980
3107.76911702
3107.86203492
3107.95574374
3108.04944696
3108.15620737
3108.23597030
3108.32889893
3108.42245537
3108.51522796
3108.60810173
3108.70223210
3108.79508588
3108.88875032
3108.99540103
3109.07491698
3109.17058432
3109.26229487
3109.35507551
3109.44983320
3109.55356087
3109.64540577
3109.76403214
3109.84283104
3109.93567385
3110.03034109
3110.12315830
3110.21679422
3110.30965872
3110.40289309
3110.49600726
3110.62204250
3110.72625097
3110.85400580
3110.94565833
3111.04038603
3111.13319543
3111.23688776
3111.34265245
3111.42362395
3111.51724426
3111.61117812
3111.70381101
3111.79655190
3111.88939154
3111.98280462
3112.07665241
3112.18351498
3112.26328693
3112.36687515
3112.45991203
3112.55341068
3112.64640319
3112.74095535
3112.83368210
3112.92742457
3113.03311344
3113.11392353
3113.20869950
3113.29851103
3113.39230933
3113.48643945
3113.57841649
3113.67214994
3113.76499787
3113.87359221
3113.94241274
3114.04624013
3114.14900110
3114.25355041
3114.35838912
3114.46294233
3114.56563089
3114.68417607
3114.77502720
3114.87819802
3114.98275098
3115.08736490
3115.19020779
3115.29592422
3115.39874077
3115.50535320
3115.59692332
3115.70078875
3115.80455616
3115.90928808
3116.01296236
3116.11769599
3116.22200905
3116.33927887
3116.42992227
3116.53461640
3116.63740395
3116.74205273
3116.84570312
3116.95035897
3117.05431924
3117.17187114
3117.26181725
3117.36588528
3117.47034585
3117.57521089
3117.67974313
3117.78354370
3117.88736695
3117.99505579
3118.08483246
3118.19251837
3118.29319770
3118.39784965
3118.50076324
3118.60633119
3118.70918676
3118.82793966
3118.91771584
3119.02237511
3119.12743081
3119.23073035
3119.33353204
3119.42722233
3119.57503657
3119.64594020
3119.74957791
3119.85532359
3119.95893472
3120.06363958
3120.16637885
3120.27113003
3120.38885821
3120.47953794
3120.58285602
3120.72009503
3120.79116835
3120.89618577
3121.00077629
3121.10462684
3121.22014489
3121.30110468
3121.39487810
3121.49861992
3121.60321945
3121.70797673
3121.81193871
3121.91550108
3122.03319926
3122.12300055
3122.22789973
3122.33269967
3122.43594314
3122.53991072
3122.64374665
3122.74922292
3122.86691111
3122.94689859
3123.03952197
3123.14247994
3123.24793085
3123.35183724
3123.45460162
3123.55944545
3123.67683741
3123.75705480
3123.86174187
3123.95440206
3124.04725804
3124.15151868
3124.25546700
3124.36091255
3124.47781445
3124.55640125
3124.66144135
3124.76598676
3124.85862379
3124.95265492
3125.05582915
3125.16123423
3125.26697260
3125.35873119
3125.45150085
3125.55525632
3125.65891207
3125.76298303
3125.85650387
3125.95007323
3126.05485586
3126.15301591
3126.22934064
3126.30906992
3126.38889746
3126.48063996
3126.58235548
3126.66226567
3126.75184046
3126.83174162
3126.93634823
3127.00284111
3127.09561516
3127.17432313
3127.26502091
3127.35505089
3127.43553939
3127.51877490
3127.59514863
3127.67508881
3127.77974759
3127.85851091
3127.95838712
3128.03906897
3128.11882678
3128.20063941
3128.30229763
3128.38130597
3128.45990301
3128.55190931
3128.64432545
3128.72246656
3128.81395038
3128.89372379
3128.98470609
3129.08623631
3129.18900874
3129.26707159
3129.36906407
3129.48432928
3129.56322449
3129.66486540
3129.75379507
3129.84745854
3129.93717523
3130.02717888
3130.11796345
3130.20763479
3130.34458001
3130.42757244
3130.51492076
3130.59484729
3130.69448798
3130.77724197
3130.91338676
3131.04560598
3131.14716400
3131.22600289
3131.31714537
3131.40864943
3131.51037469
3131.59063085
3131.68137275
3131.76032989
3131.85200193
3131.95457029
3132.03436955
3132.11431972
3132.19399147
3132.28482894
3132.37667604
3132.46724971
3132.54618515
3132.62717249
3132.71761085
3132.82061856
3132.89921779
3132.97898194
3133.06000243
3133.13938648
3133.22121082
3133.31173061
3133.39048905
3133.48124973
3133.58403166
3133.69893312
3133.76463435
3133.84525061
3133.93609516
3134.02694897
3134.11780278
3134.19760106
3134.29734587
3134.39097691
3134.47078836
3134.57410741
3134.64080436
3134.72316776
3134.81182631
3134.90350785
3135.00616984
3135.08414516
3135.16491575
3135.25657779
3135.41258743
3135.48244781
3135.56112554
3135.64206704
3135.73174472
3135.83417899
3135.93590255
3136.02527156
3136.10691572
3136.19880499
3136.30433198
3136.39327286
3136.52871403
3136.59883771
3136.67860601
3136.75922349
3136.84101930
3136.94391022
3137.03541646
3137.13813111
3137.21587310
3137.30778359
3137.38904009
3137.47987854
3137.58011828
3137.67176447
3137.76272288
3137.85427033
3137.94733208
3138.02498704
3138.10375254
3138.19475752
3138.28618989
3138.36712481
3138.44695552
3138.53750896
3138.61729139
3138.70813033
3138.82332850
3138.90131601
3138.99099905
3139.07142026
3139.17316943
3139.26489120
3139.35562067
3139.44436846
3139.52533044
3139.63007992
3139.69775381
3139.78761629
3139.86719661
3139.95808114
3140.04991751
3140.13980754
3140.21948953
3140.29932877
3140.38004524
3140.48433026
3140.57289080
3140.67535530
3140.75416201
3140.83406001
3140.92595659
3141.01474948
3141.10646955
3141.19674895
3141.29140375
3141.37250446
3141.46000980
3141.54080184
3141.62018346
3141.70041279
3141.79023334
3141.88205191
3141.98271173
3142.06353474
3142.15632976
3142.23412491
3142.33685589
3142.42749661
3142.50728856
3142.59808800
3142.67679353
3142.75859714
3142.83647762
3142.92775371
3143.03398335
3143.11031101
3143.19244157
3143.28246009
3143.38174849
3143.46371253
3143.56460397
3143.65603000
3143.74684090
3143.84056167
3143.91838778
3144.00730989
3144.09907043
3144.17788445
3144.28147364
3144.37091702
3144.47354365
3144.56543048
3144.65795219
3144.72490026
3144.85818883
3144.99370241
3145.07380716
3145.16460563
3145.24344696
3145.33427127
3145.44993048
3145.53870362
3145.61844632
3145.69918326
3145.79092503
3145.88082579
3145.96045609
3146.04060814
3146.11993782
3146.22209999
3146.33792353
3146.41471394
3146.49484478
3146.57425028
3146.66507264
3146.76778461
3146.85656238
3146.94839826
3147.04095142
3147.12136849
3147.21530064
3147.29211372
3147.38093587
3147.47351780
3147.56342393
3147.66650697
3147.74593125
3147.82626250
3147.91667672
3148.02914057
3148.10005274
3148.17723031
3148.26974934
3148.35934924
3148.46112766
3148.55289405
3148.64258173
3148.73305690
3148.83669607
3148.91644901
3149.00624274
3149.08614829
3149.16580322
3149.25757180
3149.35932657
3149.45105931
3149.53985245
3149.64445125
3149.72231735
3149.82730381
3149.92076906
3150.01273221
3150.09447877
3150.17821311
3150.25913633
3150.34098577
3150.45754464
3150.52609039
3150.60694559
3150.70050593
3150.78144426
3150.87508213
3150.97889807
3151.08169536
3151.18643996
3151.32274226
3151.38166949
3151.47328399
3151.56691796
3151.69154960
3151.76404994
3151.86777468
3151.94807326
3152.03046348
3152.13510983
3152.20304679
3152.28680087
3152.36676007
3152.46028701
3152.55401094
3152.65682238
3152.75945803
3152.86324763
3152.97905922
3153.07188326
3153.20672246
3153.30036520
3153.40260393
3153.48542179
3153.56831499
3153.65993168
3153.76573417
3153.84466010
3153.93642454
3154.02900940
3154.11112363
3154.20387452
3154.29754213
3154.40112791
3154.49370692
3154.59939530
3154.69025082
3154.78197479
3154.87532009
3154.96796517
3155.06019407
3155.14125333
3155.22401438
3155.30629586
3155.41311942
3155.48085159
3155.56155440
3155.65433016
3155.73616059
3155.82895610
3155.92088146
3156.01455736
3156.10823010
3156.22377935
3156.31270171
3156.40527779
3156.49821032
3156.58990235
3156.69550223
3156.77729731
3156.85921283
3156.94190611
3157.03772802
3157.10451518
3157.18637292
3157.26816214
3157.34991309
3157.43168160
3157.52355356
3157.61726408
3157.72012282
3157.83769691
3157.92845198
3158.02076987
3158.11351418
3158.20670636
3158.29926148
3158.40106745
3158.48361053
3158.56560139
3158.66009186
3158.74087001
3158.83364553
3158.92443742
3159.01728364
3159.09998593
3159.19266734
3159.28432962
3159.37715683
3159.48383240
3159.56423679
3159.66623512
3159.76980018
3159.87453356
3159.96528985
3160.06006168
3160.15726550
3160.25753767
3160.33647482
3160.43057714
3160.52242253
3160.60408181
3160.68513741
3160.76786848
3160.86060108
3160.95544727
3161.05892723
3161.13743674
3161.23030954
3161.33305734
3161.43776269
3161.53143299
3161.63519431
3161.72796105
3161.80869507
3161.92345486
3162.00530114
3162.08700870
3162.16877379
3162.24862839
3162.34224310
3162.42389116
3162.51647602
3162.60012015
3162.67994671
3162.78860884
3162.87735785
3162.96923030
3163.06288523
3163.15500637
3163.24856451
3163.33905505
3163.46554524
3163.53522934
3163.63013478
3163.70981140
3163.79077826
3163.87440849
3163.95383325
3164.03751664
3164.11936633
3164.21026403
3164.30392140
3164.40688547
3164.52326611
3164.61331779
3164.70931939
3164.80970907
3164.90231124
3164.99592229
3165.12055612
3165.19234161
3165.27457481
3165.36786770
3165.43642149
3165.53127451
3165.61193661
3165.69274865
3165.77554115
3165.85725724
3165.95012150
3166.04195713
3166.18850795
3166.28219922
3166.37498132
3166.47959134
3166.57073138
3166.66331673
3166.75935441
3166.83813430
3166.97694759
3167.03474209
3167.12736474
3167.20830136
3167.29000306
3167.37179107
3167.45364906
3167.57866372
3167.67150847
3167.78820119
3167.87779427
3167.97051907
3168.07496403
3168.16774686
3168.27148795
3168.36332309
3168.45711334
3168.53877408
3168.63361881
3168.70233767
3168.78411958
3168.86610239
3168.94670622
3169.02952384
3169.12138483
3169.20231975
3169.29682314
3169.38754725
3169.50887868
3169.58766125
3169.69129213
3169.79162647
3169.89548872
3169.98797752
3170.08105317
3170.21745031
3170.30020161
3170.38095708
3170.47384110
3170.56569623
3170.65927486
3170.74002912
3170.82158404
3170.90327745
3170.99584013
3171.10360552
3171.19338268
3171.28502862
3171.38703305
3171.49255053
3171.58534409
3171.69008893
3171.78311265
3171.88662260
3171.95570547
3172.08077254
3172.15364884
3172.23432654
3172.31716244
3172.39699900
3172.47973665
3172.57148817
3172.66768847
3172.77096754
3172.85991037
3172.95354897
3173.04684234
3173.14892479
3173.28554672
3173.37893785
3173.47168826
3173.60089107
3173.69514261
3173.78895798
3173.89272393
3173.99843060
3174.10437328
3174.19716245
3174.29099342
3174.39854304
3174.48069604
3174.57640263
3174.67129929
3174.76401702
3174.86183012
3174.95208856
3175.04642762
3175.14012547
3175.24688296
3175.32869486
3175.42163690
3175.51726328
3175.61091115
3175.70675793
3175.80043262
3175.89514422
3175.98833641
3176.09488374
3176.17651839
3176.28140586
3176.38630455
3176.51319532
3176.59700378
3176.70422792
3176.79569345
3176.90420929
3176.98503743
3177.07975878
3177.17253308
3177.26723469
3177.36208820
3177.46685596
3177.56053065
3177.67735575
3177.75920325
3177.86478070
3177.97026673
3178.06433078
3178.18978917
3178.28434913
3178.37897296
3178.48377900
3178.56654006
3178.69342717
3178.76518097
3178.85982333
3178.95386154
3179.09214015
3179.17422122
3179.34656267
3179.42992008
3179.52424817
3179.61761688
3179.71079346
3179.80584567
3179.89989143
3179.99395158
3180.08756312
3180.20724591
3180.28715318
3180.38172825
3180.48653990
3180.59221366
3180.69704018
3180.78967185
3180.88539088
3180.99119288
3181.07284679
3181.16957714
3181.26113849
3181.35669197
3181.45144843
3181.54448458
3181.63836504
3181.73175569
3181.84969744
3181.94346917
3182.03617057
3182.13176598
3182.22656560
3182.32049678
3182.41412075
3182.50886186
3182.63561317
3182.73017703
3182.82317295
3182.91869132
3183.02266231
3183.11732662
3183.22111500
3183.31676113
3183.42260775
3183.50523763
3183.60004847
3183.69299758
3183.78743466
3183.88183906
3183.97656505
3184.08041463
3184.19808649
3184.29098269
3184.39766948
3184.50045093
3184.59499796
3184.68826500
3184.78508604
3184.87790179
3184.98457102
3185.06649971
3185.19451273
3185.27655186
3185.38221197
3185.48693024
3185.57991811
3185.68558017
3185.79233303
3185.87502338
3185.96781401
3186.06251221
3186.15719065
3186.25206464
3186.34582271
3186.43851728
3186.53436601
3186.69354664
3186.78825337
3186.89288679
3186.98590124
3187.08083398
3187.18721650
3187.28104356
3187.38766598
3187.46964514
3187.56321620
3187.65798340
3187.75265039
3187.84632995
3187.94001683
3188.03448292
3188.13927774
3188.25794580
3188.35032928
3188.44293193
3188.53987561
3188.63161128
3188.72729301
3188.82107229
3188.91582047
3189.00956976
3189.11448112
3189.17830527
3189.27293325
3189.37860237
3189.47150004
3189.56714178
3189.66192677
3189.75559682
3189.84901210
3189.95580226
3190.03819418
3190.13215339
3190.22628498
3190.32004622
3190.42488395
3190.51944854
3190.62421996
3190.73511807
3190.81274547
3190.90842012
3191.00141824
3191.09590578
3191.19074856
3191.28400268
3191.38804364
3191.48612445
3191.60137967
3191.69340718
3191.79874497
3191.90355125
3191.99739953
3192.09124342
3192.18781407
3192.28051401
3192.38719787
3192.46932770
3192.59500332
3192.67958685
3192.77332956
3192.86816039
3192.96103733
3193.07000373
3193.18535062
3193.28501448
3193.36229958
3193.45250413
3193.54830507
3193.64225795
3193.73539064
3193.82979798
3193.92382155
3194.04152120
3194.12386388
3194.21656138
3194.35796636
3194.42874443
3194.52205340
3194.61421086
3194.71000449
3194.81865321
3194.89862143
3194.99225662
3195.08789324
3195.18074141
3195.27642630
3195.38123771
3195.48582944
3195.59178187
3195.68345610
3195.79017727
3195.88399214
3195.97867644
3196.07355189
3196.16721170
3196.26097197
3196.36684565
3196.45046271
3196.55535141
3196.64789067
3196.74299920
3196.84792836
3196.94229279
3197.04653514
3197.15513827
3197.23507625
3197.33168250
3197.42712237
3197.51772359
3197.61309738
3197.70783093
3197.80226338
3197.89596123
3198.00467504
3198.12653700
3198.20919834
3198.31580637
3198.40953445
3198.50256597
3198.59808020
3198.69287616
3198.79774901
3198.88083725
3198.97566101
3199.08089518
3199.18717359
3199.28086509
3199.37568154
3199.47954916
3199.59910151
3199.67872718
3199.77277953
3199.87728812
3199.97106204
3200.06388485
3200.15857110
3200.25244547
3200.34801845
3200.45141650
3200.53532857
3200.62821819
3200.72277278
3200.81634921
3200.94323194
3201.01503864
3201.11067014
3201.20273642
3201.32015422
3201.40116424
3201.49574565
3201.60038054
3201.70467946
3201.85318831
3201.94702708
3202.03981454
3202.14848471
3202.27218158
3202.36688124
3202.46085411
3202.55536847
3202.65008471
3202.74482753
3202.83665170
3202.97343430
3203.03508805
3203.12806715
3203.23331863
3203.32696625
3203.42161496
3203.51543325
3203.62011617
3203.79361010
3203.87233294
3203.96616391
3204.06001048
3204.15273943
3204.24743933
3204.34218751
3204.43710026
3204.53083102
3204.63916303
3204.71885184
3204.82261146
3204.91636562
3205.01104261
3205.11479613
3205.22053010
3205.32448964
3205.44350415
3205.53388254
3205.63963992
3205.74334468
3205.84918154
3205.94185369
3206.03570221
3206.13068444
3206.26768672
3206.35973739
3206.45624343
3206.55009463
3206.64392121
3206.73678865
3206.83138176
3206.92503036
3207.06381244
3207.13448226
3207.22920850
3207.32205399
3207.41489972
3207.52060566
3207.62476171
3207.71855952
3207.84025179
3207.98280706
3208.07646151
3208.17036903
3208.26430898
3208.35798221
3208.45153840
3208.54624123
3208.65096925
3208.73292086
3208.82776315
3208.92028047
3209.01366015
3209.10696156
3209.20272691
3209.29532883
3209.39001728
3209.50873776
3209.59957450
3209.70338580
3209.79724091
3209.90186970
3210.00661771
3210.10238672
3210.19472777
3210.30228349
3210.38310114
3210.47691407
3210.57169735
3210.66467645
3210.75824776
3210.85297253
3210.94588190
3211.05048046
3211.16727997
3211.26084616
3211.36556004
3211.46043012
3211.56514888
3211.66882048
3211.77112187
3211.85761003
3211.97521411
3212.05568238
3212.14941875
3212.24217256
3212.33693342
3212.43171476
3212.52542577
3212.61830442
3212.71202250
3212.82077557
3212.90050120
3213.02798345
3213.09893487
3213.19358869
3213.28716317
3213.37972073
3213.47378624
3213.56733634
3213.67415454
3213.82061880
3213.92552944
3214.01923826
3214.11303875
3214.20773548
3214.30052343
3214.39524114
3214.49995380
3214.58380175
3214.67738964
3214.77161582
3214.86492699
3214.95901274
3215.05275520
3215.14742561
3215.24036374
3215.34924359
3215.42887511
3215.53348050
3215.63831092
3215.74216172
3215.84759264
3215.95133957
3216.04509691
3216.15331799
3216.23323501
3216.32594518
3216.42153182
3216.51530208
3216.60814830
3216.70302618
3216.79864208
3216.89235675
3216.99671882
3217.07811454
3217.17374872
3217.27746517
3217.37182472
3217.46612746
3217.56990194
3217.67413649
3217.79310615
3217.88404529
3217.97764854
3218.07140881
3218.16608774
3218.26092223
3218.35567626
3218.44834840
3218.54214621
3218.64982384
3218.73058590
3218.82439663
3218.94998985
3219.02209985
3219.11566262
3219.20969839
3219.30489713
3219.39804104
3219.53854466
3219.59648861
3219.74514667
3219.84887898
3219.95445009
3220.05058018
3220.14210227
3220.23496800
3220.34341241
3220.42340696
3220.51695559
3220.61276775
3220.70610086
3220.79870230
3220.89334247
3220.98798289
3221.09271481
3221.20944922
3221.29126600
3221.39492906
3221.49960247
3221.62735462
3221.69830043
3221.80241552
3221.90720693
3222.01483628
3222.09658552
3222.22243572
3222.31558256
3222.41006059
3222.50401712
3222.59890720
3222.69285593
3222.79838608
3222.88023553
3222.97298545
3223.06855282
3223.21623736
3223.31328319
3223.40174426
3223.50640060
3223.61419794
3223.70592532
3223.79962853
3223.90462133
3223.99748316
3224.09121538
3224.18578631
3224.27957729
3224.38630845
3224.48112148
3224.57489833
3224.66951143
3224.76429179
3224.85815202
3224.95196763
3225.04662681
3225.15427299
3225.23475101
3225.32840717
3225.43426963
3225.52712366
3225.62179284
3225.71660173
3225.81041295
3225.90423611
3226.01101238
3226.10467853
3226.21028158
3226.30305491
3226.39941149
3226.50230241
3226.59812579
3226.69161201
3226.80446108
3226.89070470
3226.98512934
3227.07934065
3227.17403958
3227.26990904
3227.36153012
3227.46607528
3227.57290811
3227.65550045
3227.79248175
3227.86510668
3227.97000537
3228.06371126
3228.15746470
3228.25393685
3228.36078504
3228.44126330
3228.59087076
3228.71821379
3228.79210555
3228.88479793
3228.97872130
3229.07260493
3229.19050548
3229.27135190
3229.36606668
3229.50365970
3229.59754504
3229.69280131
3229.78703383
3229.88186881
3229.99713207
3230.08080546
3230.17453793
3230.26756530
3230.37399877
3230.46685450
3230.57167614
3230.67828223
3230.78582625
3230.86572888
3230.96061578
3231.05524181
3231.14904669
3231.24381852
3231.34720876
3231.45371220
3231.55956370
3231.64137511
3231.74716688
3231.85191684
3231.94653507
3232.03944273
3232.13456857
3232.23031636
3232.33604108
3232.41851273
3232.51125119
3232.60597767
3232.70060857
3232.79491936
3232.88868571
3232.99252456
3233.15505976
3233.24578996
3233.34258419
3233.43526535
3233.53014811
3233.62473757
3233.71775324
3233.81166954
3233.95030192
3234.01244305
3234.11731882
3234.21252999
3234.33841334
3234.42118147
3234.52690350
3234.61988698
3234.72847890
3234.81020303
3234.90387796
3234.99866295
3235.09234861
3235.18615446
3235.28086778
3235.38560970
3235.54518944
3235.63791473
3235.74568256
3235.83773275
3235.93249312
3236.02688338
3236.12088989
3236.21539256
3236.32036756
3236.40294965
3236.50782055
3236.60149426
3236.69627316
3236.79035013
3236.89677652
3236.99047608
3237.09650019
3237.19040576
3237.28317494
3237.37785095
3237.48279499
3237.58138365
3237.67116470
3237.76497617
3237.87284470
3237.95433721
3238.04918169
3238.14282493
3238.24761171
3238.35343224
3238.44565455
3238.53980637
3238.65619091
3238.73948835
3238.83463515
3238.92839054
3239.02211959
3239.12685615
3239.23067793
3239.32634381
3239.43106866
3239.54669398
3239.63059045
3239.73438396
3239.82905387
3239.92188083
3240.01853560
3240.11238315
3240.21957925
3240.30045102
3240.42714065
3240.50078860
3240.60468572
3240.69833651
3240.80409439
3240.90857445
3241.02567360
3241.10924288
3241.20176459
3241.29535687
3241.43484380
3241.52818106
3241.62645277
3241.73496032
3241.83755111
3241.93130650
3242.03670963
3242.13039748
3242.22312716
3242.32880970
3242.42170249
3242.51639629
3242.62494578
3242.70589704
3242.80057939
3242.89448740
3242.98928068
3243.09382024
3243.18856257
3243.28139123
3243.40054886
3243.48143429
3243.57572118
3243.67965780
3243.77421629
3243.86811358
3243.96456988
3244.05837671
3244.15225230
3244.25792191
3244.33986181
3244.43441007
3244.52914727
3244.62299214
3244.72764873
3244.83629964
3244.93741221
3245.04420652
3245.15725990
3245.25389394
3245.34765225
3245.45259653
3245.54637898
3245.64090188
3245.73393583
3245.86328737
3245.94505880
3246.04909782
3246.14469104
3246.23849202
3246.33307514
3246.42785477
3246.52260002
3246.61427059
3246.72627510
3246.80388520
3246.89863825
3247.00326217
3247.09807471
3247.19194518
3247.28568447
3247.38037121
3247.47416292
3247.58286650
3247.66327211
3247.75931297
3247.85245980
3247.94656335
3248.04078222
3248.13418920
3248.23993171
3248.33273283
3248.45235614
3248.54401598
3248.64789799
3248.75356004
3248.84735273
3248.94022114
3249.03488520
3249.12959730
3249.23618851
3249.32010302
3249.41248650
3249.50816529
3249.60290762
3249.70963975
3249.80339904
3249.89606411
3249.98998992
3250.09575804
3250.17729590
3250.27110248
3250.36487104
3250.45754830
3250.55104793
3250.64567566
3250.74940626
3250.86671484
3250.94694174
3251.03975188
3251.13454224
3251.22826544
3251.32190477
3251.41480025
3251.54055706
3251.65210321
3251.72690023
3251.82165499
3251.91457728
3252.01012223
3252.10398806
3252.19778197
3252.29039340
3252.38345662
3252.49024556
3252.57069944
3252.66455674
3252.75751146
3252.85128489
3252.94586874
3253.03862061
3253.13257957
3253.27095400
3253.33098252
3253.42386922
3253.51542593
3253.61018313
3253.70306495
3253.79883640
3253.95517030
3254.06087795
3254.14262939
3254.23548683
3254.32931389
3254.45590551
3254.52677745
3254.62141128
3254.71413804
3254.80796730
3254.91384269
3254.99636724
3255.08991929
