7655.84057147
7655.91444552
7655.98605141
7656.07386942
7656.15431560
7656.22811651
7656.30348804
7656.38300043
7656.45652510
7656.54032561
7656.61424160
7656.68789890
7656.76074310
7656.86661935
7656.95443492
7657.01216341
7657.08688812
7657.16072974
7657.23344716
7657.31749099
7657.39009602
7657.46283465
7657.54016348
7657.60967675
7657.68432782
7657.75618411
7657.83003475
7657.91776596
7657.97745786
7658.04938777
7658.12467128
7658.20611538
7658.27974440
7658.35256861
7658.42752444
7658.51111625
7658.58316612
7658.65601471
7658.72952183
7658.80337491
7658.89133774
7658.94925421
7659.02372169
7659.09561674
7659.17037850
7659.24238717
7659.31600351
7659.38900473
7659.46287585
7659.53654339
7659.61181764
7659.69311179
7659.76591796
7659.85269002
7659.91349149
7659.98535168
7660.05921476
7660.14302259
7660.21589043
7660.28956992
7660.36234293
7660.43523345
7660.52110172
7660.59277563
7660.66648487
7660.76428566
7660.83500188
7660.91901256
7661.00282258
7661.07563314
7661.16122004
7661.23397842
7661.30684383
7661.38065522
7661.45265365
7661.52631680
7661.61098528
7661.69791167
7661.76004678
7661.86329574
7661.93707397
7662.01246281
7662.08617522
7662.16578489
7662.24035550
7662.31220130
7662.38690748
7662.45974656
7662.54450914
7662.63040032
7662.69019778
7662.76387581
7662.84699171
7662.92069217
7662.99427267
7663.06603947
7663.14034531
7663.21371809
7663.29848238
7663.37047886
7663.44422028
7663.54209128
7663.60197895
7663.68559344
7663.75945579
7663.83150834
7663.90518637
7663.97723209
7664.05170445
7664.12449428
7664.19929797
7664.27211755
7664.34498540
7664.41693360
7664.51164751
7664.57538835
7664.65157518
7664.72198860
7664.79470748
7664.86854106
7664.94144792
7665.01325154
7665.10132847
7665.20472493
7665.27843270
7665.35123034
7665.43893375
7665.51129009
7665.58166718
7665.65458940
7665.73823436
7665.81105881
7665.89823462
7665.96957379
7666.04243091
7666.11514394
7666.18910332
7666.26181172
7666.34985988
7666.40947059
7666.48231064
7666.55411012
7666.62787031
7666.70421001
7666.77465878
7666.84832096
7666.92028988
7666.99391524
7667.06777662
7667.14161483
7667.21339382
7667.30207199
7667.36006112
7667.43390713
7667.50668111
7667.57934172
7667.65425440
7667.72550116
7667.80077492
7667.87604820
7667.94637872
7668.02930688
7668.10310877
7668.17697745
7668.26458554
7668.32259442
7668.39827802
7668.47697341
7668.55594381
7668.63474111
7668.71338432
7668.79315100
7668.87226037
7668.95093040
7669.03051862
7669.11178278
7669.19917656
7669.26789672
7669.34769388
7669.42475769
7669.50442612
7669.58326730
7669.66385221
7669.74194636
7669.82261319
7669.90055155
7670.01232116
7670.10690098
7670.19183472
7670.26061047
7670.33832135
7670.41839255
7670.49705381
7670.57661740
7670.65650086
7670.73436169
7670.81324188
7670.89389335
7670.98854071
7671.10428759
7671.20705014
7671.27380349
7671.35365990
7671.43343682
7671.51153487
7671.59016443
7671.66979117
7671.74862650
7671.84242979
7671.90744916
7671.98631326
7672.06475826
7672.14457858
7672.22273758
7672.30238382
7672.38394348
7672.45985481
7672.53989139
7672.62035415
7672.71408332
7672.77716977
7672.87879374
7672.94559048
7673.02447165
7673.10509362
7673.18298663
7673.26269236
7673.34052246
7673.42012360
7673.50094939
7673.62757262
7673.69061226
7673.76949343
7673.84909139
7673.92882516
7674.00862574
7674.08658092
7674.16538577
7674.24495351
7674.32385833
7674.40375325
7674.49648183
7674.56219947
7674.63905995
7674.71878080
7674.79669282
7674.87731235
7674.95825566
7675.03408799
7675.11574152
7675.19356772
7675.27335147
7675.36718133
7675.43082001
7675.50993475
7675.58857552
7675.66917238
7675.74714438
7675.82607187
7675.90667580
7675.98451639
7676.06431282
7676.14397003
7676.23673371
7676.30162119
7676.38043311
7676.45920237
7676.53891834
7676.61681940
7676.69570373
7676.77554844
7676.85615626
7676.95620449
7677.02379703
7677.11743940
7677.18156522
7677.26217548
7677.34084673
7677.42067510
7677.49943485
7677.57731152
7677.65806929
7677.73614150
7677.81565389
7677.89456066
7677.98835151
7678.10606130
7678.18564098
7678.26373611
7678.34338089
7678.42306565
7678.50190659
7678.58164182
7678.66057980
7678.73932248
7678.83207519
7678.89693000
7678.97582823
7679.05652286
7679.13519435
7679.21330776
7679.29294010
7679.37182712
7679.45266974
7679.53126248
7679.61005490
7679.70376627
7679.76685346
7679.84649385
7679.92614862
7680.00528238
7680.08384172
7680.16269192
7680.24253102
7680.32224382
7680.40201148
7680.47895997
7680.57359099
7680.63854795
7680.71710387
7680.79506466
7680.89660159
7680.96451986
7681.07725618
7681.15524110
7681.23567607
7681.31372121
7681.40825081
7681.47335381
7681.55289595
7681.68453677
7681.76266920
7681.84215258
7681.92202361
7682.00176274
7682.08054639
7682.15944096
7682.25311357
7682.31709261
7682.39806103
7682.47686759
7682.55628075
7682.66821469
7682.72509303
7682.80386594
7682.88259644
7682.96054820
7683.04116554
7683.13594821
7683.19794191
7683.27670458
7683.41042608
7683.49108657
7683.56899176
7683.64774810
7683.72737021
7683.80633061
7683.88595954
7683.97899946
7684.04360485
7684.12329669
7684.20206204
7684.28106560
7684.35888449
7684.43852805
7684.51740556
7684.59710496
7684.67789637
7684.75563968
7684.85059838
7684.91229585
7684.99406933
7685.07202524
7685.15058873
7685.22957205
7685.30829425
7685.38894938
7685.46697136
7685.54687702
7685.62740683
7685.71912457
7685.78292904
7685.86266549
7685.94247265
7686.02140770
7686.10118974
7686.21181613
7686.29083164
7686.37144532
7686.45017654
7686.52825801
7686.62176946
7686.68664718
7686.76637047
7686.84520483
7686.92213893
7687.00277748
7687.08255538
7687.16132537
7687.24106133
7687.31904748
7687.39763900
7687.49251139
7687.55715603
7687.63708192
7687.71390534
7687.79280650
7687.90536337
7687.98440180
7688.06397758
7688.14376815
7688.22178063
7688.30134910
7688.39503316
7688.45793871
7688.53869331
7688.61654999
7688.69620403
7688.77618673
7688.85584711
7688.93466440
7689.01263299
7689.09132813
7689.17115479
7689.26496150
7689.33065525
7689.40758350
7689.48715148
7689.56798629
7689.64583054
7689.72552676
7689.80435112
7689.88210857
7689.96289365
7690.04170045
7690.13745763
7690.19933942
7690.27827228
7690.35805676
7690.43683382
7690.51562600
7690.59539634
7690.69603068
7690.76395066
7690.84261313
7690.92257730
7691.01521664
7691.08020432
7691.15987860
7691.23788596
7691.31769287
7691.39641361
7691.47722526
7691.55405697
7691.63475842
7691.71388998
7691.84525383
7691.91606490
7691.99385015
7692.07365462
7692.15239609
7692.23217057
7692.31013941
7692.41098611
7692.47873444
7692.55742032
7692.63821515
7692.73103710
7692.79692663
7692.87353672
7692.95439298
7693.07523987
7693.15505166
7693.23572068
7693.31362027
7693.39229932
7693.47202919
7693.56779954
7693.63174079
7693.70858517
7693.78847888
7693.86508993
7693.94787327
7694.02665911
7694.10548103
7694.18424712
7694.26535086
7694.34181661
7694.43668412
7694.50028087
7694.57928418
7694.65812805
7694.73774869
7694.81753805
7694.89640215
7694.97422519
7695.05498149
7695.13372588
7695.21364056
7695.30622968
7695.37019141
7695.44985325
7695.52965773
7695.60858156
7695.68641874
7695.76604986
7695.84476036
7695.92454606
7696.00446513
7696.08225354
7696.17715153
7696.23980108
7696.32069100
7696.39858254
7696.47818148
7696.55715018
7696.63582898
7696.71559542
7696.79361448
7696.87335069
7696.95399777
7697.04574501
7697.11158993
7697.18856304
7697.26937615
7697.34808861
7697.42676692
7697.50589922
7697.62547512
7697.70506212
7697.78385503
7697.86269012
7697.95545039
7698.02132139
7698.10022036
7698.17981540
7698.25878068
7698.33661225
7698.41520450
7698.49511284
7698.57395085
7698.65454844
7698.73350153
7698.82726995
7698.89108540
7698.97077577
7699.05060145
7699.12847252
7699.20633286
7699.27704616
7699.35577056
7699.45659946
7699.52457283
7699.60224471
7699.69698178
7699.76087378
7699.84068240
7699.91943825
7699.99713109
7700.07718279
7700.15772211
7700.23649454
7700.31553711
7700.41620314
7700.48389833
7700.57965063
7700.64243988
7700.72136835
7700.80201860
7700.87885957
7700.95862893
7701.03753716
7701.14017148
7701.20688972
7701.28485465
7701.36550953
7701.46040533
7701.52423589
7701.60299881
7701.68094277
7701.76153817
7701.84031547
7701.92015847
7702.03099843
7702.13157231
7702.20039244
7702.26738569
7702.36299463
7702.42780775
7702.50565687
7702.58433665
7702.66325146
7702.74210825
7702.86478225
7702.94547809
7703.02231881
7703.10393309
7703.19772589
7703.26656698
7703.34156938
7703.42028183
7703.50107788
7703.57697921
7703.65755510
7703.73639531
7703.81613493
7703.89335234
7703.97380925
7704.06747283
7704.13149454
7704.21015262
7704.28988103
7704.36883656
7704.44751536
7704.52643773
7704.60652137
7704.68507388
7704.76394749
7704.84366346
7704.93662878
7705.00455631
7705.08112617
7705.16004537
7705.23980132
7705.31961628
7705.39857474
7705.47729328
7705.55506244
7705.63482425
7705.71467553
7705.80925413
7705.87215358
7705.95093942
7706.02969966
7706.10854304
7706.18850184
7706.26806617
7706.34586579
7706.42458580
7706.50362837
7706.58319977
7706.68006872
7706.74381906
7706.82060493
7706.89960800
7706.97834362
7707.05903361
7707.13693052
7707.21656920
7707.29643902
7707.37327389
7707.45325415
7707.54677486
7707.61167819
7707.69167478
7707.77043624
7707.84925889
7707.92802693
7708.00669062
7708.08542745
7708.16614475
7708.24733772
7708.32707954
7708.41771086
7708.48234282
7708.56212146
7708.64009760
7708.71907337
7708.79861940
7708.87645024
7708.95721825
7709.03598629
7709.11497888
7709.19449224
7709.28743342
7709.35222484
7709.43186596
7709.51174577
7709.59061962
7709.66833416
7709.74736844
7709.82601994
7709.90569934
7709.98449981
7710.08727382
7710.16911289
7710.23313167
7710.31271135
7710.39245000
7710.47044662
7710.55013139
7710.62879581
7710.73966357
7710.84244344
7710.90824691
7711.00297423
7711.06691890
7711.14691696
7711.22641130
7711.30614776
7711.38393032
7711.46367018
7711.54241506
7711.70813997
7711.78786033
7711.90368913
7711.95643196
7712.03522609
7712.11412043
7712.19394611
7712.27272976
7712.35036335
7712.43039725
7712.51004544
7712.58895660
7712.66857578
7712.74739160
7712.84241443
7712.90506982
7712.98489624
7713.06461855
7713.14154339
7713.22211635
7713.30138177
7713.38081955
7713.45945545
7713.53829346
7713.61725167
7713.71580656
7713.77655440
7713.85868433
7713.93318448
7714.01531222
7714.09087855
7714.17076665
7714.24934013
7714.33000623
7714.40787607
7714.48861556
7714.58143800
7714.64616797
7714.72606168
7714.80379036
7714.88265154
7714.96246844
7715.04029660
7715.12091101
7715.20218882
7715.27799653
7715.35636667
7715.45311347
7715.51488750
7715.59457519
7715.67336420
7715.75322475
7715.83202765
7715.91192429
7715.99058578
7716.07179119
7716.15159785
7716.22794267
7716.32083874
7716.38897254
7716.46556458
7716.54407199
7716.62500433
7716.70363827
7716.78395597
7716.86040318
7716.93919024
7717.01800997
7717.09801534
7717.19262223
7717.25654056
7717.33438748
7717.41415880
7717.49382723
7717.57361293
7717.65233343
7717.73009575
7717.80905250
7717.88778129
7717.96856734
7718.06454443
7718.12533835
7718.20486658
7718.28816022
7718.36253871
7718.44439777
7718.52206111
7718.60090375
7718.67973738
7718.75872631
7718.83749971
7718.93212318
7719.00232911
7719.07564069
7719.15447359
7719.23416225
7719.31402963
7719.39423200
7719.47055244
7719.54930073
7719.63025989
7719.70792591
7719.80167678
7719.86479785
7719.94537910
7720.02517236
7720.10403695
7720.18369685
7720.26159985
7720.34064973
7720.42036790
7720.50097378
7720.58126587
7720.67351536
7720.73642798
7720.81626488
7720.89501463
7720.97502805
7721.05252706
7721.13229350
7721.24209118
7721.32410530
7721.40185349
7721.51744628
7721.57136062
7721.65011939
7721.72827425
7721.80772642
7721.88756869
7721.96574817
7722.03919726
7722.11808550
7722.19687304
7722.27661072
7722.35450348
7722.45272874
7722.51211270
7722.59192376
7722.66772220
7722.73649063
7722.81652697
7722.89418836
7722.96296045
7723.04177140
7723.11943474
7723.20171340
7723.27834225
7723.36109902
7723.42391143
7723.50267093
7723.58253734
7723.64829033
7723.71624298
7723.79510123
7723.87413868
7723.95348674
7724.02035298
7724.12108850
7724.19994358
7724.29277626
7724.35743846
7724.43623917
7724.51426066
7724.59379500
7724.67256474
7724.75051212
7724.82915241
7724.91007914
7724.98775662
7725.06564231
7725.14365137
7725.23725985
7725.30206833
7725.38178552
7725.45970779
7725.52744930
7725.60618028
7725.68413765
7725.75181577
7725.81877831
7725.89939930
7725.97727500
7726.05510047
7726.15001968
7726.21276187
7726.29236593
7726.37211628
7726.43800825
7726.51783004
7726.59659247
7726.69631253
7726.76420934
7726.84296885
7726.92181662
7727.01552238
7727.07939780
7727.15821655
7727.23682929
7727.31564511
7727.39550786
7727.47325604
7727.54220051
7727.61901271
7727.69785877
7727.77742333
7727.84441196
7727.92915333
7727.99195867
7728.06980633
7728.14857364
7728.21736353
7728.29520388
7728.37492472
7728.45268486
7728.51880089
7728.59941993
7728.67728563
7728.75706694
7728.85179719
7728.91457181
7728.99257649
7729.07209717
7729.15088325
7729.22797827
7729.30771399
7729.38538269
7729.46502503
7729.54401591
7729.62185699
7729.70155565
7729.79536113
7729.85833568
7729.92595821
7730.00577487
7730.08450171
7730.16258367
7730.23021425
7730.30791342
7730.38693795
7730.46756138
7730.54456473
7730.61246715
7730.70798905
7730.76990644
7730.84963680
7730.92826294
7731.00638854
7731.08493837
7731.16367350
7731.24270120
7731.30950623
7731.38924463
7731.46825917
7731.54696284
7731.63151892
7731.69352237
7731.77154850
7731.85110063
7731.92893561
7732.00773486
7732.08649583
7732.16617645
7732.24399290
7732.32299353
7732.40152873
7732.48132492
7732.57608199
7732.63809934
7732.71662942
7732.78354100
7732.86147716
7732.94205159
7733.01892182
7733.09877798
7733.17744801
7733.25653666
7733.33517572
7733.41390914
7733.49668541
7733.55976455
7733.63941786
7733.71818029
7733.78587450
7733.86374898
7733.95349918
7734.03239571
7734.11013243
7734.18902555
7734.26869007
7734.34662502
7734.43143856
7734.49406519
7734.57288906
7734.65492756
7734.73076257
7734.80839422
7734.86908451
7734.94793935
7735.02574312
7735.10551346
7735.18421348
7735.26203164
7735.35887133
7735.41893186
7735.49780498
7735.57554512
7735.65605957
7735.73385530
7735.81294151
7735.89044466
7735.97029668
7736.04813800
7736.12706988
7736.20567774
7736.29157258
7736.35148048
7736.43210465
7736.50986185
7736.57687852
7736.65473861
7736.73639872
7736.81436999
7736.89282205
7736.97176929
7737.05050491
7737.12938047
7737.22316352
7737.27492087
7737.34381146
7737.42159621
7737.50134827
7737.58804329
7737.65699141
7737.73698606
7737.81462258
7737.89531208
7737.96098462
7738.06204197
7738.15763970
7738.21947468
7738.28645282
7738.35604167
7738.43277756
7738.51346999
7738.59168093
7738.65836138
7738.72797193
7738.80594027
7738.88556043
7738.95256831
7739.03040232
7739.12592934
7739.18793767
7739.26770216
7739.34550666
7739.41333838
7739.49223467
7739.57097930
7739.64968395
7739.73044684
7739.80630404
7739.88621920
7739.96578425
7740.06154363
7740.11145803
7740.19029531
7740.26912064
7740.34690150
7740.42600965
7740.50556056
7740.58426009
7740.66405652
7740.72892766
7740.79865354
7740.87739720
7740.97208332
7741.02219008
7741.09181331
7741.17156293
7741.26947270
7741.33631699
7741.41702600
7741.49577868
7741.57368656
7741.65334621
7741.71933814
7741.79897707
7741.89184218
7741.95749887
7742.03636224
7742.11317030
7742.19395343
7742.27186301
7742.34960242
7742.42936886
7742.50807790
7742.58789676
7742.66502006
7742.74460998
7742.82547137
7742.92303152
7743.00089576
7743.08083969
7743.15942512
7743.22637108
7743.30707911
7743.38386668
7743.48581687
7743.54478538
7743.62052043
7743.71600771
7743.77781782
7743.85591002
7743.93553139
7744.01431455
7744.09395859
7744.19369036
7744.26076797
7744.34039032
7744.41813680
7744.49795858
7744.56590587
7744.64864459
7744.71237421
7744.79019383
7744.87006877
7744.94623780
7745.02667447
7745.10650918
7745.18519749
7745.26200043
7745.33080080
7745.41066257
7745.48745575
7745.58306616
7745.64727657
7745.72385472
7745.80275880
7745.88158146
7745.95922748
7746.03882448
7746.11779537
7746.19654634
7746.27434646
7746.35301283
7746.43213025
7746.52656256
7746.59267835
7746.65733226
7746.73624049
7746.81695876
7746.89289763
7746.96054113
7747.02933590
7747.10816074
7747.18605448
7747.26598111
7747.33359900
7747.40151898
7747.49520427
7747.55908749
7747.63683982
7747.71470064
7747.79452535
7747.87520194
7747.95194270
7748.03075877
7748.09653907
7748.17973567
7748.25714277
7748.32298963
7748.40586172
7748.47065923
7748.54860319
7748.62856297
7748.70624460
7748.78498899
7748.86474884
7748.94350177
7749.01032070
7749.08905607
7749.16811181
7749.24874767
7749.34047565
7749.40353334
7749.47211575
7749.54893087
7749.62969279
7749.70744341
7749.78639626
7749.86601300
7749.94485540
7750.02358199
7750.10139405
7750.17925317
7750.27195980
7750.33476661
7750.41174387
7750.48045062
7750.55952854
7750.63831560
7750.71710339
7750.79557812
7750.86258016
7750.94131260
7751.02209280
7751.09992364
7751.19375301
7751.25670684
7751.33627506
7751.43627160
7751.49498508
7751.57175608
7751.65153422
7751.72949184
7751.80808872
7751.87515659
7751.95283285
7752.03260660
7752.14737629
7752.19106111
7752.27098457
7752.34766413
7752.42748153
7752.50546207
7752.57225174
7752.65392599
7752.73185362
7752.79964755
7752.87653582
7752.95616402
7753.05091012
7753.16757933
7753.24639637
7753.31350568
7753.39400672
7753.47279378
7753.53979557
7753.61848315
7753.69719244
7753.77531657
7753.85576349
7753.95049983
7754.01133641
7754.09022368
7754.16996964
7754.24789239
7754.31469109
7754.39346595
7754.47422762
7754.55310318
7754.63081163
7754.73147011
7754.82441933
7754.88823014
7754.96692211
7755.04395667
7755.12458668
7755.20430509
7755.28125529
7755.34983038
7755.41688215
7755.49558412
7755.57534349
7755.64219583
7755.73693364
7755.79973118
7755.87959148
7755.95831564
7756.03528461
7756.10482104
7756.18372123
7756.26147112
7756.32961686
7756.39732936
7756.47696170
7756.55674960
7756.64667120
7756.70344713
7756.77957666
7756.85817574
7756.93681188
7757.01566745
7757.08355646
7757.16316369
7757.24233109
7757.31898043
7757.39879392
7757.47666450
7757.57518794
7757.63606377
7757.70111557
7757.76896460
7757.84960583
7757.92845287
7758.00625737
7758.07518526
7758.25070912
7758.32948984
7758.42544572
7758.48626865
7758.56475240
7758.64474656
7758.72444254
7758.80454300
7758.87010875
7758.94984862
7759.02865616
7759.10546177
7759.17351048
7759.24204925
7759.33881531
7759.39899702
7759.47774214
7759.54541977
7759.62417806
7759.70388866
7759.78274204
7759.84850333
7759.92729770
7760.00626517
7760.08592214
7760.18481496
7760.27040966
7760.33260743
7760.41004135
7760.49010548
7760.56869407
7760.63648800
7760.71549181
7760.79411112
7760.89458284
7760.95149360
7761.03028139
7761.10921912
7761.20304801
7761.28779597
7761.35546628
7761.43636985
7761.55617787
7761.62747973
7761.69494085
7761.77095068
7761.85292676
7761.92739473
7762.00715215
7762.10326139
7762.16457218
7762.24243520
7762.32375422
7762.38830109
7762.46888454
7762.54686507
7762.62546293
7762.70351905
7762.78307435
7762.86189432
7762.94418151
7763.02453285
7763.07638285
7763.15507580
7763.23395843
7763.31180024
7763.39153376
7763.46946602
7763.54836938
7763.62783837
7763.70812412
7763.77448640
7763.85340439
7763.95025944
7764.01084709
7764.08777461
7764.15670420
7764.23526964
7764.31507484
7764.38017370
7764.45067855
7764.52767092
7764.60763168
7764.68621174
7764.76499222
7764.85858753
7764.92344526
7765.00033426
7765.07835893
7765.14601754
7765.22579690
7765.30358995
7765.38338833
7765.45119420
7765.52997297
7765.60816148
7765.68850453
7765.76930447
7765.83412124
7765.91297462
7766.01283999
7766.08146579
7766.15755437
7766.22750674
7766.30599659
7766.38581570
7766.46182820
7766.54140301
7766.62038682
7766.71404285
7766.77810161
7766.85478459
7766.92477598
7767.00675426
7767.08552010
7767.16010876
7767.23969600
7767.31867298
7767.39737446
7767.47605108
7767.55402235
7767.64854048
7767.71151454
7767.79026527
7767.85802409
7767.92609840
7768.00465823
7768.08348137
7768.18346840
7768.25107654
7768.33011302
7768.40861677
7768.48750817
7768.57046632
7768.62308091
7768.70103049
7768.82354674
7768.89229835
7768.97135994
7769.04901620
7769.12868561
7769.20746438
7769.28635261
7769.36407398
7769.45781461
7769.52183022
7769.60151230
7769.67933095
7769.75914176
7769.83605563
7769.91671271
7769.98265929
7770.05241320
7770.12941777
7770.20939974
7770.28795542
7770.38159804
7770.44559975
7770.52442289
7770.60313047
7770.66982579
7770.74780389
7770.82848729
7770.90547040
7770.97308221
7771.04195548
7771.12084591
7771.20063966
7771.29323804
7771.34618104
7771.42485180
7771.50366641
7771.58185101
7771.66043498
7771.73913158
7771.81805273
7771.89668741
7771.97558247
7772.05444877
7772.13301957
7772.22782296
7772.29067999
7772.36850619
7772.44828677
7772.52718989
7772.60592233
7772.68472158
7772.76235883
7772.83133158
7772.90821009
7772.98782074
7773.05565319
7773.13754613
7773.20242654
7773.28120336
7773.35893886
7773.42774704
7773.49560997
7773.57339935
7773.65224590
7773.73184655
7773.81067457
7773.88945187
7774.00547401
7774.05715944
7774.13611083
7774.20308482
7774.28276691
7774.36138915
7774.42840045
7774.50816104
7774.58592873
7774.66458071
7774.74436544
7774.82120787
7774.90697276
7774.96910372
7775.05260045
7775.13443000
7775.25802243
7775.33003426
7775.41167048
7775.49146130
7775.57327891
7775.65421564
7775.74774927
7775.81570216
7775.89557442
7775.99925565
7776.07995881
7776.16185517
7776.24344408
7776.32431961
7776.40611967
7776.48586709
7776.60448995
7776.67125476
7776.75214321
7776.83306579
7776.91370873
7776.99458962
7777.07648086
7777.15802662
7777.23887460
7777.31871199
7777.40136416
7777.49716864
7777.56300843
7777.64571961
7777.72659684
7777.80724319
7777.88822234
7777.96889502
7778.04966132
7778.13171007
7778.21227791
7778.29407528
7778.42184953
7778.47864911
7778.56042795
7778.64022438
7778.72111552
7778.80262910
7778.88347781
7778.96625164
7779.04619850
7779.12705696
7779.20870268
7779.33342541
7779.41511990
7779.49684876
7779.57774428
7779.65843037
7779.73736981
7779.82108402
7779.90090678
7779.98457441
7780.06440717
7780.16026919
7780.22509205
7780.31072187
7780.38865730
7780.46938971
7780.55111004
7780.63212064
7780.71293912
7780.79356669
7780.88539317
7780.96618508
7781.06311498
7781.14069494
7781.21966509
7781.30228923
7781.38394007
7781.47473865
7781.55651530
7781.63933521
7781.71822247
7781.80080930
7781.89656916
7781.96344856
7782.04516596
7782.12592154
7782.20582134
7782.31862398
7782.40130809
7782.48219239
7782.56381447
7782.64551773
7782.74028260
7782.80824013
7782.88809970
7782.96983686
7783.05053782
7783.13227278
7783.24595971
7783.31680516
7783.39688368
7783.47935445
7783.57321357
7783.64089559
7783.72166141
7783.80345707
7783.88335444
7783.96715495
7784.10087645
7784.18360152
7784.26329920
7784.34514607
7784.43990485
7784.50773778
7784.58841802
7784.66926308
7784.75113213
7784.83391132
7784.91153541
7784.99345249
7785.07510675
7785.15506897
7785.23668910
7785.33149688
7785.39940223
7785.48004321
7785.56097311
7785.64261396
7785.72340611
7785.80617555
7785.88524299
7785.96676729
7786.04763185
7786.12935779
7786.22421702
7786.29110519
7786.37363010
7786.45344725
7786.53432522
7786.61709685
7786.69778099
7786.77860971
7786.86140914
