3274.96796468
3275.06073727
3275.15495712
3275.31077318
3275.40602092
3275.49873548
3275.60341596
3275.69824313
3275.80299261
3275.89394761
3275.99934854
3276.08323355
3276.17577916
3276.27070922
3276.36372562
3276.45701972
3276.55050131
3276.64302278
3276.73552523
3276.84430731
3276.92316546
3277.01692061
3277.11054385
3277.20632651
3277.30008580
3277.39184658
3277.48589234
3277.57952583
3277.68365895
3277.76649729
3277.86032924
3277.95378839
3278.04746479
3278.14028516
3278.23397911
3278.32896695
3278.42247439
3278.52718705
3278.60910867
3278.70377492
3278.79644950
3278.88972434
3278.98346291
3279.07647906
3279.17014131
3279.26329425
3279.37098772
3279.45383703
3279.54441656
3279.67184127
3279.74280342
3279.83772397
3279.93015060
3280.02317846
3280.11765918
3280.22451565
3280.30466478
3280.39847502
3280.49224016
3280.58403410
3280.67777535
3280.80355240
3280.89776737
3281.00753346
3281.08529959
3281.17918054
3281.27185829
3281.36754148
3281.46224553
3281.55420160
3281.64687813
3281.74277319
3281.84828116
3281.92810431
3282.02102392
3282.11478613
3282.20926368
3282.30242344
3282.39624807
3282.52191199
3282.59292656
3282.70271533
3282.78125409
3282.87404765
3282.96880656
3283.06246418
3283.15519044
3283.24819953
3283.34201197
3283.51223788
3283.59333079
3283.68608315
3283.77925144
3283.87388381
3283.97863109
3284.08324233
3284.17520036
3284.29308043
3284.38459886
3284.47932437
3284.57214669
3284.66494196
3284.75911109
3284.85196682
3284.94739913
3285.03924110
3285.14499312
3285.22692717
3285.32085371
3285.41383086
3285.50842227
3285.60311949
3285.69503485
3285.78963406
3285.88352720
3285.98721537
3286.06999374
3286.16459782
3286.25734555
3286.35021176
3286.44498529
3286.53863145
3286.63048610
3286.77006788
3286.82992744
3286.92276537
3287.01736312
3287.11036831
3287.20402129
3287.29781837
3287.39056756
3287.48413204
3287.59102143
3287.72483053
3287.82023041
3287.91193878
3288.01626354
3288.11091736
3288.20458888
3288.29842521
3288.40411677
3288.48413765
3288.57768385
3288.67242861
3288.76528483
3288.85810765
3288.95274562
3289.04652539
3289.13947255
3289.24708727
3289.32768622
3289.42141552
3289.51423029
3289.60864518
3289.70283016
3289.79652972
3289.88947444
3289.98317570
3290.08881484
3290.16957811
3290.26448014
3290.35713984
3290.45083452
3290.54458747
3290.63836773
3290.73109326
3290.82477648
3290.96239559
3291.03426812
3291.12790185
3291.22181644
3291.31446884
3291.40749060
3291.50106996
3291.64864599
3291.75539398
3291.83656978
3291.93053679
3292.02731151
3292.11715596
3292.20093199
3292.27772605
3292.36759731
3292.45028595
3292.53110433
3292.62195254
3292.69067651
3292.76958953
3292.85037572
3292.94218990
3293.03428568
3293.11370800
3293.19340218
3293.27412645
3293.35537442
3293.45947488
3293.52617329
3293.61645244
3293.69717281
3293.77811432
3293.86869994
3293.95940820
3294.04132981
3294.12021722
3294.20187187
3294.29468225
3294.37256078
3294.45328822
3294.53436187
3294.61426523
3294.69507142
3294.78404278
3294.87617269
3294.96787740
3295.04972465
3295.14246579
3295.20823773
3295.30005556
3295.37989944
3295.46266415
3295.54042467
3295.62121184
3295.70211873
3295.79287282
3295.87264453
3295.97731428
3296.04416580
3296.12592065
3296.21514338
3296.30748175
3296.38773913
3296.46747743
3296.54794668
3296.62961180
3296.71840470
3296.82719604
3296.89189254
3296.97075093
3297.05149081
3297.14241045
3297.23308555
3297.31404071
3297.39466697
3297.47547364
3297.56609023
3297.66997955
3297.75976645
3297.84013622
3297.91863037
3297.99971279
3298.09021259
3298.18378391
3298.26258891
3298.34252665
3298.42238418
3298.52584902
3298.60396161
3298.68545168
3298.76436933
3298.84423953
3298.93577406
3299.01691671
3299.09764317
3299.17736636
3299.25748988
3299.33701412
3299.46068125
3299.55152506
3299.64404531
3299.72709162
3299.80277782
3299.88437956
3299.96531033
3300.05596081
3300.19257762
3300.24951512
3300.32973154
3300.40989090
3300.50163267
3300.59238311
3300.67384636
3300.75380921
3300.83357653
3300.91344235
3301.00514779
3301.10982583
3301.23196890
3301.31036479
3301.39030839
3301.48285570
3301.57280961
3301.66639750
3301.74520177
3301.82514488
3301.91973994
3301.99755313
3302.07640299
3302.15816370
3302.23635162
3302.31851534
3302.39931421
3302.49102867
3302.57111831
3302.65109189
3302.73147531
3302.82518706
3302.90212082
3303.00471649
3303.08549318
3303.16430379
3303.24513631
3303.32623824
3303.41681826
3303.54166493
3303.63313339
3303.70104840
3303.79266607
3303.88359400
3303.97468138
3304.05576893
3304.13476191
3304.21544522
3304.30707288
3304.38800146
3304.48084842
3304.54854620
3304.62838691
3304.70821981
3304.79902389
3304.89070421
3304.96956261
3305.05238876
3305.13201686
3305.21288742
3305.31664337
3305.38459204
3305.46500423
3305.54332551
3305.63620294
3305.72693168
3305.81784767
3305.89848319
3305.97924403
3306.05911399
3306.19479872
3306.27451703
3306.35419682
3306.43596972
3306.51486371
3306.59379525
3306.67506882
3306.75514505
3306.87987835
3306.94895951
3307.05263671
3307.12042568
3307.21111907
3307.30277794
3307.38276566
3307.46342386
3307.54411375
3307.62289462
3307.71564405
3307.80743872
3307.90229539
3307.97720457
3308.05694092
3308.14980811
3308.24138067
3308.32133694
3308.41401469
3308.49364401
3308.57246462
3308.66327382
3308.75697313
3308.82498762
3308.90473812
3308.98450665
3309.07534511
3309.16894884
3309.24772995
3309.32851274
3309.40827762
3309.48878831
3309.59323156
3309.66089863
3309.75263527
3309.83148782
3309.91232107
3309.99210034
3310.07390785
3310.19669897
3310.27825585
3310.35714691
3310.45182171
3310.52970292
3310.61964196
3310.70032063
3310.78000920
3310.86085147
3310.94062294
3311.03322998
3311.12300299
3311.20478880
3311.29560824
3311.36451459
3311.45538010
3311.53701232
3311.61585023
3311.70840535
3311.78915424
3311.86800679
3311.95976587
3312.04059058
3312.13430916
3312.20225172
3312.28012074
3312.37164308
3312.46349944
3312.54433050
3312.62517082
3312.70290550
3312.78378629
3312.87543541
3312.96685803
3313.03548278
3313.11553657
3313.19620794
3313.27685736
3313.36696975
3313.44710302
3313.52816667
3313.61670722
3313.70849848
3313.81322626
3313.89092681
3314.00145579
3314.08142985
3314.16218314
3314.25310131
3314.33323093
3314.42691269
3314.50782591
3314.58757446
3314.68131790
3314.74719589
3314.82803621
3314.92082977
3315.01208562
3315.09198314
3315.17294268
3315.25349726
3315.33417155
3315.42578410
3315.52986724
3315.59668756
3315.67850434
3315.75917789
3315.83905273
3315.91980309
3316.00056564
3316.08130697
3316.16308596
3316.24189267
3316.33391677
3316.42855645
3316.50558847
3316.59724686
3316.67850190
3316.75980960
3316.83908053
3316.92040579
3317.01224069
3317.09180686
3317.17355830
3317.26533566
3317.33201408
3317.41569283
3317.49353942
3317.58643587
3317.67718094
3317.75984203
3317.83959228
3317.91847311
3318.00010874
3318.10488601
3318.18370418
3318.27534086
3318.35613657
3318.43472092
3318.51540740
3318.59709570
3318.68883088
3318.78069065
3318.86149830
3318.96424854
3319.03224353
3319.11373629
3319.20471103
3319.29735855
3319.42001069
3319.49053569
3319.57013015
3319.65191816
3319.73276604
3319.83635888
3319.90362830
3319.98455810
3320.06536672
3320.14409249
3320.22576932
3320.31654195
3320.40826104
3320.49110718
3320.57109783
3320.67412016
3320.74105458
3320.82278627
3320.91549279
3320.99524718
3321.07577738
3321.15751297
3321.23540978
3321.31755668
3321.40840879
3321.51319849
3321.58093090
3321.67176691
3321.75341790
3321.83432332
3321.92614335
3322.01592221
3322.09677179
3322.17953626
3322.25922068
3322.35192793
3322.41973299
3322.51116025
3322.60258579
3322.68425726
3322.76495447
3322.84380677
3322.93653109
3323.02662641
3323.11922858
3323.22284190
3323.29406541
3323.37059836
3323.45140674
3323.53209712
3323.62401248
3323.71661124
3323.79740889
3323.87720913
3323.95616700
3324.03809861
3324.14273350
3324.22045794
3324.31316177
3324.39396845
3324.47364093
3324.55449539
3324.64713925
3324.73712023
3324.83086952
3324.90963429
3325.00339504
3325.07143611
3325.19486138
3325.28765274
3325.37751962
3325.45913964
3325.53946455
3325.63011698
3325.71097705
3325.80496381
3325.87278496
3325.95262737
3326.03322974
3326.11418636
3326.19492306
3326.27559004
3326.36745615
3326.45926423
3326.53902813
3326.62312745
3326.71173578
3326.77958936
3326.87208645
3326.95305989
3327.04477484
3327.12612228
3327.20573844
3327.29712863
3327.37797530
3327.46885154
3327.57331990
3327.64229842
3327.72219032
3327.80204395
3327.88294840
3327.97553740
3328.05518720
3328.14692823
3328.22771955
3328.30678714
3328.38702501
3328.48050148
3328.55926479
3328.64921553
3328.73127709
3328.81170343
3328.89142077
3328.97252392
3329.06353816
3329.15521556
3329.24785747
3329.33951585
3329.40739405
3329.49915484
3329.57895190
3329.67088286
3329.75247338
3329.83253157
3329.92504572
3330.00494616
3330.08564507
3330.19139880
3330.26989660
3330.39266553
3330.46247251
3330.54222398
3330.62385303
3330.70396656
3330.79546598
3330.88724505
3330.96700017
3331.05984469
3331.12779920
3331.20936876
3331.30120196
3331.39299882
3331.47366433
3331.55344555
3331.63407132
3331.72782549
3331.80773226
3331.91334507
3331.97864670
3332.06046982
3332.15205823
3332.23184188
3332.31275364
3332.40334901
3332.49610844
3332.57691780
3332.65960034
3332.76557740
3332.84921178
3332.94218405
3333.06880809
3333.15139238
3333.24612276
3333.33931373
3333.43165356
3333.53972250
3333.62131936
3333.71510840
3333.87286006
3333.96754557
3334.06051175
3334.15598404
3334.24881588
3334.35577354
3334.43538701
3334.53160414
3334.62463493
3334.71844151
3334.81393672
3334.90765505
3335.00013263
3335.09399017
3335.20102488
3335.28180571
3335.37568203
3335.47024735
3335.56407685
3335.66877830
3335.76170059
3335.85575342
3335.97546523
3336.05442042
3336.14826114
3336.27380584
3336.36883562
3336.46323295
3336.55663092
3336.65042117
3336.75642992
3336.84018425
3336.93447724
3337.05932245
3337.14294073
3337.23675707
3337.32952503
3337.42423128
3337.53092708
3337.61117519
3337.70558838
3337.79933816
3337.89233432
3337.99866709
3338.09108616
3338.18613569
3338.27774019
3338.38542830
3338.46801991
3338.56177554
3338.65646227
3338.74923779
3338.84304877
3338.96987322
3339.04159752
3339.13542336
3339.24202165
3339.32374188
3339.41755944
3339.51132457
3339.65956694
3339.75258310
3339.84727032
3339.94121052
3340.04806139
3340.12958535
3340.22226578
3340.31702274
3340.41102096
3340.50474002
3340.60013283
3340.69387992
3340.78769724
3340.89235456
3340.97415841
3341.06952733
3341.16280095
3341.25541311
3341.35087541
3341.44378210
3341.53857197
3341.63108807
3341.74901885
3341.84152471
3341.93454355
3342.03322901
3342.12314562
3342.21603768
3342.31069686
3342.40454734
3342.49931794
3342.60324968
3342.68593516
3342.78109537
3342.90640650
3342.99006209
3343.08511113
3343.17874412
3343.27252877
3343.37911145
3343.46026238
3343.55254419
3343.64527752
3343.73919992
3343.84294490
3343.93677026
3344.03259169
3344.12575657
3344.23201840
3344.31342411
3344.40812304
3344.50185137
3344.59553824
3344.68928388
3344.78307071
3344.87773161
3344.96955383
3345.07833128
3345.15797328
3345.25206537
3345.34654341
3345.44026637
3345.53312332
3345.62775081
3345.72053437
3345.81432657
3345.92131300
3346.00294156
3346.09698927
3346.19238208
3346.28534606
3346.37923945
3346.47195962
3346.56849151
3346.66338719
3346.76591386
3346.84940390
3346.94310955
3347.03601087
3347.13012856
3347.22500986
3347.31820009
3347.41213127
3347.50621311
3347.61138316
3347.69380873
3347.78758240
3347.91531115
3348.00714507
3348.10190593
3348.19659511
3348.28942841
3348.39594233
3348.47877628
3348.57215596
3348.69778185
3348.78020693
3348.87448529
3348.96818972
3349.06206969
3349.16966150
3349.24941370
3349.34310472
3349.49196466
3349.58651754
3349.67951005
3349.77314938
3349.86785416
3349.97444977
3350.05537152
3350.15007557
3350.24377000
3350.33755928
3350.43231648
3350.52507005
3350.61977703
3350.71262276
3350.81938781
3350.90109170
3350.99362609
3351.08833161
3351.18225790
3351.32070304
3351.39267163
3351.48470670
3351.59323156
3351.67403873
3351.76678743
3351.89352338
3351.98619113
3352.08188797
3352.17673197
3352.27047858
3352.37617403
3352.45896142
3352.55086361
3352.64447929
3352.73940643
3352.92038969
3353.01416995
3353.12083406
3353.20167219
3353.29453182
3353.38923611
3353.48293835
3353.58780973
3353.68152855
3353.77640741
3353.91611450
3353.99579527
3354.09063536
3354.18526797
3354.27826609
3354.37253811
3354.46724435
3354.56100583
3354.70862843
3354.77248305
3354.87909133
3354.98392614
3355.08875925
3355.19527439
3355.28818839
3355.38478635
3355.49048059
3355.64122395
3355.73372738
3355.82683374
3355.92175039
3356.01535998
3356.10918266
3356.20484464
3356.31348604
3356.39531501
3356.48801934
3356.58291502
3356.67758445
3356.78325430
3356.87662057
3356.98352142
3357.08899550
3357.17287734
3357.26799050
3357.36107273
3357.45545325
3357.54934882
3357.64608648
3357.75089618
3357.86754940
3357.94941397
3358.04407730
3358.13801237
3358.23463471
3358.32940971
3358.42335137
3358.51608983
3358.61158699
3358.71637157
3358.79912165
3358.90398206
3359.00882736
3359.10555015
3359.19923556
3359.29391986
3359.38806071
3359.49682694
3359.57753878
3359.68338759
3359.78855642
3359.89334540
3359.99848814
3360.09326972
3360.18799254
3360.29300143
3360.37654730
3360.47232631
3360.57620368
3360.68187403
3360.81964503
3360.93514674
3361.03160597
3361.14621875
3361.24193802
3361.33667328
3361.43069246
3361.52540822
3361.63007577
3361.73669649
3361.85344309
3362.00090380
3362.09481644
3362.18953415
3362.28428574
3362.38097634
3362.48498050
3362.59193377
3362.68479559
3362.77769448
3362.88337726
3362.98908661
3363.08372142
3363.17860515
3363.27428151
3363.37895590
3363.47183040
3363.56743411
3363.66224884
3363.76894124
3363.86076590
3363.96738125
3364.06062366
3364.16785024
3364.26237289
3364.35692724
3364.45164446
3364.55734162
3364.66214644
3364.79882152
3364.88345064
3364.99025982
3365.07201248
3365.16778514
3365.26144520
3365.35617558
3365.45107614
3365.60009699
3365.69355151
3365.81095030
3365.90452332
3365.99735443
3366.09411842
3366.16885156
3366.26467055
3366.35842813
3366.48513141
3366.55797089
3366.66647650
3366.74833692
3366.84206743
3366.93760238
3367.05410834
3367.15956877
3367.25321542
3367.34698592
3367.45461479
3367.54655989
3367.64223795
3367.73601650
3367.84274376
3367.93733980
3368.03107983
3368.12586628
3368.23469250
3368.32442649
3368.46418917
3368.53677753
3368.62970372
3368.72630339
3368.82003342
3368.91386560
3369.02046559
3369.11524668
3369.22090094
3369.32564018
3369.43040672
3369.60194433
3369.69567558
3369.80447644
3369.88521265
3369.97953904
3370.07506156
3370.17879045
3370.28550259
3370.42234200
3370.49500301
3370.61364376
3370.69561780
3370.79120565
3370.88416086
3370.99141109
3371.13875721
3371.23360584
3371.32699624
3371.46708514
3371.53825818
3371.63272574
3371.72820949
3371.82298741
3371.92872383
3372.03261119
3372.12725673
3372.23514013
3372.32761723
3372.42147550
3372.51722939
3372.61086068
3372.70460656
3372.80037654
3372.89417069
3372.98995140
3373.09862791
3373.18940371
3373.28308473
3373.38788712
3373.49513271
3373.58724678
3373.68224803
3373.77683066
3373.88255537
3373.99721887
3374.07011467
3374.16493818
3374.25913633
3374.36575411
3374.47043532
3374.56516692
3374.67109619
3374.75487369
3374.84865540
3374.94429909
3375.03721504
3375.14273081
3375.23748167
3375.39712627
3375.49193735
3375.61727237
3375.71398565
3375.80738386
3375.90235195
3376.00719335
3376.10206758
3376.23153175
3376.32237435
3376.42905626
3376.52387173
3376.61772147
3376.71225363
3376.80800460
3376.92626818
3377.04418945
3377.12566831
3377.23083641
3377.33625124
3377.44034243
3377.53463225
3377.62862316
3377.72212474
3377.82993768
3377.91270897
3378.00662771
3378.10210975
3378.20578257
3378.30059682
3378.40431133
3378.49906024
3378.61714852
3378.69854009
3378.79231499
3378.88707535
3378.97985867
3379.07463221
3379.17034441
3379.26418464
3379.35811337
3379.46356990
3379.58024969
3379.67220382
3379.76725846
3379.86093169
3379.98754330
3380.07036872
3380.17504017
3380.28639225
3380.36343427
3380.46023118
3380.55402070
3380.64683571
3380.74167775
3380.84810001
3380.95290166
3381.05772038
3381.20423950
3381.30054830
3381.39231713
3381.49829980
3381.60379192
3381.69671323
3381.80537707
3381.88724383
3381.98055134
3382.07484920
3382.16878939
3382.27630879
3382.36817855
3382.47412708
3382.59245674
3382.68418948
3382.78905672
3382.89287363
3382.98754354
3383.08123481
3383.17624118
3383.27098521
3383.37647684
3383.45930811
3383.55300279
3383.65770863
3383.75227565
3383.84611101
3383.95108528
3384.05655668
3384.17520572
3384.25611382
3384.35032269
3384.44515499
3384.54095228
3384.63466402
3384.72790351
3384.82306518
3384.91567199
3385.03416304
3385.12664501
3385.22065737
3385.32528178
3385.41993779
3385.51372219
3385.60650551
3385.70323098
3385.80909711
3385.89087146
3385.98509350
3386.11170194
3386.19462245
3386.29989246
3386.39460162
3386.49950446
3386.61629202
3386.69820120
3386.79297815
3386.88651484
3386.98124961
3387.07603509
3387.17074499
3387.26346491
3387.35925196
3387.46792214
3387.54772188
3387.65145858
3387.75638165
3387.85189148
3387.95715540
3388.06010508
3388.15570049
3388.26240044
3388.34439569
3388.44099999
3388.53370017
3388.62556238
3388.72009137
3388.81392136
3388.91969801
3389.01442571
3389.13313351
3389.22284702
3389.32706183
3389.42061729
3389.52689058
3389.62178772
3389.71644545
3389.80931434
3389.91499444
3389.99857981
3390.09345916
3390.18709679
3390.29099074
3390.39585529
3390.50211663
3390.60765507
3390.71202031
3390.83879673
3390.93195747
3391.02786886
3391.12577754
3391.21522847
3391.34290016
3391.41575647
3391.53436065
3391.67995061
3391.77399467
3391.87850717
3391.97330874
3392.06799084
3392.15876956
3392.26758651
3392.35017129
3392.44417829
3392.53860512
3392.66558464
3392.74756502
3392.85409528
3392.94712899
3393.05766113
3393.14652546
3393.25020267
3393.34419235
3393.43825884
3393.53507525
3393.62901472
3393.72278668
3393.82937814
3393.91146140
3394.01625696
3394.11005940
3394.20385818
3394.29838986
3394.40321394
3394.50879627
3394.61561398
3394.69739955
3394.79026089
3394.88580706
3394.97971556
3395.07475241
3395.16952545
3395.27296543
3395.39243026
3395.47236654
3395.57790718
3395.68193425
3395.78844817
3395.89312036
3395.98700862
3396.08060846
3396.18837581
3396.26912007
3396.36500952
3396.45826046
3396.56410367
3396.65915100
3396.76155820
3396.86918512
3396.98593513
3397.06702609
3397.17158296
3397.26624288
3397.39241027
3397.48879733
3397.58159747
3397.67734795
3397.78235977
3397.86484751
3397.97072460
3398.07441424
3398.18010897
3398.28479554
3398.38974348
3398.49639686
3398.60095325
3398.68376452
3398.77757769
3398.87533253
3398.96915130
3399.07574056
3399.16985801
3399.26350051
3399.37110329
3399.45188120
3399.55856213
3399.65236677
3399.74842469
3399.84394062
3399.93690119
3400.06424837
3400.14911447
3400.23105950
3400.32578939
3400.42036397
3400.52607357
3400.61987650
3400.71619384
3400.80905883
3400.92664901
3401.05241728
3401.15727233
3401.26377894
3401.39052367
3401.46342873
3401.56905349
3401.67665139
3401.76253807
3401.85323414
3401.94715581
3402.05188042
3402.14602541
3402.25308327
3402.35660663
3402.51565877
3402.60961554
3402.70821079
3402.80210393
3402.90661545
3402.99949995
3403.10620819
3403.21377439
3403.29478392
3403.40030579
3403.50786053
3403.60043393
3403.69401304
3403.78811781
3403.88263022
3404.02140426
3404.09307857
3404.18774312
3404.28261272
3404.38719689
3404.49288382
3404.58671795
3404.68437795
3404.78918350
3404.87194797
3405.02008379
3405.12513973
3405.22885643
3405.33644117
3405.43067954
3405.54658329
3405.62949234
3405.72608518
3405.81999099
3405.92465977
3406.01924752
3406.12501368
3406.23070914
3406.34939354
3406.44122307
3406.53607975
3406.66169588
3406.75828653
3406.85248272
3406.94672378
3407.04000032
3407.16102285
3407.23981444
3407.33671375
3407.44033439
3407.54596524
3407.64167232
3407.73451634
3407.83042505
3407.93500874
3408.02972425
3408.12370053
3408.22985118
3408.33563928
3408.43042549
3408.52487013
3408.61912630
3408.72597741
3408.80773129
3408.91251417
3409.00847652
3409.10291311
3409.20653106
3409.31149192
3409.41864926
3409.52734747
3409.60781770
3409.70165013
3409.79601504
3409.90119654
3409.99638211
3410.08968694
3410.18514753
3410.29195159
3410.37456855
3410.46933136
3410.56406295
3410.65784809
3410.75252215
3410.84648989
3410.94105619
3411.04592050
3411.18643679
3411.25832688
3411.35121796
3411.44498432
3411.54116829
3411.63642969
3411.76258537
3411.85729454
3411.97524678
3412.12252780
3412.22830738
3412.33300663
3412.42774457
3412.52344896
3412.61725775
3412.72316337
3412.83789342
3412.92181257
3413.01707933
3413.12181076
3413.21645898
3413.32237069
3413.41694796
3413.52366815
3413.60645797
3413.70119323
3413.79402970
3413.90022252
3414.00400286
3414.10074491
3414.19451688
3414.30118172
3414.38136839
3414.47813604
3414.57293590
3414.66782891
3414.76260098
3414.85613572
3414.95116232
3415.09043592
3415.15125317
3415.24603767
3415.33982866
3415.43963905
3415.52947471
3415.62405856
3415.71797072
3415.81361684
3415.92028949
3416.05608564
3416.16289433
3416.25538069
3416.35018250
3416.44501358
3416.55080753
3416.69217277
3416.75038833
3416.84410885
3416.93959967
3417.03331507
3417.13921192
3417.23385111
3417.32883895
3417.42245951
3417.56299190
3417.65488337
3417.76142923
3417.85524167
3417.99290247
3418.07837761
3418.18294496
3418.32133646
3418.40671480
3418.56113749
3418.63535595
3418.72873295
3418.82351184
3418.91802767
3419.02485172
3419.14350296
3419.22431719
3419.31727849
3419.41300166
3419.50855466
3419.60226396
3419.69805101
3419.79091552
3419.89570937
3420.01586662
3420.10811526
3420.20140473
3420.29718910
3420.40250373
3420.49723289
3420.59105044
3420.68676557
3420.79275506
3420.87420076
3420.97898315
3421.07368233
3421.16942598
3421.26349759
3421.35806729
3421.45338623
3421.54783282
3421.64163940
3421.71036826
3421.79211482
3421.87405984
3421.96665055
3422.05864247
3422.15155183
3422.24505537
3422.33775920
3422.44252965
3422.55509102
3422.62611777
3422.71895351
3422.81163126
3422.93672930
3423.01920827
3423.09967264
3423.18394409
3423.28668214
3423.35759723
3423.43828347
3423.52931160
3423.61210435
3423.70589168
3423.79663553
3423.90210595
3424.00487423
3424.10981632
3424.20121358
3424.29402494
3424.39789963
3424.48941880
3424.58188590
3424.66441094
3424.74699987
3424.82883322
3424.92163727
3424.99134355
3425.07314985
3425.15399431
3425.23672611
3425.32857223
3425.42124291
3425.52512491
3425.62882747
3425.74555383
3425.82605136
3425.91889783
3426.02193796
3426.11437970
3426.20703453
3426.30998445
3426.40272096
3426.48545397
3426.57718574
3426.64903072
3426.72962431
3426.81238902
3426.89349851
3427.01951693
3427.11229220
3427.20511819
3427.30744640
3427.42367905
3427.51593306
3427.62064816
3427.72143427
3427.81504386
3427.90879510
3428.00162596
3428.08138938
3428.16517151
3428.26899817
3428.33975673
3428.42958776
3428.51328675
3428.59625407
3428.68679922
3428.77956522
3428.87344227
3428.97710558
3429.08077328
3429.17166756
3429.27631317
3429.37921214
3429.48380509
3429.57554491
3429.70210897
3429.77206492
3429.87723156
3429.95101336
3430.03891561
3430.13355140
3430.22525976
3430.31753596
3430.40980484
3430.49152336
3430.58436910
3430.70312932
3430.78005845
3430.87265794
3430.97629077
3431.07016172
3431.16204368
3431.25366573
3431.34775880
3431.45160057
3431.59918758
3431.65728757
3431.74077054
3431.82107643
3431.90247093
3431.98533634
3432.06623030
3432.15889391
3432.25153801
3432.35534199
3432.47107484
3432.56384767
3432.68767352
3432.75848255
3432.85096550
3432.98688184
3433.09450120
3433.18484984
3433.27864497
3433.34829371
3433.43022216
3433.52409579
3433.61362426
3433.69441996
3433.77628428
3433.86818306
3433.96089348
3434.05368095
3434.17024445
3434.24922012
3434.35479001
3434.47916223
3434.55060907
3434.64332656
3434.73640172
3434.83875358
3434.92058621
3435.01339927
3435.08500507
3435.16683550
3435.24863180
3435.32942019
3435.41235411
3435.50295485
3435.59680507
3435.68843956
3435.79238984
3435.91009485
3435.99978082
3436.10355408
3436.19577664
3436.28856557
3436.38315210
3436.51892996
3436.58892516
3436.68259985
3436.75234758
3436.83517763
3436.91723602
3436.99781303
3437.07895153
3437.16143976
3437.25416286
3437.34690034
3437.45062509
3437.56665221
3437.65717615
3437.76094868
3437.85333167
3437.94443148
3438.04086341
3438.13043966
3438.21254291
3438.30571048
3438.40036674
3438.46907999
3438.55419868
3438.63282009
3438.72463451
3438.81817413
3438.94281478
3439.03673011
3439.12905092
3439.24495272
3439.33593063
3439.42753587
3439.52163941
3439.62435601
3439.72918107
3439.82191831
3439.90191432
3439.98451787
3440.07928165
3440.15806154
3440.24086404
3440.33170030
3440.42545398
3440.50626480
3440.58980726
3440.68181454
3440.77436380
3440.89122109
3440.96950092
3441.07457247
3441.19843733
3441.27107957
3441.36496198
3441.45468208
3441.58022507
3441.67421134
3441.74582836
3441.83814040
3441.91961658
3442.01316034
3442.09310198
3442.17542807
3442.25619501
3442.34968976
3442.50880115
3442.61238619
3442.71522591
3442.80505231
3442.90661130
3442.98768934
3443.06725551
3443.15895705
3443.27374343
3443.36252632
3443.46423428
3443.55607796
3443.64876668
3443.73748472
3443.83117233
3443.93162735
3444.02298341
3444.11625410
3444.19451395
3444.28499693
3444.36659672
3444.46825226
3444.55927942
3444.65085247
3444.75354493
3444.85440321
3444.97009338
3445.04694547
3445.12853380
3445.22034140
3445.32305263
3445.42380095
3445.51511191
3445.59428141
3445.68526078
3445.79075875
3445.87963039
3445.97150065
3446.05028907
3446.13098774
3446.23370044
3446.32363850
3446.42726475
3446.52883008
3446.64388513
3446.71045213
3446.80113088
3446.89398003
3446.99528522
3447.08607637
3447.16578274
3447.25760813
3447.34940256
3447.45507949
3447.52078510
3447.59877262
3447.69055754
3447.78321529
3447.88595456
3447.97572903
3448.05644452
3448.15738863
3448.26395765
3448.34128078
3448.44333324
3448.54600352
3448.63360247
3448.71353680
3448.80523785
3448.90884411
3449.00964973
