3662.83664902
3662.92817867
3663.03291352
3663.12324338
3663.20307629
3663.28541140
3663.37364793
3663.46651243
3663.55954273
3663.66104930
3663.75601130
3663.84372924
3663.93663934
3664.01601120
3664.10612042
3664.20872705
3664.31055423
3664.41394618
3664.50463152
3664.58943887
3664.67705855
3664.78008478
3664.85937862
3664.95017929
3665.04130714
3665.13265198
3665.22450956
3665.31843025
3665.40702176
3665.49958272
3665.61446174
3665.69252044
3665.77392031
3665.86477120
3665.95636375
3666.04765154
3666.15143724
3666.25442130
3666.35585936
3666.45898970
3666.53788711
3666.63957361
3666.73230963
3666.82316368
3666.90289906
3666.99576650
3667.08645696
3667.18922402
3667.29417147
3667.38374699
3667.47457009
3667.55537335
3667.66907648
3667.80377743
3667.88302934
3667.97458215
3668.06952465
3668.14636869
3668.24115856
3668.33068556
3668.43135392
3668.53494335
3668.62600977
3668.71672412
3668.79852895
3668.90416468
3668.98179379
3669.06077823
3669.16503278
3669.25497791
3669.33835044
3669.42892802
3669.51980938
3669.62258156
3669.73648437
3669.80321740
3669.89505499
3669.97597894
3670.06752663
3670.17117848
3670.26111216
3670.36482301
3670.44873849
3670.54023157
3670.61667650
3670.70741183
3670.81116534
3670.90281007
3670.99460474
3671.08397425
3671.16569789
3671.25739918
3671.36113832
3671.43992845
3671.53066572
3671.63258774
3671.72623853
3671.81600203
3671.90860030
3672.01164043
3672.10329930
3672.19716050
3672.28488648
3672.36563904
3672.45753586
3672.54830239
3672.64259562
3672.73238521
3672.83325592
3672.91402457
3673.01873674
3673.09735401
3673.24309173
3673.31381738
3673.39592892
3673.49543504
3673.59713836
3673.68903909
3673.80432186
3673.88305762
3673.97240347
3674.06769340
3674.14581525
3674.23852835
3674.32951528
3674.43010440
3674.52375129
3674.63655427
3674.70543746
3674.78516211
3674.87593498
3674.96867344
3675.07031995
3675.15070557
3675.24431028
3675.32383891
3675.41410807
3675.52099746
3675.60766117
3675.70036354
3675.80104433
3675.89295920
3675.98371062
3676.07633643
3676.16725876
3676.24886367
3676.36454604
3676.44360972
3676.53607438
3676.63908355
3676.72803809
3676.83041555
3676.92077394
3677.01336538
3677.09226986
3677.19888033
3677.27603084
3677.37743867
3677.47035389
3677.57108734
3677.66269818
3677.75545395
3677.84718450
3677.94983405
3678.05361658
3678.14247091
3678.22562328
3678.34647538
3678.43786606
3678.52962636
3678.67613476
3678.75689682
3678.85971240
3678.92842614
3679.02216641
3679.11116995
3679.21465747
3679.30550494
3679.39831411
3679.49899928
3679.57885730
3679.68330836
3679.76294475
3679.86486799
3679.95745065
3680.03730842
3680.11708330
3680.19793825
3680.28868454
3680.39237711
3680.49523194
3680.56475196
3680.65461225
3680.73544599
3680.83831302
3680.93697311
3681.01762741
3681.11034344
3681.18824537
3681.28149144
3681.38611048
3681.47600637
3681.56590054
3681.65840665
3681.73721385
3681.82909361
3681.92192252
3682.01351386
3682.10635691
3682.22014220
3682.31986263
3682.42300467
3682.51424029
3682.60605690
3682.69783817
3682.79865037
3682.90220421
3683.00591530
3683.08382406
3683.16556575
3683.27443341
3683.37837027
3683.48392236
3683.57583919
3683.68047480
3683.80227654
3683.88980772
3683.99250457
3684.09647020
3684.20108924
3684.30464162
3684.40931673
3684.51237685
3684.65275686
3684.71075104
3684.80346024
3684.89810626
3685.00192341
3685.10645175
3685.20992782
3685.30362713
3685.39670350
3685.51435122
3685.59409318
3685.69765555
3685.79463971
3685.89532245
3685.99899282
3686.09256682
3686.19647369
3686.30308246
3686.38374724
3686.48747150
3686.59163242
3686.69629193
3686.78977230
3686.88247638
3686.97734963
3687.09297349
3687.17374945
3687.27849234
3687.37031969
3687.46417747
3687.55773952
3687.66051731
3687.76626982
3687.88502370
3687.97336433
3688.07820084
3688.18252146
3688.28539214
3688.37907756
3688.47272494
3688.56654493
3688.67217432
3688.75592694
3688.85995743
3688.95055183
3689.04122522
3689.13586295
3689.22862847
3689.33257021
3689.43826908
3689.51773213
3689.61455731
3689.71613825
3689.82073388
3689.92680042
3690.01733216
3690.12216550
3690.22979973
3690.30872859
3690.40144706
3690.49623815
3690.59899204
3690.69269111
3690.78548979
3690.87972451
3690.97247418
3691.07832982
3691.16992042
3691.26369775
3691.36736886
3691.46020387
3691.56625504
3691.65711398
3691.75377362
3691.85622446
3691.93702724
3692.02983957
3692.12682299
3692.21701803
3692.35392449
3692.43574492
3692.56149613
3692.64412358
3692.72703043
3692.86456786
3692.94629930
3693.03906751
3693.13200418
3693.22702031
3693.31955202
3693.42596330
3693.50487899
3693.59869484
3693.69200674
3693.78627900
3693.87950556
3693.97089625
3694.06575974
3694.15858110
3694.26447892
3694.34397585
3694.43776757
3694.53158902
3694.62427775
3694.71882917
3694.81166540
3694.90465181
3694.99819435
3695.10391224
3695.18468454
3695.27853793
3695.37110573
3695.46457049
3695.55815911
3695.65092488
3695.74466686
3695.83742872
3695.94645412
3696.03422180
3696.13964516
3696.23253722
3696.32532298
3696.41816871
3696.51186120
3696.60556392
3696.71129619
3696.79127953
3696.88738036
3696.97961730
3697.07343925
3697.16487552
3697.25939111
3697.35212176
3697.43397853
3697.54062289
3697.62061402
3697.71425336
3697.80908516
3697.90180728
3697.99361366
3698.08732760
3698.18121318
3698.27396139
3698.37859530
3698.46081876
3698.55372374
3698.64598994
3698.73973679
3698.83344975
3698.92739970
3699.02007623
3699.11287369
3699.21825927
3699.30011091
3699.39302198
3699.48548616
3699.57924008
3699.67314907
3699.76585729
3699.85966364
3699.95391981
3700.05791153
3700.14006013
3700.23341762
3700.32509258
3700.42260970
3700.51238002
3700.60620075
3700.69897042
3700.79169766
3700.89755330
3700.97919161
3701.07201418
3701.16505911
3701.25663070
3701.34024752
3701.43323930
3701.52738746
3701.62035144
3701.72592719
3701.80668876
3701.88842484
3701.98331516
3702.07591343
3702.16873722
3702.26338007
3702.35827648
3702.44800024
3702.55364840
3702.62363823
3702.70661116
3702.79944616
3702.89421263
3702.97828732
3703.06893585
3703.16563255
3703.24539426
3703.33820562
3703.44585740
3703.52399656
3703.61643318
3703.71018516
3703.80493260
3703.90674223
3703.98953473
3704.08137939
3704.17614244
3704.28316324
3704.36307343
3704.44392448
3704.53954184
3704.63041004
3704.72614003
3704.81710551
3704.91156429
3705.00443660
3705.10921631
3705.19188496
3705.28379714
3705.37651756
3705.47108922
3705.56306139
3705.65669828
3705.75043611
3705.84326112
3705.95088121
3706.02966427
3706.11436434
3706.20541564
3706.29997438
3706.39267821
3706.48641507
3706.57932590
3706.67296402
3706.77983000
3706.85943641
3706.95313742
3707.04644201
3707.13965979
3707.23160002
3707.32622093
3707.41794807
3707.51277036
3707.61842096
3707.69918229
3707.78101004
3707.88407211
3707.98858631
3708.09342039
3708.19791436
3708.29002501
3708.40654755
3708.50070717
3708.60450945
3708.69619148
3708.80019685
3708.90379384
3709.00758174
3709.11210910
3709.22986166
3709.32076911
3709.41358656
3709.50824185
3709.61195197
3709.70476162
3709.79798087
3709.90358929
3710.02046657
3710.11051922
3710.20334301
3710.29701307
3710.40099528
3710.50380915
3710.61029480
3710.71397005
3710.82990428
3710.92253156
3711.02615147
3711.12089989
3711.21985841
3711.31255396
3711.40727971
3711.51093204
3711.62758868
3711.71892182
3711.82331606
3711.91797598
3712.02188846
3712.11368119
3712.21918403
3712.32397642
3712.44021297
3712.53096390
3712.63508825
3712.73220674
3712.82257440
3712.92863020
3713.01809845
3713.12381926
3713.24052807
3713.33134970
3713.43610893
3713.53965228
3713.64438445
3713.74819599
3713.85210774
3713.95630841
3714.05732906
3714.15496955
3714.24510461
3714.35042071
3714.44566308
3714.54233224
3714.63797129
3714.73094771
3714.84953556
3714.94237788
3715.03696295
3715.13692864
3715.22770907
3715.33367857
3715.42840553
3715.52284432
3715.66246096
3715.72605470
3715.81683123
3715.91443148
3716.00895560
3716.11374555
3716.21948684
3716.31418967
3716.43286066
3716.56767426
3716.66330649
3716.75897139
3716.85380514
3716.96016035
3717.05475590
3717.17243532
3717.26529300
3717.35998900
3717.45578312
3717.55046401
3717.64620376
3717.73990112
3717.83372916
3717.94294132
3718.03792526
3718.12936665
3718.22414263
3718.33127631
3718.42805542
3718.52629227
3718.62885209
3718.74532855
3718.83697548
3718.93173365
3719.02550391
3719.12120733
3719.21502782
3719.32092783
3719.42738300
3719.54603131
3719.63709163
3719.76781484
3719.86025999
3719.95650150
3720.04941989
3720.15513876
3720.25071979
3720.35672756
3720.44022858
3720.53698428
3720.62987463
3720.72469083
3720.83114161
3720.93600324
3721.07468706
3721.16130030
3721.24138823
3721.33812443
3721.44347928
3721.53953282
3721.63562999
3721.72823752
3721.83378231
3721.95072664
3722.03431371
3722.12921671
3722.22385908
3722.37575492
3722.46823811
3722.57317630
3722.69309730
3722.78495975
3722.88030623
3722.97590823
3723.08057774
3723.17453256
3723.28107721
3723.38583376
3723.50555629
3723.58652705
3723.68206737
3723.77773617
3723.87269134
3723.98930579
3724.08230123
3724.17795711
3724.29470468
3724.37836832
3724.47338615
3724.56908031
3724.67282578
3724.78032201
3724.87414932
3724.96893017
3725.09095963
3725.16935893
3725.26739195
3725.35904058
3725.46655242
3725.55956565
3725.65507256
3725.75891994
3725.86673313
3725.95141003
3726.04415605
3726.14045583
3726.24622321
3726.34014146
3726.43568690
3726.52943448
3726.63944975
3726.71915027
3726.81796396
3726.91047251
3727.01616090
3727.11186042
3727.21672473
3727.32235875
3727.43014414
3727.51249096
3727.60706847
3727.70084482
3727.79658287
3727.90325259
3728.00792990
3728.10184937
3728.20870365
3728.29316015
3728.38693480
3728.48073334
3728.57654794
3728.67119542
3728.76600090
3728.86176113
3728.95643055
3729.06355400
3729.14554194
3729.25217825
3729.34688011
3729.47278321
3729.55856920
3729.65310917
3729.74798656
3729.85655702
3729.93850911
3730.04413679
3730.14844595
3730.25524415
3730.36147819
3730.46957590
3730.62693283
3730.73361352
3730.83825645
3730.94307078
3731.04784318
3731.15568440
3731.24812834
3731.35821992
3731.43975315
3731.53539001
3731.64018264
3731.73520901
3731.82959537
3731.93544735
3732.03011044
3732.13793850
3732.21971359
3732.31541652
3732.40952251
3732.50489703
3732.60972818
3732.71861047
3732.81013427
3732.92401587
3733.00390168
3733.09533576
3733.19002347
3733.29573185
3733.40148899
3733.50731025
3733.60201040
3733.71068765
3733.79045204
3733.89762693
3734.00306907
3734.10762301
3734.21294325
3734.30756148
3734.40431889
3734.50718104
3734.59195571
3734.68759794
3734.78245046
3734.87768016
3734.98237722
3735.07708103
3735.17608197
3735.28953324
3735.38431653
3735.49102648
3735.58721606
3735.68957157
3735.78338425
3735.88000464
3735.97486034
3736.08243776
3736.16449518
3736.25916705
3736.35487510
3736.44865121
3736.55527071
3736.66013063
3736.76687373
3736.87353077
3736.96614075
3737.06046201
3737.15529723
3737.25084632
3737.34515394
3737.44122917
3737.53617873
3737.64170596
3737.72539885
3737.82025163
3737.92598439
3738.01983242
3738.11487975
3738.21118002
3738.30526894
3738.41233021
3738.49592558
3738.60003018
3738.70551499
3738.81219129
3738.90621170
3739.00178054
3739.09695685
3739.20232243
3739.28647124
3739.38220514
3739.47617654
3739.58073317
3739.67638393
3739.77233482
3739.86609801
3739.97366202
3740.05662933
3740.15119538
3740.25615161
3740.35102779
3740.44618094
3740.54183121
3740.63556806
3740.75440192
3740.83620602
3740.93186336
3741.03754004
3741.13120473
3741.22704469
3741.32081763
3741.41746045
3741.52414894
3741.61610185
3741.72199625
3741.82756493
3741.92243477
3742.01994067
3742.11283370
3742.21083162
3742.31227772
3742.39400892
3742.49075195
3742.58440786
3742.68032974
3742.77411779
3742.86875650
3742.97357717
3743.08309483
3743.17668881
3743.28111792
3743.37589975
3743.47257109
3743.56557750
3743.66220203
3743.76610598
3743.88456997
3743.97857160
3744.08311263
3744.17793614
3744.27279818
3744.36737301
3744.47410051
3744.56798365
3744.67605966
3744.76874570
3744.87459500
3744.97934594
3745.07605362
3745.17072475
3745.26545879
3745.36249487
3745.46796139
3745.55991210
3745.65541219
3745.75037516
3745.84601739
3745.94029209
3746.04164189
3746.13532828
3746.25395928
3746.34474507
3746.45455627
3746.56818894
3746.66399939
3746.75883071
3746.85148627
3746.94620836
3747.06308004
3747.14670174
3747.24068216
3747.34434010
3747.43895931
3747.53523056
3747.64530410
3747.73399118
3747.84153495
3747.93419466
3748.03990304
3748.13475972
3748.26050434
3748.34542993
3748.43893492
3748.54359590
3748.66322944
3748.74540194
3748.84282763
3748.96676100
3749.05145838
3749.20862734
3749.31309180
3749.43357965
3749.51304416
3749.60863275
3749.70253369
3749.80036313
3749.89094412
3749.99764529
3750.10329394
3750.22092654
3750.30166739
3750.40750596
3750.50126427
3750.59709423
3750.69074307
3750.78648941
3750.88031550
3750.99814437
3751.08013035
3751.18651335
3751.28125690
3751.38498554
3751.47872118
3751.57460161
3751.66923690
3751.78784231
3751.86849173
3751.96496632
3752.05883702
3752.15363908
3752.24746103
3752.34204878
3752.43551331
3752.53309186
3752.63981961
3752.71890329
3752.81540835
3752.91932084
3753.01714857
3753.10878355
3753.20148470
3753.29740950
3753.40490720
3753.48675104
3753.58143193
3753.67727066
3753.77194131
3753.87516698
3753.97081457
3754.07587320
3754.19326345
3754.27601231
3754.37183081
3754.46548136
3754.57132359
3754.67607770
3754.76993500
3754.86547654
3754.97329192
3755.06495712
3755.17022787
3755.26392718
3755.35934876
3755.45397210
3755.57077039
3755.66373901
3755.77135129
3755.85301033
3755.94867449
3756.05248628
3756.14822042
3756.27395432
3756.37053643
3756.46391123
3756.57014331
3756.65300018
3756.76190466
3756.85262486
3756.95961056
3757.05451307
3757.14816435
3757.25296307
3757.36152549
3757.44251478
3757.54814343
3757.65378647
3757.74793122
3757.84145547
3757.94716800
3758.05204572
3758.15955317
3758.24211551
3758.33589772
3758.43147802
3758.52513954
3758.62097949
3758.71471416
3758.82063051
3758.93734126
3759.03317878
3759.12563296
3759.21962996
3759.31512273
3759.42007701
3759.49491694
3759.58816886
3759.70925454
3759.79019580
3759.88463409
3759.97967265
3760.07375961
3760.16837126
3760.26631041
3760.36965140
3760.48548250
3760.57828898
3760.68479267
3760.77775665
3760.87529888
3760.96934489
3761.06202605
3761.16764032
3761.27496540
3761.36813637
3761.47378843
3761.57859667
3761.68342441
3761.77899861
3761.87473446
3761.96750705
3762.07430233
3762.16856094
3762.27443731
3762.37710709
3762.47337932
3762.56764061
3762.66152180
3762.78875293
3762.89424164
3762.99004941
3763.08476858
3763.19969173
3763.30614177
3763.40000200
3763.50469833
3763.60930834
3763.71684651
3763.79788871
3763.89458809
3763.99034905
3764.09396019
3764.18773361
3764.28296015
3764.38771450
3764.50873800
3764.59726124
3764.69188166
3764.78790545
3764.88252246
3764.97565126
3765.08158150
3765.17686533
3765.28180498
3765.37429475
3765.48325238
3765.58862210
3765.68023977
3765.77554115
3765.87121020
3765.97585508
3766.08267645
3766.17630457
3766.27009141
3766.36488079
3766.47057942
3766.56342076
3766.65817284
3766.75457990
3766.86125157
3766.94222647
3767.04950498
3767.14154127
3767.23752166
3767.33147282
3767.43691277
3767.53073837
3767.63850231
3767.71926559
3767.82682424
3767.91955343
3768.01752769
3768.12113980
3768.21572438
3768.30950878
3768.41782689
3768.49751741
3768.59419778
3768.68816235
3768.78192676
3768.88764977
3768.99320626
3769.09790283
3769.20661932
3769.29656909
3769.40278484
3769.49745597
3769.59311380
3769.68737729
3769.78083206
3769.87522379
3769.98239502
3770.06513779
3770.19179304
3770.27560028
3770.38132743
3770.47419559
3770.56995534
3770.66546030
3770.76924185
3770.85405334
3770.95997627
3771.06306687
3771.15863791
3771.26310042
3771.35835206
3771.45292909
3771.56180162
3771.64569395
3771.73831538
3771.84197015
3771.94863646
3772.05350857
3772.15025160
3772.25390393
3772.36283133
3772.44349318
3772.54144770
3772.63102931
3772.72580699
3772.82146092
3772.91508319
3773.02079912
3773.12763829
3773.22040430
3773.31842805
3773.40994357
3773.50523690
3773.60039931
3773.69507898
3773.79991525
3773.91861184
3774.03195632
3774.10461270
3774.19934893
3774.29112605
3774.38518230
3774.49092969
3774.58539943
3774.73495398
3774.84077890
3774.93544419
3775.03822100
3775.13396929
3775.22864773
3775.32574379
3775.43032699
3775.51294152
3775.61724190
3775.71311769
3775.81705821
3775.91237837
3776.01644957
3776.11120457
3776.21813517
3776.30182708
3776.39554517
3776.48943465
3776.58397120
3776.68968714
3776.78541470
3776.89016856
3777.00782360
3777.09969214
3777.20154346
3777.29706207
3777.39185487
3777.49645416
3777.59170995
3777.69852571
3777.81638359
3777.90902453
3778.01391663
3778.11057798
3778.20526399
3778.30016577
3778.39485957
3778.48864324
3778.60729448
3778.68901349
3778.78410642
3778.87955798
3778.97506855
3779.06650483
3779.16337122
3779.25702616
3779.35196597
3779.45848965
3779.54203820
3779.64697249
3779.74272004
3779.83688746
3779.93172122
3780.06862792
3780.15428811
3780.26126161
3780.34406533
3780.43877108
3780.53551825
3780.63913768
3780.74401784
3780.85157648
3780.95633352
3781.13796239
3781.23501823
3781.32954503
3781.43313178
3781.54896507
3781.65624187
3781.77471878
3781.85666917
3781.95136274
3782.04697449
3782.14176045
3782.24642509
3782.35232949
3782.47899010
3782.57471181
3782.65831522
3782.75407838
3782.84886069
3782.94308346
3783.03793258
3783.14271399
3783.30217427
3783.39709189
3783.49366035
3783.58878399
3783.68327056
3783.78114170
3783.87144084
3783.97732330
3784.09588555
3784.18849649
3784.28595291
3784.38165389
3784.47742095
3784.58077413
3784.67792017
3784.78015402
3784.88593555
3784.96965355
3785.06640169
3785.16364331
3785.25431914
3785.35968351
3785.45439170
3785.56096292
3785.67957368
3785.76225794
3785.85701733
3785.96190480
3786.07099433
3786.17419269
3786.26901206
3786.36386825
3786.48043004
3786.56431286
3786.65897570
3786.76502688
3786.86040092
3786.96570603
3787.07143245
3787.16451663
3787.27162399
3787.35527714
3787.45349204
3787.54400794
3787.65071788
3787.75548199
3787.86097021
3787.95667948
3788.06452607
3788.14695652
3788.25291724
3788.34767614
3788.45268235
3788.56265593
3788.66362222
3788.76984723
3788.87739247
3788.96239047
3789.05701309
3789.16076319
3789.25987141
3789.36142016
3789.46036308
3789.56172897
3789.70468848
3789.79808132
3789.89164727
3789.98645201
3790.08129527
3790.17500628
3790.28047354
3790.37596728
3790.48811247
3790.56942066
3790.67464532
3790.77749967
3790.88411112
3790.97787090
3791.08356075
3791.17850568
3791.28851339
3791.36889072
3791.46360550
3791.56950039
3791.67529459
3791.78059873
3791.88549547
3792.02987712
3792.10878086
3792.20360316
3792.30147258
3792.39616225
3792.50386279
3792.59426678
3792.69816902
3792.81777330
3792.91057832
3793.00537380
3793.09969434
3793.20591837
3793.30059414
3793.39632853
3793.48932932
3793.60972526
3793.69074990
3793.79725700
3793.89113015
3794.00067608
3794.09088356
3794.19529828
3794.29104998
3794.40100186
3794.48081892
3794.59053845
3794.68108872
3794.78768749
3794.89343195
3794.99816217
3795.13770810
3795.22149388
3795.31541847
3795.41206568
3795.51590770
3795.61156334
3795.75917668
3795.85578707
3795.96296099
3796.04497257
3796.14063113
3796.24626320
3796.34098236
3796.44665831
3796.55138634
3796.64527923
3796.75299245
3796.83777493
3796.93073062
3797.02628654
3797.13204344
3797.24076725
3797.34504569
3797.43747499
3797.54356030
3797.62731220
3797.72372559
3797.81752998
3797.92319594
3798.01709834
3798.12271993
3798.23161367
3798.33611788
3798.41939873
3798.52668626
3798.63205209
3798.73559081
3798.83094437
3798.92460979
3799.02132405
3799.12903824
3799.23192136
3799.32664345
3799.43594777
3799.52694885
3799.63178853
3799.72851961
3799.82347771
3799.92990971
3800.01085878
3800.11776255
3800.21279550
3800.31776002
3800.42305758
3800.51774700
3800.61444711
3800.72026179
3800.81493024
3800.91886516
3801.02634993
3801.13210780
3801.23834476
3801.33312098
3801.43798187
3801.54459625
3801.62837594
3801.72310436
3801.82760321
3801.93420856
3802.02948678
3802.12621469
3802.22100090
3802.32665905
3802.41048238
3802.51518334
3802.62026635
3802.71579886
3802.81378556
3802.90627192
3803.00091063
3803.10627914
3803.18940712
3803.28400584
3803.39296445
3803.49635907
3803.58946471
3803.68714738
3803.79289452
3803.90871196
3804.00512755
3804.09885734
3804.20378407
3804.30165885
3804.39406037
3804.49947837
3804.59441209
3804.71217269
3804.80486775
3804.93665348
3805.00635903
3805.10110916
3805.19582564
3805.30332236
3805.40818351
3805.52545625
3805.60843088
3805.71781102
3805.81591597
3805.91030062
3806.06017115
3806.15581069
3806.27252438
3806.35586667
3806.46061103
3806.56622237
3806.67536724
3806.76975897
3806.86356068
3806.96743537
3807.08598811
3807.17968133
3807.27548471
3807.38030172
3807.47511963
3807.57349374
3807.66487150
3807.76297400
3807.87659546
3807.96027372
3808.09783944
3808.18253536
3808.29170754
3808.37225309
3808.46710367
3808.56855782
3808.67463972
3808.76143216
3808.85197365
3809.01162141
3809.10626134
3809.19802163
3809.29462788
3809.38778935
3809.49514807
3809.57709944
3809.73980384
3809.86338929
3809.94792259
3810.04087121
3810.13646857
3810.24271407
3810.32571941
3810.41997266
3810.51441388
3810.66323822
3810.75793934
3810.85173472
3810.94642121
3811.05427535
3811.13581419
3811.22963711
3811.32630334
3811.41919247
3811.51489931
3811.60869882
3811.70342823
3811.79761686
3811.90407983
3811.98586199
3812.08161832
3812.17710012
3812.27195265
3812.36563635
3812.45835287
3812.55504494
3812.64789604
3812.75751512
3812.83745261
3812.93128724
3813.02912789
3813.12060854
3813.21550520
3813.31054253
3813.40534800
3813.50001036
3813.60706335
3813.72156447
3813.79248809
3813.88799256
3814.01799824
3814.11045266
3814.20860929
3814.29921028
3814.40568763
3814.48722939
3814.62557115
3814.72073527
3814.81447603
3814.90926517
3815.00386706
3815.09885612
3815.20348759
3815.28748525
3815.38301435
3815.47772229
3815.57159447
3815.66457308
3815.75939269
3815.85436103
3815.94937569
3816.05487537
3816.13808186
3816.23262426
3816.32766087
3816.42241148
3816.51507095
3816.61094552
3816.70552718
3816.79949273
3816.90598618
3816.98913415
3817.08374287
3817.17841401
3817.27639558
3817.36890291
3817.49548746
3817.57741517
3817.68643253
3817.76723482
3817.86300212
3817.95690379
3818.05163319
3818.14765259
3818.30417594
3818.39970016
3818.51750831
3818.60017549
3818.69401231
3818.79873692
3818.89448350
3818.98881988
3819.08317602
3819.17777206
3819.28512152
3819.36765363
3819.46067296
3819.55436154
3819.64993087
3819.74665707
3819.83953913
3819.93438630
3820.02996367
3820.13875136
3820.22080805
3820.31329953
3820.40634738
3820.50082883
3820.59550874
3820.69102199
3820.78457648
3820.88209506
3820.98607874
3821.06941176
3821.16363941
3821.29037780
3821.37401510
3821.46698713
3821.56365360
3821.65742435
3821.76510977
3821.84612954
3821.94261827
3822.10064178
3822.19507642
3822.29999095
3822.39833727
3822.50264838
3822.58451782
3822.67845192
3822.77318522
3822.86788976
3822.96479906
3823.05664469
3823.15141189
3823.24560028
3823.36317193
3823.44489874
3823.54076284
3823.63586381
3823.72874806
3823.82348332
3823.91751713
3824.01300113
3824.10777076
3824.21364956
3824.29517036
3824.38798757
3824.48571046
3824.57937052
3824.67305227
3824.76895245
3824.86178575
3824.95604485
3825.06363153
3825.14551341
3825.24109615
3825.33388507
3825.43159553
3825.52432473
3825.62011470
3825.71295190
3825.80859437
3825.91444953
3826.00736280
3826.10195372
3826.19568667
3826.32258305
3826.41876166
3826.51273428
3826.60747929
3826.71454203
3826.79704757
3826.89181623
3826.98772006
3827.09346428
3827.18594747
3827.27989156
3827.37557012
3827.48129776
3827.56419437
3827.65758428
3827.75187971
3827.84575919
3827.94049835
3828.04626719
3828.13990214
3828.24752515
3828.33146722
3828.42618931
3828.52007855
3828.61454244
3828.70930062
3828.80538950
3828.89878917
3828.99253602
3829.09977796
3829.18076579
3829.27731182
3829.36965457
3829.46533142
3829.56005278
3829.65587006
3829.74860657
3829.84244705
3829.94908068
3830.06403358
3830.15990766
3830.25474605
3830.34940085
3830.44423973
3830.53900302
3830.63248729
3830.74026366
3830.82189563
3830.91894951
3831.01137321
3831.10610823
3831.19993456
3831.29791589
3831.38868974
3831.48335892
3831.59201959
3831.67493058
3831.77844053
3831.87222444
3831.96804782
3832.06199752
3832.15764633
3832.25033286
3832.34494572
3832.45464429
3832.54537132
3832.63820998
3832.73311688
3832.82780874
3832.92349680
3833.01913318
3833.11620290
3833.21100399
3833.31769224
3833.39728109
3833.52261343
3833.59548460
3833.68999141
3833.78376703
3833.88048812
3833.97529773
3834.07026583
3834.17574186
3834.25777636
3834.41734001
3834.51188631
3834.60572069
3834.69955580
3834.79422084
3834.89193179
3834.99675612
3835.08243679
3835.17347541
3835.26803829
3835.36271113
3835.45746540
3835.55223138
3835.64698541
3835.74578399
3835.84951800
3835.93030444
3836.02505896
3836.12010653
3836.21547838
3836.31625181
3836.41108289
3836.50574159
3836.59942066
3836.70427790
3836.78915351
3836.88482183
3836.97772242
3837.07132908
3837.16756108
3837.26145544
3837.35630675
3837.45067507
3837.55841536
3837.63864128
3837.73467141
3837.82833707
3837.92199323
3838.01864214
3838.11149568
3838.21714067
3838.32381478
3838.40670968
3838.50014007
3838.59665903
3838.69038004
3838.78519746
3838.87949191
3838.97366836
3839.07611237
3839.17520255
3839.25692985
3839.38271544
3839.47834206
3839.57525892
3839.65716859
3839.73859698
3839.83036045
3839.92227458
3840.02885019
3840.10767787
3840.18747103
3840.26874582
3840.35012594
3840.44219782
3840.53502454
3840.61592070
3840.70865208
3840.80224924
3840.90609101
3840.98580713
3841.06987549
3841.14761578
3841.22744258
3841.30921865
3841.43460829
3841.52645318
3841.61916555
3841.72300196
3841.80261105
3841.89473218
3841.98694426
3842.06817858
3842.14857956
3842.23032319
3842.31128908
3842.40313885
3842.49675673
3842.60130799
3842.68210247
3842.77202908
3842.86461686
3842.94537746
3843.02729347
3843.15111517
3843.24361860
3843.33547203
3843.44030928
3843.51842723
3843.60042199
3843.68215709
3843.76293402
3843.84259333
3843.92360578
3844.00540135
3844.09900338
3844.19068980
3844.29554924
3844.37401364
3844.45585358
3844.53774058
3844.61719509
3844.69927128
3844.78107879
3844.87227174
3844.96508066
3845.05685827
3845.15976260
3845.23054725
3845.31547699
3845.39287814
3845.47285440
3845.55350626
3845.64654631
3845.73909338
3845.83072518
3845.92362870
3846.01691939
3846.08495387
3846.16774540
3846.24781529
3846.32903863
3846.45262164
3846.54468646
3846.64811205
3846.75008966
3846.85656750
3846.92538169
3847.00626419
3847.09714385
3847.17891674
3847.26060918
3847.34156409
3847.43315079
3847.52499740
3847.61763906
3847.72158909
3847.79143288
3847.87309436
