3863.85524435
3863.94952856
3864.03857550
3864.11971205
3864.20627433
3864.28301574
3864.36404550
3864.44621678
3864.53866071
3864.62961497
3864.72101614
3864.80202883
3864.88370786
3864.96586427
3865.04678236
3865.12851137
3865.21070167
3865.30101690
3865.39418666
3865.48523040
3865.57789377
3865.66723767
3865.74882405
3865.90479419
3865.98771494
3866.06863499
3866.15970628
3866.26434482
3866.35530567
3866.44788102
3866.52807208
3866.61064539
3866.70238204
3866.78326820
3866.86498526
3866.94521118
3867.02562191
3867.11966914
3867.21020625
3867.30289253
3867.42747711
3867.50767816
3867.60015721
3867.68092488
3867.76369982
3867.84425782
3867.93656424
3868.03866132
3868.13108380
3868.22195663
3868.30350156
3868.38371627
3868.46541163
3868.54808857
3868.62876213
3868.70992282
3868.80169213
3868.95964835
3869.05205547
3869.14416856
3869.22525391
3869.30946319
3869.38603124
3869.47998704
3869.56081054
3869.65311892
3869.74387716
3869.83672216
3869.92752233
3870.00870789
3870.08977252
3870.17170925
3870.25191031
3870.33567585
3870.41581132
3870.51935931
3870.61053178
3870.70225355
3870.82595749
3870.89591173
3870.97861890
3871.05953627
3871.14113533
3871.26586814
3871.35862903
3871.44955209
3871.54158984
3871.63316094
3871.71463443
3871.79605283
3871.87794665
3871.95855608
3872.03893341
3872.12021454
3872.21304614
3872.30459602
3872.39775749
3872.52073171
3872.59213491
3872.67286674
3872.75397330
3872.83664634
3872.91647753
3873.00820077
3873.16629864
3873.25854728
3873.33870762
3873.41921588
3873.50073301
3873.58322758
3873.67361255
3873.76759175
3873.84913522
3873.94086943
3874.03169569
3874.12422204
3874.24902068
3874.31897931
3874.40027921
3874.48198432
3874.56229217
3874.64427986
3874.73588436
3874.83918829
3874.93149496
3875.02280787
3875.10296089
3875.19641713
3875.27730280
3875.35755188
3875.44031050
3875.52008684
3875.61315541
3875.71652517
3875.80919756
3875.93195601
3876.01233894
3876.09442854
3876.17522132
3876.26166633
3876.33944783
3876.43080608
3876.56699988
3876.65869240
3876.75062117
3876.83070592
3876.91248418
3876.99353296
3877.07357042
3877.15589530
3877.23623166
3877.33988059
3877.43335584
3877.57801884
3877.70195537
3877.78528255
3877.86503207
3877.95751404
3878.03716263
3878.13106357
3878.22374375
3878.31614283
3878.46171475
3878.55227795
3878.63341352
3878.71557212
3878.80816210
3878.88893757
3878.97080872
3879.05238461
3879.14409615
3879.24536939
3879.33847820
3879.46273827
3879.53198960
3879.61514611
3879.69533400
3879.78446311
3879.86621308
3879.95765082
3880.05058969
3880.14230147
3880.22159263
3880.30326458
3880.38407565
3880.46596289
3880.54699850
3880.62889988
3880.71989949
3880.81264892
3880.93816217
3881.00812763
3881.13281265
3881.21277502
3881.29508454
3881.39803738
3881.47890843
3881.56018297
3881.64247372
3881.73382978
3881.82686593
3881.97361545
3882.06636073
3882.15754467
3882.25092629
3882.34273876
3882.42471816
3882.50544853
3882.58727920
3882.66882462
3882.75090667
3882.84252263
3882.94539721
3883.05018814
3883.14173047
3883.23431386
3883.32660615
3883.40812353
3883.48824632
3883.56973957
3883.66279936
3883.75513798
3883.84717475
3883.93958407
3884.03220988
3884.12709679
3884.22115621
3884.32054066
3884.41221245
3884.49450100
3884.57558733
3884.66727619
3884.75946096
3884.84193992
3884.92178355
3885.00459117
3885.09607474
3885.18912577
3885.28285482
3885.37455197
3885.46683767
3885.56039753
3885.64274215
3885.72242146
3885.80413730
3885.88486132
3885.96695117
3886.04883841
3886.12867082
3886.22040015
3886.32568089
3886.41772181
3886.51312511
3886.60221301
3886.68343294
3886.76530775
3886.85683399
3886.93891774
3887.02012914
3887.10145635
3887.18192876
3887.26526203
3887.35605343
3887.44992121
3887.54260993
3887.63396453
3887.75823972
3887.83986779
3887.92069031
3888.01325957
3888.10690792
3888.19871137
3888.30361810
3888.37251836
3888.46506811
3888.55835343
3888.64970900
3888.74311257
3888.83413827
3888.91577365
3888.99779743
3889.07994384
3889.17099489
3889.25309790
3889.34568276
3889.43795359
3889.53107069
3889.62288194
3889.71453374
3889.80647665
3889.89705105
3890.02385040
3890.09469308
3890.17592861
3890.26841059
3890.34909292
3890.43262636
3890.51499780
3890.60590794
3890.69859251
3890.78966234
3890.88278797
3890.97534796
3891.06695002
3891.14870731
3891.22884107
3891.31043014
3891.39350009
3891.47457130
3891.55557717
3891.63854644
3891.73013119
3891.82203265
3891.91414525
3892.00778629
3892.09874836
3892.22256811
3892.29533761
3892.37528559
3892.45705849
3892.53866632
3892.62132400
3892.74627795
3892.82784994
3892.93078767
3893.03347574
3893.15854111
3893.23014594
3893.32190965
3893.41259865
3893.49554963
3893.57593086
3893.66859227
3893.75046245
3893.83142394
3893.92424822
3894.02726641
3894.16632521
3894.25595047
3894.34867869
3894.44054309
3894.56378794
3894.63535839
3894.71665147
3894.80941772
3894.89007908
3894.97219697
3895.06514559
3895.14659982
3895.25063080
3895.34220531
3895.46691618
3895.53902033
3895.62953622
3895.71049601
3895.80500965
3895.88505686
3895.97766268
3896.05857591
3896.14107876
3896.23376773
3896.39070580
3896.48295347
3896.57576677
3896.66772870
3896.75913328
3896.85107229
3896.94457094
3897.02636041
3897.10709395
3897.18810933
3897.27108127
3897.39600450
3897.48832361
3897.58013974
3897.67377712
3897.76503736
3897.85791455
3897.94820833
3898.03044373
3898.11204352
3898.19348312
3898.27643410
3898.35781251
3898.43815717
3898.52144071
3898.62333981
3898.71581593
3898.80788611
3898.90052729
3898.99193674
3899.11671222
3899.19228578
3899.27055635
3899.35310212
3899.43472434
3899.51622417
3899.59731586
3899.67806012
3899.78050218
3899.87437509
3899.96602542
3900.05871366
3900.14885287
3900.23026468
3900.31229503
3900.39324483
3900.47588666
3900.56843128
3900.65035534
3900.73014094
3900.82359206
3900.92656124
3901.05184604
3901.12223987
3901.21462553
3901.30648018
3901.38702086
3901.46951519
3901.55067758
3901.63317191
3901.71457055
3901.84009867
3901.99637992
3902.08911740
3902.18086307
3902.27540547
3902.36605985
3902.45771970
3902.53938263
3902.62036339
3902.70309299
3902.78289907
3902.86673630
3902.94789601
3903.02923005
3903.12188659
3903.21466454
3903.30670741
3903.39907333
3903.49029798
3903.57128800
3903.65261521
3903.74591930
3903.82658677
3903.90807367
3903.98988777
3904.07205588
3904.16435377
3904.25675455
3904.35003012
3904.44141934
3904.53421314
3904.64836317
3904.72870808
3904.82155381
3904.90239535
3904.98336977
3905.06617130
3905.14775816
3905.23011400
3905.32157076
3905.41441990
3905.51703069
3905.60923179
3905.70087701
3905.78182046
3905.86359457
3905.94617326
3906.02683706
3906.10976000
3906.20125235
3906.29422999
3906.37472605
3906.46770978
3906.56055966
3906.65206664
3906.74486824
3906.83675142
3906.94406260
3907.04214097
3907.13382714
3907.22943573
3907.32434677
3907.41940507
3907.51359931
3907.60763191
3907.70447124
3907.79832123
3907.89425286
3907.98873943
3908.08380382
3908.17812851
3908.27213965
3908.36609179
3908.46267073
3908.55728969
3908.66436633
3908.75773942
3908.88448464
3908.98076052
3909.07400830
3909.17134695
3909.26609976
3909.36006799
3909.45382289
3909.54867103
3909.64464386
3909.73887565
3909.83297359
3909.92902079
3910.02279617
3910.16228310
3910.24505756
3910.34013244
3910.43467168
3910.53029147
3910.62507915
3910.72069967
3910.81449480
3910.90897674
3911.06912090
3911.16386347
3911.25864627
3911.35456400
3911.44785615
3911.54413130
3911.63896628
3911.73425620
3911.82801354
3911.92271685
3912.01691183
3912.11150226
3912.20711279
3912.30245270
3912.39699412
3912.49269535
3912.58864454
3912.68154147
3912.77602365
3912.87075720
3912.96618488
3913.06164376
3913.15637292
3913.26254649
3913.35733319
3913.45100958
3913.54595134
3913.64081752
3913.73642001
3913.83117940
3913.92490772
3914.02091469
3914.11449722
3914.21379049
3914.30681932
3914.40014780
3914.49728482
3914.58988309
3914.69613516
3914.79024870
3914.88555984
3914.98039895
3915.07426040
3915.16811502
3915.26388085
3915.35958135
3915.46554744
3915.56023027
3915.65506476
3915.74841177
3915.84365463
3915.93986274
3916.03486009
3916.13955032
3916.24539012
3916.34129078
3916.43410384
3916.52983628
3916.62367432
3916.71938652
3916.81482321
3916.90901453
3917.00357595
3917.09809105
3917.19271415
3917.28765859
3917.38340785
3917.47954843
3917.57277938
3917.66827727
3917.76435713
3917.85715313
3917.95211611
3918.04609945
3918.14250188
3918.23732295
3918.36614957
3918.44917589
3918.54330845
3918.63717526
3918.73274507
3918.82807230
3918.92284144
3919.01825692
3919.12341942
3919.21745250
3919.31302110
3919.40719340
3919.50234240
3919.59678167
3919.69320774
3919.78890117
3919.88171643
3919.97659114
3920.07194909
3920.16673213
3920.26059674
3920.35557556
3920.45165201
3920.54616662
3920.65255109
3920.74568500
3920.84021497
3920.93487879
3921.02943241
3921.12737790
3921.22201417
3921.31529047
3921.41063647
3921.50543146
3921.60007675
3921.69523624
3921.78892043
3921.88494324
3921.98044967
3922.07398221
3922.16899444
3922.29665711
3922.39041371
3922.48626050
3922.58065296
3922.67617206
3922.77067521
3922.86565744
3922.96012134
3923.05628166
3923.14979689
3923.24406843
3923.33888073
3923.43628618
3923.54105443
3923.64694079
3923.74140006
3923.83541973
3923.93024422
3924.02526620
3924.12159962
3924.21696903
3924.31165064
3924.40488135
3924.49953006
3924.59409660
3924.71072495
3924.80522444
3924.90179022
3924.99631214
3925.09029573
3925.18584580
3925.31277704
3925.40824933
3925.50130084
3925.59771814
3925.69277059
3925.78571970
3925.89252083
3925.98751697
3926.08234194
3926.17728395
3926.27132216
3926.36799228
3926.46204780
3926.58974850
3926.67380296
3926.76840461
3926.86276879
3926.95845295
3927.05180849
3927.14730785
3927.24353985
3927.33695414
3927.43140414
3927.52634347
3927.62084979
3927.71731024
3927.81219958
3927.90724960
3928.05672710
3928.15016188
3928.24515265
3928.34001103
3928.43444274
3928.52934183
3928.62324546
3928.71958205
3928.81398256
3928.90953067
3929.00420498
3929.09966581
3929.19428087
3929.29091223
3929.38898914
3929.48164372
3929.57348838
3929.66757705
3929.76153236
3929.85813617
3929.95199079
3930.04664754
3930.14336423
3930.23719130
3930.33315779
3930.42807493
3930.52225747
3930.61743524
3930.71364481
3930.80868629
3930.90174146
3930.99562143
3931.09155818
3931.18493761
3931.27963605
3931.37653390
3931.47198278
3931.56508037
3931.66278644
3931.75439606
3931.86074859
3931.95610848
3932.05228806
3932.14524424
3932.23883457
3932.33421202
3932.42931445
3932.52508419
3932.61991332
3932.71459615
3932.80888353
3932.90416102
3932.99909157
3933.09443196
3933.18909602
3933.28251349
3933.37851216
3933.50485705
3933.59914247
3933.69426563
3933.78928346
3933.88455168
3933.98016880
3934.07473924
3934.16874136
3934.26350514
3934.35821285
3934.44959134
3934.54569851
3934.63974379
3934.78994638
3934.86875650
3934.96394183
3935.05779815
3935.15269189
3935.25061641
3935.34479261
3935.50490873
3935.60069920
3935.69478982
3935.79002708
3935.88400043
3935.99142694
3936.09818004
3936.20304996
3936.29869706
3936.39406671
3936.48940393
3936.61819885
3936.70269753
3936.78039710
3936.86264347
3936.93701797
3937.01250546
3937.08990101
3937.16765032
3937.24635560
3937.32378357
3937.40041721
3937.47727661
3937.55517050
3937.63401939
3937.71022026
3937.79985332
3937.87819777
3937.95591514
3938.03307711
3938.11103074
3938.18741813
3938.26600589
3938.34271487
3938.41982881
3938.49826274
3938.57529500
3938.65208492
3938.72986032
3938.80747773
3938.88516389
3938.97350769
3939.05205498
3939.12796134
3939.20825943
3939.28426550
3939.36197190
3939.43866625
3939.51629950
3939.59422143
3939.68020930
3939.75869808
3939.83735485
3939.91497250
3939.99282226
3940.06981990
3940.14841620
3940.24561296
3940.32414148
3940.40192834
3940.47855149
3940.55716681
3940.67706781
3940.74367650
3940.82078289
3940.89778736
3940.97608182
3941.05439970
3941.13261492
3941.20879703
3941.28637323
3941.37494353
3941.45114514
3941.54088108
3941.61702783
3941.69578334
3941.77430090
3941.85135120
3941.92951499
3942.04867067
3942.11507163
3942.19121838
3942.27219548
3942.34963052
3942.42574557
3942.50319256
3942.58035917
3942.65796828
3942.75788180
3942.83465539
3942.91270995
3942.99221273
3943.06703072
3943.14456889
3943.22281313
3943.30041470
3943.37811866
3943.45549030
3943.53212321
3943.60903260
3943.68893864
3943.77611142
3943.85486157
3943.93066333
3944.01773907
3944.09691394
3944.17377822
3944.28626571
3944.36533842
3944.44391424
3944.51980450
3944.60085792
3944.67328414
3944.74816844
3944.82800793
3944.90261356
3944.98222947
3945.05962233
3945.13640908
3945.22517077
3945.30103080
3945.38068304
3945.45684466
3945.53517692
3945.61196782
3945.69007065
3945.76820615
3945.84584916
3945.92241989
3945.99979544
3946.07742456
3946.15509706
3946.24332603
3946.32133255
3946.39695195
3946.48651137
3946.59803241
3946.67482867
3946.75177975
3946.82936522
3946.90621536
3946.98498720
3947.06253171
3947.13932285
3947.21685273
3947.29400154
3947.37270877
3947.44945944
3947.52886421
3947.64859528
3947.72661400
3947.80278489
3947.88049348
3947.95859217
3948.03567149
3948.11436531
3948.18948148
3948.26850567
3948.34777976
3948.42253168
3948.50109848
3948.57813246
3948.65495358
3948.73273605
3948.81109147
3948.89982975
3948.97715580
3949.05459743
3949.13084463
3949.20883823
3949.28735652
3949.36429175
3949.44125160
3949.51902846
3949.59637768
3949.67348455
3949.75016622
3949.86289240
3949.93817217
3950.01601388
3950.09426690
3950.18237859
3950.26081861
3950.33695683
3950.41463543
3950.50908714
3950.58300962
3950.65789197
3950.73112179
3950.80860608
3950.88205020
3950.95775785
3951.03372199
3951.11838280
3951.19316471
3951.26747046
3951.35294974
3951.42973039
3951.53566868
3951.59839910
3951.67485671
3951.74905884
3951.82566395
3951.90075403
3951.97490910
3952.04998407
3952.12493323
3952.19902101
3952.27604011
3952.34915655
3952.42467257
3952.49968049
3952.58525290
3952.66100688
3952.73441029
3952.81001432
3952.88548718
3952.95823840
3953.03496225
3953.10880086
3953.18438953
3953.25952447
3953.33448801
3953.40209096
3953.47744972
3953.55101843
3953.62679630
3953.70052421
3953.78638262
3953.86299748
3953.96925907
3954.03592407
3954.10923045
3954.18322948
3954.25993066
3954.33433978
3954.40847973
3954.48443217
3954.56016518
3954.63421492
3954.71026537
3954.78480615
3954.86155950
3954.93579234
3955.03069388
3955.10771566
3955.18201629
3955.25726216
3955.33290252
3955.40674576
3955.48143722
3955.55707928
3955.63068944
3955.70673940
3955.78072064
3955.85611450
3955.93177242
3956.00682958
3956.08160052
3956.16709102
3956.24231495
3956.31610602
3956.39117879
3956.46594631
3956.54165981
3956.61642904
3956.69018183
3956.76684058
3956.83993849
3956.91551180
3956.99052411
3957.06518070
3957.14095320
3957.21690369
3957.29055700
3957.36524382
3957.43939816
3957.54788012
3957.62201398
3957.69775210
3957.77384546
3957.84904282
3957.92164336
3957.99756069
3958.07334928
3958.15773069
3958.23265547
3958.30867788
3958.38420292
3958.45824437
3958.57676152
3958.65203080
3958.72649575
3958.80159120
3958.87728544
3958.95099141
3959.02763237
3959.10201467
3959.17593422
3959.25509007
3959.32688775
3959.40368108
3959.47639207
3959.55303376
3959.62683750
3959.70131928
3959.78679563
3959.86424993
3959.93801150
3960.01231798
3960.08722447
3960.16215047
3960.23603662
3960.31394343
3960.38775961
3960.46271730
3960.53736413
3960.61207436
3960.68695745
3960.76153090
3960.83679482
3960.91138533
3961.01850268
3961.11520451
3961.19112768
3961.26491753
3961.34089264
3961.41651032
3961.48918621
3961.56614704
3961.64098136
3961.71584494
3961.79122150
3961.86600463
3961.93999464
3962.01485554
3962.09075288
3962.17521108
3962.24959948
3962.32554802
3962.40020387
3962.47458642
3962.55105622
3962.62594101
3962.69956166
3962.77520128
3962.84990785
3962.92441304
3962.99898770
3963.07404511
3963.14822408
3963.22463756
3963.30973747
3963.38765501
3963.46102014
3963.53429799
3963.60978060
3963.68629404
3963.75837211
3963.83513569
3963.90952190
3963.98600437
3964.06073484
3964.13540532
3964.20935950
3964.28391759
3964.35808095
3964.43380542
3964.52082948
3964.59346708
3964.66896871
3964.74436380
3964.81990834
3964.89552213
3964.96823043
3965.04473997
3965.11959112
3965.19447104
3965.26949651
3965.34401193
3965.41972519
3965.49452539
3965.56785614
3965.65429213
3965.72971062
3965.80284925
3965.87951410
3965.98764911
3966.05023641
3966.12672303
3966.20146666
3966.27618006
3966.34999428
3966.42543447
3966.50027441
3966.57461746
3966.64917140
3966.72607396
3966.80045407
3966.87614197
3966.95104018
3967.02490536
3967.09936666
3967.17500531
3967.24891657
3967.32432726
3967.39888901
3967.47549558
3967.54915256
3967.62342490
3967.70034648
3967.77475804
3967.84954116
3967.92374768
3967.99861175
3968.07359358
3968.14895868
3968.22323371
3968.29949456
3968.37278899
3968.45185169
3968.52341142
3968.59846200
3968.67221040
3968.74806678
3968.82197048
3968.89950743
3968.97297033
3969.04789462
3969.13309401
3969.20815825
3969.28454930
3969.36109321
3969.43237767
3969.50808313
3969.58283822
3969.65835935
3969.73457242
3969.80725732
3969.88294718
3969.95669582
3970.03264508
3970.10677309
3970.18295373
3970.26851835
3970.34422600
3970.41774595
3970.49346091
3970.56818577
3970.64311104
3970.71696257
3970.79229280
3970.89978123
3970.96420929
3971.03997740
3971.11371751
3971.18961509
3971.26367898
3971.33809542
3971.41462202
3971.49946325
3971.57404182
3971.65009032
3971.72448920
3971.80076054
3971.87418443
3971.94830025
3972.02515502
3972.09880638
3972.18455849
3972.26170656
3972.33479009
3972.40791312
3972.48506364
3972.55969462
3972.63433732
3972.71978393
3972.79481647
3972.86976855
3972.94465530
3973.01879964
3973.09440051
3973.16933187
3973.24451411
3973.31884399
3973.39360713
3973.46871842
3973.54527477
3973.62000158
3973.69486686
3973.76984016
3973.85553278
3973.95250571
3974.02764236
3974.10228310
3974.17758725
3974.25216484
3974.32852663
3974.40334853
3974.48754561
3974.56348952
3974.63710260
3974.71388301
3974.78770041
3974.86254546
3974.93858494
3975.01215487
3975.08693726
3975.16232918
3975.23745364
3975.33068873
3975.40481626
3975.47940970
3975.55578977
3975.63022206
3975.71484216
3975.79185150
3975.89886109
3975.96235463
3976.03802644
3976.11189894
3976.18669572
3976.26196866
3976.33742104
3976.42316412
3976.49766004
3976.57244341
3976.64717826
3976.72110172
3976.79801281
3976.87203110
3976.94679058
3977.02235975
3977.09699342
3977.17032295
3977.24714457
3977.32282174
3977.39568853
3977.47107508
3977.54513555
3977.63229395
3977.70665504
3977.78252385
3977.85656701
3977.93222395
3978.00595187
3978.08202377
3978.15646654
3978.23151005
3978.30655259
3978.38123186
3978.45683808
3978.53117845
3978.60629901
3978.68201324
3978.76698272
3978.86373354
3978.93845718
3979.01212561
3979.08794639
3979.16312180
3979.23847032
3979.31368279
3979.38827551
3979.46303718
3979.53902423
3979.61282895
3979.68793902
3979.76297717
3979.83637132
3979.91301081
3979.98672971
3980.07279706
3980.14799953
3980.22191519
3980.29823919
3980.37234793
3980.44834328
3980.52301108
3980.59744654
3980.67242203
3980.74741873
3980.82120053
3980.89697694
3980.97194682
3981.04659731
3981.12235982
3981.20821189
3981.28180278
3981.35819944
3981.43314616
3981.50683458
3981.58754934
3981.65801485
3981.73282211
3981.80798948
3981.88110617
3981.96103928
3982.03212553
3982.10774955
3982.18241467
3982.28954470
3982.36334967
3982.43968829
3982.51484104
3982.58902366
3982.66471278
3982.73896879
3982.81336962
3982.88790845
3982.96382261
3983.03888880
3983.11286906
3983.18919111
3983.26382380
3983.33790646
3983.41413952
3983.48913744
3983.57302538
3983.64889346
3983.72475105
3983.80059450
3983.87399645
3983.94762831
3984.02456378
3984.09777093
3984.17215152
3984.24889853
3984.32454840
3984.39769995
3984.47225755
3984.54765362
3984.62488922
3984.70877838
3984.78243388
3984.85837657
3984.93284542
3985.00703122
3985.08327330
3985.15825025
3985.23400861
3985.30781504
3985.38271080
3985.45987448
3985.53175847
3985.60716794
3985.68271322
3985.75837259
3985.83181404
3985.90865979
3985.98239673
3986.05773866
3986.13162701
3986.20750630
3986.28211047
3986.35592153
3986.43091457
3986.50687335
3986.58080192
3986.65705571
3986.73207289
3986.80776372
3986.88167400
3986.95648639
3987.02991101
3987.10565474
3987.21454629
3987.27926327
3987.35323280
3987.42683028
3987.50358290
3987.57735544
3987.65248648
3987.72725814
3987.80190181
3987.87767358
3987.95273148
3988.02581477
3988.10226677
3988.17571406
3988.25024485
3988.32703623
3988.41292340
3988.48673470
3988.56238652
3988.63743491
3988.71292094
3988.78720377
3988.86265054
3988.93854763
3989.01220217
3989.08597178
3989.16244231
3989.23663517
3989.31490745
3989.38787858
3989.47322913
3989.54813002
3989.62186038
3989.69741370
3989.77174065
3989.84695337
3989.92018441
3989.99614391
3990.10488040
3990.20072962
3990.26569504
3990.33901848
3990.41533931
3990.49007001
3990.56305407
3990.63959531
3990.73660872
3990.82122589
3990.89634937
3991.01199030
3991.13933992
3991.21387899
3991.28775758
3991.36312463
3991.43764225
3991.52316712
3991.59926584
3991.67364619
3991.74645251
3991.82175008
3991.89621893
3991.99341520
3992.06856599
3992.14360341
3992.21646410
3992.29180677
3992.36604205
3992.44033024
3992.51615882
3992.59135448
3992.66540105
3992.75102296
3992.82564225
3992.90015328
3992.97397092
3993.04910001
3993.12489300
3993.19893372
3993.28392978
3993.35908252
3993.43326904
3993.50713837
3993.58395316
3993.65664025
3993.74280903
3993.81784425
3993.92448740
3993.99929320
3994.07416531
3994.14942094
3994.23359755
3994.31018047
3994.38381404
3994.46925261
3994.54399697
3994.61863234
3994.69396087
3994.76780825
3994.85357206
3994.92832471
3995.00415451
3995.07785439
3995.15361373
3995.22669238
3995.30220377
3995.37700201
3995.45175271
3995.52586804
3995.60182121
3995.68584812
3995.75977084
3995.83673459
3995.90969963
3995.99631702
3996.07017342
3996.14572089
3996.22051645
3996.29425120
3996.36860790
3996.44490337
3996.51861813
3996.59275272
3996.66734421
3996.74315597
3996.82795868
3996.90386577
3996.97695100
3997.06291157
3997.13802530
3997.21213697
3997.29789298
3997.37243814
3997.44683946
3997.52077828
3997.59728855
3997.67018849
3997.74670169
3997.82057053
3997.89529124
3997.98183450
3998.06600502
3998.13954350
3998.21540889
3998.29024761
3998.36415716
3998.43942571
3998.51530817
3998.58911996
3998.66437023
3998.73768952
3998.81287713
3998.88776753
3998.99561850
3999.06920867
3999.14566506
3999.22988702
3999.30663232
3999.38177726
3999.46615842
3999.54116902
3999.61507224
3999.69959823
3999.77717029
3999.84999831
3999.92348461
3999.99921201
4000.07416678
4000.14873194
4000.22372620
4000.29763990
4000.38298143
4000.46919872
4000.54379802
4000.61924601
4000.69263382
4000.76672769
4000.84048853
4000.91662821
4000.99129455
4001.07705055
4001.15214039
4001.22647417
4001.30299200
4001.37548649
4001.45142674
4001.52613330
4001.60012941
4001.71716542
4001.79279627
4001.86729267
4001.94108959
4002.01728388
4002.09306565
4002.16522027
4002.24114613
4002.31574055
4002.38988806
4002.46552793
4002.53904276
4002.61384588
4002.68908542
4002.76264657
4002.83849002
4002.92472901
4002.99757385
4003.07306232
4003.14783252
4003.23355561
4003.30902336
4003.38295193
4003.45668594
4003.53238506
4003.60746100
4003.68118283
4003.75654354
4003.83039629
4003.91514877
4003.99358635
4004.06541549
4004.15069216
4004.22888886
4004.30043371
4004.37790581
4004.44991463
4004.52579465
4004.59957914
4004.67344018
4004.74803191
4004.82446928
4004.89832398
4004.97208165
4005.04857631
4005.12145773
4005.19845049
4005.27285401
4005.35639671
4005.43059275
4005.50618727
4005.58056738
4005.65469466
4005.73032624
4005.83851196
4005.90323186
4005.97775704
4006.05214909
4006.13746600
4006.21236932
4006.28663167
4006.36092937
4006.43620231
4006.50911176
4006.59540585
4006.67021799
4006.74394152
4006.81893676
4006.89299894
4006.96864832
4007.04382740
4007.11739879
4007.19083658
4007.26754336
4007.34169989
4007.41560920
4007.49121519
4007.56537831
4007.64045400
4007.71493480
4007.79494301
4007.87656010
4007.95002788
4008.02538518
4008.10124082
4008.17412004
4008.24862449
4008.32338738
4008.39851208
4008.47236264
4008.54734422
4008.62187110
4008.69659523
4008.77157218
4008.84631045
4008.93118459
4009.01809869
4009.09145700
4009.17708256
4009.25294162
4009.32639842
4009.40138732
4009.47627821
4009.55188005
4009.62666586
4009.70004781
4009.78511652
4009.86153829
4009.93495974
4010.00890855
4010.08587230
4010.15933154
4010.24472013
4010.31926603
4010.39407695
4010.46815693
4010.54374609
4010.61849045
4010.69166321
4010.76745254
4010.84215911
4010.94909531
4011.02280860
4011.09800059
4011.17236144
4011.24886732
4011.32247456
4011.40801357
4011.48230518
4011.55763127
4011.63329747
4011.70697394
4011.78184972
4011.85628322
4011.93029298
4012.00530919
4012.08229611
4012.15409598
4012.22906514
4012.30538475
4012.37875890
4012.45263310
4012.52989211
4012.61377639
4012.68766401
4012.76267973
4012.83939870
4012.91191830
4012.98674702
4013.06112127
4013.13659219
4013.21083308
4013.29593372
4013.37187031
4013.44577646
4013.52046206
4013.59552215
4013.66945877
4013.74412438
4013.83097167
4013.90491585
4013.97882078
4014.05541321
4014.12941103
4014.21362591
4014.28930577
4014.36602645
4014.47029562
4014.54566998
4014.62000840
4014.69614979
4014.77000327
4014.84505946
4014.91941958
4014.99518330
4015.07861117
4015.15385851
4015.22883132
4015.31446177
4015.38826307
4015.46403533
4015.53787833
4015.61419306
4015.68794122
4015.76134999
4015.83750381
4015.94277748
4016.00799548
4016.08292855
4016.17567066
4016.26144764
4016.33637802
4016.41013520
4016.48676835
4016.55985993
4016.63520406
4016.72063628
4016.79434714
4016.86902079
4016.94460507
4017.01830544
4017.09426739
4017.16787876
4017.24163935
4017.32854516
4017.41429654
4017.48932737
4017.57347350
4017.64859357
4017.73439200
4017.80873213
4017.88410210
4017.95877283
4018.03364251
4018.10866920
4018.18249415
4018.25715830
4018.33150769
4018.40654486
4018.48106955
4018.55541602
4018.65196692
4018.72623658
4018.80265713
4018.87681367
4018.95066032
4019.03680301
4019.11056091
4019.18679300
4019.25970538
4019.34922287
4019.42529233
4019.52904683
4019.59165046
4019.66684879
4019.74070130
4019.82830977
4019.90214447
4019.97525482
4020.05149081
4020.12465016
4020.19978389
4020.27500904
4020.34920483
4020.42415106
4020.49814498
4020.57237612
4020.64728724
4020.72257798
4020.79667625
4020.87119996
4020.94699075
4021.03298471
4021.10617503
4021.18205920
4021.25643736
4021.33122073
4021.41627992
4021.49067125
4021.56756406
4021.64164257
4021.71556286
4021.79154211
4021.86504865
4021.94032695
4022.01603460
4022.08983079
4022.18546595
4022.26237777
4022.33560637
4022.40946497
4022.48522284
4022.56153002
4022.63382410
4022.70870865
4022.78296027
4022.85757492
4022.93442433
4023.01723707
4023.09360861
4023.16816427
4023.25178182
4023.34937720
4023.42494247
4023.49962319
4023.57377729
4023.64816545
4023.73333363
4023.80841005
4023.88325828
4023.95796826
4024.03281892
4024.10722146
4024.18055733
4024.25708833
4024.33088256
4024.40570275
4024.48048100
4024.56639206
4024.65184160
4024.72681027
4024.80199690
4024.87534813
4024.95014783
4025.02397450
4025.09998203
4025.17430046
4025.24891023
4025.32362460
4025.39791475
4025.48344913
4025.56007009
4025.63351738
4025.70678938
4025.79424888
4025.86910344
4025.94325510
4026.01665412
4026.10286654
4026.17686801
4026.25321786
4026.32621264
4026.40169111
4026.47649935
4026.55046913
4026.62735828
4026.70086165
4026.77560284
4026.85058954
4026.93528888
4027.02035149
4027.09589018
4027.17057846
4027.24446779
4027.32016446
4027.39411157
4027.46687205
4027.54366221
4027.61811425
4027.69183656
4027.76786165
4027.84287005
4027.91659066
4027.99248165
4028.06632831
4028.15206895
4028.22698154
4028.30173736
4028.37755643
4028.45029839
4028.52433643
4028.60007236
4028.67486110
4028.74968128
4028.82313906
4028.89992045
4028.97312881
4029.04970954
4029.12345404
4029.19696326
4029.28375570
4029.35939727
4029.43506518
4029.50862341
4029.58177326
4029.65653712
4029.73231377
4029.80610654
4029.88088650
4029.95631450
4030.03020285
4030.10510471
4030.17988856
4030.25398439
4030.33051709
4030.40326563
4030.49927918
4030.57614053
4030.65012372
4030.73512294
4030.81017328
4030.88454608
4030.97024698
4031.04523491
4031.15234056
4031.21508731
4031.29024444
4031.36456749
4031.43842463
4031.51459137
4031.58999792
4031.66460892
4031.74963057
4031.83430650
4031.90751535
4031.98468146
4032.06198021
4032.13826082
4032.21542596
4032.29302947
4032.42422713
4032.53501284
4032.61009390
4032.68756283
4032.76440005
4032.84243095
4032.91764635
4033.00694978
4033.08285346
4033.15982794
4033.23834769
4033.31460586
4033.39158985
4033.46736065
4033.54610835
4033.62260351
4033.70054226
4033.77545119
4033.85347454
4033.92885914
4034.00745910
4034.08402447
4034.16249521
4034.24929838
4034.32553266
4034.40784437
4034.48489297
4034.55871939
4034.67799429
4034.74526297
4034.81972914
4034.89925119
4034.97646339
4035.05271254
4035.13866847
4035.21702949
4035.30390287
4035.37971585
4035.45866202
4035.53412464
4035.61118738
4035.68816820
4035.76666040
4035.84279813
4035.91994133
4035.99519549
4036.07294285
4036.15048273
4036.22630375
4036.30503878
4036.37997697
4036.45880782
4036.53374454
4036.62304846
4036.69902308
4036.77713006
4036.85398678
4036.93129553
4037.00651995
4037.08541028
4037.16313789
4037.23870730
4037.31618428
4037.39236443
4037.47027490
4037.54613054
4037.62435552
4037.70060394
4037.77811651
4037.86415338
4037.94201216
4038.03088405
4038.10750184
4038.18478718
4038.26134792
4038.33797912
4038.41583400
4038.49243399
4038.56844445
4038.63511702
