3863.88021310
3863.97309687
3864.06412695
3864.15744105
3864.22834297
3864.30799789
3864.38794319
3864.47219148
3864.56187696
3864.65519520
3864.74430894
3864.82808936
3864.90987371
3865.00288890
3865.07266077
3865.15342185
3865.23346394
3865.32671245
3865.41767159
3865.51007822
3865.60301758
3865.69183022
3865.84996466
3865.93072745
3866.01346729
3866.09303493
3866.18540012
3866.28749402
3866.38106802
3866.47195109
3866.55331926
3866.64732235
3866.72817560
3866.80874163
3866.88877934
3866.96973815
3867.05042999
3867.14406567
3867.23584255
3867.32771524
3867.46474945
3867.53360045
3867.62590200
3867.70668137
3867.78746806
3867.86792682
3867.96135111
3868.06653018
3868.15624541
3868.24864985
3868.34250593
3868.41116846
3868.49106963
3868.57172685
3868.65289583
3868.73540357
3868.89074420
3868.98381814
3869.07613797
3869.18335919
3869.25005760
3869.33106469
3869.41176068
3869.50429872
3869.58764321
3869.67702344
3869.76870986
3869.86061279
3869.95340878
3870.04686477
3870.11584451
3870.19779904
3870.27751247
3870.35841107
3870.44195060
3870.54375901
3870.63560561
3870.72809343
3870.86476193
3870.92260738
3871.00450267
3871.08449844
3871.16598997
3871.29160294
3871.38446745
3871.47382793
3871.56576864
3871.67043523
3871.73821810
3871.82195293
3871.90381627
3871.98358286
3872.06331044
3872.14402788
3872.23713473
3872.32969936
3872.42254607
3872.55904122
3872.61788019
3872.69871564
3872.77942869
3872.85926184
3872.94115712
3873.09836582
3873.19014733
3873.28246156
3873.37614087
3873.44523374
3873.52774537
3873.60856570
3873.69919033
3873.79213579
3873.87274425
3873.96456159
3874.05646891
3874.15007874
3874.28691522
3874.34456514
3874.42545983
3874.50520179
3874.58682401
3874.67172059
3874.76155113
3874.86495259
3874.95622575
3875.04896665
3875.13986094
3875.22156191
3875.30232909
3875.38410832
3875.46490378
3875.54563219
3875.63644529
3875.74140981
3875.83291800
3875.96963380
3876.03850138
3876.12085844
3876.20058285
3876.28284141
3876.36423031
3876.45567999
3876.59055746
3876.68243601
3876.78720548
3876.85702976
3876.93781840
3877.02205108
3877.09839459
3877.18128925
3877.26202644
3877.36575094
3877.51078332
3877.61557522
3877.72785109
3877.80873847
3877.88956952
3877.98333320
3878.06227669
3878.15485496
3878.24679982
3878.39409011
3878.48522723
3878.57782964
3878.65871751
3878.74140981
3878.83322325
3878.91254855
3878.99444724
3879.07525977
3879.16856826
3879.28313983
3879.36323532
3879.48782575
3879.55965878
3879.63866517
3879.72644333
3879.80907053
3879.88981163
3879.98230091
3880.08649645
3880.16648710
3880.24834898
3880.32813995
3880.40985019
3880.49253029
3880.57284691
3880.65273638
3880.74450545
3880.83748406
3880.97525677
3881.03539208
3881.15756612
3881.23924563
3881.31936306
3881.42180147
3881.50460763
3881.58549793
3881.66634216
3881.76013509
3881.86498526
3881.99767065
3882.09027160
3882.18370759
3882.27595282
3882.36715894
3882.45090693
3882.53134546
3882.61125346
3882.70778461
3882.77481606
3882.86839030
3882.97113762
3883.07376449
3883.16764324
3883.25849779
3883.35136571
3883.43191078
3883.52692837
3883.59564722
3883.68637109
3883.77955986
3883.87067943
3883.96544955
3884.05713524
3884.15213698
3884.24370344
3884.35855930
3884.43713000
3884.52002588
3884.60092862
3884.69360564
3884.78525159
3884.86600073
3884.94800816
3885.02882581
3885.12241468
3885.22894396
3885.30676666
3885.39863374
3885.49128955
3885.58460071
3885.66688122
3885.74679458
3885.82859917
3885.90857543
3885.99018521
3886.08591570
3886.15366152
3886.24646214
3886.35031245
3886.44201009
3886.53667098
3886.62750749
3886.70912483
3886.79014167
3886.89363163
3886.96545784
3887.04529805
3887.12713409
3887.20775352
3887.28972951
3887.38176531
3887.47384963
3887.56733658
3887.65968909
3887.79781752
3887.86673459
3887.94662577
3888.03938324
3888.13106674
3888.22481944
3888.31999209
3888.39825925
3888.48908234
3888.58283480
3888.68767717
3888.76752958
3888.86016564
3888.94192000
3889.02293221
3889.10465293
3889.19688743
3889.27791890
3889.36935737
3889.46209827
3889.56680630
3889.64851824
3889.73928282
3889.83104189
3889.92215219
3890.04954838
3890.12041520
3890.20218833
3890.29396545
3890.38690505
3890.45666181
3890.53827549
3890.63003384
3890.72393063
3890.81553416
3890.90738174
3890.99930173
3891.09173884
3891.17463252
3891.26851420
3891.33620760
3891.41900035
3891.49859481
3891.58037574
3891.66223763
3891.75402889
3891.84630655
3891.93910888
3892.03213869
3892.13555722
3892.25052108
3892.32104510
3892.40193492
3892.48297955
3892.56266983
3892.64527801
3892.77008031
3892.85172082
3892.96668737
3893.05832820
3893.18429249
3893.25451126
3893.34641443
3893.43781023
3893.52130296
3893.60277060
3893.69357443
3893.78830579
3893.85714484
3893.94913554
3894.05183751
3894.18928107
3894.27997007
3894.37284652
3894.46650926
3894.60327577
3894.66099225
3894.74294605
3894.83560966
3894.91568540
3894.99733565
3895.09087356
3895.17085909
3895.27453459
3895.36633194
3895.50692601
3895.56291217
3895.65543535
3895.73724774
3895.82903095
3895.91083627
3896.00353938
3896.08533080
3896.16625792
3896.25893957
3896.42837530
3896.50869265
3896.59962546
3896.69329966
3896.78511140
3896.87693508
3896.97048323
3897.05248141
3897.13315959
3897.21380097
3897.30864765
3897.42139846
3897.51302514
3897.60683392
3897.69723718
3897.78922568
3897.88214504
3897.97549107
3898.05730054
3898.15154574
3898.21954243
3898.30029718
3898.38197255
3898.46285408
3898.54558660
3898.64731284
3898.74118014
3898.83392494
3898.92654978
3899.02912131
3899.14275641
3899.21505122
3899.29632211
3899.37588536
3899.45756122
3899.53939872
3899.61960782
3899.70184225
3899.80578179
3899.91126757
3899.99011183
3900.08181824
3900.17654862
3900.25730897
3900.33808030
3900.41904350
3900.49980507
3900.59250428
3900.67425011
3900.76995207
3900.84789252
3900.95160191
3901.07637349
3901.14834087
3901.23971229
3901.33243197
3901.41406321
3901.49608259
3901.59075763
3901.65753357
3901.73933548
3901.86403855
3902.02204206
3902.11574015
3902.20663103
3902.29827234
3902.40317761
3902.48314169
3902.56532101
3902.64717607
3902.72905672
3902.80814918
3902.89063765
3902.97446001
3903.05331889
3903.14598177
3903.25464463
3903.33064534
3903.42344036
3903.51614151
3903.59771278
3903.67857724
3903.77235359
3903.85319440
3903.93399693
3904.01403195
3904.11136500
3904.19021608
3904.28337170
3904.37378226
3904.46741501
3904.55921505
3904.67403141
3904.75476934
3904.84741661
3904.94018993
3905.00909409
3905.09090306
3905.17197793
3905.25456905
3905.34638152
3905.43901879
3905.54337086
3905.63515627
3905.72529938
3905.81921983
3905.89015418
3905.97248271
3906.05381919
3906.13452273
3906.22543799
3906.31823886
3906.40086582
3906.49270681
3906.58635395
3906.69200552
3906.76879081
3906.86177527
3906.97041545
3907.06501174
3907.15980307
3907.25362063
3907.35026637
3907.44497189
3907.55176522
3907.63379606
3907.72831725
3907.82413039
3907.91889002
3908.01362455
3908.10751330
3908.20405348
3908.29896501
3908.40487721
3908.48945854
3908.58211508
3908.68863998
3908.78362245
3908.91123246
3909.00704316
3909.10177866
3909.20655203
3909.29118993
3909.38499115
3909.47977809
3909.57446776
3909.67029626
3909.76407212
3909.85875935
3909.95386714
3910.06146968
3910.18617762
3910.27091304
3910.36572047
3910.46249738
3910.55724897
3910.65109823
3910.74679580
3910.85357986
3911.00040741
3911.09492031
3911.18884051
3911.28545066
3911.38094538
3911.47664734
3911.56982124
3911.67839731
3911.75938538
3911.85497933
3911.95077857
3912.04462051
3912.13926019
3912.23226099
3912.32921759
3912.42392408
3912.53165388
3912.61218773
3912.70860722
3912.80232555
3912.89793998
3912.99258820
3913.08764211
3913.18389508
3913.30054367
3913.38344540
3913.47905691
3913.57470596
3913.66852547
3913.76239154
3913.85718458
3913.95285802
3914.04748185
3914.15329946
3914.24000193
3914.33082990
3914.42693902
3914.52212532
3914.61545721
3914.72029495
3914.81482175
3914.92171334
3915.00638439
3915.10115305
3915.19811038
3915.28975706
3915.38451036
3915.49046133
3915.58607796
3915.69251996
3915.77441914
3915.86971418
3915.96545272
3916.05986956
3916.16570984
3916.27139725
3916.36606643
3916.47283758
3916.55542601
3916.65115601
3916.74601683
3916.84073282
3916.93556853
3917.02926540
3917.12398603
3917.21889975
3917.32446526
3917.41017299
3917.50327229
3917.59848833
3917.69429757
3917.78885923
3917.88401189
3917.97976188
3918.07256836
3918.18117832
3918.26223368
3918.38972324
3918.47446720
3918.56826647
3918.66396940
3918.75894457
3918.85522850
3918.96254870
3919.04401464
3919.14921785
3919.24334407
3919.33789183
3919.43348115
3919.52849411
3919.62293289
3919.73097355
3919.81278009
3919.90747707
3920.00227572
3920.09800815
3920.19171819
3920.28854704
3920.38117602
3920.47738462
3920.58521633
3920.67743645
3920.77098606
3920.86712420
3920.96160175
3921.05731054
3921.15103228
3921.24602548
3921.35458960
3921.43640760
3921.53116553
3921.62685895
3921.72071991
3921.81636287
3921.91056857
3922.00574000
3922.09998764
3922.20683997
3922.32260890
3922.41647765
3922.51186486
3922.60662547
3922.70251638
3922.79626908
3922.89105505
3922.99979910
3923.08295805
3923.17839133
3923.27061487
3923.36724452
3923.46023118
3923.56676265
3923.67168670
3923.78152204
3923.86566939
3923.95794583
3924.05261867
3924.14644622
3924.24123097
3924.33705606
3924.43177400
3924.52736308
3924.63528549
3924.73704635
3924.83273637
3924.92772787
3925.02218664
3925.11793590
3925.21157938
3925.33838311
3925.44721420
3925.52981702
3925.62429628
3925.71986195
3925.81451991
3925.92029266
3926.01327493
3926.11001234
3926.21587042
3926.30011067
3926.39490273
3926.49062566
3926.61727042
3926.69998686
3926.79482451
3926.89157924
3926.99743659
3927.08012767
3927.17475955
3927.26958355
3927.36438244
3927.45819951
3927.55382882
3927.64840487
3927.74328031
3927.85195439
3927.98760669
3928.08345737
3928.17709792
3928.27201896
3928.36759073
3928.46233354
3928.55705100
3928.66389846
3928.74714835
3928.84239146
3928.93532155
3929.02988882
3929.12549886
3929.22127007
3929.31625352
3929.41002305
3929.51570875
3929.59851613
3929.69352177
3929.78715988
3929.88401506
3929.97856965
3930.07247962
3930.16709614
3930.26182140
3930.36951268
3930.45378632
3930.54808687
3930.64182031
3930.73796064
3930.83275295
3930.92676165
3931.02225296
3931.11620705
3931.22377423
3931.30660964
3931.40027336
3931.49600165
3931.59077787
3931.68488092
3931.77948404
3931.88527043
3931.99239510
3932.07534754
3932.17104536
3932.26483634
3932.35975397
3932.45458333
3932.54972599
3932.64417502
3932.73986503
3932.84561169
3932.92952401
3933.02440165
3933.11978495
3933.21381048
3933.30858499
3933.40404338
3933.53027904
3933.63832165
3933.72091081
3933.81571702
3933.91037645
3934.00529529
3934.09907067
3934.19469754
3934.29144276
3934.38532493
3934.48909965
3934.57166322
3934.66563852
3934.82298107
3934.89398320
3934.99016669
3935.08483563
3935.18066534
3935.28847024
3935.37125859
3935.53190915
3935.62649885
3935.72114024
3935.81615002
3935.91263144
3936.03047713
3936.12308247
3936.22913950
3936.32524521
3936.42010090
3936.51485201
3936.64983554
3936.72858325
3936.81856983
3936.88237959
3936.96195015
3937.03773972
3937.11355148
3937.19228041
3937.26925222
3937.34721778
3937.42566804
3937.50167046
3937.58038769
3937.65720248
3937.74993704
3937.82388365
3937.90252774
3937.98045186
3938.05867855
3938.13460904
3938.21322997
3938.29029369
3938.36897166
3938.44570136
3938.52250347
3938.60021060
3938.69198236
3938.75685098
3938.83153000
3938.90952336
3938.99822604
3939.07701983
3939.15182709
3939.23263036
3939.31007491
3939.38581669
3939.46461535
3939.54028887
3939.63514115
3939.70808303
3939.78355614
3939.86230628
3939.93910937
3940.01595463
3940.09581411
3940.17251017
3940.27141139
3940.34912754
3940.42596939
3940.51759657
3940.58144997
3940.70234157
3940.76894270
3940.84770504
3940.92350631
3941.00199753
3941.08064259
3941.15656455
3941.23427631
3941.31149071
3941.41545122
3941.47712155
3941.56683409
3941.64376127
3941.72242462
3941.79835682
3941.87525597
3941.95388689
3942.07656391
3942.14061821
3942.21812736
3942.30913453
3942.37380835
3942.44953746
3942.52849094
3942.61025237
3942.68398419
3942.78367975
3942.86052745
3942.93830065
3943.01712979
3943.09385681
3943.18360300
3943.24854525
3943.32534834
3943.40419552
3943.47964863
3943.55931843
3943.63515725
3943.71436161
3943.80032436
3943.87990200
3943.95770251
3944.05947069
3944.12237737
3944.20235851
3944.31184374
3944.38874069
3944.46541139
3944.54322677
3944.62343587
3944.69535838
3944.77207906
3944.85184711
3944.94181443
3945.00675571
3945.08451380
3945.16037992
3945.24916380
3945.32703452
3945.40474580
3945.48240880
3945.55935232
3945.63696314
3945.71582544
3945.79269606
3945.88361156
3945.94742156
3946.02519915
3946.10183425
3946.18061707
3946.26835158
3946.34538921
3946.42283108
3946.51029180
3946.62185891
3946.69891239
3946.79060661
3946.85448854
3946.93015645
3947.00903191
3947.08666371
3947.16556209
3947.24233445
3947.31912657
3947.39674715
3947.47419267
3947.55288796
3947.68889012
3947.75039954
3947.82729137
3947.90503337
3947.98266858
3948.05946557
3948.13737725
3948.21517483
3948.29200230
3948.37077171
3948.44754237
3948.52647951
3948.61619571
3948.68007423
3948.75688901
3948.83553627
3948.92440670
3949.00126830
3949.07787877
3949.15685395
3949.23231170
3949.31196589
3949.38841716
3949.46611356
3949.55805842
3949.62074032
3949.69858642
3949.77631110
3949.88602649
3949.96287760
3950.04068152
3950.11937145
3950.20815605
3950.28494792
3950.36079113
3950.45350009
3950.53333055
3950.60634484
3950.68182453
3950.75666325
3950.83340318
3950.90539543
3950.98117744
3951.05682560
3951.14181824
3951.21657601
3951.29125259
3951.39110028
3951.45382582
3951.55949348
3951.62539464
3951.69921886
3951.77402588
3951.84975572
3951.92460052
3951.99843206
3952.07427551
3952.14848861
3952.22338365
3952.31223871
3952.37385053
3952.44777106
3952.52257613
3952.60924959
3952.68406465
3952.75884607
3952.83574595
3952.90953433
3952.98335587
3953.05924760
3953.13491039
3953.22259712
3953.28353846
3953.35755920
3953.42627293
3953.50073228
3953.57635801
3953.65085149
3953.72471082
3953.81244510
3953.88718092
3953.99493584
3954.06065340
3954.14744023
3954.20731637
3954.28323248
3954.35987075
3954.43377470
3954.50951917
3954.58433960
3954.66003530
3954.73410479
3954.80878113
3954.88450707
3954.95982340
3955.07163262
3955.13144269
3955.20614999
3955.28122618
3955.35888844
3955.43065175
3955.50631405
3955.58212142
3955.65693478
3955.73093357
3955.80660879
3955.88135413
3955.95519225
3956.04592732
3956.10677846
3956.19159604
3956.26738269
3956.34140513
3956.41506478
3956.49199196
3956.56582789
3956.64073073
3956.71626210
3956.79318343
3956.86592295
3956.95570571
3957.01478630
3957.09044787
3957.16609554
3957.24103763
3957.31540872
3957.39128582
3957.46499716
3957.57367733
3957.64661336
3957.72290225
3957.79830123
3957.88921039
3957.94702464
3958.02174900
3958.09838069
3958.18417156
3958.25919021
3958.33260605
3958.40850948
3958.48433074
3958.60291006
3958.67788604
3958.76571881
3958.82649485
3958.90321041
3958.97802645
3959.05198379
3959.12627613
3959.20002111
3959.28027605
3959.35286367
3959.42864325
3959.50017176
3959.57630267
3959.65089294
3959.73975849
3959.81145548
3959.88656409
3959.96034711
3960.03698977
3960.11160808
3960.18650677
3960.26126795
3960.33715187
3960.40992845
3960.48662865
3960.56145907
3960.65174871
3960.71173578
3960.78553075
3960.86087171
3960.93569531
3961.04252960
3961.13929822
3961.21413718
3961.28899491
3961.36371831
3961.44030489
3961.52623010
3961.58993039
3961.66392186
3961.73965487
3961.81263649
3961.88915310
3961.96402326
3962.03793428
3962.11459547
3962.19943841
3962.27338722
3962.34955811
3962.43731554
3962.49819033
3962.57504729
3962.64988186
3962.72293857
3962.79851676
3962.87416980
3962.94810642
3963.02285395
3963.09864742
3963.17409297
3963.24879979
3963.34850485
3963.41043752
3963.48410620
3963.56001475
3963.63382361
3963.70868914
3963.78434291
3963.85918187
3963.93405325
3964.00903216
3964.08375457
3964.16044648
3964.23432459
3964.32311431
3964.38380282
3964.45767703
3964.54363466
3964.61937182
3964.69333525
3964.76793650
3964.84383456
3964.91973970
3964.99497826
3965.06986354
3965.14362584
3965.23254112
3965.29235485
3965.36798789
3965.44196499
3965.51871175
3965.59346952
3965.67838877
3965.75312655
3965.82880470
3965.90267232
3966.01137370
3966.07514177
3966.16667118
3966.22558988
3966.30040787
3966.37365938
3966.45137383
3966.52421818
3966.60015160
3966.67491083
3966.74966251
3966.82453852
3966.90020619
3966.97608182
3967.04895275
3967.13759449
3967.19857337
3967.27330116
3967.34916411
3967.42302759
3967.49976290
3967.57266991
3967.64760932
3967.72442264
3967.79888174
3967.87382676
3967.94857575
3968.02256698
3968.11179532
3968.17309677
3968.24729963
3968.32417513
3968.39793767
3968.47474173
3968.54759730
3968.62233678
3968.69813293
3968.77301943
3968.84678392
3968.92367527
3968.99741440
3969.08812412
3969.15702998
3969.23181750
3969.30878272
3969.38323938
3969.45710530
3969.53198375
3969.60724450
3969.68460664
3969.75962699
3969.83219340
3969.90713866
3969.99780255
3970.05675465
3970.13360674
3970.20731808
3970.29213615
3970.36909016
3970.44181919
3970.51748076
3970.59234239
3970.66812562
3970.74392153
3970.81867369
3970.94063098
3970.99053020
3971.06417815
3971.13758156
3971.21418594
3971.28953763
3971.36457042
3971.43877474
3971.52447638
3971.60048464
3971.67411041
3971.74889500
3971.84067772
3971.89949402
3971.97431518
3972.04934797
3972.12292497
3972.21069996
3972.28662728
3972.35944604
3972.43412189
3972.50983953
3972.58466167
3972.65959937
3972.75995638
3972.82457973
3972.89539851
3972.96939828
3973.04617284
3973.11968426
3973.19354530
3973.27041860
3973.34509152
3973.41904765
3973.49371764
3973.56966862
3973.64538163
3973.73527849
3973.79502834
3973.88186027
3973.97841459
3974.05183677
3974.12810567
3974.20156443
3974.27742129
3974.35289049
3974.42694268
3974.51246780
3974.60044759
3974.66022547
3974.73799063
3974.80992947
3974.88658481
3974.96152519
3975.03519923
3975.11114411
3975.18591602
3975.25872868
3975.35553534
3975.42975039
3975.51821999
3975.57974355
3975.65286511
3975.74091487
3975.81395233
3975.92255058
3975.98558868
3976.06215893
3976.13581370
3976.21082552
3976.28449249
3976.36127582
3976.46202366
3976.52287796
3976.59661222
3976.67054762
3976.74529028
3976.82210506
3976.89608752
3976.97072070
3977.04711980
3977.11966719
3977.19614235
3977.27006898
3977.34578930
3977.43552525
3977.49438373
3977.57118950
3977.65591517
3977.73074925
3977.80647543
3977.88037011
3977.95618870
3978.03100205
3978.10578713
3978.18062170
3978.25558695
3978.34431938
3978.40599215
3978.47993389
3978.55390098
3978.63055315
3978.70519731
3978.79005658
3978.88770121
3978.96252457
3979.03731428
3979.11225222
3979.18701194
3979.27536768
3979.33824755
3979.41290975
3979.48772506
3979.56300775
3979.63679443
3979.71062474
3979.78700628
3979.86332882
3979.93659887
3980.00934545
3980.09706461
3980.18496979
3980.24587164
3980.32272129
3980.39733253
3980.47231948
3980.54695803
3980.62085418
3980.69755754
3980.77237797
3980.84435339
3980.92202273
3980.99596886
3981.07062959
3981.16139831
3981.23217687
3981.30672180
3981.38259841
3981.45692025
3981.53089539
3981.60814928
3981.68242894
3981.75646015
3981.83041945
3981.90711964
3981.98102725
3982.06978211
3982.13156898
3982.20642184
3982.31404875
3982.38885285
3982.46459073
3982.53972591
3982.61417356
3982.68783760
3982.76454706
3982.83725732
3982.91314271
3983.00087601
3983.06145944
3983.13695327
3983.21330238
3983.28788997
3983.36341476
3983.43733407
3983.51407157
3983.59882430
3983.67371251
3983.75147596
3983.82536455
3983.91310077
3983.97385755
3984.04864043
3984.12446048
3984.19735725
3984.27315706
3984.34902904
3984.42160106
3984.49718364
3984.57288787
3984.64877692
3984.73290086
3984.82150724
3984.88447050
3984.95704788
3985.03379172
3985.10780904
3985.18425519
3985.26017373
3985.33299249
3985.40806428
3985.48352959
3985.55738746
3985.63332721
3985.70817470
3985.79792577
3985.85783531
3985.93379945
3986.00659992
3986.08146862
3986.15733450
3986.23305410
3986.30686150
3986.38427021
3986.45668302
3986.53062159
3986.60619856
3986.69699751
3986.75608371
3986.83182281
3986.90591059
3986.98110308
3987.05583427
3987.13164944
3987.23838572
3987.30426249
3987.37677868
3987.45068531
3987.52775195
3987.62014810
3987.67748083
3987.75231881
3987.82719044
3987.90189749
3987.97703512
3988.05163222
3988.12634561
3988.20025663
3988.27712652
3988.35099049
3988.43683719
3988.52829004
3988.58708464
3988.66112830
3988.73789237
3988.81141183
3988.88905338
3988.96343446
3989.03974286
3989.11324672
3989.18706899
3989.26183944
3989.33959509
3989.41118334
3989.50911127
3989.57184364
3989.64664700
3989.72044221
3989.79537284
3989.87090178
3989.94497737
3990.01957423
3990.12899143
3990.22567326
3990.28861677
3990.37782438
3990.43779414
3990.51389530
3990.58875913
3990.66274743
3990.76033428
3990.84523354
3990.91992865
3991.08845497
3991.17822408
3991.23732491
3991.31438155
3991.38679705
3991.46150874
3991.54740176
3991.62297629
3991.69676029
3991.77132081
3991.84621487
3991.91858770
3992.01656684
3992.10843709
3992.16720536
3992.24119928
3992.31497693
3992.38887942
3992.46545771
3992.54024450
3992.61565738
3992.68946868
3992.77430650
3992.84912327
3992.92406975
3993.01466123
3993.07308499
3993.14707720
3993.22271781
3993.30960411
3993.38344126
3993.45629341
3993.53300361
3993.60602350
3993.68083832
3993.76739305
3993.84242291
3993.96321430
3994.02288613
3994.09867936
3994.17264085
3994.25929553
3994.33423470
3994.40596655
3994.49339606
3994.56773740
3994.64150043
3994.71743263
3994.79171253
3994.89144588
3994.95241697
3995.02802904
3995.10391053
3995.17769428
3995.25063323
3995.32636478
3995.40114181
3995.47591274
3995.54989812
3995.62543462
3995.70956417
3995.79900243
3995.85891246
3995.93280032
3996.02049973
3996.09430347
3996.16967003
3996.24275356
3996.31834004
3996.39219108
3996.46714146
3996.54371683
3996.61663189
3996.70649315
3996.76712315
3996.85202534
3996.92784441
3997.00554739
3997.08825749
3997.16213437
3997.23499653
3997.32184650
3997.39654868
3997.46985701
3997.54613590
3997.63700800
3997.69501364
3997.77162704
3997.84543688
3997.91916675
3998.00613912
3998.08977764
3998.16351604
3998.23931488
3998.31518344
3998.38902034
3998.46475457
3998.55338874
3998.61337411
3998.68712958
3998.76196415
3998.83867117
3998.91191513
3999.02042975
3999.09448145
3999.16905392
3999.25485040
3999.33172809
3999.40773100
3999.50523373
3999.56519106
3999.63989422
3999.72564583
3999.80150513
3999.87329379
3999.95001008
4000.02402789
4000.09828804
4000.17391841
4000.24992594
4000.32272324
4000.42323483
4000.49411481
4000.56926731
4000.64401508
4000.71891865
4000.79183395
4000.86672411
4000.94216723
4001.01532634
4001.10304598
4001.17679048
4001.24969530
4001.34230137
4001.40172232
4001.47660906
4001.55030553
4001.62422996
4001.74378183
4001.81781792
4001.89110113
4001.96776452
4002.04168480
4002.11619340
4002.19131834
4002.28202880
4002.34082193
4002.41476148
4002.49049132
4002.56333250
4002.63826776
4002.71304821
4002.78792008
4002.86360554
4002.95043919
4003.02229051
4003.09806155
4003.18787527
4003.25860287
4003.33224692
4003.40713196
4003.48177757
4003.55670040
4003.63327626
4003.70627348
4003.78195285
4003.85506588
4003.94154795
4004.01646444
4004.10521174
4004.17783033
4004.25060885
4004.32504211
4004.40009611
4004.47385938
4004.54970381
4004.62338589
4004.69830677
4004.77209296
4004.84756680
4004.92136225
4005.01156363
4005.07241013
4005.14425633
4005.22191762
4005.29578768
4005.38062892
4005.45533744
4005.52919116
4005.60501121
4005.67977166
4005.75466962
4005.86125108
4005.93923396
4006.00088600
4006.07472559
4006.16060325
4006.23635308
4006.31022143
4006.38502723
4006.45845015
4006.53219513
4006.61843120
4006.69341815
4006.76804182
4006.85792333
4006.91779020
4006.99265427
4007.06840459
4007.14120847
4007.21593454
4007.29184017
4007.36491053
4007.44101218
4007.51751757
4007.58911021
4007.66454041
4007.73922381
4007.83395224
4007.89980781
4007.97354231
4008.04964371
4008.12475671
4008.19757522
4008.27301980
4008.34731848
4008.42259434
4008.49734333
4008.57128263
4008.64509052
4008.73384489
4008.79486206
4008.87042245
4008.95608751
4009.04200419
4009.11681487
4009.20210983
4009.27698048
4009.35070328
4009.42557540
4009.50135546
4009.57568607
4009.66334013
4009.72396184
4009.80771057
4009.88502565
4009.95831666
4010.03318098
4010.10993237
4010.18274577
4010.26846886
4010.34329343
4010.41806656
4010.49286407
4010.58094528
4010.64247689
4010.71730073
4010.79111642
4010.86555114
4010.97332093
4011.04704056
4011.12157597
4011.19623305
4011.27228837
4011.34531900
4011.43206487
4011.52109913
4011.58157017
4011.65734072
4011.73013436
4011.80604632
4011.88061514
4011.95441303
4012.02928832
4012.10515274
4012.17811315
4012.25473557
4012.32947798
4012.40136831
4012.49107646
4012.55386222
4012.63861690
4012.71251207
4012.78731982
4012.86224777
4012.93682244
4013.01126764
4013.08600859
4013.15948075
4013.23429948
4013.32114385
4013.41001378
4013.47078226
4013.54543910
4013.62040337
4013.69324773
4013.76981968
4013.85469188
4013.92851586
4014.00335457
4014.08012669
4014.15315902
4014.23895282
4014.32879556
4014.38916200
4014.49645050
4014.56935483
4014.64422866
4014.71991802
4014.79402433
4014.86966664
4014.94245273
4015.01914390
4015.10306719
4015.17962184
4015.26744754
4015.33926716
4015.41226390
4015.48895166
4015.56285829
4015.63832530
4015.71207955
4015.78777233
4015.86070592
4015.96874414
4016.03338578
4016.10726803
4016.21459725
4016.28530584
4016.36010310
4016.43386174
4016.51167420
4016.58446418
4016.66011649
4016.74427042
4016.81915302
4016.89560770
4016.96947289
4017.04419701
4017.13221654
4017.19399976
4017.26679023
4017.35374334
4017.43834978
4017.51325384
4017.59955573
4017.67412625
4017.75868662
4017.83437111
4017.90813072
4017.98288703
4018.07171869
4018.13339950
4018.20630140
4018.28307449
4018.35597517
4018.43071392
4018.50646082
4018.57928421
4018.67800867
4018.75282618
4018.82702782
4018.90178997
4018.99038733
4019.06223256
4019.13608360
4019.21105519
4019.28561230
4019.38930219
4019.44519253
4019.55204267
4019.61467386
4019.68944479
4019.76438371
4019.86425456
4019.92599975
4019.99975424
4020.07354799
4020.14933634
4020.22318616
4020.29841936
4020.37327100
4020.44823722
4020.52257393
4020.59640425
4020.67112155
4020.74687552
4020.83467636
4020.89642129
4020.96927516
4021.05707087
4021.12997057
4021.20566871
4021.28041868
4021.35517474
4021.43928016
4021.51488931
4021.59053454
4021.66547663
4021.75286909
4021.81337620
4021.88884809
4021.96451161
4022.03935935
4022.11223515
4022.21013481
4022.28590634
4022.35815385
4022.43463096
4022.50755406
4022.58413845
4022.66999271
4022.73283260
4022.80660782
4022.88155259
4022.95821841
4023.04219826
4023.11767819
4023.19086120
4023.27603450
4023.37404412
4023.44897962
4023.52296232
4023.61266072
4023.67174424
4023.75760508
4023.83237212
4023.90722131
4023.98197201
4024.05680902
4024.12971433
4024.20632968
4024.28065420
4024.35403566
4024.42984255
4024.51871346
4024.59042849
4024.67610233
4024.74929557
4024.82593019
4024.89965811
4024.97456241
4025.04764496
4025.12409647
4025.19701958
4025.27200360
4025.34765054
4025.43535020
4025.50812458
4025.58396852
4025.65767376
4025.73247298
4025.81740028
4025.89128813
4025.96780572
4026.04167529
4026.12560809
4026.20102024
4026.27721478
4026.36493638
4026.42568852
4026.49965221
4026.57434659
4026.65124524
4026.72499632
4026.79886175
4026.87460500
4026.95944818
4027.04529781
4027.11897550
4027.19479531
4027.28266758
4027.34231575
4027.41719835
4027.49304229
4027.56702426
4027.64165598
4027.71708886
4027.79211043
4027.86586834
4027.94082506
4028.01666704
4028.09047347
4028.19005809
4028.25097847
4028.32566846
4028.40157945
4028.47460812
4028.54828069
4028.62491287
4028.69884291
4028.77378792
4028.84737126
4028.92412412
4028.99902232
4029.07469121
4029.16307450
4029.22297356
4029.30880685
4029.38406955
4029.45808785
4029.53271567
4029.60548615
4029.68122696
4029.75610273
4029.82986405
4029.90487441
4029.98054597
4030.07037213
4030.12943785
4030.20506577
4030.27784137
4030.35368897
4030.42736276
4030.52608649
4030.59989389
4030.67571272
4030.76136657
4030.83407634
4030.90952604
4031.01027949
4031.06912066
4031.17767721
4031.24077554
4031.31467095
4031.39032180
4031.46611941
4031.53904569
4031.61576271
4031.68947478
4031.77341489
4031.86005641
4031.94996546
4032.01078515
4032.08662104
4032.16628645
4032.24125145
4032.37279776
4032.44961255
4032.56034925
4032.63527013
4032.71394128
4032.80291264
4032.86668656
4032.94544207
4033.03122928
4033.10897323
4033.18570293
4033.26275421
4033.33928594
4033.41656299
4033.49246763
4033.57086182
4033.64671624
4033.73948250
4033.80087440
4033.87858592
4033.95592660
4034.03143140
4034.10961542
4034.18837581
4034.27617810
4034.35205959
4034.42883976
4034.51089669
4034.58315688
4034.71585543
4034.76782313
4034.84457477
4034.92212415
4034.99883191
4035.07753378
4035.16335171
4035.23997731
4035.32694187
4035.40355674
4035.48278573
4035.55810718
4035.64906656
4035.71371868
4035.79054274
4035.86747675
4035.94406504
4036.02096491
4036.09674985
4036.17548001
4036.25222482
4036.32908935
4036.40383688
4036.48277037
4036.57250802
4036.64687594
4036.72531767
4036.80112698
4036.87810293
4036.95390128
4037.03257657
4037.10842441
4037.18518069
4037.26303410
4037.33976917
4037.41571551
4037.50718737
4037.57217498
4037.64707269
4037.72447896
4037.80207565
4037.88904143
4037.96662178
4038.05482173
4038.13200882
4038.20889601
4038.28414067
4038.37691960
4038.43870452
4038.51562366
4038.59347927
