8106.63003534
8106.71050492
8106.79291548
8106.87390146
8106.95439689
8107.03854897
8107.10766069
8107.18997323
8107.27271366
8107.35489284
8107.43628525
8107.51903641
8107.60108661
8107.68470549
8107.76661306
8107.84809470
8107.93102433
8108.01296506
8108.09486337
8108.17262618
8108.25195377
8108.33014398
8108.41110387
8108.48957495
8108.56717197
8108.64738678
8108.72508986
8108.80363944
8108.88462615
8108.96128451
8109.04097658
8109.12035683
8109.19929237
8109.27842271
8109.35583322
8109.43501646
8109.51368698
8109.59360141
8109.67370090
8109.75052553
8109.83067329
8109.90930723
8109.98796068
8110.06771030
8110.14533000
8110.22515203
8110.30525127
8110.38350219
8110.46254134
8110.54088979
8110.62021518
8110.69800066
8110.77722731
8110.85557649
8110.93416752
8111.01422239
8111.09349292
8111.17148833
8111.24938621
8111.32815888
8111.40831981
8111.48797190
8111.56644834
8111.64440645
8111.72455469
8111.80347414
8111.88199935
8111.96230485
8112.03915703
8112.10815831
8112.18677909
8112.26678446
8112.34589018
8112.42221402
8112.50178688
8112.58184662
8112.65981960
8112.73992518
8112.81829581
8112.89599987
8112.97523358
8113.05570244
8113.13294082
8113.21123977
8113.29367178
8113.36984398
8113.44870418
8113.52764288
8113.60708189
8113.68504536
8113.76461943
8113.84343014
8113.92223060
8114.00226158
8114.08109983
8114.15925567
8114.23846671
8114.31750416
8114.38550533
8114.46510695
8114.54384817
8114.62359755
8114.70053701
8114.76800083
8114.84696952
8114.92600916
8115.00566516
8115.08439760
8115.16317174
8115.24295841
8115.32173816
8115.39944928
8115.47773165
8115.55817808
8115.63611034
8115.71571538
8115.79440321
8115.87229743
8115.95344115
8116.03094918
8116.11099259
8116.17856441
8116.25563505
8116.36828213
8116.44694607
8116.52746393
8116.60539253
8116.68413107
8116.76409426
8116.84396701
8116.92073288
8117.00085723
8117.06742992
8117.14735508
8117.22494211
8117.30562722
8117.38294069
8117.45090846
8117.53124249
8117.63232520
8117.69716074
8117.77665875
8117.85640032
8117.93515836
8118.01479436
8118.09241089
8118.17348147
8118.25141324
8118.33022175
8118.40989384
8118.48768152
8118.56652368
8118.64769958
8118.72485263
8118.80449936
8118.88155049
8118.96124111
8119.03998525
8119.11911828
8119.19961615
8119.27757596
8119.35635473
8119.43438012
8119.51351900
8119.59366700
8119.67026538
8119.74984750
8119.82990090
8119.90847828
8119.98769127
8120.06637179
8120.14409803
8120.22260446
8120.30238285
8120.38040142
8120.45934183
8120.53971828
8120.61876890
8120.69618136
8120.79647949
8120.86554293
8120.94441947
8121.02403718
8121.10275768
8121.18137188
8121.26025061
8121.34086624
8121.41771696
8121.54046580
8121.61977022
8121.69693839
8121.77753890
8121.85778930
8121.93525345
8122.00308980
8122.07032735
8122.14959325
8122.22896326
8122.30653614
8122.38607218
8122.46597589
8122.54454913
8122.62513013
8122.70185627
8122.78001137
8122.85908295
8122.93967201
8123.01771740
8123.11818741
8123.17596150
8123.25488509
8123.33301654
8123.41395595
8123.49261501
8123.56020316
8123.63776239
8123.73944878
8123.81746930
8123.89638801
8123.96387108
8124.04412124
8124.12262158
8124.20251334
8124.26950757
8124.34839629
8124.42781409
8124.50647388
8124.58471919
8124.66443711
8124.74320393
8124.82285237
8124.90015243
8124.97829705
8125.05720967
8125.12582767
8125.20594252
8125.28591205
8125.38472562
8125.45365205
8125.53114350
8125.61176327
8125.69067833
8125.76757440
8125.84844140
8125.92717872
8126.00637781
8126.08443417
8126.15094664
8126.22994508
8126.31083036
8126.42150868
8126.50061172
8126.57956627
8126.64821524
8126.72717516
8126.80590638
8126.88445914
8126.95123419
8127.02111513
8127.09877139
8127.17778934
8127.25563456
8127.33621362
8127.41427827
8127.49492145
8127.57263989
8127.65047072
8127.72923730
8127.81002067
8127.88895158
8127.96791564
8128.04654398
8128.11437179
8128.19317494
8128.27317641
8128.35098165
8128.41797028
8128.48665191
8128.56627914
8128.64564183
8128.72447424
8128.80214294
8128.88105385
8128.96032828
8129.03916069
8129.11961029
8129.19752548
8129.27534315
8129.35506229
8129.43404196
8129.51160363
8129.58039254
8129.69125080
8129.77106137
8129.84956024
8129.92832389
8130.00628468
8130.08726456
8130.16505297
8130.24475115
8130.32339899
8130.40142950
8130.51304259
8130.59210954
8130.67153879
8130.73990958
8130.81835140
8130.89705776
8130.97613909
8131.05523603
8131.13342453
8131.21137362
8131.29179127
8131.37056907
8131.45064124
8131.52735738
8131.59606340
8131.67622725
8131.75464494
8131.83320013
8131.90056886
8131.97926375
8132.05922719
8132.13844482
8132.21557202
8132.29522655
8132.36335596
8132.44338937
8132.52211060
8132.60050805
8132.67839155
8132.75818871
8132.83706403
8132.91590277
8132.98943573
8133.07355344
8133.15314629
8133.23186801
8133.31105272
8133.38860244
8133.46842593
8133.54731100
8133.62725688
8133.70720789
8133.78492340
8133.86400303
8133.94207914
8134.02094787
8134.09890330
8134.17750628
8134.24654705
8134.32517636
8134.40452125
8134.48261687
8134.56255666
8134.64040943
8134.72133470
8134.80031583
8134.87694615
8134.95636028
8135.03614282
8135.11525365
8135.19376667
8135.27157654
8135.35073370
8135.43121694
8135.50786871
8135.58846971
8135.66647560
8135.73549638
8135.81294712
8135.89195360
8135.97154962
8136.05059243
8136.12942996
8136.21020845
8136.28689558
8136.35297382
8136.43263859
8136.50958952
8136.57424391
8136.65426854
8136.73182509
8136.79803841
8136.86491707
8136.94311411
8137.00900608
8137.07716987
8137.15341033
8137.23232295
8137.29874131
8137.36736370
8137.44543981
8137.50847628
8137.57838111
8137.65513480
8137.75503820
8137.82287675
8137.89969065
8137.97736594
8138.04315429
8138.15527280
8138.23189165
8138.29814105
8138.39858766
8138.47627831
8138.54200717
8138.61061054
8138.68708921
8138.76426932
8138.83147664
8138.90882425
8138.98876404
8139.05558687
8139.12270325
8139.20012522
8139.26492054
8139.33273933
8139.41070573
8139.51030169
8139.57586451
8139.65404009
8139.73414421
8139.79945567
8139.87629469
8139.95383198
8140.02137308
8140.12160733
8140.19953471
8140.26487421
8140.33369263
8140.41024395
8140.48894031
8140.55582605
8140.63349036
8140.71188611
8140.77811380
8140.84439855
8140.92266605
8140.98821717
8141.05546789
8141.13392532
8141.23290932
8141.28903891
8141.36773892
8141.44556927
8141.51239406
8141.58926819
8141.66791725
8141.73414738
8141.80072519
8141.87772975
8141.94434023
8142.01277074
8142.09084490
8142.15549930
8142.22348071
8142.30150001
8142.37977605
8142.49985713
8142.57877072
8142.65645088
8142.72193447
8142.78921713
8142.86882241
8142.96567015
8143.03485453
8143.11164405
8143.18975722
8143.25444209
8143.33491460
8143.41214884
8143.47701656
8143.54506551
8143.62270642
8143.69093311
8143.76784040
8143.84546936
8143.91208496
8143.97856207
8144.05936348
8144.13423471
8144.19995187
8144.28007379
8144.35692402
8144.42485278
8144.49107998
8144.56854267
8144.64610604
8144.71239469
8144.79074874
8144.87089163
8144.94540665
8145.02500364
8145.10184876
8145.16782923
8145.23731057
8145.31483323
8145.38067546
8145.44672542
8145.52614931
8145.59063596
8145.65985422
8145.73876318
8145.81396600
8145.88082345
8145.94844940
8146.02657500
8146.09261594
8146.15921032
8146.23722596
8146.31360857
8146.38167727
8146.45902659
8146.53766614
8146.60340353
8146.68256971
8146.76094937
8146.82626765
8146.89276939
8146.97219986
8147.03825908
8147.10459040
8147.18261311
8147.26036471
8147.32573639
8147.40373009
8147.48424746
8147.54979201
8147.61656096
8147.69419090
8147.76136530
8147.82832102
8147.90551014
8147.98327076
8148.05122829
8148.12806779
8148.20559119
8148.27168113
8148.35186692
8148.42921721
8148.49610002
8148.56255885
8148.63944931
8148.70570675
8148.77280558
8148.85219728
8148.92868473
8148.99529155
8149.07393232
8149.15214277
8149.21844800
8149.28529619
8149.38482047
8149.44054485
8149.51905250
8149.59735876
8149.67259449
8149.74045083
8149.81850256
8149.89624953
8149.96298581
8150.04114018
8150.11980631
8150.18553956
8150.25130743
8150.32997209
8150.39596598
8150.46475270
8150.54149663
8150.60876100
8150.68617249
8150.76366004
8150.84286669
8150.90774856
8151.00855235
8151.08520534
8151.15166246
8151.21769706
8151.29768732
8151.37324731
8151.44099297
8151.52024180
8151.59746579
8151.66443711
8151.74356574
8151.84212551
8151.89857864
8151.96486582
8152.04162463
8152.10892777
8152.17634404
8152.25408759
8152.31938905
8152.38813725
8152.46557043
8152.54241872
8152.60835847
8152.67622603
8152.75529055
8152.82089555
8152.88789222
8152.96515669
8153.04218369
8153.11143291
8153.18781723
8153.26687004
8153.33151858
8153.44230735
8153.52099761
8153.58782556
8153.65521574
8153.73114852
8153.79801305
8153.86603787
8153.94392746
8154.01037922
8154.07828383
8154.15568874
8154.23442167
8154.30031559
8154.36671517
8154.44480103
8154.51171554
8154.57905403
8154.65723498
8154.72271564
8154.78976546
8154.86766505
8154.94554245
8155.01180087
8155.09067667
8155.16763638
8155.23479738
8155.31357541
8155.39136773
8155.45720167
8155.52296101
8155.60275159
8155.66774097
8155.73520917
8155.81372853
8155.89052171
8155.95793261
8156.02466694
8156.10354080
8156.16797820
8156.23625316
8156.31486443
8156.39096374
8156.45738892
8156.53598385
8156.61506494
8156.67989561
8156.75882944
8156.83629651
8156.90266513
8156.96976103
8157.04800366
8157.11359770
8157.18244830
8157.26021672
8157.33572673
8157.40488087
8157.48153265
8157.56035944
8157.62662883
8157.69294381
8157.77187350
8157.83806560
8157.90520465
8157.98203026
8158.04879726
8158.11519124
8158.19375960
8158.27142854
8158.33740170
8158.40534435
8158.48303963
8158.55013895
8158.62715253
8158.70554925
8158.77325492
8158.83926051
8158.91802221
8158.99421367
8159.06060374
8159.13826172
8159.21669427
8159.28356953
8159.35169089
8159.42846774
8159.49546587
8159.56358041
8159.63971385
8159.70725202
8159.78482539
8159.86340009
8159.93989046
8160.00729381
8160.07505360
8160.15237780
8160.21695174
8160.28481832
8160.36318529
8160.42996790
8160.49666639
8160.57424684
8160.65421052
8160.72048112
8160.79802085
8160.87566810
8160.95253442
8161.05235396
8161.13144821
8161.19569691
8161.26227349
8161.34038983
8161.40812573
8161.47553054
8161.55397578
8161.63046883
8161.69749622
8161.76460310
8161.84328019
8161.90804869
8161.97571559
8162.05464455
8162.13129120
8162.19983826
8162.27623525
8162.35500475
8162.41966670
8162.49825189
8162.57710989
8162.64180719
8162.70970035
8162.78751778
8162.85348533
8162.92848261
8163.00736110
8163.08601138
8163.15201843
8163.23062165
8163.30841031
8163.38605731
8163.45267681
8163.53165989
8163.60755000
8163.67572817
8163.75316940
8163.83268740
8163.89687075
8163.96629845
8164.04345857
8164.12021103
8164.18856475
8164.26567001
8164.34470160
8164.41142496
8164.49020324
8164.56711687
8164.63356204
8164.70062259
8164.77942574
8164.85745845
8164.92324193
8164.99127942
8165.07008891
8165.14630914
8165.21433956
8165.29212310
8165.36999758
8165.43660001
8165.50368006
8165.58258342
8165.65905111
8165.72702400
8165.80732974
8165.88367602
8165.94904770
8166.01718272
8166.09598660
8166.16284674
8166.24114642
8166.31844673
8166.39664255
8166.46211687
8166.53046547
8166.60934444
8166.68650529
8166.76414376
8166.84313683
8166.92084284
8166.98631838
8167.06486773
8167.14343316
8167.23093909
8167.29890515
8167.37629030
8167.45427132
8167.52129408
8167.60019305
8167.69943207
8167.76537426
8167.83402470
8167.91148470
8167.98332123
8168.05668280
8168.13449510
8168.21213382
8168.27898493
8168.34621566
8168.42456045
8168.50070120
8168.58097013
8168.65899894
8168.73638994
8168.80298555
8168.87007048
8168.94776332
8169.02564169
8169.09229654
8169.17098169
8169.24944765
8169.31483640
8169.38265032
8169.46131401
8169.56224994
8169.64968931
8169.70578819
8169.78485562
8169.85054718
8169.91702722
8169.99637211
8170.06186424
8170.13000389
8170.25191988
8170.33013471
8170.40562352
8170.47324483
8170.55344305
8170.62030807
8170.68603132
8170.76495735
8170.84283987
8170.90956177
8170.98747063
8171.06508423
8171.13305004
8171.19909659
8171.27611213
8171.35516274
8171.43203760
8171.51140541
8171.58911751
8171.65670274
8171.72260787
8171.80143394
8171.87783679
8171.94567533
8172.02420541
8172.10149865
8172.17930023
8172.24614598
8172.32578296
8172.40143926
8172.46962889
8172.54842326
8172.62631407
8172.69172842
8172.77022071
8172.84978284
8172.92582265
8172.99314017
8173.07071233
8173.14988460
8173.21767463
8173.28338862
8173.36161857
8173.43742213
8173.50666453
8173.58464092
8173.66130001
8173.72908638
8173.80821233
8173.88491092
8173.98573324
8174.04076910
8174.11832516
8174.19738553
8174.26486275
8174.33309261
8174.40826300
8174.47466599
8174.54304677
8174.62164926
8174.69827885
8174.76452630
8174.83367385
8174.91205692
8174.98842734
8175.06679528
8175.14451860
8175.22331248
8175.28933757
8175.35695962
8175.43590954
8175.50167497
8175.56892423
8175.64644665
8175.72486677
8175.79098329
8175.87221624
8175.94843867
8176.01345999
8176.08072095
8176.16001660
8176.23706091
8176.30472123
8176.38322571
8176.46028416
8176.52726400
8176.61676064
8176.68442437
8176.76057414
8176.82823446
8176.90707321
8176.98652977
8177.05132020
8177.11822496
8177.19621842
8177.27386688
8177.34129022
8177.41890943
8177.49755215
8177.56490722
8177.63232373
8177.70906962
8177.81001457
8177.87567566
8177.95478869
8178.03324075
8178.09900399
8178.16591581
8178.24390513
8178.31170076
8178.37759249
8178.45700540
8178.53442128
8178.61531899
8178.66985651
8178.74609624
8178.82444444
8178.89102127
8178.96935411
8179.04799903
8179.11404021
8179.18130410
8179.26000802
8179.32572932
8179.39356543
8179.47131751
8179.54917931
8179.63712264
8179.71578486
8179.79448537
8179.86126310
8179.92955440
8180.00707584
8180.08408284
8180.15033785
8180.22856463
8180.32930137
8180.39513020
8180.46209932
8180.54174873
8180.59901691
8180.66635394
8180.73303561
8180.81106247
8180.89089010
8180.95563739
8181.03454538
8181.11250494
8181.18009432
8181.24698883
8181.32592217
8181.40042013
8181.46953502
8181.54746411
8181.63136508
8181.69200904
8181.75818310
8181.83838889
8181.91426998
8181.99293708
8182.07120824
8182.14934798
8182.21517168
8182.28349882
8182.36118337
8182.43784368
8182.50545816
8182.58531213
8182.66322245
8182.72901056
8182.79679205
8182.87303691
8182.95026066
8183.01872652
8183.09579180
8183.17628796
8183.24038744
8183.30828255
8183.38689675
8183.48617575
8183.57467423
8183.63178638
8183.71130779
8183.77825448
8183.84333481
8183.92046445
8183.98865920
8184.05559126
8184.13417279
8184.21308638
8184.33213737
8184.40006076
8184.47799960
8184.54382769
8184.61243204
8184.68981720
8184.76875420
8184.83575989
8184.90354333
8184.98111451
8185.04552046
8185.12464251
8185.20238631
8185.28249530
8185.34879005
8185.42599966
8185.50500760
8185.57096492
8185.63826659
8185.71715581
8185.79323901
8185.86011037
8185.93773128
8186.01704887
8186.08299619
8186.15225858
8186.22888646
8186.30572353
8186.37195293
8186.45215579
8186.52931590
8186.59683896
8186.67426971
8186.75295119
8186.82917581
8186.89862326
8186.97491809
8187.05425884
8187.12022932
8187.18840018
8187.26529917
8187.34164838
8187.41065404
8187.48889374
8187.56668557
8187.63440270
8187.70012863
8187.77813623
8187.87805231
8187.94654061
8188.02414568
8188.10100030
8188.17884162
8188.24708440
8188.32590998
8188.39013942
8188.45784313
8188.53723460
8188.61568934
8188.68145453
8188.74968829
8188.82566447
8188.90276534
8188.98228821
8189.05938299
8189.13920282
8189.20439286
8189.28333962
8189.36107073
8189.42763367
8189.49518305
8189.57240364
8189.64915537
8189.71936131
8189.79641756
8189.87610939
8189.95609380
8190.03372276
8190.11354284
8190.19238085
8190.27239988
8190.35144172
8190.42920892
8190.50984820
8190.58989453
8190.66734820
8190.74842316
8190.82492426
8190.90472727
8190.98361283
8191.06477581
8191.14241526
8191.22076589
8191.30021367
8191.37870036
8191.45967366
8191.53797529
8191.61839051
8191.69502960
8191.77440375
8191.85425577
8191.93321666
8192.01299164
8192.09006544
8192.16961587
8192.24912509
8192.32759861
8192.40766762
8192.48655878
8192.56441643
8192.64556479
8192.72434087
8192.80511571
8192.88186647
8192.96135180
8193.04162829
8193.12020664
8193.19885839
8193.27859264
8193.35647785
8193.43517445
8193.51402149
8193.59420338
8193.67356729
8193.75137911
8193.83280516
8193.91014813
8193.99108413
8194.07070355
8194.14665559
8194.22671655
8194.30701304
8194.38603634
8194.46492800
8194.54454035
8194.62290001
8194.70029711
8194.77992896
8194.85995945
8194.93926143
8195.01728537
8195.09615361
8195.20923443
8195.28766431
8195.36847011
8195.44509433
8195.52546883
8195.60481787
8195.68364004
8195.76346085
8195.84134678
8195.92105642
8195.99868855
8196.07824092
8196.17921246
8196.24956760
8196.32591900
8196.40601702
8196.48592317
8196.56447666
8196.64340049
8196.72094997
8196.80181404
8196.88052210
8196.95953395
8197.03978533
8197.13809666
8197.20740196
8197.28584451
8197.36635506
8197.44629583
8197.52304244
8197.60269746
8197.68257849
8197.76293763
8197.84130656
8197.92103009
8197.99860614
8198.07715695
8198.15731836
8198.26913015
8198.34938884
8198.42599990
8198.50533016
8198.60689147
8198.68681688
8198.76569170
8198.84437831
8198.92293960
8199.00195706
8199.08194293
8199.16108643
8199.23861690
8199.31849232
8199.39887974
8199.47716041
8199.55655577
8199.63657626
8199.71327606
8199.79381782
8199.87223770
8199.95159186
8200.03052276
8200.10914695
8200.18390530
8200.26786356
8200.34790624
8200.42734036
8200.50416597
8200.58537113
8200.66285454
8200.74345457
8200.82328562
8200.89999225
8200.97987401
8201.06008735
8201.13856501
8201.21845702
8201.29617326
8201.37593117
8201.45391975
8201.53366986
8201.61229185
8201.69190494
8201.77076294
8201.85079245
8201.92916845
8202.00770072
8202.08799916
8202.16568054
8202.24532483
8202.32571006
8202.40418260
8202.48281460
8202.56157166
8202.63962607
8202.72042017
8202.80019539
8202.87743791
8202.95871475
8203.03625034
8203.11632398
8203.19547407
8203.27401317
8203.35277926
8203.43149976
8203.51037532
8203.59021173
8203.66874352
8203.74863576
8203.82841634
8203.90539482
8203.98543823
8204.06391565
8204.14363772
8204.22327762
8204.30112089
8204.38099388
8204.46127207
8204.53914533
8204.61984654
8204.69624353
8204.77610896
8204.85704251
8204.93477924
8205.01560869
8205.09331226
8205.17265520
8205.25087003
8205.33207251
8205.41020835
8205.48725803
8205.56795460
8205.64664560
8205.72662049
8205.82921921
8205.89641751
8205.97301321
8206.05282524
8206.13159255
8206.21149040
8206.29244249
8206.36994516
8206.44875977
8206.52842234
8206.60666985
8206.74211459
8206.84125901
8206.90850218
8206.98767323
8207.06681796
8207.14669265
8207.22380449
8207.30441890
8207.38425922
8207.49598933
8207.57470715
8207.65600154
8207.73153716
8207.81110367
8207.89084793
8207.97079795
8208.05014358
8208.12726834
8208.20711670
8208.28676173
8208.36553757
8208.44540470
8208.54416634
8208.61325100
8208.69384639
8208.77395660
8208.85186692
8208.92995717
8209.00809594
8209.08797551
8209.16784289
8209.30105652
8209.37964829
8209.45842657
8209.53894248
8209.61771857
8209.69767445
8209.77591976
8209.85394296
8209.93454372
8210.01285096
8210.09212661
8210.17220220
8210.24898661
8210.32920726
8210.40845902
8210.48835127
8210.56742431
8210.64592465
8210.72400783
8210.80441915
8210.88349853
8210.96211907
8211.04172727
8211.12084299
8211.19853875
8211.27933285
8211.35845076
8211.43765546
8211.51437842
8211.59400272
8211.67319524
8211.75322499
8211.83353756
8211.91145178
8211.99140328
8212.06920290
8212.14882281
8212.22765156
8212.30635499
8212.38641449
8212.46435358
8212.54540392
8212.62340250
8212.70224051
8212.78124773
8212.85952206
8212.93943210
8213.01873920
8213.09892207
8213.17670268
8213.25482658
8213.33633016
8213.41469835
8213.49267499
8213.57234732
8213.65226175
8213.76336991
8213.84221426
8213.92056173
8214.00140288
8214.07820679
8214.15887411
8214.23776625
8214.33952504
8214.40854435
8214.48572836
8214.56471535
8214.64478947
8214.72338758
8214.80425482
8214.88108335
8214.96066620
8215.03908145
8215.11912145
8215.19807771
8215.27695912
8215.35710810
8215.43441060
8215.51447961
8215.63836046
8215.71588239
8215.79463458
8215.87340189
8215.95230744
8216.03286065
8216.11173426
8216.18866325
8216.26933032
8216.34790063
8216.42773607
8216.50700684
8216.60648163
8216.67644034
8216.75513719
8216.83457741
8216.91404787
8216.99238022
8217.07072013
8217.15046438
8217.26183513
8217.36285591
8217.43239015
8217.51014492
8217.58795722
8217.66824249
8217.74736990
8217.82726873
8217.90654390
8217.98527902
8218.06353238
8218.14335100
8218.22268370
8218.34389874
8218.42639780
8218.50840875
8218.58252271
8218.66309786
8218.74700882
8218.82759007
8218.91167731
8218.99279421
8219.07490463
8219.15777696
8219.24032040
8219.32181813
8219.40488721
8219.48812867
8219.57066966
8219.65268061
8219.73775723
8219.85031849
8219.92315220
8219.99471738
8220.07560681
8220.15771187
8220.23524062
8220.32385150
8220.40783389
8220.48962493
8220.57105342
8220.65324040
8220.73599253
8220.81786549
8220.90114595
8221.00521704
8221.08700490
8221.22363919
8221.31660597
8221.38934533
8221.47306709
8221.55593991
8221.63743910
8221.71933278
8221.78299438
