8242.35290116
8242.43352728
8242.51629769
8242.59933655
8242.69484211
8242.76274137
8242.83555704
8242.91813290
8242.99912741
8243.07287224
8243.15466278
8243.23727009
8243.32004612
8243.40084558
8243.48556501
8243.57948728
8243.67935411
8243.75206153
8243.82368644
8243.90650026
8244.01117940
8244.09295069
8244.17477463
8244.24754813
8244.33042192
8244.42723577
8244.51611362
8244.59976370
8244.68056999
8244.76353058
8244.84622127
8244.98090801
8245.05567732
8245.13751225
8245.23518894
8245.30295385
8245.38369455
8245.46751701
8245.54935022
8245.62118651
8245.70315138
8245.78475810
8245.86752754
8245.95124760
8246.02327187
8246.12226001
8246.18867056
8246.27197102
8246.35330418
8246.43498843
8246.51610265
8246.60057729
8246.70249042
8246.78622656
8246.86887898
8246.96680533
8247.03356453
8247.11657339
8247.19824155
8247.28101806
8247.36386430
8247.44672200
8247.52767238
8247.61464267
8247.69413238
8247.85265296
8247.93625063
8248.01728146
8248.10091594
8248.17366067
8248.25358973
8248.32629788
8248.40917363
8248.48003053
8248.56101895
8248.64560063
8248.74330852
8248.80846760
8248.89401916
8248.97482349
8249.05874128
8249.14136322
8249.22210538
8249.30494968
8249.38689992
8249.45873865
8249.54052627
8249.63917722
8249.70695993
8249.78982422
8249.86071575
8249.93265395
8250.01430553
8250.09811408
8250.18078868
8250.26161058
8250.34440489
8250.42703268
8250.52502388
8250.59369991
8250.68575045
8250.76854867
8250.85211536
8250.93280926
8251.01554993
8251.09744653
8251.17932558
8251.26221205
8251.36077621
8251.42745495
8251.51047528
8251.59212539
8251.67621896
8251.75879531
8251.83981712
8251.92228741
8252.03812157
8252.10904919
8252.20458279
8252.27441765
8252.35627329
8252.43989631
8252.53187371
8252.60556198
8252.68728597
8252.76831948
8252.84092499
8252.92360837
8253.00559055
8253.10228981
8253.17008447
8253.30679605
8253.39039858
8253.48226115
8253.56618235
8253.64791243
8253.73061726
8253.81334331
8253.88420387
8253.98107965
8254.04767428
8254.13154452
8254.21432981
8254.29712144
8254.36986080
8254.45176691
8254.53353942
8254.61637030
8254.69820108
8254.77999528
8254.87752081
8254.94735201
8255.03066027
8255.10910892
8255.20482660
8255.29005340
8255.37032721
8255.45217846
8255.53746719
8255.61869697
8255.71696807
8255.78131185
8255.86321138
8255.94596229
8256.02973038
8256.12342615
8256.20528667
8256.28712866
8256.36998514
8256.45263487
8256.54859124
8256.61725972
8256.69833834
8256.78111046
8256.86465668
8256.94755803
8257.02924861
8257.11200684
8257.19385663
8257.26582580
8257.34942858
8257.44611224
8257.51317352
8257.59584397
8257.67850931
8257.76061218
8257.84321973
8257.92684324
8257.99766918
8258.08396313
8258.16572979
8258.24521975
8258.34380097
8258.40974975
8258.49160978
8258.57527961
8258.65737858
8258.73980352
8258.82393342
8258.90534045
8258.98829568
8259.06898372
8259.15270036
8259.23758558
8259.30634353
8259.38923439
8259.47142674
8259.55369418
8259.63565125
8259.70730809
8259.79007437
8259.87294865
8259.94563437
8260.07454867
8260.13045713
8260.20217420
8260.27727315
8260.35755524
8260.44027666
8260.53553256
8260.61594120
8260.69862116
8260.78063065
8260.86337547
8260.95996867
8261.02703385
8261.10985546
8261.19244498
8261.31803152
8261.40001687
8261.47267261
8261.54349928
8261.62726347
8261.70936682
8261.80791781
8261.86364634
8261.94641359
8262.02814733
8262.09996704
8262.18272209
8262.27553161
8262.34753150
8262.43023243
8262.51300431
8262.59392227
8262.69500741
8262.75991659
8262.84208602
8262.92515949
8263.00586435
8263.09041312
8263.18245147
8263.26696293
8263.34797182
8263.43156729
8263.52748465
8263.59537903
8263.67797464
8263.75988782
8263.84264702
8263.92526359
8264.00816762
8264.09088781
8264.17264325
8264.25890648
8264.33743267
8264.43493625
8264.50275066
8264.57455964
8264.65729227
8264.73832213
8264.82199416
8264.90469533
8264.98768225
8265.06851292
8265.13519337
8265.21396775
8265.30686504
8265.37053225
8265.44857520
8265.52829117
8265.60695754
8265.68578337
8265.75350757
8265.82045036
8265.90126079
8265.97902823
8266.07889214
8266.13654871
8266.22944454
8266.29316343
8266.37282918
8266.43985487
8266.51973760
8266.59747360
8266.67701744
8266.75493458
8266.83367385
8266.91167633
8266.99132623
8267.07102148
8267.15285786
8267.20494753
8267.28361415
8267.36330452
8267.44122873
8267.52337695
8267.60209037
8267.67945261
8267.75622385
8267.83425217
8267.91383039
8267.99370459
8268.08554351
8268.15024520
8268.21725747
8268.29599162
8268.37672574
8268.45387660
8268.52253239
8268.59035338
8268.66813643
8268.74606235
8268.81480763
8268.89446143
8268.98828593
8269.05105396
8269.12988978
8269.20862905
8269.31929714
8269.39858010
8269.47725281
8269.54586155
8269.62295779
8269.70341007
8269.78127674
8269.87411406
8269.93800557
8270.01671973
8270.09646154
8270.17518180
8270.24226990
8270.32095114
8270.39970455
8270.47940663
8270.55740057
8270.63597698
8270.71576609
8270.80952817
8270.87334484
8270.95115178
8271.01889597
8271.09687553
8271.17654811
8271.25552997
8271.33329034
8271.41302167
8271.49077693
8271.57054264
8271.64832520
8271.74306740
8271.80607803
8271.88565820
8271.96242578
8272.04132304
8272.12106973
8272.19898053
8272.27866310
8272.35635570
8272.42421448
8272.50317684
8272.58208726
8272.67471295
8272.74045473
8272.81823827
8272.89704752
8272.97490298
8273.05473086
8273.13255072
8273.21151625
8273.29097573
8273.36793592
8273.43579105
8273.51465222
8273.61023166
8273.67411464
8273.74995234
8273.83098634
8273.90856191
8273.98930237
8274.06812039
8274.14389494
8274.22286168
8274.30275832
8274.38234044
8274.46010203
8274.55405112
8274.61866723
8274.69745551
8274.79720311
8274.85408876
8274.93200883
8275.01167750
8275.09042482
8275.16725360
8275.24615281
8275.32582002
8275.40458903
8275.48836395
8275.55122341
8275.63111029
8275.70902890
8275.84135239
8275.92013018
8275.98777466
8276.06879574
8276.14581225
8276.22453275
8276.30318815
8276.39587333
8276.45984725
8276.53956420
8276.61638664
8276.69611187
8276.77585564
8276.85499817
8276.93245988
8277.00031793
8277.07931564
8277.15790423
8277.23672884
8277.31956484
8277.38355144
8277.46206006
8277.54116554
8277.60788573
8277.69748769
8277.77721097
8277.85518151
8277.93388373
8278.01072079
8278.11277216
8278.20711402
8278.27115377
8278.35219899
8278.41757482
8278.49630629
8278.57414663
8278.65403571
8278.73071698
8278.79866451
8278.87734161
8278.95629080
8279.03518343
8279.11882473
8279.18262457
8279.26058292
8279.34026329
8279.40700372
8279.48596778
8279.56466683
8279.64450080
8279.72112234
8279.78903330
8279.86975499
8279.94864079
8280.04141325
8280.10441754
8280.18495149
8280.26284547
8280.34092865
8280.41955479
8280.49742952
8280.57809878
8280.67882577
8280.73569972
8280.81358175
8280.90826666
8280.97018965
8281.05093889
8281.12674293
8281.20669857
8281.28545588
8281.36511627
8281.44413177
8281.52179536
8281.60053609
8281.68035592
8281.75920418
8281.85494794
8281.90396781
8281.98364428
8282.06233162
8282.14358530
8282.21897877
8282.29780508
8282.37772366
8282.45638954
8282.53325855
8282.61409287
8282.69099626
8282.78662641
8282.87040913
8282.93811114
8283.01806117
8283.09674144
8283.17799097
8283.24227843
8283.31018768
8283.38909396
8283.46696429
8283.54565066
8283.62448940
8283.72009420
8283.78291953
8283.86078426
8283.94293515
8284.01850588
8284.09800047
8284.17787394
8284.25581425
8284.32344580
8284.40122178
8284.48101894
8284.55791477
8284.65363049
8284.70549049
8284.78314115
8284.86305534
8284.93978709
8285.00858307
8285.08770951
8285.16640685
8285.24696664
8285.31283326
8285.38089586
8285.45949056
8285.55424446
8285.60522260
8285.68479545
8285.76273966
8285.84250415
8285.92115979
8285.99895747
8286.07779207
8286.15655450
8286.23629242
8286.30420947
8286.37447392
8286.46672902
8286.52882755
8286.60964311
8286.68628269
8286.76529771
8286.84475134
8286.92277722
8287.00133096
8287.06935724
8287.15142109
8287.22688429
8287.30759111
8287.39947025
8287.46240384
8287.54124136
8287.62088419
8287.68756927
8287.75645912
8287.83774352
8287.91407688
8287.99090371
8288.07064309
8288.13850967
8288.21831098
8288.31197358
8288.37476893
8288.45370910
8288.53190126
8288.63423593
8288.70023055
8288.79086943
8288.86868686
8288.94841282
8289.02735811
8289.10596158
8289.20129258
8289.26359689
8289.34146406
8289.42027696
8289.49837062
8289.57786326
8289.65655036
8289.73551564
8289.81327016
8289.88103337
8289.95988284
8290.07570384
8290.13945029
8290.20723910
8290.28689582
8290.36582453
8290.44277912
8290.52146597
8290.58929208
8290.66901634
8290.74782827
8290.84763195
8290.91539906
8291.01027145
8291.07311239
8291.15284445
8291.23051096
8291.29977872
8291.37709341
8291.45691178
8291.55575924
8291.62445624
8291.70334594
8291.78218566
8291.87689105
8291.93971858
8292.01847759
8292.09734438
8292.17515937
8292.25413440
8292.33197913
8292.41454597
8292.49338203
8292.57233098
8292.65295344
8292.74584634
8292.80959473
8292.89039249
8292.96932413
8293.04907618
8293.12871218
8293.20548001
8293.28656863
8293.36513260
8293.44488246
8293.52369171
8293.61765761
8293.68322824
8293.76209308
8293.84122902
8293.91993197
8294.00036279
8294.07919593
8294.15729349
8294.23780818
8294.31687123
8294.38564405
8294.46444233
8294.55993863
8294.62382161
8294.70269863
8294.78164173
8294.86154372
8294.96205226
8295.02997346
8295.10868420
8295.18844747
8295.26843237
8295.34803692
8295.44276107
8295.50652824
8295.58643634
8295.66520657
8295.74596629
8295.82305473
8295.90172329
8295.98163895
8296.06113013
8296.14013442
8296.21981918
8296.31272281
8296.37836488
8296.45734844
8296.53793043
8296.61596192
8296.69572153
8296.77434182
8296.85409851
8296.93288630
8297.01276928
8297.09253133
8297.19029214
8297.25018298
8297.33011911
8297.40868991
8297.48950985
8297.56923972
8297.64818281
8297.72674093
8297.80557895
8297.88447645
8297.96451449
8298.06401074
8298.12372701
8298.20166439
8298.28383674
8298.36044536
8298.44097566
8298.51982269
8298.59966349
8298.67725028
8298.75804828
8298.84131289
8298.93160971
8298.99552414
8299.07621511
8299.15407837
8299.23527012
8299.31379070
8299.41451257
8299.48328978
8299.56109746
8299.64097775
8299.72072567
8299.81544251
8299.87931232
8299.95791359
8300.03779146
8300.11663361
8300.19546431
8300.31812539
8300.38891135
8300.46592566
8300.54456132
8300.62437408
8300.71999838
8300.78376189
8300.86268792
8300.94343204
8301.02130335
8301.10130238
8301.17982783
8301.25967595
8301.33940630
8301.42066193
8301.49694043
8301.59068521
8301.65558585
8301.73649917
8301.81515237
8301.89197286
8301.97271893
8302.05159108
8302.13221548
8302.21105423
8302.28984153
8302.36857763
8302.46358192
8302.52746246
8302.60799715
8302.68602059
8302.76664207
8302.84535721
8302.92623152
8303.00303519
8303.08375980
8303.16367277
8303.24241643
8303.33823334
8303.40021168
8303.47989595
8303.56050012
8303.63926962
8303.71617033
8303.79607038
8303.87585973
8303.95572370
8304.03561204
8304.11415651
8304.20820751
8304.27274024
8304.35164749
8304.43132056
8304.51468977
8304.59098095
8304.66773732
8304.74767223
8304.82831833
8304.90716366
8304.98693620
8305.08093331
8305.14472218
8305.22345536
8305.30349706
8305.40587196
8305.47278451
8305.55263019
8305.63131851
8305.71121612
8305.79092989
8305.87084481
8305.96467663
8306.02848086
8306.10815221
8306.22799753
8306.29979286
8306.37848751
8306.45724873
8306.53722094
8306.61489038
8306.69559500
8306.77793070
8306.87032721
8306.95600457
8307.01093632
8307.09067131
8307.17152319
8307.24957102
8307.33011521
8307.40808770
8307.48859142
8307.56670410
8307.64616773
8307.74107401
8307.85973734
8307.93851489
8308.01828084
8308.09805655
8308.17785444
8308.25574598
8308.33644451
8308.41518938
8308.49405129
8308.58872083
8308.65177827
8308.73243291
8308.81113634
8308.88993535
8308.96973373
8309.10336745
8309.18316973
8309.26214696
8309.34174493
8309.44046317
8309.49880168
8309.58030185
8309.65900869
8309.73696533
8309.81590989
8309.89649431
8309.97441560
8310.05602573
8310.13411622
8310.21271286
8310.30834350
8310.37222234
8310.45187955
8310.53178204
8310.61064370
8310.69023509
8310.76809689
8310.84884661
8310.92668671
8311.00747130
8311.08636758
8311.18404720
8311.24297085
8311.32368644
8311.40340704
8311.50430495
8311.57415760
8311.65090592
8311.72981391
8311.89730132
8311.99404032
8312.05928644
8312.17869534
8312.24732821
8312.32523682
8312.40518100
8312.48572739
8312.56544019
8312.64431161
8312.72225630
8312.80430358
8312.89670911
8312.96134692
8313.04028441
8313.14117280
8313.20913984
8313.29110568
8313.36863444
8313.44827483
8313.52806882
8313.60513994
8313.68477351
8313.77839223
8313.84430395
8313.92307638
8314.00390339
8314.08171497
8314.16143850
8314.26214793
8314.39503950
8314.47570243
8314.55562686
8314.64905004
8314.71201801
8314.79071754
8314.87068926
8314.95035062
8315.03120104
8315.10998468
8315.18870201
8315.26850941
8315.34650189
8315.42617837
8315.52182096
8315.58473455
8315.66461607
8315.74422939
8315.82327611
8315.90291552
8315.98167357
8316.06489016
8316.14022682
8316.21997400
8316.29878714
8316.39173881
8316.45842803
8316.53643587
8316.61620524
8316.69826690
8316.77563767
8316.85532780
8316.93334003
8317.01538121
8317.09179893
8317.17081200
8317.26642947
8317.33268082
8317.40820107
8317.48795678
8317.56783879
8317.66842657
8317.73809856
8317.81490247
8317.89566048
8317.97546813
8318.05450996
8318.14994921
8318.21192463
8318.29168473
8318.37246322
8318.50513439
8318.58478672
8318.66360548
8318.74339678
8318.82242473
8318.90217605
8318.99590132
8319.06163701
8319.13949832
8319.24044766
8319.30903080
8319.38819577
8319.46685775
8319.54744875
8319.62548975
8319.70420830
8319.78490024
8319.87951005
8319.98527854
8320.06715832
8320.14508253
8320.22388861
8320.30346122
8320.38331226
8320.46312356
8320.54185357
8320.62162903
8320.71639756
8320.77952107
8320.85821085
8320.93810968
8321.01871190
8321.09647398
8321.17518838
8321.25425070
8321.33501529
8321.41464032
8321.49367899
8321.58423474
8321.64941576
8321.72893693
8321.80769278
8321.88746629
8321.96540147
8322.04597590
8322.12523814
8322.18265651
8322.26356081
8322.34247123
8322.42225547
8322.52286787
8322.58786043
8322.66949274
8322.74941181
8322.82918800
8322.91075644
8322.99180751
8323.07583842
8323.15462914
8323.23401012
8323.31485151
8323.40940281
8323.47552567
8323.55738545
8323.63807008
8323.71870936
8323.79850628
8323.87937157
8323.96136911
8324.04181017
8324.12081568
8324.20164050
8324.30267688
8324.36299025
8324.44581113
8324.52569777
8324.60654648
8324.68731376
8324.76739788
8324.84792452
8324.92972409
8325.01048674
8325.09142054
8325.18598134
8325.25214077
8325.33374163
8325.41538151
8325.49432436
8325.57519672
8325.65572774
8325.73682563
8325.81752659
8325.90061786
8325.97807152
8326.07481125
8326.14065178
8326.22124010
8326.30207955
8326.38210077
8326.46463250
8326.54536345
8326.67724126
8326.76091523
8326.84162205
8326.93545654
8327.00417695
8327.08397094
8327.16498471
8327.24450344
8327.32433741
8327.40709271
8327.48596193
8327.56775467
8327.64766179
8327.72936067
8327.82409336
8327.88994315
8327.97074212
8328.05261337
8328.13230862
8328.21405333
8328.29634686
8328.37474284
8328.45658459
8328.53726190
8328.61848193
8328.71292181
8328.77968735
8328.85937431
8328.93920731
8329.02106295
8329.10181097
8329.18181220
8329.26246513
8329.34336943
8329.42432030
8329.50496543
8329.59967617
8329.66643147
8329.74911266
8329.82809110
8329.90970147
8329.99064381
8330.07137744
8330.15211985
8330.23381458
8330.31169345
8330.39244610
8330.48811477
8330.55324484
8330.63486155
8330.71749909
8330.82077682
8330.89912502
8330.98099163
8331.06104065
8331.14162848
8331.22340635
8331.30332810
8331.40072733
8331.46460324
8331.54550023
8331.62642184
8331.70717619
8331.78876048
8331.87058784
8331.94938489
8332.03018704
8332.11355625
8332.19174792
8332.28660081
8332.35440010
8332.43412583
8332.51317157
8332.59393738
8332.67659784
8332.75744387
8332.83827332
8332.91891943
8333.00121320
8333.07957334
8333.17522227
8333.24033259
8333.32097186
8333.40371595
8333.48250130
8333.56436718
8333.64406121
8333.72740263
8333.80567306
8333.88767182
8333.96649910
8334.06234576
8334.12798441
8334.20891992
8334.29121125
8334.40343435
8334.47414765
8334.55580337
8334.63548497
8334.71642974
8334.79630297
8334.87895173
8335.00152625
8335.08275262
8335.16248541
8335.24221772
8335.32296306
8335.40478384
8335.48472972
8335.56627963
8335.64617309
8335.72888621
8335.82561107
8335.88874263
8335.97066069
8336.05208065
8336.13212698
8336.21266825
8336.29260828
8336.37537163
8336.45602115
8336.53593655
8336.61582929
8336.71153283
8336.77754012
8336.85915000
8336.93888694
8337.02161469
8337.10147354
8337.18025133
8337.26234225
8337.34378220
8337.42375490
8337.50545938
8337.60359614
8337.66693786
8337.74779877
8337.82771369
8337.90928675
8337.98906539
8338.06983023
8338.15057995
8338.23152326
8338.31130945
8338.39214816
8338.48678065
8338.55713116
8338.63548863
8338.71448560
8338.79706975
8338.87790676
8338.95668675
8339.03864430
8339.12042949
8339.20115166
8339.28193820
8339.37573661
8339.44346593
8339.52360174
8339.60406840
8339.68310244
8339.76558175
8339.84537939
8339.92621835
8340.00790260
8340.08696809
8340.16770781
8340.26432491
8340.33118846
8340.41191039
8340.49266987
8340.57347274
8340.65426806
8340.73405351
8340.81486419
8340.89573167
8340.97736472
8341.05834680
8341.15597692
8341.21809057
8341.29959001
8341.38027342
8341.46034413
8341.54096293
8341.62267326
8341.70261549
8341.78424610
8341.86512772
8341.94507141
8342.04091636
8342.10751782
8342.18710750
8342.26894071
8342.35222362
8342.43158021
8342.51241308
8342.59133033
8342.67289633
8342.75287512
8342.83459082
8342.93221777
8342.99497947
8343.07480175
8343.15661058
8343.23744807
8343.31721110
8343.39893850
8343.47970895
8343.55992717
8343.64039919
8343.72134762
8343.81885999
8343.88613582
8343.96442526
8344.04445209
8344.12511477
8344.20589375
8344.28776452
8344.36770308
8344.44936490
8344.52911452
8344.60919303
8344.70390524
8344.77144659
8344.85229676
8344.93612141
8345.01375135
8345.09468856
8345.17540196
8345.25626042
8345.33701819
8345.41777645
8345.49791031
8345.59581008
8345.66018166
8345.73902699
8345.82181983
8345.90262246
8345.98236867
8346.06317715
8346.14393565
8346.22496015
8346.30487288
8346.38632111
8346.48200588
8346.54884505
8346.62894307
8346.70861223
8346.78939048
8346.87194025
8346.95097234
8347.03172742
8347.11339631
8347.19423771
8347.27305646
8347.37370251
8347.43480240
8347.51626673
8347.59617604
8347.67780543
8347.75781495
8347.83951821
8347.91936706
8348.00096500
8348.08087894
8348.16170303
8348.26079479
8348.32344385
8348.40415529
8348.48492330
8348.56764594
8348.64644470
8348.72707690
8348.80898911
8348.88972226
8348.96944944
8349.04933998
8349.15203744
8349.22185645
8349.29469285
8349.36859689
8349.44243656
8349.51520665
8349.58895782
8349.66379223
8349.73652843
8349.81051170
8349.89413033
8349.96994560
8350.05786161
8350.11556305
8350.18853159
8350.26425713
8350.33804292
8350.42193462
8350.49571797
8350.59061743
8350.66515147
8350.74038135
8350.81312680
8350.88964082
8350.97335088
8351.03310178
8351.11898857
8351.19103795
8351.26572730
8351.33930634
8351.42217916
8351.49797516
8351.58167864
8351.65470862
8351.73022156
8351.80321765
8351.89336087
8351.95072901
8352.02252337
8352.09829231
8352.17118551
8352.24592192
8352.31868249
8352.39250583
8352.46529225
8352.54122551
8352.61491086
8352.68875858
8352.79840241
8352.85543337
8352.92904508
8353.00390388
8353.07763896
8353.15171074
8353.22525296
8353.29909044
8353.38318304
8353.45606089
8353.53071074
8353.60352105
8353.68021524
8353.76506073
8353.82589706
8353.89966091
8353.98368012
8354.05825585
8354.12908521
8354.20401106
8354.27868700
8354.35167675
8354.42545425
8354.49910156
8354.57390721
8354.64688575
8354.73468108
8354.79467042
8354.86925054
8354.94200892
8355.01497698
8355.08968851
8355.17598344
8355.24734113
8355.32132124
8355.39833727
8355.46878774
8355.54239287
8355.61555281
8355.70603224
8355.76311415
8355.83767648
8355.91053165
8355.98730532
8356.05845212
8356.13385803
8356.20567823
8356.27864726
8356.36428975
8356.43721392
8356.51289021
8356.60983011
8356.67098145
8356.74342433
8356.81626853
8356.89204649
8356.96371163
8357.03971292
8357.11136830
8357.18760706
8357.25902815
8357.33179335
8357.40658559
8357.49037318
8357.57834674
8357.63808032
8357.71181930
8357.78570286
8357.85929482
8357.93320106
8358.00707121
8358.07969695
8358.15460817
8358.22931946
8358.30232336
8358.37594994
8358.44982131
8358.53850070
8358.59635792
8358.70240118
8358.77683429
8358.84983648
8358.92357156
8358.99651304
8359.07231367
8359.14547019
8359.21906898
8359.29271580
8359.36666470
8359.45336045
8359.51304942
8359.58782825
8359.66176544
8359.73456990
8359.81029642
8359.89408864
8359.96656932
8360.04076666
8360.11464510
8360.18840968
8360.26218280
8360.33597883
8360.42471307
8360.48258127
8360.55737229
8360.63144992
8360.70502701
8360.77696692
8360.85467025
8360.93539339
8361.02111001
8361.09747579
8361.16773366
8361.24360963
8361.33139033
8361.42139775
8361.48402389
8361.55796401
8361.63255633
8361.70456646
8361.77954228
8361.85288946
8361.92574707
8361.99876120
8362.08634052
8362.15813341
8362.25792174
8362.31478178
8362.39156887
8362.46551265
8362.57113388
8362.63320608
8362.70768112
8362.78049850
8362.85531756
8362.92826684
8363.00006680
8363.07572286
8363.16745620
8363.22340464
8363.29718263
8363.37996573
8363.45391439
8363.52774163
8363.60334429
8363.67713422
8363.74922456
8363.82301767
8363.89667327
8363.97139626
8364.07007696
8364.12995610
8364.20395327
8364.27656781
8364.34957999
8364.42339089
8364.49804123
8364.58285283
8364.65666714
8364.72950525
8364.80571207
8364.87605088
8364.94994273
8365.03957882
8365.09744141
8365.17225047
8365.25607927
8365.32993455
8365.40263392
8365.47659696
8365.55219207
8365.62426778
8365.70977350
8365.78260380
8365.85753501
8365.94519941
8366.00510805
8366.08774486
8366.16258952
8366.23456966
8366.31025180
8366.38411610
8366.45692690
8366.53066515
8366.60455236
8366.67929486
8366.75219733
8366.82596338
8366.92466382
8366.98378130
8367.05845285
8367.13228082
8367.20511966
8367.28981715
8367.36179119
8367.43730218
8367.51011103
8367.58395046
8367.65687926
8367.73259968
8367.80647592
8367.89322995
8367.95303887
8368.02669325
8368.11149655
