8388.46614777
8388.54069620
8388.61130223
8388.68650017
8388.76193606
8388.83406566
8388.90800407
8388.99254723
8389.06627646
8389.14095752
8389.22390835
8389.30993826
8389.38295532
8389.45615110
8389.53353357
8389.60439072
8389.68893680
8389.76127802
8389.83608635
8389.92112566
8389.99553268
8390.06666777
8390.14077881
8390.21611498
8390.28863053
8390.36114290
8390.43655466
8390.51286290
8390.58334947
8390.65724302
8390.73190945
8390.80420216
8390.88686091
8390.96126963
8391.03506371
8391.10722232
8391.18087963
8391.25454156
8391.33071230
8391.43635303
8391.49809585
8391.57343251
8391.64563988
8391.71894049
8391.79244468
8391.86744001
8391.94044732
8392.01306795
8392.08763832
8392.16152115
8392.23539520
8392.30905494
8392.38374185
8392.45598994
8392.56217266
8392.62648791
8392.71774168
8392.79213309
8392.86406203
8392.93716516
8393.01299481
8393.09051600
8393.16955370
8393.29233789
8393.37242153
8393.45016191
8393.52983181
8393.60958898
8393.69093287
8393.76742885
8393.84832266
8393.92687493
8394.00595480
8394.08566371
8394.16636808
8394.24397169
8394.32375032
8394.42403943
8394.50441051
8394.58414233
8394.66263268
8394.74151774
8394.82121860
8394.90040331
8394.97929179
8395.08251198
8395.14998847
8395.22767399
8395.30737314
8395.38839325
8395.46597881
8395.54527495
8395.62713035
8395.70372751
8395.78358196
8395.86302097
8395.94292272
8396.02166175
8396.09961912
8396.18022256
8396.26009164
8396.33916493
8396.41847082
8396.49659422
8396.59797853
8396.65740832
8396.73494196
8396.81431879
8396.89519091
8396.97414448
8397.05104324
8397.13271505
8397.21042886
8397.28932612
8397.36980497
8397.44960188
8397.52767092
8397.60746784
8397.68736764
8397.80976272
8397.88996850
8397.96870339
8398.04668734
8398.12573307
8398.20683998
8398.28539688
8398.36559316
8398.44308607
8398.52190214
8398.60255581
8398.68287472
8398.76249829
8398.84158669
8398.92012458
8398.99871951
8399.07762384
8399.15740418
8399.23737713
8399.31708944
8399.39498732
8399.47366442
8399.55340990
8399.63310490
8399.71233179
8399.79152528
8399.87137193
8399.94909061
8400.03013291
8400.10896337
8400.18916403
8400.26875615
8400.34657845
8400.42594407
8400.50505856
8400.58574441
8400.66575344
8400.74263512
8400.82224845
8400.90172183
8400.98159457
8401.08226110
8401.15084936
8401.22920536
8401.30970542
8401.38778519
8401.46704451
8401.54949334
8401.62724421
8401.70595276
8401.78533130
8401.86489513
8401.98836955
8402.06683039
8402.14558844
8402.22467002
8402.30432918
8402.38477561
8402.46378258
8402.54324377
8402.64135907
8402.71109616
8402.79198535
8402.86975864
8402.94927664
8403.02907600
8403.10683149
8403.18696560
8403.26638949
8403.34759514
8403.42732427
8403.50509708
8403.58266143
8403.66286990
8403.74354258
8403.86511724
8403.94726765
8404.02352616
8404.10373048
8404.18336161
8404.26086671
8404.34160352
8404.42092257
8404.49929832
8404.57827042
8404.65900698
8404.73809515
8404.81884024
8404.89729718
8404.97516068
8405.05405038
8405.13364250
8405.21457533
8405.29248467
8405.37318027
8405.45081801
8405.52983741
8405.60982523
8405.68892705
8405.76899971
8405.84705534
8405.92638585
8406.00561103
8406.08539478
8406.16501884
8406.24528631
8406.32359647
8406.40351676
8406.48249423
8406.56120790
8406.66304179
8406.73192042
8406.81041589
8406.88917149
8406.96890672
8407.04868974
8407.12858979
8407.20838817
8407.28614928
8407.36494560
8407.44474520
8407.52364684
8407.63606060
8407.71715020
8407.79486181
8407.87364667
8407.95358744
8408.03329366
8408.11246813
8408.19039186
8408.27055156
8408.34879322
8408.42907775
8408.50810374
8408.58735648
8408.68766119
8408.77828617
8408.84812713
8408.92631636
8409.00699100
8409.08447148
8409.16322123
8409.24298426
8409.32273656
8409.40267952
8409.48166162
8409.56174989
8409.69376204
8409.77381276
8409.85353507
8409.93370428
8410.01213586
8410.09059134
8410.17070545
8410.24966952
8410.32951983
8410.40850998
8410.48819815
8410.56659853
8410.64522248
8410.72478778
8410.80412365
8410.88593419
8410.96487850
8411.04158538
8411.12112044
8411.20104731
8411.28114582
8411.36034126
8411.43974369
8411.51745189
8411.59699841
8411.69986946
8411.77764154
8411.85855267
8411.93641983
8412.01646885
8412.09612777
8412.17468857
8412.25427703
8412.33330765
8412.41206375
8412.49090615
8412.57085447
8412.65147156
8412.75225634
8412.81945147
8412.89861277
8412.97743104
8413.07900795
8413.15796543
8413.23840064
8413.31763045
8413.39648066
8413.47542156
8413.55545741
8413.63515705
8413.71352426
8413.79453828
8413.87332606
8413.95115763
8414.03072805
8414.11002174
8414.19029238
8414.26869690
8414.34754711
8414.42702366
8414.50755688
8414.58642976
8414.66533677
8414.76513509
8414.83523740
8414.91407176
8414.99382065
8415.07461231
8415.15216105
8415.23196724
8415.31073381
8415.39071188
8415.47003702
8415.59180161
8415.67123866
8415.75075325
8415.82891932
8415.91001209
8415.98888789
8416.06895617
8416.14659366
8416.22728853
8416.30619896
8416.38487898
8416.46469101
8416.54359534
8416.62231365
8416.70182189
8416.78072817
8416.86103855
8416.94166515
8417.01945137
8417.09808385
8417.17852077
8417.25886772
8417.33665930
8417.41549073
8417.49619901
8417.57414297
8417.65283568
8417.73485711
8417.81269038
8417.89211817
8417.96988391
8418.04942434
8418.12841888
8418.20981446
8418.28883630
8418.36771893
8418.44646600
8418.52584235
8418.60442948
8418.68456554
8418.76372416
8418.84406989
8418.92367006
8419.00177859
8419.08476771
8419.15989128
8419.26157230
8419.33023833
8419.40834297
8419.48999698
8419.56883768
8419.64904151
8419.72712152
8419.80682067
8419.91721934
8419.99656814
8420.07547003
8420.15600276
8420.23612053
8420.31394088
8420.39317484
8420.47212599
8420.60710261
8420.68621881
8420.76581117
8420.86588402
8420.93414777
8421.01403660
8421.09284731
8421.17395617
8421.25200180
8421.33123064
8421.41128429
8421.49016911
8421.56855583
8421.69172403
8421.77098603
8421.85083390
8421.93079393
8422.00999839
8422.08903779
8422.16776170
8422.24676867
8422.32709758
8422.40554598
8422.48546993
8422.56435621
8422.66477747
8422.73361051
8422.81228761
8422.89260726
8422.97011212
8423.04907935
8423.12841181
8423.20724373
8423.31896726
8423.39805884
8423.47726842
8423.55515777
8423.63649751
8423.71404528
8423.79335214
8423.87478161
8423.95245641
8424.03167135
8424.10916646
8424.18937419
8424.26768095
8424.34626979
8424.42630027
8424.50593189
8424.58419329
8424.66461802
8424.74145972
8424.82218067
8424.90221847
8424.97975747
8425.05952537
8425.13844067
8425.21714776
8425.29596602
8425.37587485
8425.45473237
8425.53424281
8425.61109158
8425.69177718
8425.76616323
8425.84955634
8425.93048770
8426.00804157
8426.08799233
8426.16592703
8426.24533873
8426.32502447
8426.40271950
8426.48273633
8426.56273512
8426.64786781
8426.72125741
8426.80092438
8426.87799892
8426.95746767
8427.03648025
8427.11658997
8427.19507495
8427.27307158
8427.35447520
8427.43112356
8427.51168799
8427.58987210
8427.66861820
8427.74836855
8427.82834881
8427.90690157
8427.98647003
8428.06502840
8428.14355116
8428.22323861
8428.30322765
8428.38181649
8428.46081712
8428.53889689
8428.62087956
8428.69830250
8428.77690353
8428.85596804
8428.93464709
8429.01445571
8429.09432797
8429.17318719
8429.25195426
8429.32974291
8429.40936307
8429.48964370
8429.56779393
8429.64787049
8429.72780955
8429.80444889
8429.88396226
8429.96382817
8430.04268691
8430.12279102
8430.19912780
8430.28018399
8430.36007526
8430.43779687
8430.51649567
8430.61731628
8430.68556321
8430.76485227
8430.84438953
8430.92348354
8431.00141629
8431.08107375
8431.15986446
8431.23963822
8431.31852645
8431.39824633
8431.47606253
8431.55574364
8431.63547644
8431.74733723
8431.82625205
8431.90378714
8431.98356260
8432.06328808
8432.14340293
8432.22341196
8432.32191614
8432.39079892
8432.46976006
8432.54927537
8432.62950651
8432.70652083
8432.78721546
8432.86597350
8432.94437875
8433.07768674
8433.15659449
8433.23434048
8433.31523112
8433.39559270
8433.47301370
8433.55197215
8433.63069509
8433.71149016
8433.78917544
8433.86918789
8433.94883973
8434.02658914
8434.10555783
8434.18534768
8434.26364419
8434.34284963
8434.42146382
8434.50064366
8434.58081994
8434.66001221
8434.73994249
8434.81869395
8434.89655161
8434.97616128
8435.05608302
8435.13590944
8435.21299081
8435.29139191
8435.37128684
8435.45010706
8435.53017436
8435.60874881
8435.68734034
8435.76694050
8435.84603329
8435.92476817
8436.00376637
8436.08421572
8436.16259342
8436.24127296
8436.32183714
8436.40046621
8436.47893656
8436.55697512
8436.63815005
8436.71569441
8436.79585875
8436.87448928
8436.95298523
8437.03310007
8437.11214362
8437.19151070
8437.27021120
8437.34914747
8437.42837972
8437.50759369
8437.58750544
8437.66747108
8437.74506127
8437.82281848
8437.90363939
8437.98244596
8438.06166675
8438.14116890
8438.21756565
8438.29745668
8438.37759785
8438.45716437
8438.53607187
8438.61402363
8438.69247472
8438.77353091
8438.85175843
8438.93060059
8439.01115575
8439.08960245
8439.18975990
8439.27012270
8439.34967995
8439.42856039
8439.50643950
8439.58783190
8439.66587729
8439.74572541
8439.84727721
8439.92655554
8440.01597123
8440.08447294
8440.17803900
8440.26262531
8440.37431081
8440.44203184
8440.52376997
8440.60136724
8440.67935801
8440.75899401
8440.83901670
8440.91593349
8440.99634700
8441.09899887
8441.17299019
8441.24345749
8441.34989499
8441.40343216
8441.52638117
8441.60545665
8441.68404379
8441.76364127
8441.85433866
8441.93076369
8442.01103458
8442.11148777
8442.18072115
8442.25773157
8442.33651497
8442.41656618
8442.49452550
8442.57565703
8442.65432560
8442.73893409
8442.81614834
8442.89350740
8442.97270552
8443.05332603
8443.13003534
8443.20775305
8443.30351486
8443.41953700
8443.49741391
8443.57743806
8443.65619732
8443.73648308
8443.81397355
8443.89479398
8443.97249779
8444.05184756
8444.13149649
8444.21056685
8444.28850155
8444.36931784
8444.44933125
8444.52786816
8444.60772945
8444.68591576
8444.76418204
8444.84412280
8444.92193535
8445.00292035
8445.07931320
8445.15914181
8445.23950827
8445.31746539
8445.39756951
8445.47628903
8445.55505244
8445.63404893
8445.71285696
8445.79263754
8445.87192318
8445.95021433
8446.03008805
8446.10873199
8446.18865252
8446.26724233
8446.34519824
8446.42493275
8446.50609207
8446.58334800
8446.66423840
8446.74200780
8446.81993104
8446.89984742
8446.97946733
8447.05838434
8447.13700098
8447.21686543
8447.29460167
8447.37479624
8447.45359305
8447.53163039
8447.61146802
8447.69009295
8447.76936616
8447.84948100
8447.93012930
8448.00602746
8448.08597432
8448.16529995
8448.24424183
8448.32466460
8448.40255639
8448.48253495
8448.56014757
8448.64015685
8448.71880079
8448.79767220
8448.87664236
8448.95555401
8449.03526851
8449.11496035
8449.19341046
8449.27140563
8449.35129495
8449.43147659
8449.51048771
8449.58889004
8449.66228744
8449.74619109
8449.82588877
8449.90684208
8449.98597559
8450.06262541
8450.14213658
8450.22325592
8450.30091341
8450.38193400
8450.45899782
8450.53926821
8450.64987339
8450.72998458
8450.81045928
8450.89235638
8450.97407159
8451.05566708
8451.13763732
8451.21930596
8451.30113991
8451.38320084
8451.49418027
8451.56829423
8451.65006624
8451.73181095
8451.81392187
8451.89489663
8451.97724111
8452.05846748
8452.15810147
8452.22192326
8452.30363481
8452.38618653
8452.46716349
8452.54975592
8452.63373661
8452.70231244
8452.78473591
8452.86607907
8452.94779599
8453.02924008
8453.11242571
8453.19408972
8453.27585125
8453.39058095
8453.44936197
8453.52090350
8453.60220960
8453.68457334
8453.76693294
8453.84866107
8453.93046820
8454.01111040
8454.13572268
8454.21868157
8454.29959732
8454.38329690
8454.46404175
8454.54611853
8454.62852177
8454.70966646
8454.78228831
8454.86320480
8454.94621098
8455.02677663
8455.10852451
8455.19014049
8455.27220410
8455.35302770
8455.43474705
8455.51764084
8455.59934142
8455.68103883
8455.76279744
8455.84399285
8455.92544718
8456.00733818
8456.09004301
8456.16609965
8456.24156846
8456.32352016
8456.40618769
8456.48699374
8456.56889278
8456.65063725
8456.74348943
8456.82514735
8456.90692448
8456.99070720
8457.07153689
8457.15326673
8457.23503899
8457.31693267
8457.39872980
8457.48159165
8457.56338658
8457.65491488
8457.72597098
8457.84039983
8457.91136913
8457.99444261
8458.07479589
8458.15666836
8458.23850596
8458.32165526
8458.40317494
8458.48415140
8458.59841714
8458.67927755
8458.76098667
8458.84385412
8458.92563955
8459.00661553
8459.08925234
8459.17016127
8459.25333690
8459.33596761
8459.41743560
8459.49934513
8459.58004780
8459.66218870
8459.74379590
8459.82635908
8459.90795580
8459.98892105
8460.07070453
8460.15242583
8460.23466231
8460.31718331
8460.39799813
8460.47992375
8460.56143391
8460.64464026
8460.72515544
8460.80690966
8460.88905934
8460.97151354
8461.05216598
8461.13352864
8461.21593115
8461.29361497
8461.37863965
8461.46383500
8461.54390010
8461.62611683
8461.70748705
8461.78925760
8461.87226549
8461.95305203
8462.03503543
8462.11688474
8462.19849828
8462.28023787
8462.36109024
8462.44303951
8462.52557099
8462.60929226
8462.68883928
8462.77072881
8462.85177598
8462.93400490
8463.01534391
8463.09802314
8463.17990926
8463.26180489
8463.34336602
8463.42431079
8463.50612693
8463.58815568
8463.67284659
8463.75295704
8463.83625385
8463.91598542
8463.99766040
8464.08035378
8464.16217017
8464.24387904
8464.32538921
8464.40678478
8464.48927701
8464.57112632
8464.65216374
8464.73400987
8464.81576068
8464.89742298
8464.97883928
8465.06124301
8465.14370013
8465.22549141
8465.30737168
8465.38841227
8465.47019306
8465.55258801
8465.63348963
8465.71513633
8465.79793771
8465.88064425
8465.96212028
8466.04529982
8466.12624654
8466.20806805
8466.28913156
8466.37068975
8466.45346383
8466.53528778
8466.64884671
8466.71960731
8466.80127912
8466.88311502
8466.96461007
8467.04676828
8467.12986882
8467.21168984
8467.29144580
8467.42861086
8467.50869010
8467.59229850
8467.67451156
8467.75558775
8467.83857077
8467.91854128
8468.00054321
8468.08409357
8468.16475040
8468.24648000
8468.33044240
8468.41025736
8468.49275008
8468.57474957
8468.65650769
8468.73751073
8468.82069977
8468.90073733
8468.98262150
8469.06511349
8469.14645494
8469.22904347
8469.29062952
8469.37169790
8469.45356501
8469.53625887
8469.61760446
8469.69884815
8469.78126845
8469.86360440
8469.94538617
8470.02731447
8470.10978305
8470.19121032
8470.27348337
8470.35438572
8470.43689941
8470.51782492
8470.59945796
8470.68246756
8470.76424786
8470.84511510
8470.92768804
8471.00875813
8471.09052600
8471.17209297
8471.25474636
8471.33528690
8471.41790396
8471.50103692
8471.58112812
8471.66358426
8471.74434910
8471.82626156
8471.90790679
8471.99002136
8472.07277423
8472.15543688
8472.23704750
8472.31802469
8472.40100552
8472.48287360
8472.56463391
8472.64523126
8472.72708349
8472.84093840
8472.91211373
8472.99319893
8473.07595277
8473.15676637
8473.23957312
8473.32131832
8473.40300086
8473.48516029
8473.62083933
8473.70380918
8473.78393768
8473.86596350
8473.94883852
8474.02479031
8474.11269780
8474.19321541
8474.27609677
8474.35914001
8474.44053485
8474.52144378
8474.60324091
8474.68422006
8474.76701852
8474.84965167
8474.91946897
8475.00160792
8475.11553988
8475.18664206
8475.26805300
8475.39400965
8475.47494540
8475.55667865
8475.63868375
8475.72084123
8475.81291762
8475.89412302
8475.97664987
8476.05833826
8476.14153315
8476.22239186
8476.30333054
8476.38567526
8476.47834825
8476.56256616
8476.64306745
8476.72494796
8476.80539195
8476.88831401
8476.97010310
8477.05173444
8477.13346281
8477.21531480
8477.29706122
8477.41097806
8477.48183229
8477.55323728
8477.63667476
8477.71668574
8477.79832708
8477.87992428
8477.96157586
8478.04418195
8478.12611951
8478.20805708
8478.30040628
8478.38212759
8478.46522837
8478.54524618
8478.66962538
8478.75243456
8478.83520205
8478.91803391
8478.98881841
8479.07063992
8479.15239438
8479.23356931
8479.32511858
8479.40922483
8479.47946465
8479.59327812
8479.66420037
8479.74566811
8479.82749279
8479.91026906
8479.99129137
8480.07400863
8480.15706431
8480.23720792
8480.36434363
8480.44498779
8480.52754487
8480.61230283
8480.69260589
8480.77429038
8480.85605411
8480.93819769
8481.02145207
8481.13527432
8481.20577307
8481.27678382
8481.35870139
8481.44108318
8481.52381361
8481.60537644
8481.68678396
8481.76980307
8481.85164164
8481.93320496
8482.01453276
8482.09813091
8482.17975347
8482.26250073
8482.34469283
8482.41688971
8482.49772940
8482.61084801
8482.68334917
8482.76347816
8482.84583581
8482.92865255
8483.00990842
8483.09244283
8483.17412269
8483.27882304
8483.35959544
8483.48657731
8483.56815208
8483.65113267
8483.73237537
8483.81450287
8483.89602181
8483.97808006
8484.06080196
8484.17513352
8484.24636029
8484.31735617
8484.39849818
8484.48209487
8484.56357261
8484.64485896
8484.72672923
8484.80822184
8484.89011772
8484.97273039
8485.05534964
8485.13937300
8485.21969094
8485.30197617
8485.38446207
8485.46549071
8485.54806974
8485.62966694
8485.71273310
8485.79423400
8485.87042302
8485.94731641
8486.02823339
8486.11099869
8486.19376033
8486.27432427
8486.36724472
8486.44929956
8486.53284529
8486.61552209
8486.69719146
8486.76710019
8486.85078855
8486.93165360
8487.01315962
8487.09543291
8487.17718542
8487.25951284
8487.34101252
8487.42424642
8487.50494275
8487.58666869
8487.66956686
8487.75205373
8487.83418244
8487.91592276
8487.99880680
8488.08086529
8488.16350771
8488.24565080
8488.32601823
8488.40893055
8488.49048363
8488.57232196
8488.65385187
8488.73629388
8488.81763752
8488.90032895
8488.98151582
8489.06451347
8489.14613823
8489.22861900
8489.30959595
8489.40247642
8489.48615332
8489.56696473
8489.64891351
8489.73122630
8489.81322165
8489.89611763
8489.97711530
8490.06098872
8490.14163409
8490.22347925
8490.30626235
8490.38800706
8490.46930803
8490.55246733
8490.63424056
8490.71600527
8490.80789343
8490.89170662
8490.97466746
8491.05588798
8491.13797768
8491.21863110
8491.30137299
8491.38317963
8491.46484754
8491.54795710
8491.62875241
8491.71152941
8491.79317977
8491.87451122
8491.95849727
8492.03872427
8492.12011448
8492.20206058
8492.28539615
8492.36688535
8492.45047375
8492.53352089
8492.61520416
8492.69599606
8492.77773712
8492.86024593
8492.94218861
8493.02405425
8493.10695803
8493.18809736
8493.26859304
8493.35198956
8493.45462826
8493.53778317
8493.62950700
8493.71222500
8493.80480193
8493.89788915
8493.98073295
8494.06349240
8494.14620040
8494.22682480
8494.30854782
8494.39119560
8494.47303466
8494.55430200
8494.63784675
8494.71739693
8494.79077849
8494.87216602
8494.95398192
8495.03699444
8495.11702298
8495.19925677
8495.28110827
8495.37398142
8495.45674794
8495.53922798
8495.62109094
8495.70392134
8495.78636773
8495.86709234
8495.94953410
8496.03032186
8496.10907747
8496.18399502
8496.26649506
8496.34947661
8496.43029729
8496.51105335
8496.59377793
8496.67587592
8496.76884904
8496.84983892
8496.92255536
8497.00429934
8497.08719776
8497.16928746
8497.25094293
8497.33301411
8497.41674513
8497.49804952
8497.57825433
8497.66184810
8497.74272460
8497.82548015
8497.90637274
8497.98812940
8498.08076874
8498.16360791
8498.24534921
8498.32787704
8498.41080788
8498.49215226
8498.57373581
8498.65639042
8498.73920692
8498.82100600
8498.90210608
8498.98337975
8499.06565255
8499.14867824
8499.23101150
8499.31193360
8499.39493881
8499.47634096
8499.55808202
8499.64112087
8499.72269053
8499.80452886
8499.88674193
8499.96856758
8500.05202433
8500.13282013
8500.21418547
8500.29718678
8500.37928209
8500.45978361
8500.54237117
8500.62573502
8500.70701211
8500.78897332
8500.89317070
8500.97422421
8501.05641753
8501.13817882
8501.22100653
8501.30168458
8501.37530580
8501.45618694
8501.53821642
8501.62082665
8501.70228903
8501.78535129
8501.86661545
8501.94873197
8502.02982571
8502.10626586
8502.19335487
8502.27704250
8502.35802994
8502.44037759
8502.52162542
8502.60440193
8502.69709491
8502.78923517
8502.87275043
8502.95478820
8503.03719680
8503.11881937
8503.20098928
8503.28250701
8503.36436509
8503.44692534
8503.52903065
8503.60982036
8503.69326174
8503.77415433
8503.85599974
8503.93810894
8504.02049512
8504.10256263
8504.18417593
8504.27708468
8504.36066040
8504.44175097
8504.51533903
8504.59407660
8504.67362922
8504.75225804
8504.83216272
8504.91281541
8504.99057822
8505.09102776
8505.15938903
8505.23865079
8505.31860277
8505.39949561
8505.47692026
8505.55611935
8505.63571001
8505.71455972
8505.79422742
8505.91788738
8505.99663616
8506.07442872
8506.15535984
8506.23434365
8506.31437243
8506.39278109
8506.47055780
8506.55233396
8506.63236177
8506.71045982
8506.78970207
8506.86959456
8506.94739273
8507.02632168
8507.10644433
8507.18569267
8507.26521530
8507.34416376
8507.42345404
8507.50318537
8507.58173252
8507.66162355
8507.74136366
8507.82099600
8507.89996640
8507.97887707
8508.05763975
8508.13839215
8508.21839631
8508.29528994
8508.37562373
8508.45340263
8508.53409530
8508.61336096
8508.69343021
8508.77071662
8508.85036164
8508.93129276
8509.00984698
8509.09092804
8509.16912898
8509.24744012
8509.32708173
8509.40577834
8509.48471436
8509.58620448
8509.65533546
8509.73419078
8509.81422053
8509.89299564
8509.97233859
8510.05144723
8510.13150965
8510.21027209
8510.32756838
8510.41153736
8510.49221882
8510.57179192
8510.64891790
8510.72852391
8510.80823135
8510.88962034
8510.96693650
8511.04785543
8511.14670947
8511.21625347
8511.29528043
8511.37515269
8511.45471847
8511.53379932
8511.61214679
8511.69097700
8511.77042332
8511.84941761
8511.93039774
8512.00918162
8512.08817714
8512.16794090
8512.24692958
8512.36952239
8512.44908354
8512.52781038
8512.60887218
8512.68803812
8512.76547081
8512.84610180
8512.92544133
8513.00265484
8513.08316636
8513.16245274
8513.29745058
8513.37586827
8513.45478576
8513.53453465
8513.61315348
8513.69412044
8513.77186984
8513.85170772
8513.93132568
8514.01058645
8514.08843436
8514.16979629
8514.24875572
8514.32729214
8514.40706297
8514.48439546
8514.56406657
8514.64478289
8514.72329347
8514.80326739
8514.88299848
8514.96136838
8515.07257577
8515.15328307
8515.23332916
8515.31145256
8515.38982953
8515.46925586
8515.55033838
8515.62888041
8515.70873462
8515.78671199
8515.86622121
8515.94501900
8516.05669011
8516.13661039
8516.21734110
8516.29609988
8516.37397387
8516.45388220
8516.53263976
8516.61443299
8516.69308546
8516.77037407
8516.85080367
8516.92950783
8517.00907581
8517.08928598
8517.16861357
8517.26904652
8517.33664736
8517.41655642
8517.49604492
8517.57486441
8517.65592304
8517.73262650
8517.81391894
8517.89201260
8517.97311317
8518.05093547
8518.13197728
8518.20927929
8518.28948069
8518.36776916
8518.49033661
8518.57017083
8518.64891302
8518.72813943
8518.80910029
8518.88770400
8518.96727344
8519.04635063
8519.14595610
8519.21590531
8519.29434591
8519.37338141
8519.45430448
8519.53308959
8519.61152166
8519.69232112
8519.77018902
8519.84893389
8519.97190607
8520.05141090
8520.13002047
8520.21123172
8520.29014751
8520.36860737
8520.44993298
8520.52733032
8520.60634973
8520.68515897
8520.76599500
8520.84476499
8520.92483742
8521.00429519
8521.08121564
8521.16231328
8521.24148044
8521.32020167
8521.40091555
8521.47892925
8521.55790477
8521.63768486
8521.71657213
8521.81816732
8521.89820732
8521.97655137
8522.05527211
8522.13546863
8522.21524995
8522.29481793
8522.37266022
8522.45158381
8522.53136317
8522.61180740
8522.69068370
8522.76969579
8522.84943346
8522.92855844
8523.00786652
8523.08672257
8523.16532482
8523.24532093
8523.34625175
8523.41351514
8523.49503994
8523.57473519
8523.65241413
8523.73318726
8523.81079184
8523.88995997
8523.97038397
8524.04923661
8524.16106571
8524.24217262
8524.31939637
8524.39852427
8524.47921060
8524.55784991
8524.63701049
8524.71553106
8524.79667770
8524.87434738
8524.95493766
8525.03381078
8525.11381396
8525.21307492
8525.28132380
8525.36126017
8525.44066529
8525.51935580
8525.59931533
8525.67823283
8525.75721688
8525.83889187
8525.91670417
8525.99621315
8526.07517453
8526.15493926
8526.23385383
8526.31258408
8526.43659269
8526.51528369
8526.59293606
8526.67436577
8526.75246016
8526.83303117
8526.91221759
8526.99270132
8527.11258979
8527.19236964
8527.27308718
8527.35172698
8527.43280999
8527.51031290
8527.58925356
8527.66949518
8527.74800844
8527.82646709
8527.90757570
8527.98624548
8528.06425796
8528.14377449
8528.22315303
8528.30352193
8528.38241260
8528.46111043
8528.53997477
8528.61945839
8528.70086933
8528.77904662
8528.85876746
8528.93667632
8529.02328479
8529.09700670
8529.17560895
8529.25493434
8529.33394668
8529.41268180
8529.49235243
8529.57219810
8529.65201428
8529.73170855
8529.81039370
8529.88936166
8529.96790467
8530.04773962
8530.12655106
8530.20735369
8530.28522256
8530.36400986
8530.44386821
8530.52292541
8530.60362613
8530.68314535
8530.76300882
8530.84286426
8530.92291839
8531.00155136
8531.08144824
8531.16212848
8531.24086116
8531.32035795
8531.39948659
8531.47767119
8531.55899947
8531.63867205
8531.71861720
8531.79590288
8531.87582267
8531.95608697
8532.03477187
8532.11602019
8532.19661388
8532.27423504
8532.35283338
8532.43399149
8532.51226460
8532.59147929
8532.67314184
8532.75213663
8532.83042485
8532.90950228
8532.98963980
8533.07015620
8533.14917829
8533.22886232
8533.30671925
8533.38655907
8533.46627651
8533.54516840
8533.62504407
8533.70563629
8533.78459938
8533.86394769
8533.94285616
8534.02276596
8534.10267527
8534.18267675
8534.26195581
8534.34014090
8534.42209700
8534.49970133
8534.57884606
8534.65899211
8534.73856228
8534.81840552
8534.89642507
8534.97767485
8535.05642631
8535.13692466
8535.21690127
8535.29694906
8535.37344919
8535.45317296
8535.53427328
8535.61305985
8535.69355260
8535.77236916
8535.85184888
8535.93056913
8536.01057280
8536.09001668
8536.17043994
8536.25010082
8536.33022419
8536.40680258
8536.48782635
8536.56636496
8536.64746650
8536.72686942
8536.80556432
8536.88412146
8536.96419998
8537.04512037
8537.12393474
8537.20335350
8537.28332840
8537.36111023
8537.44155032
8537.51990242
8537.60042881
8537.68040298
8537.76014236
8537.84001071
8537.91776962
8537.99651450
8538.07627241
8538.15685073
8538.23603934
8538.31589916
8538.39488687
8538.47453190
8538.55373368
8538.63539890
8538.71372394
8538.79428764
8538.87233742
8538.95367521
8539.03036989
8539.14512471
