4210.73420061
4210.81145986
4210.89553139
4210.96804392
4211.04277243
4211.11585109
4211.18830827
4211.26597517
4211.33816612
4211.41112433
4211.48720233
4211.55971925
4211.63161714
4211.71702157
4211.79374493
4211.87768016
4211.94854576
4212.10039968
4212.18451826
4212.26065843
4212.33291861
4212.41750190
4212.49371618
4212.57626122
4212.65132009
4212.72663497
4212.80971565
4212.88226573
4212.95859217
4213.02988126
4213.11327744
4213.18795987
4213.26240288
4213.33574534
4213.44199351
4213.51638191
4213.59063158
4213.66546030
4213.73848263
4213.81427391
4213.88613961
4213.97045032
4214.04618259
4214.11999560
4214.19345679
4214.26674366
4214.35158855
4214.43600873
4214.51043248
4214.58520878
4214.66033445
4214.74376793
4214.82140265
4214.89266297
4214.97694101
4215.06179175
4215.13528122
4215.21062462
4215.28545773
4215.35730832
4215.43167867
4215.51685856
4215.58921261
4215.66455284
4215.73718654
4215.84315629
4215.91884126
4215.99223931
4216.06533162
4216.14995586
4216.22442203
4216.33038397
4216.39294884
4216.46789337
4216.54287252
4216.61473749
4216.68827207
4216.77421117
4216.85851115
4216.94184003
4217.01753159
4217.09188220
4217.16628888
4217.24094182
4217.31748646
4217.39852890
4217.48230786
4217.55795529
4217.70696419
4217.78075331
4217.85607428
4217.92793974
4218.00286061
4218.08784813
4218.16399123
4218.23609099
4218.31022704
4218.38416342
4218.45897946
4218.53186575
4218.60630510
4218.68002083
4218.75418224
4218.83858754
4218.91334288
4218.98695255
4219.06158037
4219.14517720
4219.23018666
4219.30440683
4219.38850834
4219.46345604
4219.53671341
4219.61110302
4219.69464158
4219.76974800
4219.84360465
4219.91688006
4219.99152763
4220.06535770
4220.13894738
4220.22333489
4220.29808973
4220.37194687
4220.45754879
4220.53018639
4220.60424053
4220.67794089
4220.75189409
4220.82656214
4220.89974905
4220.99501581
4221.07033409
4221.14438140
4221.21747713
4221.30232860
4221.37691692
4221.45071237
4221.52506713
4221.61125370
4221.69476081
4221.76814691
4221.85327413
4221.92688380
4222.00082383
4222.07477069
4222.14943118
4222.22324712
4222.30976039
4222.39228519
4222.46656973
4222.54002507
4222.62469320
4222.69992664
4222.78375752
4222.85806230
4222.94242274
4223.01741286
4223.08994197
4223.17471883
4223.24983183
4223.32288342
4223.39754782
4223.48050684
4223.55594533
4223.66288323
4223.72576603
4223.80179234
4223.87424757
4223.94638391
4224.04235137
4224.11657593
4224.19142928
4224.27615275
4224.35087053
4224.42308196
4224.49700127
4224.57116561
4224.64827808
4224.71905250
4224.79333362
4224.86828522
4224.94085651
4225.01485847
4225.08932879
4225.16355554
4225.25849340
4225.33222668
4225.40675747
4225.48046125
4225.55426085
4225.62865632
4225.70166719
4225.77644495
4225.85963121
4225.93469203
4226.00846920
4226.08265426
4226.15780969
4226.23045997
4226.31434254
4226.40079072
4226.47453839
4226.54836749
4226.63342157
4226.70691957
4226.77999506
4226.85507832
4226.93889360
4227.01336099
4227.08761286
4227.17131233
4227.24674838
4227.31980972
4227.39351814
4227.46719802
4227.55330853
4227.62814066
4227.70039548
4227.77551190
4227.84869271
4227.93325892
4228.01721488
4228.09228790
4228.16612383
4228.24104422
4228.31316714
4228.38795733
4228.46102258
4228.56960108
4228.64382467
4228.72794666
4228.80010859
4228.87430194
4228.94837510
4229.03096963
4229.10775028
4229.18174151
4229.25630863
4229.34143073
4229.41484364
4229.48855742
4229.56138081
4229.65120282
4229.72369414
4229.79610037
4229.88178859
4229.96608126
4230.04073541
4230.11297828
4230.19051499
4230.26362266
4230.34779293
4230.41958354
4230.49317688
4230.56725417
4230.63916328
4230.72480420
4230.79947469
4230.90631556
4230.96918495
4231.04428454
4231.12698001
4231.20274203
4231.28842196
4231.36112369
4231.44542049
4231.55143559
4231.62711617
4231.69952582
4231.77257668
4231.84739540
4231.92229799
4231.99442969
4232.07909514
4232.19926433
4232.27184756
4232.35692407
4232.43141950
4232.50449743
4232.61095162
4232.67416453
4232.74861388
4232.82265680
4232.89652101
4232.96908645
4233.04326151
4233.12908725
4233.21217696
4233.28787485
4233.36168055
4233.44456546
4233.52530216
4233.62416218
4233.75677784
4233.84536374
4233.92255423
4234.00080018
4234.12073776
4234.18798352
4234.26309725
4234.34190494
4234.42091254
4234.49760908
4234.57530939
4234.65272687
4234.72956824
4234.80863241
4234.88406821
4234.97389364
4235.05017131
4235.12890366
4235.20492363
4235.28252763
4235.36164861
4235.43734114
4235.51599547
4235.59384109
4235.67041743
4235.74919732
4235.82602113
4235.90311898
4235.97985526
4236.05867197
4236.14812875
4236.23607294
4236.31278021
4236.38880798
4236.46772416
4236.54489272
4236.62202397
4236.70086701
4236.77713567
4236.85521412
4236.93115144
4237.02013109
4237.11059188
4237.19646881
4237.27568975
4237.35243359
4237.43073489
4237.51710456
4237.59554751
4237.67352258
4237.75073234
4237.82869815
4237.90604713
4237.98263054
4238.06139044
4238.13837638
4238.21677325
4238.33702826
4238.40319054
4238.47993901
4238.59081590
4238.65788783
4238.73540210
4238.82410089
4238.91189489
4238.98970003
4239.06686054
4239.14515525
4239.22395831
4239.30005361
4239.37652463
4239.45489053
4239.53233045
4239.61001344
4239.73027479
4239.79721604
4239.87521477
4239.95087219
4240.03123830
4240.11702284
4240.19555185
4240.27413986
4240.35079227
4240.42755830
4240.50610852
4240.58416040
4240.66073820
4240.73956758
4240.81460964
4240.89287265
4240.97030233
4241.05989540
4241.13771663
4241.21225278
4241.29105535
4241.39078820
4241.46743842
4241.54617199
4241.63435268
4241.71189426
4241.78947875
4241.86724976
4241.94372151
4242.02136379
4242.09969214
4242.17615780
4242.25366013
4242.33249487
4242.40893834
4242.48703849
4242.57403134
4242.65234994
4242.74083929
4242.81827628
4242.89590734
4242.97292401
4243.05152348
4243.12821734
4243.20618705
4243.28345508
4243.36001826
4243.44994486
4243.52580075
4243.60446507
4243.69226981
4243.76979237
4243.85880982
4243.93498582
4244.01299040
4244.10141344
4244.17932537
4244.25635324
4244.33488201
4244.41222294
4244.48809175
4244.56656541
4244.64572857
4244.73593873
4244.81113584
4244.89967371
4244.97725942
4245.06836631
4245.14381284
4245.22165407
4245.34271926
4245.40708905
4245.49861602
4245.57341328
4245.65101655
4245.72879902
4245.80629988
4245.88215041
4245.97236812
4246.04988215
4246.12547326
4246.20664444
4246.28354748
4246.37205171
4246.44682825
4246.52579343
4246.60212158
4246.67902316
4246.75841233
4246.83565647
4246.91201436
4246.98971564
4247.06830926
4247.14560606
4247.22276876
4247.30062559
4247.38719592
4247.46677550
4247.55418990
4247.63248510
4247.71094340
4247.78741686
4247.86423067
4247.94161549
4248.01852048
4248.09548107
4248.17319771
4248.25165260
4248.33123609
4248.41764111
4248.49607211
4248.57140186
4248.65122501
4248.72746416
4248.81594254
4248.89368380
4248.97034377
4249.04866091
4249.12514217
4249.20294024
4249.28142464
4249.35813142
4249.43650951
4249.51299540
4249.59179967
4249.66662254
4249.74532977
4249.82329729
4249.90012354
4249.98883500
4250.06634879
4250.14437141
4250.22275974
4250.29951236
4250.37725825
4250.46502081
4250.54380972
4250.62103264
4250.69712893
4250.78719036
4250.90646502
4250.97324388
4251.06209310
4251.13961371
4251.21874469
4251.30421397
4251.38311626
4251.46081193
4251.53818797
4251.61559228
4251.69297661
4251.77120671
4251.84792008
4251.92492479
4252.00250514
4252.07954399
4252.15922695
4252.23577306
4252.31388443
4252.39161033
4252.47953843
4252.55712292
4252.63481981
4252.71223876
4252.79005829
4252.86728341
4252.94435761
4253.02357002
4253.10087389
4253.17629238
4253.25553575
4253.34353066
4253.42051245
4253.49822982
4253.57484152
4253.66433804
4253.73999498
4253.81966429
4253.90765188
4253.98397929
4254.06260242
4254.13880866
4254.21820441
4254.30519019
4254.38309822
4254.46074829
4254.53775984
4254.61644757
4254.69411423
4254.77137031
4254.85971971
4254.93540323
4255.01519029
4255.10278852
4255.17958478
4255.25721145
4255.33471963
4255.41357242
4255.48999321
4255.56893085
4255.64531215
4255.73395363
4255.81160810
4255.88943080
4255.96696702
4256.04320836
4256.13268856
4256.21050784
4256.28738016
4256.36533866
4256.48581749
4256.55275118
4256.62933801
4256.70650876
4256.78444434
4256.86204785
4256.93988420
4257.01725438
4257.09470210
4257.18350621
4257.26093466
4257.33873932
4257.42587528
4257.50388522
4257.58020630
4257.65884746
4257.73591313
4257.81387528
4257.89191936
4257.96748316
4258.07990385
4258.15468771
4258.24227033
4258.31535533
4258.38915834
4258.46611088
4258.54063703
4258.62552312
4258.70043108
4258.78667153
4258.87382822
4258.94780653
4259.02179411
4259.09881370
4259.17456987
4259.24687443
4259.32468859
4259.39968724
4259.47257256
4259.55039671
4259.62286926
4259.70495740
4259.77430041
4259.84969476
4259.93545516
4260.00923037
4260.09580655
4260.17272789
4260.24524895
4260.33295884
4260.40743160
4260.48192459
4260.55958784
4260.63208159
4260.70398631
4260.78099346
4260.85411819
4260.92929215
4261.00413598
4261.09072069
4261.17644183
4261.24929618
4261.32507844
4261.39948269
4261.47547194
4261.54923789
4261.62500454
4261.70008316
4261.77600854
4261.85085481
4261.93440263
4262.01149609
4262.08746072
4262.16049890
4262.23481148
4262.33218133
4262.43905342
4262.51595866
4262.58878204
4262.66414300
4262.73895099
4262.81398939
4262.89025487
4262.96384187
4263.04894837
4263.12393312
4263.19917436
4263.27414912
4263.34895273
4263.43488988
4263.52047595
4263.59564796
4263.67092577
4263.74650981
4263.82126075
4263.89458956
4263.97083042
4264.04569668
4264.12040910
4264.19425941
4264.27130070
4264.34521903
4264.41909031
4264.49393829
4264.57112367
4264.65549630
4264.73155016
4264.80490140
4264.89063521
4264.96643941
4265.04078441
4265.11587913
4265.19097725
4265.27650969
4265.36300151
4265.43803917
4265.51204186
4265.58903463
4265.66180487
4265.73717313
4265.81291297
4265.88632028
4265.96111803
4266.03716555
4266.11129039
4266.18760025
4266.26148543
4266.34693106
4266.42279865
4266.49674893
4266.58236864
4266.65803679
4266.73217480
4266.80928484
4266.88311443
4266.96691923
4267.05410664
4267.12806861
4267.20388744
4267.27901190
4267.38732148
4267.44979004
4267.52528875
4267.60094276
4267.67482867
4267.75021937
4267.82520266
4267.90111926
4267.97575902
4268.08181556
4268.15762098
4268.23144398
4268.31837393
4268.39261897
4268.46780535
4268.54496928
4268.61732601
4268.69180657
4268.76778826
4268.84179022
4268.96057165
4269.03632709
4269.11034271
4269.18520141
4269.26066793
4269.33615031
4269.41127354
4269.49551891
4269.57104955
4269.64573150
4269.72406546
4269.79717142
4269.87368974
4269.94556422
4270.01998870
4270.10594756
4270.18198801
4270.25607286
4270.33086647
4270.40692594
4270.48136529
4270.55647171
4270.63145890
4270.71644618
4270.79068634
4270.86774811
4270.94123709
4271.01625988
4271.09095012
4271.16477044
4271.24171981
4271.31537117
4271.39005019
4271.46608918
4271.54066458
4271.61577246
4271.69158763
4271.76530775
4271.84113535
4271.91565906
4271.98999212
4272.06472551
4272.13982241
4272.22566131
4272.30243319
4272.39794913
4272.48303856
4272.55847460
4272.63248339
4272.70785093
4272.78281471
4272.85845093
4272.93345543
4273.00903265
4273.09396531
4273.16966272
4273.24450558
4273.31928407
4273.39380729
4273.47959621
4273.55558619
4273.62977638
4273.70438493
4273.77961447
4273.88734111
4273.94994791
4274.02583037
4274.10171381
4274.17691117
4274.27329652
4274.34763567
4274.42206040
4274.49785119
4274.57162982
4274.64678744
4274.72572873
4274.81002675
4274.88331338
4274.95988046
4275.03965119
4275.10771810
4275.19161408
4275.26930805
4275.34402998
4275.43008440
4275.50494165
4275.57955118
4275.65425970
4275.72852790
4275.80340904
4275.88027600
4275.95396540
4276.03893878
4276.11336228
4276.18928595
4276.26327840
4276.33897508
4276.41439869
4276.49074610
4276.56406710
4276.65325082
4276.72612248
4276.79878715
4276.87389015
4276.94970459
4277.02620584
4277.10086413
4277.18467820
4277.26076253
4277.33551421
4277.41044532
4277.48455432
4277.55984237
4277.63426271
4277.71085246
4277.78348202
4277.85900901
4277.93365950
4278.00861866
4278.08268913
4278.15901167
4278.23283174
4278.30982671
4278.38332862
4278.45766508
4278.53403516
4278.60745661
4278.68186622
4278.76004781
4278.86546386
4278.92834251
4279.00513877
4279.07915780
4279.16296650
4279.22974878
4279.30401308
4279.37834125
4279.45365028
4279.52884227
4279.60406986
4279.67954979
4279.75391478
4279.82968851
4279.90353809
4279.97844653
4280.05425585
4280.15008264
4280.22596608
4280.29964109
4280.37474580
4280.45006945
4280.52423939
4280.59967154
4280.67486280
4280.74833814
4280.82544037
4280.89932336
4280.97403285
4281.05030126
4281.12419424
4281.19839783
4281.27489201
4281.37092043
4281.44641377
4281.52175278
4281.59383694
4281.67022165
4281.74518373
4281.83116623
4281.90549100
4281.98028315
4282.05530789
4282.13045575
4282.21533160
4282.29143057
4282.36654381
4282.45113441
4282.52954225
4282.61489377
4282.69154521
4282.76705903
4282.84064993
4282.91745886
4282.99193967
4283.06826781
4283.14247579
4283.21905896
4283.29485804
4283.36997933
4283.44587837
4283.52060591
4283.60850548
4283.68315037
4283.75751755
4283.83359116
4283.90998977
4283.98537486
4284.06020041
4284.13517736
4284.21089866
4284.28656072
4284.36371221
4284.43675454
4284.51419909
4284.58747425
4284.66206087
4284.73964292
4284.81436705
4284.89075785
4284.96776598
4285.04259372
4285.11960843
4285.19382885
4285.26916201
4285.34475019
4285.41881018
4285.49468606
4285.57008236
4285.64698833
4285.72019133
4285.79664114
4285.87212131
4285.95750429
4286.03367932
4286.14047387
4286.20627531
4286.28147267
4286.35770280
4286.43308887
4286.50822430
4286.58439299
4286.65870215
4286.73472188
4286.81060434
4286.88558373
4286.96066430
4287.03577998
4287.11125260
4287.18700633
4287.26278444
4287.33782235
4287.44595444
4287.51107955
4287.58638247
4287.66116097
4287.73819762
4287.81135478
4287.88916577
4287.96226589
4288.03736913
4288.11385380
4288.18800546
4288.26582913
4288.34089337
4288.41488485
4288.49073854
4288.56562723
4288.64258002
4288.71742068
4288.79342481
4288.86808018
4288.94337896
4289.00902094
4289.08573138
4289.16045282
4289.23687995
4289.31233502
4289.38780593
4289.46368790
4289.53835302
4289.61355331
4289.69014550
4289.77088196
4289.84209498
4289.91647997
4289.99294562
4290.07153144
4290.14522011
4290.22177402
4290.29231730
4290.36747784
4290.44449134
4290.51899896
4290.59591932
4290.67002173
4290.75580601
4290.83344146
4290.90644722
4290.98387397
4291.05997903
4291.13435036
4291.20938558
4291.28319591
4291.35891331
4291.43352016
4291.51242367
4291.58611404
4291.66187972
4291.73806840
4291.81345276
4291.90201599
4291.97564394
4292.05116093
4292.12604451
4292.19898005
4292.27696073
4292.35066159
4292.42537035
4292.50154075
4292.57724304
4292.65501258
4292.76139412
4292.82667576
4292.90083619
4292.97705414
4293.05264086
4293.13947791
4293.21308929
4293.28906074
4293.36378316
4293.44023492
4293.51375584
4293.59079347
4293.66743930
4293.74161412
4293.81918667
4293.89238845
4293.96901769
4294.04328102
4294.15263240
4294.22690986
4294.30251145
4294.37937330
4294.45399185
4294.53073813
4294.60374511
4294.67934719
4294.75448262
4294.83118525
4294.90671102
4294.98143588
4295.05734321
4295.13250107
4295.20806316
4295.28305353
4295.35855052
4295.43379616
4295.50962547
4295.60632241
4295.68218610
4295.75756510
4295.83303918
4295.90762043
4295.98240087
4296.05946069
4296.13431598
4296.21089720
4296.28445884
4296.36308855
4296.43912119
4296.51571631
4296.59068839
4296.66595548
4296.74046675
4296.81602373
4296.90269475
4296.97783286
4297.05376482
4297.12999276
4297.20455133
4297.27845553
4297.35720762
4297.43183520
4297.50755894
4297.58160844
4297.65628405
4297.73179787
4297.80749406
4297.88347210
4297.95826205
4298.03461799
4298.10959226
4298.18545083
4298.26154492
4298.33571047
4298.41193939
4298.48674787
4298.56358192
4298.63752634
4298.71245405
4298.78902332
4298.86434624
4298.94004999
4299.01494965
4299.09012068
4299.16489381
4299.24017406
4299.31519953
4299.39247317
4299.46647757
4299.54239514
4299.61725580
4299.70461558
4299.78337426
4299.85792333
4299.93052948
4300.00688274
4300.08263159
4300.15882271
4300.23238509
4300.30747005
4300.39306514
4300.46843950
4300.54527087
4300.61908095
4300.69704993
4300.77095193
4300.84610370
4300.92135981
4301.00776801
4301.08424878
4301.15999129
4301.23479002
4301.31044574
4301.38582449
4301.46036088
4301.54820341
4301.62207225
4301.69742272
4301.77482021
4301.84854252
4301.92303478
4301.99994270
4302.07524124
4302.15018992
4302.22581418
4302.30315365
4302.37792434
4302.45150841
4302.52772270
4302.60222374
4302.67837366
4302.75468522
4302.82878568
4302.91566175
4302.99037904
4303.06608572
4303.14195038
4303.21700901
4303.29324622
4303.36819123
4303.44362679
4303.51888924
4303.59544486
4303.66962188
4303.74434527
4303.82126246
4303.89653564
4303.97137143
4304.04644176
4304.12262362
4304.19948327
4304.27363103
4304.34954299
4304.42399332
4304.49928552
4304.57538863
4304.64974070
4304.72569874
4304.80555822
4304.87882973
4304.95825620
4305.02908815
4305.11539443
4305.21671620
4305.28620037
4305.36239881
4305.43699030
4305.51313193
4305.59146858
4305.66456649
4305.73886103
4305.81392916
4305.89021391
4305.96575163
4306.04128861
4306.11599323
4306.19277169
4306.26626604
4306.34278484
4306.41764964
4306.52557791
4306.59099632
4306.67082386
4306.74780541
4306.82595725
4306.90208474
4306.97882687
4307.05616219
4307.13446909
4307.21452118
4307.29082275
4307.36638534
4307.44645863
4307.54497878
4307.62117698
4307.69997540
4307.77483825
4307.85361619
4307.92945404
4308.00917503
4308.08883020
4308.16336805
4308.24265116
4308.31962662
4308.39726719
4308.47539562
4308.55032528
4308.62899862
4308.70682620
4308.79620033
4308.87284323
4308.94812056
4309.02694360
4309.14685948
4309.22179401
4309.29100146
4309.36936566
4309.44717178
4309.52475286
4309.60214450
4309.67943252
4309.75629412
4309.83502549
4309.91109910
4309.99983494
4310.07727242
4310.15570195
4310.23140497
4310.30972431
4310.38853516
4310.46662824
4310.54320775
4310.61997866
4310.69787913
4310.77695232
4310.85336434
4310.93109219
4311.00729233
4311.08551463
4311.16192933
4311.28395026
4311.35214687
4311.42876174
4311.50432896
4311.58204023
4311.65944162
4311.73907119
4311.81514212
4311.89281072
4311.96941413
4312.04789511
4312.12620372
4312.20203961
4312.28051376
4312.35806339
4312.44637159
4312.52320125
4312.60061508
4312.67883909
4312.75621659
4312.83431552
4312.91061928
4312.98978171
4313.06636707
4313.14280298
4313.22239110
4313.29878971
4313.37599776
4313.45316753
4313.53136082
4313.62002620
4313.69666691
4313.77530539
4313.85251637
4313.93068478
4314.00860183
4314.08543418
4314.16301282
4314.23923198
4314.31695106
4314.39643921
4314.47197986
4314.55009025
4314.67020141
4314.73726993
4314.88134413
4314.96788520
4315.04571033
4315.12431249
4315.20132476
4315.27880076
4315.35572551
4315.43455440
4315.51034763
4315.58927454
4315.66625024
4315.74420825
4315.82047617
4315.89827034
4315.97681886
4316.05268230
4316.14259160
4316.21825878
4316.29679486
4316.37459317
4316.45182585
4316.53021808
4316.60624683
4316.68503038
4316.76099501
4316.83927655
4316.91791259
4316.99513454
4317.07311181
4317.14872535
4317.22649636
4317.31718658
4317.40284896
4317.48137480
4317.55827127
4317.63657500
4317.72481810
4317.80207906
4317.88029112
4317.95630353
4318.03387120
4318.11178825
4318.18930423
4318.26814215
4318.34551136
4318.42241392
4318.49787094
4318.58812595
4318.66658962
4318.74235579
4318.82034281
4318.89811577
4318.97660382
4319.05229538
4319.13113378
4319.20853493
4319.28623012
4319.36414717
4319.43999037
4319.51790937
4319.59533564
4319.67298986
4319.75027788
4319.84264453
4319.92153340
4319.99781961
4320.07485578
4320.15121903
4320.22970879
4320.30659233
4320.38096805
4320.45896702
4320.53869485
4320.61629153
4320.69411154
4320.76909020
4320.84767968
4320.92537754
4321.04470291
4321.11162782
4321.18961095
4321.26711084
4321.34448541
4321.42165860
4321.50117041
4321.57797642
4321.65679776
4321.73013265
4321.80982805
4321.88572002
4321.96447748
4322.04337537
4322.17542588
4322.26214566
4322.34155531
4322.41859441
4322.49525413
4322.57163884
4322.65065254
4322.72795178
4322.80605510
4322.88406845
4322.96156347
4323.03967191
4323.13538314
4323.21408428
4323.29280785
4323.36947854
4323.44681630
4323.53444574
4323.61245495
4323.68890280
4323.76647998
4323.84553001
4323.92083123
4324.00017262
4324.07869407
4324.15641071
4324.23400422
4324.31116034
4324.38755895
4324.46451125
4324.55252590
4324.62934630
4324.71874944
4324.79695516
4324.87465230
4324.95054524
4325.02868708
4325.10755377
4325.18320291
4325.26037244
4325.34015804
4325.41541221
4325.49435813
4325.57241391
4325.64920042
4325.72674761
4325.80445815
4325.88160379
4325.96984713
4326.04728120
4326.12521458
4326.20127307
4326.28115523
4326.35683289
4326.43481577
4326.51323555
4326.58938962
4326.66801615
4326.74498942
4326.82190490
4326.89940869
4326.98724878
4327.06731013
4327.14297706
4327.21967897
4327.29743315
4327.37520806
4327.45305465
4327.53116845
4327.60864933
4327.68465662
4327.76440053
4327.84030640
4327.91807448
4328.02800296
4328.10571106
4328.20592812
4328.28155727
4328.36052489
4328.44941653
4328.52710318
4328.60524063
4328.68210296
4328.75974695
4328.83864606
4328.91470601
4328.99304802
4329.11223369
4329.17982956
4329.25671993
4329.33459212
4329.41304872
4329.48911599
4329.56779592
4329.65397469
4329.73340092
4329.81180583
4329.88779386
4329.96529668
4330.04245768
4330.12107860
4330.19711564
4330.27516776
4330.35306701
4330.42963701
4330.50922806
4330.58604675
4330.66298100
4330.74062279
4330.81709747
4330.90598447
4330.98363772
4331.06160133
4331.13954715
4331.21564051
4331.29413319
4331.37095651
4331.44912371
4331.53369554
4331.61248786
4331.68936165
4331.76622593
4331.85499201
4331.93173707
4332.01031338
4332.10927458
4332.18678837
4332.26855273
4332.34727386
4332.42456627
4332.50124721
4332.57972672
4332.65751358
4332.73474382
4332.81149351
4332.88840119
4332.96580356
4333.04453420
4333.12275674
4333.20037878
4333.27615494
4333.36505853
4333.44060648
4333.51998517
4333.63050317
4333.70614743
4333.78554855
4333.86181842
4333.94084919
4334.01766715
4334.09446707
4334.17258160
4334.25040527
4334.32827185
4334.40722777
4334.48292640
4334.57089108
4334.69136406
4334.75873636
4334.83799996
4334.91564297
4334.99370923
4335.06891586
4335.14984590
4335.22452370
4335.30258509
4335.38184430
4335.45690050
4335.53497480
4335.61231110
4335.69166492
4335.76796844
4335.89878429
4336.00936398
4336.08518549
4336.16314228
4336.24019625
4336.31886496
4336.39715577
4336.47277175
4336.55289990
4336.62998995
4336.70550304
4336.78384773
4336.86052721
4336.93814974
4337.01541508
4337.09343283
4337.18209284
4337.25985459
4337.33817709
4337.41533199
4337.49344287
4337.56789832
4337.64576100
4337.73472139
4337.81232100
4337.89322130
4337.96607784
4338.04560989
4338.12483595
4338.20071816
4338.27925035
4338.35524691
4338.44338396
4338.52207193
4338.59831572
4338.67692811
4338.75417200
4338.83073518
4338.90786375
4338.98562257
4339.06256974
4339.15078408
4339.23049751
4339.30686662
4339.38629748
4339.46212338
4339.54136699
4339.62961180
4339.70623471
4339.78256871
4339.85889686
4339.93901623
4340.01741310
4340.09380756
4340.16981632
4340.29129355
4340.35700014
4340.43487989
4340.51350642
4340.59157244
4340.66842307
4340.74589736
4340.82213164
4340.91182736
4340.98869749
4341.06588458
4341.14412370
4341.22112500
4341.29898329
4341.37606798
4341.45469768
4341.53262716
4341.62014957
4341.69702019
4341.77317352
4341.85140606
4341.93064309
4342.00654043
4342.09602793
4342.17227318
4342.35965132
4342.43632275
4342.51434635
4342.59147345
4342.66911988
4342.74672046
4342.82298960
4342.90172561
4342.97929986
4343.05673051
4343.13403292
4343.21170592
4343.28957103
4343.36701753
4343.45568803
4343.53284635
4343.62087953
4343.69881389
4343.77487458
4343.85415964
4343.93266378
4344.00670037
4344.09668183
4344.17309043
4344.25126080
4344.32966132
4344.40664361
4344.48463331
4344.56064231
4344.65150636
4344.72661107
4344.80666243
4344.88415379
4344.95986997
4345.03809788
4345.11365095
4345.19191226
4345.27069191
4345.34640980
4345.42597402
4345.50191768
4345.58005928
4345.65785613
4345.73466190
4345.81275790
4345.90107415
4345.97932546
4346.05578990
4346.13368744
4346.21233592
4346.28837491
4346.36647067
4346.45559319
4346.53263716
4346.62229875
4346.70022994
4346.77720466
4346.89698327
4346.96421880
4347.04054158
4347.12929595
4347.20717350
4347.28457319
4347.36297664
4347.43116131
