4362.81523330
4362.91714313
4362.97900729
4363.05568896
4363.13654684
4363.21105690
4363.29121187
4363.36984548
4363.44588861
4363.52363621
4363.60026448
4363.68855294
4363.76612256
4363.85556057
4363.92147099
4364.00062659
4364.07599583
4364.15620493
4364.23435653
4364.30735887
4364.38778228
4364.46246300
4364.54278060
4364.62162681
4364.69455479
4364.78529596
4364.85452999
4364.94879664
4365.01560452
4365.09579851
4365.17174997
4365.24936518
4365.32721275
4365.40497132
4365.48070603
4365.55958393
4365.71122037
4365.79089943
4365.86669241
4365.94446366
4366.02221736
4366.09907067
4366.17689898
4366.26665589
4366.35536881
4366.43111986
4366.50981759
4366.60194433
4366.66590696
4366.74291460
4366.82044814
4366.89937724
4366.97510195
4367.05377628
4367.12867570
4367.20734709
4367.28405290
4367.36056658
4367.44981418
4367.54156667
4367.60441485
4367.68180966
4367.75906184
4367.83696890
4367.91621714
4367.99199599
4368.07180621
4368.14672977
4368.22918850
4368.30217329
4368.37974462
4368.47130085
4368.53528298
4368.66772724
4368.73455511
4368.81164272
4368.88929841
4368.96615050
4369.04397076
4369.12077384
4369.20031271
4369.27528113
4369.36738154
4369.43224041
4369.50923562
4369.58788336
4369.66388919
4369.74143809
4369.83114795
4369.90706186
4369.98587662
4370.06267214
4370.17345736
4370.26410540
4370.32815214
4370.40663971
4370.48261457
4370.56035852
4370.63729960
4370.71649762
4370.80713883
4370.88470699
4370.96166051
4371.03985477
4371.14263134
4371.20642330
4371.28226870
4371.36021257
4371.43779902
4371.51570753
4371.59253256
4371.67036233
4371.74813529
4371.82581657
4371.90265208
4371.98048526
4372.07144318
4372.18098888
4372.24679397
4372.33413083
4372.41103729
4372.48893655
4372.56668195
4372.64353063
4372.72229662
4372.79825540
4372.87592864
4372.96691338
4373.03147407
4373.10839248
4373.18516240
4373.26385111
4373.34071978
4373.41992341
4373.49667700
4373.58329438
4373.66264138
4373.73931987
4373.81755973
4373.90782035
4373.97273505
4374.04946817
4374.12671230
4374.20424072
4374.28104112
4374.35882530
4374.43664946
4374.51323970
4374.59300384
4374.66994298
4374.74764645
4374.83753795
4374.90298708
4374.98097922
4375.05725446
4375.13609798
4375.21187122
4375.28870576
4375.36761999
4375.44501918
4375.52254711
4375.59908859
4375.67677597
4375.76839779
4375.83134373
4375.91973214
4375.99731737
4376.07624866
4376.15190414
4376.22994041
4376.30867422
4376.38504942
4376.47340151
4376.55032162
4376.64130685
4376.70704172
4376.78315434
4376.86170042
4376.93847693
4377.01634229
4377.10330418
4377.18280794
4377.25971196
4377.33760073
4377.41420828
4377.49121226
4377.58395267
4377.69074819
4377.75628851
4377.83425188
4377.91304567
4377.99054752
4378.06882565
4378.14560313
4378.22455710
4378.30029255
4378.38990342
4378.48160496
4378.54806468
4378.62322498
4378.70006585
4378.77698719
4378.85390925
4378.93151203
4379.00950661
4379.08701065
4379.16394539
4379.24194290
4379.33050003
4379.42021622
4379.48607227
4379.56380695
4379.65154586
4379.74131277
4379.81825190
4379.93230319
4380.01061692
4380.08445163
4380.16224409
4380.24025842
4380.33076968
4380.39434953
4380.46936403
4380.54927836
4380.62498235
4380.70380125
4380.78151911
4380.87032834
4380.94708656
4381.02290295
4381.10178232
4381.17965719
4381.27041128
4381.33514459
4381.41382501
4381.49064028
4381.56841080
4381.65519812
4381.73299156
4381.81088496
4381.88864085
4381.96453892
4382.05337716
4382.14389305
4382.20874510
4382.28796165
4382.36438464
4382.44322255
4382.51903382
4382.59781981
4382.67447393
4382.75255408
4382.83132861
4382.90721888
4382.98389103
4383.07557575
4383.13937576
4383.22924409
4383.30695000
4383.38374943
4383.46065687
4383.54129873
4383.61623838
4383.69385798
4383.77167897
4383.85052615
4383.92724488
4384.01616626
4384.08084691
4384.16078416
4384.23603198
4384.31432645
4384.39222424
4384.47999874
4384.55770855
4384.63551735
4384.71136227
4384.78814731
4384.86684236
4384.95712200
4385.02142913
4385.10058741
4385.17643915
4385.25522367
4385.33157230
4385.40959638
4385.48689611
4385.56473904
4385.65575352
4385.73024164
4385.80818551
4385.89792389
4385.96184312
4386.04066031
4386.11743609
4386.19737042
4386.27281061
4386.34971122
4386.42861911
4386.50527810
4386.58207071
4386.65982757
4386.73771366
4386.82655653
4386.90277228
4386.98162117
4387.05758823
4387.13618624
4387.21299299
4387.29097440
4387.36863228
4387.44550168
4387.53409953
4387.61218334
4387.70275117
4387.76761955
4387.84437436
4387.92122889
4387.99757117
4388.08738538
4388.17600785
4388.25296259
4388.33213745
4388.40896930
4388.48690001
4388.57761192
4388.64231817
4388.76217163
4388.82891978
4388.90573383
4388.98338342
4389.06321950
4389.13907758
4389.21795402
4389.29475710
4389.37249617
4389.47517766
4389.53764403
4389.61570712
4389.69331673
4389.76962927
4389.84891092
4389.92669314
4390.00341747
4390.08047558
4390.15794256
4390.23681242
4390.31266952
4390.40442153
4390.48020159
4390.55548379
4390.63429733
4390.72311070
4390.79994110
4390.87773039
4390.98851805
4391.06547254
4391.14302753
4391.22089606
4391.31271195
4391.37547723
4391.45438219
4391.53113871
4391.60902723
4391.68668633
4391.76361669
4391.84026958
4391.92913196
4392.00701854
4392.08366705
4392.16158312
4392.25421674
4392.31644272
4392.39437342
4392.47323937
4392.55105792
4392.62777592
4392.70483818
4392.78231442
4392.86015662
4392.94808326
4393.02487781
4393.10344900
4393.20530007
4393.26808681
4393.34637859
4393.42356738
4393.50301507
4393.57798812
4393.65663489
4393.73350185
4393.81189604
4393.89167189
4393.96954896
4394.04922753
4394.14010109
4394.20291952
4394.32453426
4394.39267577
4394.47917101
4394.55696567
4394.63468767
4394.71067911
4394.78846816
4394.86641983
4394.95140199
4395.03798524
4395.10056108
4395.17861588
4395.27665109
4395.35022127
4395.42431003
4395.50106532
4395.57746832
4395.66525013
4395.74095730
4395.81785986
4395.90754997
4395.97128756
4396.04710834
4396.12397237
4396.20070085
4396.27767680
4396.35531176
4396.43126200
4396.50787394
4396.58588291
4396.66151815
4396.73742377
4396.82976189
4396.89103823
4396.96770722
4397.04585101
4397.12334798
4397.20016472
4397.27505171
4397.35443551
4397.43055252
4397.52638028
4397.60320726
4397.67998889
4397.76974532
4397.83357093
4397.91075484
4397.98835323
4398.06490958
4398.14002892
4398.21855110
4398.29331399
4398.37107062
4398.44793953
4398.52274314
4398.60357127
4398.69044807
4398.75610736
4398.83286705
4398.90966233
4398.98387494
4399.06257340
4399.13836346
4399.21428420
4399.31210608
4399.38791759
4399.46672308
4399.55646976
4399.62028683
4399.69714868
4399.77294849
4399.84888897
4399.92998091
4400.00324778
4400.08111046
4400.15592407
4400.23372847
4400.30969091
4400.38659542
4400.47727271
4400.55023214
4400.62711008
4400.70476430
4400.77959790
4400.85747569
4400.96864174
4401.03404577
4401.10926434
4401.18630245
4401.26388305
4401.35361022
4401.41751823
4401.49244252
4401.57014551
4401.64704587
4401.73380467
4401.81070210
4401.88823613
4401.96313360
4402.03991377
4402.11866806
4402.19543848
4402.28523781
4402.34980460
4402.42436171
4402.51217547
4402.58815862
4402.66556148
4402.74597928
4402.81814219
4402.89596683
4402.97307663
4403.04909368
4403.12592163
4403.21543474
4403.27926668
4403.35713643
4403.43292746
4403.50884650
4403.58545722
4403.66319287
4403.73821639
4403.81598228
4403.89263713
4403.96962429
4404.04623379
4404.13717343
4404.21014164
4404.28786461
4404.36410767
4404.44133498
4404.51714991
4404.59587129
4404.67066246
4404.74753088
4404.82436956
4404.90028762
4404.97900778
4405.07068128
4405.13241329
4405.20825918
4405.28606701
4405.36143211
4405.44866511
4405.52440202
4405.60251558
4405.67913873
4405.75697337
4405.83171139
4405.90847815
4405.99947557
4406.06231813
4406.13995383
4406.21680665
4406.29084884
4406.36958094
4406.44627358
4406.52300109
4406.63168613
4406.70859601
4406.78619123
4406.87602909
4406.93794274
4407.01664193
4407.12349719
4407.24504927
4407.33329798
4407.40813743
4407.48676981
4407.56160292
4407.64039598
4407.73024408
4407.79523680
4407.86881331
4408.00058587
4408.07637057
4408.15418034
4408.23089322
4408.30863936
4408.38442137
4408.46408190
4408.53942286
4408.62991437
4408.69172270
4408.76862599
4408.84435046
4408.92125985
4408.99807561
4409.07591099
4409.15171055
4409.22839100
4409.30523749
4409.38198791
4409.45985693
4409.54784159
4409.61156504
4409.68925657
4409.76929744
4409.84266306
4409.91976359
4410.00084748
4410.07448178
4410.14935999
4410.22624451
4410.30437684
4410.39089597
4410.47962303
4410.54430587
4410.62016322
4410.69833359
4410.77361896
4410.88332240
4410.95978610
4411.03554154
4411.11203304
4411.18974431
4411.26564652
4411.35734733
4411.41811947
4411.49491207
4411.57375267
4411.64971485
4411.72727765
4411.80321204
4411.88014337
4411.95578032
4412.03358448
4412.10960494
4412.18819588
4412.27601670
4412.34071880
4412.41833524
4412.49353186
4412.56848297
4412.64656411
4412.72434535
4412.79977384
4412.88812227
4412.97679838
4413.05269596
4413.12946174
4413.21919062
4413.28202928
4413.38975933
4413.45772287
4413.53337663
4413.61022263
4413.68798413
4413.76472065
4413.84267647
4413.91734500
4413.99365828
4414.09455996
4414.16014392
4414.23404982
4414.31279923
4414.38783738
4414.46533142
4414.54221155
4414.62013518
4414.69575384
4414.77263958
4414.84931052
4414.92643324
4415.01591050
4415.07888058
4415.15555786
4415.24347743
4415.32007401
4415.39595355
4415.50651495
4415.57158788
4415.64829564
4415.72497438
4415.80174333
4415.89159095
4415.95626355
4416.03118540
4416.10982632
4416.18465333
4416.26156076
4416.33750150
4416.41511378
4416.49094651
4416.56874239
4416.64647609
4416.72238757
4416.81116559
4416.88696588
4416.96284566
4417.04159313
4417.11545392
4417.19324956
4417.26903352
4417.34686621
4417.42250316
4417.49948520
4417.57728132
4417.66503071
4417.75412544
4417.81747171
4417.89585176
4417.97341650
4418.04834469
4418.12585702
4418.20164293
4418.27828462
4418.35500651
4418.43174596
4418.50846128
4418.58508931
4418.67586754
4418.75989006
4418.83740751
4418.91327388
4418.99211521
4419.07014051
4419.17749704
4419.25252300
4419.33117148
4419.40694691
4419.49113424
4419.57463623
4419.63750245
4419.71406587
4419.79086066
4419.86862143
4419.94550692
4420.03231814
4420.10889058
4420.20366948
4420.28045988
4420.35642280
4420.44618362
4420.52679866
4420.60162787
4420.70769269
4420.77235749
4420.84758923
4420.92430649
4420.99910985
4421.07260737
4421.14928197
4421.22310692
4421.29859271
4421.38925854
4421.45002849
4421.52481430
4421.59984343
4421.67546477
4421.75025009
4421.82607135
4421.90394744
4421.97666136
4422.04965883
4422.12736084
4422.20132622
4422.29004207
4422.35272275
4422.42750953
4422.50212077
4422.57798690
4422.65302529
4422.72976109
4422.80253766
4422.87894432
4422.95970589
4423.02771550
4423.10536339
4423.19215948
4423.25600557
4423.32883700
4423.40359843
4423.48031228
4423.55531849
4423.64126759
4423.71766205
4423.82346674
4423.92210416
4423.99825359
4424.08519671
4424.14721081
4424.22119400
4424.29587984
4424.37224992
4424.44690992
4424.52170061
4424.59680459
4424.67254759
4424.74911711
4424.82200681
4424.89898154
4424.98706519
4425.04953936
4425.12523994
4425.19902247
4425.27412572
4425.35022395
4425.42406768
4425.49938182
4425.57400769
4425.65150734
4425.72695338
4425.80193497
4425.89194496
4425.95288947
4426.02761506
4426.10259055
4426.17758457
4426.25203684
4426.32581035
4426.41450841
4426.49765492
4426.56197375
4426.63885925
4426.71319913
4426.80153805
4426.86533440
4426.93905500
4427.01497867
4427.08926076
4427.16418335
4427.24002119
4427.31430061
4427.38973544
4427.46349481
4427.54016160
4427.61630689
4427.70390780
4427.76606965
4427.84476445
4427.91643901
4427.99329451
4428.06588336
4428.14168122
4428.21644142
4428.29206277
4428.36720210
4428.46319395
4428.54053926
4428.62817894
4428.69116365
4428.76390146
4428.83993532
4428.91538795
4428.99102611
4429.06495908
4429.14058651
4429.21536476
4429.29012351
4429.36525308
4429.44069498
4429.53047506
4429.59038216
4429.66550175
4429.74109700
4429.81709600
4429.89129911
4429.96892383
4430.04230700
4430.11893259
4430.19228578
4430.26997511
4430.34590146
4430.43281897
4430.49638248
4430.57017038
4430.64510296
4430.72098761
4430.79487742
4430.88248199
4430.95818403
4431.03258852
4431.10835298
4431.18311124
4431.25698178
4431.34741649
4431.44056040
4431.51511337
4431.59515692
4431.66612736
4431.74175553
4431.81655011
4431.89141613
4431.97168570
4432.04193007
4432.11693653
4432.19150559
4432.28028824
4432.34310887
4432.41801146
4432.49378957
4432.56974054
4432.64339580
4432.71785393
4432.79369153
4432.86884476
4432.94330411
4433.01911538
4433.09314635
4433.18284743
4433.25577151
4433.33026743
4433.40516393
4433.48093326
4433.55569274
4433.63162469
4433.70723482
4433.78212522
4433.85724700
4433.93208693
4434.00887368
4434.09621908
4434.15716213
4434.23339129
4434.30832801
4434.38464372
4434.45807834
4434.56601318
4434.66361247
4434.73936205
4434.81394257
4434.88974068
4434.98064593
4435.04137541
4435.11516428
4435.18960875
4435.26650473
4435.34037625
4435.41626042
4435.49283262
4435.56640840
4435.64039963
4435.71524395
4435.79184322
4435.88272287
4435.94244127
4436.01837615
4436.09552861
4436.16811819
4436.24467600
4436.32098951
4436.39349741
4436.46906731
4436.54489589
4436.61889541
4436.69546273
4436.78537910
4436.84504605
4436.91896244
4436.99539030
4437.07066397
4437.14709476
4437.22282459
4437.29720080
4437.37448175
4437.44736902
4437.52332413
4437.59805533
4437.68870239
4437.74767302
4437.82528434
4437.89913830
4437.97393143
4438.05879070
4438.13460733
4438.21025915
4438.28520977
4438.35990440
4438.43566739
4438.51144136
4438.60127264
4438.66018305
4438.73689690
4438.81154495
4438.88697905
4438.96053167
4439.07001763
4439.13315911
4439.21076823
4439.28580589
4439.35980468
4439.43550550
4439.52329390
4439.58399851
4439.65975102
4439.73484524
4439.81321139
4439.88523216
4439.96019985
4440.04255471
4440.11228611
4440.18721796
4440.26289099
4440.33875321
4440.43898929
4440.50832401
4440.58526022
4440.65993241
4440.73364570
4440.81161785
4440.88630784
4440.96110535
4441.03594943
4441.10165578
4441.17763455
4441.25145195
4441.34205049
4441.40397073
4441.47722419
4441.56289072
4441.63975573
4441.71356216
4441.78938172
4441.86415728
4441.93864443
4442.02593765
4442.10222118
4442.17707915
4442.26578232
4442.35852688
4442.42537060
4442.50063671
4442.57395868
4442.65179089
4442.73752519
4442.80925339
4442.88603209
4442.95898519
4443.03572196
4443.11104805
4443.19982509
4443.26177727
4443.33643971
4443.41418926
4443.48658086
4443.56343295
4443.63884852
4443.71594174
4443.78878121
4443.86452617
4443.93939097
4444.01420555
4444.10402707
4444.18379024
4444.25776368
4444.33380437
4444.41013520
4444.51694340
4444.58174205
4444.65760623
4444.73138876
4444.80841030
4444.88440589
4444.97300690
4445.03594017
4445.14253991
4445.21762292
4445.29413661
4445.37092775
4445.44489557
4445.52064004
4445.59639450
4445.67046009
4445.74801948
4445.82085335
4445.91054297
4445.97344015
4446.04930823
4446.12421862
4446.19892860
4446.27471964
4446.34871867
4446.42600718
4446.51170297
4446.58564324
4446.66199260
4446.73921089
4446.82598309
4446.88776460
4446.96467423
4447.03839216
4447.11620900
4447.20130355
4447.27676983
4447.35268252
4447.42641361
4447.50129499
4447.57900188
4447.65377696
4447.75270281
4447.81426440
4447.89021586
4447.96703260
4448.04096312
4448.11771647
4448.19673091
4448.26722592
4448.34392782
4448.41789662
4448.49470946
4448.56900034
4448.65680263
4448.72047049
4448.79532042
4448.87105099
4448.94732647
4449.02320723
4449.09913821
4449.17290465
4449.24870958
4449.32445624
4449.39917012
4449.47419901
4449.56574085
4449.62466272
4449.70059589
4449.77625600
4449.85193123
4449.92782856
4450.00380147
4450.07953326
4450.16615771
4450.24098595
4450.31579028
4450.39115538
4450.48253290
4450.54282692
4450.61672015
4450.69345350
4450.76726188
4450.84409958
4450.92092827
4450.99565922
4451.07142368
4451.14658788
4451.22305280
4451.29692408
4451.38671537
4451.44952454
4451.52430888
4451.59822916
4451.67294988
4451.75085912
4451.82551010
4451.90143450
4451.97764415
4452.05404349
4452.12759416
4452.20149202
4452.29144690
4452.35405127
4452.42975185
4452.50454643
4452.58036307
4452.65721004
4452.73095234
4452.80910662
4452.88176763
4452.95591685
4453.03269921
4453.10849463
4453.20024932
4453.26002891
4453.33602986
4453.41012740
4453.48475010
4453.56072326
4453.64773878
4453.72251459
4453.79726163
4453.87391526
4453.94881030
4454.03462384
4454.12455020
4454.18611667
4454.25991383
4454.36981256
4454.43461536
4454.50929535
4454.59707326
4454.67197513
4454.74672412
4454.82356061
4454.89827717
4454.97466334
4455.06544499
4455.12537745
4455.20126186
4455.27712701
4455.38374675
4455.46068881
4455.53323888
4455.60803737
4455.68389447
4455.76063051
4455.83641301
4455.91025064
4455.99804806
4456.07085511
4456.14665054
4456.22249960
4456.29929171
4456.37357771
4456.44838473
4456.52568079
4456.60106028
4456.67683571
4456.75170782
4456.82644536
4456.91712655
4456.98811844
4457.06578022
4457.14058773
4457.21541791
4457.29120797
4457.36614982
4457.44322524
4457.51651600
4457.59450449
4457.66699459
4457.74374014
4457.83185305
4457.89241258
4457.97022918
4458.04559379
4458.12146187
4458.19620257
4458.30311001
4458.36990521
4458.44463909
4458.51937369
4458.59524884
4458.66895092
4458.75971574
4458.82062319
4458.89545508
4458.97228303
4459.04914731
4459.12285817
4459.19963224
4459.27448753
4459.34834833
4459.42461479
4459.49801161
4459.60727351
4459.68602098
4459.74727025
4459.82413014
4459.89693232
4459.97191732
4460.04778515
4460.12449120
4460.19934186
4460.27599720
4460.35192867
4460.42667522
4460.50239579
4460.59017419
4460.65299628
4460.72882437
4460.81469911
4460.88862452
4460.96519940
4461.03995863
4461.11542759
4461.19132663
4461.26569504
4461.34218337
4461.41693870
4461.50486095
4461.57961847
4461.65435235
4461.72918326
4461.80415071
4461.87989688
4461.95652247
4462.03146505
4462.10818061
4462.18298421
4462.25703640
4462.33258167
4462.42240929
4462.48537791
4462.56801657
4462.63569631
4462.71052893
4462.78743929
4462.86081710
4462.93650110
4463.01129056
4463.08605370
4463.16391272
4463.23879629
4463.32762210
4463.38944457
4463.46419722
4463.54001532
4463.61579026
4463.69243560
4463.76648340
4463.84221786
4463.91809204
4463.99401619
4464.06958072
4464.14498971
4464.23222880
4464.29608976
4464.37122446
4464.44717202
4464.52181008
4464.59759867
4464.67246957
4464.74727293
4464.82301545
4464.89884110
4464.97472429
4465.05055970
4465.13931139
4465.19997065
4465.27504073
4465.35285758
4465.42639069
4465.50310674
4465.57788913
4465.65317402
4465.72999856
4465.80399442
4465.87882070
4465.95457541
4466.04421578
4466.10792144
4466.18190657
4466.25670018
4466.33470939
4466.40723484
4466.48358006
4466.55949202
4466.64515318
4466.72090155
4466.79465117
4466.87119703
4466.96062797
4467.02255284
4467.09664087
4467.17345224
4467.24742251
4467.32431068
4467.39789695
4467.47475514
4467.55052715
4467.62528760
4467.73305300
4467.79797136
4467.91268337
4467.98737653
4468.06659723
4468.14348760
4468.22031165
4468.29722616
4468.37595680
4468.45114465
4468.53074569
4468.60856473
4468.68650226
4468.76231084
4468.85489863
4468.92095363
4468.99642210
4469.08428779
4469.16199394
4469.23890772
4469.31583831
4469.39461601
4469.47124867
4469.54923301
4469.62486216
4469.70380101
4469.79437859
4469.85850969
4469.93718108
4470.01434184
4470.09591700
4470.16901053
4470.26077399
4470.33562929
4470.41652154
4470.49114302
4470.56694600
4470.64376786
4470.73566956
4470.79935815
4470.87819875
4470.95321032
4471.04279047
4471.12053344
4471.19852949
4471.27516361
4471.35101121
4471.43014584
4471.51693243
4471.61015436
4471.67397046
4471.75065530
4471.82751202
4471.90440727
4471.98412582
4472.06190536
4472.13765349
4472.21544522
4472.29322842
4472.37305986
4472.44887747
4472.53998411
4472.60353714
4472.69132919
4472.77009202
4472.84676466
4472.92310549
4473.00101937
4473.07900029
4473.15566538
4473.23333838
4473.31219068
4473.41488485
4473.50874702
4473.58746596
4473.66525574
4473.74203079
4473.81994784
4473.89966713
4473.98540509
4474.06228327
4474.14100952
4474.21985597
4474.31236062
4474.37388271
4474.45223545
4474.57352836
4474.64025164
4474.71698768
4474.79577220
4474.87368096
4474.94739181
4475.02662885
4475.10507960
4475.19576420
4475.32350197
4475.41221416
4475.48916231
4475.57701849
4475.65484265
4475.73344017
4475.80884135
4475.88755688
4475.96630385
4476.05538907
4476.11953285
4476.20056944
4476.27933470
4476.35294633
4476.42955680
4476.51837481
4476.59615679
4476.67422622
4476.74971663
4476.82940179
4476.90713647
4476.99591400
4477.06101497
4477.13966686
4477.21540962
4477.29563457
4477.37288163
4477.44964693
4477.52895832
4477.60463233
4477.68143151
4477.76920309
4477.84789960
4477.93766187
4478.00237958
4478.07837249
4478.16036456
4478.24612081
4478.32168291
4478.40132418
4478.47731855
4478.55579489
4478.63260359
4478.71048553
4478.78823850
4478.87805953
4478.94370737
4479.03401115
4479.14222394
4479.21909724
4479.29820383
4479.37412092
4479.45142088
4479.53020029
4479.60509873
4479.68733950
4479.77600975
4479.83903762
4479.91781214
4479.99451649
4480.07357432
4480.19241231
4480.29294633
4480.35858320
4480.43633250
4480.51421957
4480.59118356
4480.68303261
4480.75799030
4480.83481947
4480.91337165
4480.98795436
4481.06758734
4481.18890902
4481.25577054
4481.33244538
4481.40941182
4481.49822568
4481.58810011
4481.65256328
4481.73235741
4481.80903323
4481.88677937
4481.96272010
4482.04144319
4482.11922029
4482.19597169
4482.27474548
4482.35165584
4482.42936956
4482.51830142
4482.58279994
4482.66038029
4482.74994654
4482.82997596
4482.90425757
4482.98196470
4483.05993075
4483.14866221
4483.23670661
4483.31315617
4483.40736358
4483.46968268
4483.54559489
4483.62346342
4483.70213360
4483.77869214
4483.85749398
4483.94416402
4484.02306582
4484.09840873
4484.17823164
4484.25509592
4484.34639883
4484.40909657
4484.48692390
4484.56566307
4484.64248591
4484.72128896
4484.79798331
4484.87482199
4484.95371233
4485.02957138
4485.11374384
4485.19776758
4485.28854996
4485.35134255
4485.42890851
4485.51696949
4485.59636695
4485.67110326
4485.79168547
4485.85651581
4485.93533935
4486.01121084
4486.09051248
4486.18227790
4486.24613837
4486.32500091
4486.41266496
4486.48950267
4486.56628845
4486.64557960
4486.76673891
4486.83077102
4486.90934879
4486.98616236
4487.07694328
4487.14275446
4487.21873030
4487.29832964
4487.37613478
4487.45493222
4487.52851410
4487.60842941
4487.68870312
4487.76194927
4487.83985389
4487.91758540
4488.01843149
4488.08427169
4488.15909651
4488.23784934
4488.31702688
