4679.58124395
4679.66697947
4679.74000132
4679.82611109
4679.90111950
4679.97276065
4680.06251245
4680.14531641
4680.22001225
4680.29197768
4680.36821878
4680.44046215
4680.53270640
4680.61092553
4680.68530662
4680.75816682
4680.83337807
4680.90683122
4680.99651499
4681.05635066
4681.16592220
4681.23683802
4681.31179254
4681.39836384
4681.46972950
4681.54195384
4681.62857196
4681.70344090
4681.78763165
4681.87506092
4681.93679099
4682.01055182
4682.08449137
4682.17013668
4682.24307344
4682.31675991
4682.39265432
4682.46834515
4682.54120632
4682.61496643
4682.68937189
4682.77851880
4682.83647152
4682.91225085
4682.99632189
4683.07081415
4683.18944954
4683.26355049
4683.33561393
4683.42113563
4683.49714560
4683.56989633
4683.65750407
4683.71888403
4683.79316954
4683.87895261
4683.95232554
4684.02701114
4684.11081570
4684.20759139
4684.28137904
4684.35514061
4684.42996421
4684.50473392
4684.59201861
4684.67484086
4684.74969615
4684.82340530
4684.89632353
4684.97019554
4685.04394808
4685.11961355
4685.20347540
4685.27923572
4685.35205350
4685.46090360
4685.52080046
4685.59659564
4685.68152660
4685.75622805
4685.83094681
4685.90587671
4685.98107187
4686.05187871
4686.12584288
4686.20251870
4686.27634438
4686.36424737
4686.43494157
4686.50767743
4686.58138682
4686.69919789
4686.76311980
4686.83679335
4686.91271482
4686.98742115
4687.06133071
4687.13405169
4687.20752654
4687.29731076
4687.35799318
4687.43109231
4687.50563285
4687.57843112
4687.66425808
4687.73917700
4687.81294271
4687.89775054
4687.97371566
4688.06066145
4688.13306231
4688.23001745
4688.29190039
4688.36468842
4688.43902879
4688.51277402
4688.58681694
4688.66143574
4688.73725627
4688.80959936
4688.88216333
4688.95794412
4689.04303063
4689.13185912
4689.19235014
4689.26525886
4689.34087899
4689.42766777
4689.49976241
4689.57525185
4689.65900204
4689.73485573
4689.80784003
4689.89159582
4689.96628289
4690.05631043
4690.11491218
4690.18977771
4690.27538524
4690.34839733
4690.45593891
4690.53197619
4690.60413666
4690.68887842
4690.76372786
4690.83846686
4690.92619040
4690.98522638
4691.06095817
4691.13467853
4691.20869292
4691.28332391
4691.35633162
4691.44188965
4691.51525819
4691.58983311
4691.66389870
4691.73940545
4691.82812496
4691.89696889
4691.97197632
4692.04575300
4692.13083780
4692.20565701
4692.27876175
4692.35233510
4692.42911794
4692.50110190
4692.59007106
4692.65982977
4692.75141964
4692.81929662
4692.89499818
4692.96991759
4693.04367258
4693.11742073
4693.19149169
4693.26709450
4693.33952804
4693.41426704
4693.48898701
4693.56286000
4693.65060573
4693.71036216
4693.79530604
4693.87094006
4693.94474453
4694.01950352
4694.09237933
4694.16717513
4694.24106104
4694.31485869
4694.38893184
4694.46251908
4694.55331023
4694.61211605
4694.68761500
4694.75971037
4694.83357751
4694.91937130
4694.99212057
4695.11092175
4695.18568098
4695.26049946
4695.33231762
4695.43101112
4695.49384345
4695.57636118
4695.64535164
4695.71725928
4695.79221039
4695.87592401
4695.96140012
4696.03625834
4696.10942671
4696.19397147
4696.26753921
4696.35396910
4696.41584009
4696.49099893
4696.56523812
4696.63656939
4696.71237529
4696.78732909
4696.87194553
4696.94585679
4697.02070038
4697.09534917
4697.17119798
4697.25996430
4697.33098521
4697.40395951
4697.47832207
4697.54924740
4697.62406271
4697.70787433
4697.78251702
4697.85608159
4697.93090616
4698.00071948
4698.08649402
4698.19727265
4698.25559353
4698.32785738
4698.41458935
4698.48693438
4698.57016696
4698.64521023
4698.72877634
4698.80357385
4698.87637164
4698.98120206
4699.08010353
4699.13977853
4699.21410963
4699.28712246
4699.39438293
4699.47935387
4699.55100551
4699.63391236
4699.70859479
4699.78141818
4699.87620683
4699.96486806
4700.03389631
4700.10762228
4700.18135898
4700.25522514
4700.33999176
4700.41264643
4700.48650552
4700.57043223
4700.65719468
4700.72890264
4700.80284730
4700.90248166
4700.97034938
4701.04534998
4701.12801034
4701.21186390
4701.28754620
4701.36027523
4701.43405971
4701.50404857
4701.59165485
4701.67471018
4701.74939895
4701.84701701
4701.90625217
4701.97928304
4702.06416109
4702.18027598
4702.24539182
4702.31690766
4702.40085070
4702.47563212
4702.56037680
4702.63228395
4702.71991071
4702.78014525
4702.86384692
4702.93737028
4703.01122620
4703.08409030
4703.15585531
4703.23055579
4703.30540840
4703.37886934
4703.45248950
4703.53727490
4703.63522112
4703.69522478
4703.76671891
4703.84159054
4703.91460995
4703.98719368
4704.06091404
4704.13683087
4704.20963622
4704.28246546
4704.36723428
4704.44191208
4704.51726304
4704.60552418
4704.68348268
4704.76763661
4704.84240438
4704.91475502
4704.98776370
4705.07436402
4705.14639454
4705.21997934
4705.30385704
4705.37684256
4705.45142844
4705.53911273
4705.60054316
4705.67187248
4705.75494756
4705.82769268
4705.90035467
4705.98620771
4706.05953871
4706.13292993
4706.21697805
4706.29185918
4706.36381071
4706.45436293
4706.51330845
4706.59802997
4706.66995834
4706.74465271
4706.81666373
4706.89124839
4706.97612790
4707.04887352
4707.13291457
4707.20748216
4707.28037918
4707.36924887
4707.43700932
4707.51240855
4707.58522584
4707.65822160
4707.73195342
4707.81559024
4707.89149830
4707.96241851
4708.04605142
4708.12111981
4708.19368159
4708.29453109
4708.35322159
4708.43718364
4708.51082038
4708.58472457
4708.65657443
4708.72952362
4708.80420532
4708.87614514
4708.98431526
4709.04533024
4709.11894064
4709.20975886
4709.31294893
4709.37235159
4709.44753725
4709.53096877
4709.60381679
4709.67681474
4709.75066749
4709.82445636
4709.89710981
4709.98423554
4710.05474200
4710.14431484
4710.20216566
4710.27550300
4710.34935672
4710.42326408
4710.49693934
4710.58672307
4710.66653623
4710.73882738
4710.81192944
4710.88645413
4710.96025934
4711.04812527
4711.10584296
4711.18962241
4711.26392352
4711.33735838
4711.41258743
4711.48543276
4711.56961376
4711.65523226
4711.72470644
4711.79955246
4711.88526800
4711.97155112
4712.03038741
4712.10394320
4712.17772695
4712.25169649
4712.32382160
4712.40919653
4712.51546567
4712.58807256
4712.66091862
4712.73370032
4712.80947940
4712.89529538
4712.95419214
4713.03791405
4713.15556396
4713.22937867
4713.30432442
4713.37697519
4713.46035089
4713.53425508
4713.60964139
4713.69363636
4713.77847174
4713.84024325
4713.91506124
4713.99983348
4714.08277227
4714.15537866
4714.22941110
4714.32407833
4714.39779333
4714.47412050
4714.54541593
4714.61738136
4714.70423353
4714.76620423
4714.83715200
4714.95380619
4715.01860606
4715.09129218
4715.16304988
4715.23785251
4715.33378999
4715.40750815
4715.49144071
4715.57908477
4715.63787352
4715.72267648
4715.79580438
4715.86844760
4715.95349753
4716.02747901
4716.10042235
4716.17230098
4716.24805105
4716.33081259
4716.41677461
4716.50435797
4716.58413577
4716.65906201
4716.74372185
4716.81553879
4716.89956107
4716.98441718
4717.05890090
4717.13082341
4717.21752442
4717.30134166
4717.38880774
4717.44847299
4717.52080802
4717.60519918
4717.67842876
4717.75230125
4717.82504248
4717.90990151
4717.98368063
4718.05644111
4718.14031857
4718.21757831
4718.30283938
4718.36068971
4718.43447443
4718.51931884
4718.59216758
4718.66493928
4718.73882397
4718.82456364
4718.89734558
4718.97097231
4719.04386543
4719.12953659
4719.21658795
4719.27618737
4719.34909243
4719.42214988
4719.49678330
4719.56884625
4719.64156309
4719.71623333
4719.79093722
4719.86295750
4719.93763506
4720.02051704
4720.09518313
4720.18210455
4720.26270009
4720.33915135
4720.41316380
4720.48480057
4720.55861309
4720.63541032
4720.70629567
4720.77993996
4720.85301106
4720.93756289
4721.01054280
4721.09716165
4721.16712881
4721.25273268
4721.32586838
4721.39935469
4721.48408425
4721.55796260
4721.62990950
4721.70345724
4721.77702693
4721.86156827
4721.94311150
4722.02923419
4722.09010824
4722.16494476
4722.23827796
4722.31447737
4722.39790841
4722.47051481
4722.54535937
4722.62924146
4722.71491652
4722.78997637
4722.87361952
4722.97217234
4723.03203751
4723.10696839
4723.18065388
4723.26511063
4723.33994520
4723.41340493
4723.49718071
4723.58356916
4723.65573962
4723.72964528
4723.80377183
4723.90230807
4723.96327355
4724.03795891
4724.11069208
4724.18469161
4724.26929634
4724.35419853
4724.43081169
4724.50175896
4724.59158707
4724.66221739
4724.73603845
4724.83379377
4724.90469594
4724.97756784
4725.05164514
4725.14896039
4725.22291919
4725.29746777
4725.37040282
4725.44528372
4725.51983986
4725.59388400
4725.66949485
4725.75823094
4725.81602617
4725.88883151
4725.98466147
4726.03842702
4726.14315163
4726.20523400
4726.29048142
4726.36433319
4726.44760283
4726.52429693
4726.59607316
4726.71681750
4726.76676719
4726.84115291
4726.91530188
4726.98965810
4727.06399457
4727.13571715
4727.20942630
4727.29624141
4727.36822634
4727.44373528
4727.52750254
4727.62623407
4727.68720979
4727.76102134
4727.83691111
4727.90918325
4727.98375523
4728.05650328
4728.13235893
4728.20622874
4728.27999640
4728.36518896
4728.43886885
4728.53675120
4728.60840747
4728.69523745
4728.76597725
4728.84055801
4728.92633986
4729.00042252
4729.07498061
4729.15874908
4729.23161928
4729.30537109
4729.38023516
4729.46793604
4729.52877473
4729.60261724
4729.67640295
4729.75027471
4729.83401612
4729.90879120
4729.99463717
4730.06753882
4730.14121408
4730.21422593
4730.29007279
4730.38758723
4730.44762551
4730.55509199
4730.62728513
4730.70207192
4730.78689096
4730.86150049
4730.93366925
4731.01922217
4731.10600826
4731.18079651
4731.26847129
4731.34948033
4731.42662890
4731.49699249
4731.58080534
4731.65479608
4731.72952069
4731.80316108
4731.88796965
4731.96174950
4732.03515339
4732.13796020
4732.20630822
4732.28990188
4732.37501058
4732.46969902
4732.54544885
4732.61926722
4732.69317093
4732.76788237
4732.84372144
4732.91663674
4733.00336603
4733.06415792
4733.13706249
4733.21076920
4733.29664175
4733.37134978
4733.48717941
4733.57302587
4733.64757031
4733.72091691
4733.79350307
4733.89348607
4733.95366625
4734.06098742
4734.16740919
4734.24218597
4734.31500034
4734.38791589
4734.47270982
4734.54943123
4734.63127946
4734.70605235
4734.79393461
4734.86569791
4734.94935326
4735.02412151
4735.09726039
4735.17170657
4735.24658088
4735.31931966
4735.39398698
4735.47911006
4735.55166257
4735.62712812
4735.71455934
4735.77444645
4735.85168400
4735.92102677
4736.00680252
4736.08156029
4736.15439099
4736.22820571
4736.30209576
4736.37681281
4736.46062322
4736.53536149
4736.62416535
4736.68327959
4736.75692558
4736.84171562
4736.91593701
4736.99219347
4737.06409648
4737.13875160
4737.22348580
4737.29639696
4737.37130199
4737.44419608
4737.53188550
4737.60601351
4737.67634346
4737.75034517
4737.84596009
4737.92415582
4737.99466935
4738.07847440
4738.16460441
4738.23833574
4738.31209048
4738.42291129
4738.49360598
4738.56654030
4738.65214856
4738.72596010
4738.80003009
4738.87469643
4738.94841484
4739.03314782
4739.10613870
4739.18182709
4739.25564303
4739.34240621
4739.40332341
4739.48603131
4739.57393406
4739.67868719
4739.76432105
4739.84833967
4739.92206857
4739.99920762
4740.07070371
4740.14340982
4740.24515045
4740.31387735
4740.38777521
4740.46252932
4740.54735739
4740.63217205
4740.70493082
4740.78019572
4740.86601316
4740.95069372
4741.02252651
4741.11135451
4741.18152355
4741.26600273
4741.34014926
4741.41351683
4741.49724410
4741.57403743
4741.64785532
4741.72868589
4741.80551628
4741.88020774
4741.97610499
4742.04884865
4742.13459783
4742.20784056
4742.28186276
4742.35644474
4742.43040428
4742.52401728
4742.60981010
4742.69564803
4742.76747619
4742.87809708
4742.93889433
4743.01185791
4743.08379822
4743.16044307
4743.23329352
4743.31704566
4743.39086744
4743.46686815
4743.54262920
4743.62694087
4743.71267859
4743.80147100
4743.86234846
4743.93415346
4744.00890977
4744.08186042
4744.15458653
4744.24150989
4744.31426111
4744.38721567
4744.46180862
4744.54857180
4744.62133131
4744.71007276
4744.76889930
4744.84370510
4744.91860257
4745.00135460
4745.08643282
4745.16134078
4745.24501928
4745.31983581
4745.39269942
4745.46743866
4745.55151117
4745.64013900
4745.71071593
4745.79563177
4745.86937675
4745.94210676
4746.01705251
4746.10273464
4746.17852860
4746.25125348
4746.33615494
4746.41040973
4746.48473401
4746.57146915
4746.65307576
4746.72818730
4746.80157754
4746.87514333
4746.95922948
4747.03382683
4747.10766836
4747.19336878
4747.26711913
4747.34097870
4747.43787265
4747.51155132
4747.60229663
4747.67804476
4747.76240252
4747.83684845
4747.90957627
4747.99261599
4748.07822718
4748.16325224
4748.28469461
4748.34377471
4748.41933851
4748.49215288
4748.56702621
4748.65275247
4748.72555489
4748.83225826
4748.90604225
4748.98211927
4749.05473713
4749.12747348
4749.21720089
4749.27608521
4749.36096180
4749.43496376
4749.51198847
4749.58233792
4749.65612338
4749.73091601
4749.80579691
4749.88839071
4749.96537835
4750.03633343
4750.12599965
4750.19815939
4750.27137262
4750.34429232
4750.42799959
4750.51378900
4750.59749969
4750.67348162
4750.75868247
4750.83144466
4750.90423587
4750.99297390
4751.05213349
4751.12767096
4751.20142302
4751.27436026
4751.35007864
4751.42212769
4751.50680216
4751.59239627
4751.66688609
4751.75061556
4751.82442759
4751.91486254
4751.98467854
4752.05716547
4752.14242166
4752.21704778
4752.29086786
4752.36376951
4752.43876718
4752.51136163
4752.58618352
4752.67114349
4752.74568695
4752.83245306
4752.92614067
4753.00101668
4753.07382544
4753.14912130
4753.25441496
4753.32827600
4753.41221465
4753.49837830
4753.57226372
4753.64423134
4753.73297571
4753.82579585
4753.89970736
4753.97322438
4754.05816192
4754.13391126
4754.21758538
4754.30132362
4754.38726223
4754.46095553
4754.53492238
4754.62467759
4754.68464248
4754.76780484
4754.84015597
4754.91594676
4754.98938235
4755.06262265
4755.14895015
4755.22267294
4755.29769768
4755.39144210
4755.46808988
4755.55617719
4755.61478284
4755.70542771
4755.79060174
4755.86134860
4755.94509172
4756.01948645
4756.09042715
4756.20058748
4756.26048727
4756.33884635
4756.42157571
4756.48093326
4756.55533629
4756.64116227
4756.71380865
4756.79957758
4756.87439142
4756.94817566
4757.01322812
4757.08779840
4757.17359170
4757.25640737
4757.34516296
4757.40554378
4757.48033593
4757.55409725
4757.62787003
4757.70077266
4757.79691640
4757.87069625
4757.94353378
4758.02829992
4758.10414117
4758.17789494
4758.26370190
4758.32552412
4758.39829802
4758.47313697
4758.55786630
4758.63168223
4758.70548013
4758.78028690
4758.85419938
4758.92795071
4759.01082562
4759.08689338
4759.17266523
4759.23344785
4759.33972455
4759.42381241
4759.49763249
4759.57204771
4759.64596507
4759.72170929
4759.80573815
4759.91219161
4759.97504125
4760.06299056
4760.12370443
4760.20835963
4760.28123763
4760.35501261
4760.42889559
4760.50261254
4760.57711528
4760.65213344
4760.73573832
4760.81195041
4760.88479671
4760.97065219
4761.03165693
4761.10642640
4761.18102910
4761.25290554
4761.32857783
4761.41335226
4761.49795944
4761.58237912
4761.65740752
4761.72934954
4761.80292069
4761.89039165
4761.95099629
4762.02638260
4762.09875299
4762.17458181
4762.25984727
4762.34555622
4762.41888308
4762.49168428
4762.57646090
4762.66035493
4762.73518414
4762.82199291
4762.89369234
4762.96747463
4763.06021333
4763.13215364
4763.20889382
4763.28266904
4763.35904204
4763.44300532
4763.51875222
4763.59259985
4763.66793838
4763.75488588
4763.81551953
4763.89051940
4763.96666689
4764.08459523
4764.17055750
4764.24402478
4764.31836076
4764.39269821
4764.46748548
4764.54334599
4764.63199114
4764.70301424
4764.77676556
4764.85139875
4764.92628890
4765.00207409
4765.08689533
4765.16182644
4765.23745729
4765.31124348
4765.39709019
4765.47187185
4765.55963245
4765.63236490
4765.70723848
4765.78095421
4765.85583022
4765.93062505
4766.03651970
4766.10220094
4766.17590399
4766.24977307
4766.33589674
4766.40973803
4766.49971389
4766.56081103
4766.63570216
4766.72038370
4766.79458461
4766.86872505
4766.95497111
4767.03021845
4767.10498670
4767.18035448
4767.25329100
4767.32708645
4767.42779016
4767.51045808
4767.58428571
4767.66023961
4767.74491359
4767.82962439
4767.90474421
4767.98028168
4768.06602550
4768.13997796
4768.21818710
4768.30348401
4768.36425517
4768.44059795
4768.51290616
4768.58787434
4768.67362571
4768.74932605
4768.82416867
4768.89904054
4768.98465855
4769.05847984
4769.13250814
4769.23204790
4769.29384184
4769.36688929
4769.45588674
4769.52747157
4769.64708756
4769.72071235
4769.79728943
4769.86990362
4769.95672483
4770.02958625
4770.11833745
4770.18133533
4770.25394051
4770.32891307
4770.40272218
4770.47930194
4770.57412204
4770.64896368
4770.73325463
4770.79930183
4770.87915521
4770.96051850
4771.04876868
4771.12010483
4771.22765177
4771.30364078
4771.37684256
4771.46159894
4771.53641425
4771.61118080
4771.68597465
4771.76084994
4771.83658416
4771.93637237
4771.99617268
4772.06895145
4772.15571927
4772.22954227
4772.31534240
4772.40318688
4772.47745435
4772.56215466
4772.63786767
4772.71278733
4772.81150472
4772.87422978
4772.94903070
4773.02342836
4773.09767730
4773.17243702
4773.24823171
4773.33209039
4773.41782177
4773.49312933
4773.58006562
4773.65373624
4773.74158998
4773.80225655
4773.87515308
4773.95401343
4774.02770624
4774.11271936
4774.18746811
4774.26313285
4774.33710872
4774.41066622
4774.48465525
4774.56024685
4774.64913069
4774.70887541
4774.80591077
4774.88161744
4774.99823336
4775.07495599
4775.14878972
4775.22602849
4775.29646767
4775.37241864
4775.44756090
4775.53499723
4775.59642912
4775.67005050
4775.74594466
4775.81978059
4775.90463596
4775.99082009
4776.06517290
4776.15101838
4776.22767103
4776.30050661
4776.37526316
4776.46353918
4776.53640255
4776.61128734
4776.69594621
4776.78091788
4776.86639180
4776.94191781
4777.01481653
4777.10356627
4777.18722820
4777.27337308
4777.36172492
4777.42179977
4777.49647366
4777.57236003
4777.64630274
4777.72282667
4777.79605014
4777.87072965
4777.94524239
4778.01823376
4778.09291815
4778.17878630
4778.26907740
4778.32960744
4778.41549169
4778.48905577
4778.57582431
4778.67278799
4778.74737119
4778.82119882
4778.89596635
4778.96972206
4779.04381521
4779.11937950
4779.21064242
4779.26720007
4779.34299086
4779.42759755
4779.51348960
4779.59948625
4779.67490425
4779.75937879
4779.83497405
4779.90883021
4779.99452039
4780.08431802
4780.17524741
4780.24095913
4780.31570349
4780.39984937
4780.48544056
4780.56124842
4780.63592427
4780.71182136
4780.79662505
4780.88139289
4780.97025405
4781.02989028
4781.11662421
4781.19049280
4781.26484292
4781.33958533
4781.41535199
4781.48937296
4781.57496001
4781.64977922
4781.72369024
4781.79866061
4781.88717751
4781.95996920
4782.04467756
4782.12049297
4782.20534957
4782.28119058
4782.35499042
4782.42794132
4782.50462055
4782.57816586
4782.65426190
4782.72760435
4782.81537861
4782.87649891
4782.95417629
4783.02809487
4783.10187594
4783.18549350
4783.26136718
4783.35730295
4783.43292161
4783.51767849
4783.60354591
4783.69240025
4783.76653167
4783.84913888
4783.92295798
4783.99850228
4784.08531008
4784.15793671
4784.23626775
4784.30857207
4784.38296729
4784.46631592
4784.54305220
4784.63383604
4784.69276694
4784.76753714
4784.84236805
4784.91712460
4784.99098369
4785.06571659
4785.15051052
4785.22730020
4785.30112442
4785.37512565
4785.46066296
4785.55004246
4785.61999889
4785.71038508
4785.79553766
4785.86732193
4785.94382757
4786.02827651
4786.10210854
4786.17693920
4786.25380641
4786.33744249
4786.42534158
4786.49911339
4786.57383995
4786.64661214
4786.72138429
4786.79630858
4786.88208848
4786.96579722
4787.04152852
4787.14826480
4787.22414068
4787.31290114
4787.37226138
4787.45905943
4787.53330227
4787.61813326
4787.69347325
4787.76669990
4787.84154178
4787.91631881
4787.99207522
4788.08795248
4788.18765755
4788.24943662
4788.33575582
4788.40892079
4788.48378778
4788.56252037
4788.63455309
4788.73704148
4788.81193383
4788.88740718
4788.96209449
4789.05915666
4789.12532722
4789.19583174
4789.26979567
4789.34664995
4789.44137204
4789.51614298
4789.59289949
4789.66576701
4789.74246940
4789.81527328
4789.88923648
4789.97988622
4790.04074589
4790.11458499
4790.18789624
4790.26465080
4790.34954445
4790.42236077
4790.49782876
4790.59546242
4790.66922642
4790.77685138
4790.86471341
4790.92557747
4791.00029915
4791.07716197
4791.15091183
4791.22567643
4791.30155060
4791.37634421
4791.46009391
4791.53500894
4791.60792546
4791.68453935
4791.77335345
4791.84384749
4791.93043025
4792.01532414
4792.09005558
4792.16585466
4792.24056537
4792.34534630
4792.42233225
4792.49600604
4792.57099762
4792.65889476
4792.71842664
4792.79516365
4792.87100662
4792.94378344
4793.04264078
4793.12556542
4793.20145544
4793.28631642
4793.35935826
4793.43567154
4793.50956305
4793.60126605
4793.66106661
4793.75604421
4793.83066082
4793.90460743
4793.99120409
4794.06502125
4794.14977910
4794.22652879
4794.31041990
4794.38424388
4794.47494945
4794.53680947
4794.60869029
4794.68442598
4794.75979034
4794.84408691
4794.91845385
4794.99321357
4795.09059025
4795.16534607
4795.24007897
4795.32509185
4795.41366873
4795.47546706
4795.57144599
4795.64702247
4795.73178129
4795.80681895
4795.88153576
4795.95525296
4796.03103814
4796.10577957
4796.17992465
4796.25635519
4796.34380884
4796.41518351
4796.49119227
4796.56485948
4796.64065661
4796.73553644
4796.81021571
4796.88702220
4796.96094883
4797.03470454
4797.12045518
4797.19526513
4797.28307132
4797.34489647
4797.42215500
4797.53625529
4797.60529598
4797.67555790
4797.74956157
4797.82617790
4797.91198413
4797.99547953
4798.07369281
4798.16041235
4798.21843725
4798.29391572
4798.36946465
4798.45519676
4798.53105996
4798.60733837
4798.68967007
4798.76438761
4798.83925534
4798.91408430
4798.98806529
4799.07870407
4799.14943411
4799.23420927
4799.30899702
4799.38395496
4799.45917597
4799.53277638
4799.60775601
4799.68160900
4799.75735688
4799.83209661
4799.90694630
4799.99557340
4800.05646013
4800.13381812
4800.21708410
4800.30380072
4800.37676820
4800.47338420
4800.54809272
4800.62191840
4800.70689593
4800.78890824
4800.87527962
4800.94526263
4801.01720903
4801.37820740
4801.40799065
4801.43258369
4801.48990374
4801.56465931
4801.64839633
4801.73616596
4801.80896058
4801.89472706
4801.96781206
4802.04204978
4802.12843701
4802.20422780
4802.27758586
4802.35327864
4802.42803202
4802.50184088
4802.58862601
4802.67756080
4802.76917115
4802.83392323
4802.90683463
4802.99360732
4803.06828439
4803.16324541
4803.24187853
4803.31862627
4803.39545886
4803.47424460
4803.56703987
4803.63181194
4803.70960830
4803.78748317
4803.90906061
4803.98700692
4804.06465773
4804.14341811
4804.22221410
4804.30901653
4804.39972064
4804.46489208
4804.54454090
4804.62331665
4804.69994639
4804.77858194
4804.85891197
4804.93577065
4805.03364836
4805.11234560
4805.18928229
4805.28105429
4805.34999892
4805.42454555
4805.50318451
4805.59000914
4805.66986642
4805.74664269
4805.82749154
4805.90354686
4805.98192983
4806.06080822
4806.15061561
4806.21632025
4806.29417464
4806.37213338
4806.44955647
4806.52927527
4806.60487614
4806.68452082
4806.77317157
4806.85110813
4806.92900860
4807.02063090
4807.08549586
4807.16423284
4807.24227375
4807.31980485
4807.39767240
4807.47643084
4807.55337094
4807.63198553
4807.70908021
4807.78761654
4807.86638838
4807.95618991
4808.04547335
4808.12320511
4808.20006963
4808.27682591
4808.35557044
4808.43432059
4808.55514075
4808.62178723
4808.71154293
4808.80148807
4808.86722270
4808.95692695
4809.03379976
4809.11223905
4809.20280103
4809.28960590
4809.36759780
4809.44634624
4809.52403630
4809.60282546
4809.69376241
4809.75927639
4809.84802516
4809.92734630
4810.00362008
4810.09341479
4810.16851608
4810.26103121
4810.33590186
4810.41426216
4810.49302279
4810.59709301
4810.66099420
4810.73985430
4810.81661960
4810.89534927
4810.97318659
4811.04997773
4811.12976967
4811.20654374
4811.28628912
4811.37402510
4811.46591656
4811.52911314
4811.60712479
4811.68678678
4811.78651086
4811.86419971
4811.94128073
4812.02100709
4812.09801376
4812.21004241
4812.30075188
4812.36467111
4812.45350887
4812.53324108
4812.61032966
4812.68888427
4812.76567444
4812.84441093
4812.92329883
4813.00006924
4813.09928522
4813.19256104
4813.25644662
4813.33528234
4813.41108971
4813.49140926
4813.57937296
4813.65706716
4813.73587168
4813.81372241
4813.89041383
4813.97018237
4814.06009459
4814.12497321
4814.20370629
4814.28241158
4814.36088792
4814.43904927
4814.51483226
4814.59464102
4814.67590362
4814.75028690
4814.82821492
4814.93379920
4814.99606809
4815.08428096
4815.16179402
4815.25095384
4815.34046305
4815.41814263
4815.52034210
4815.59670146
4815.67370861
4815.76734136
4815.83100118
4815.90978082
4815.98912708
4816.06634245
4816.14171559
4816.21981038
4816.29952504
4816.37587707
4816.45367636
4816.53499089
4816.61022360
4816.69894677
4816.77686674
4816.85561835
4816.93151764
4817.01214706
4817.08793615
4817.16672043
4817.24452167
4817.32238386
4817.40008953
4817.47754505
4817.57080794
4817.63671689
4817.72393185
4817.80377768
4817.88047446
4817.95782319
4818.04605240
4818.12393922
4818.20263694
4818.28146877
4818.41408588
4818.47987659
4818.56975151
4818.64745645
4818.72630777
4818.80400857
4818.88143434
4818.96018766
4819.08043901
4819.14714108
4819.22698179
4819.31876207
4819.39264408
4819.48224081
4819.57104931
4819.64807499
4819.73756103
4819.81637018
4819.89412461
4819.97549985
4820.04921095
4820.15214258
4820.21672887
4820.29376967
4820.37523951
4820.45071506
4820.56340369
4820.66114561
4820.73891978
4820.81775575
4820.89588833
4820.98721586
4821.05222394
4821.12899509
4821.20876119
4821.28749354
4821.36533403
4821.44347538
4821.53143738
4821.60822973
4821.68799998
4821.76400142
4821.86687308
4821.93177120
4822.00911676
4822.09062512
4822.17742975
4822.25615722
4822.33309781
4822.41476148
4822.48857936
4822.56824258
4822.64617279
4822.74779200
4822.81131017
4822.89105627
4822.96977862
4823.04671434
4823.13527830
4823.22472167
4823.31218434
4823.39102592
4823.49209704
4823.58240863
4823.64709829
4823.72559390
4823.80349510
4823.89229482
4823.97201167
4824.04877843
4824.12667793
4824.20439871
4824.28227480
4824.38188990
4824.47467565
4824.54048172
4824.61649755
4824.69511092
4824.77386204
4824.84959968
4824.92916780
4825.01646932
4825.09435443
4825.17270668
4825.30779602
4825.37160627
4825.45141869
4825.53017200
4825.61899147
4825.70676402
4825.78562315
4825.86444961
4825.94210310
4826.02250725
4826.10031434
4826.18869057
4826.25338267
4826.33473134
4826.40900588
4826.48853328
4826.56612119
4826.64338215
4826.72104320
4826.84481419
4826.90962430
4826.98829862
4827.08024006
4827.14505310
4827.23390012
4827.31251446
4827.39146063
4827.47151418
4827.54481519
4827.62462712
4827.71399443
4827.79182664
4827.87064407
4827.96065723
4828.03503758
4828.13625646
4828.21384973
4828.29177873
4828.37846755
4828.45526990
4828.53504965
4828.61191564
4828.68955962
4828.76736598
4828.86017929
4828.95607459
4829.03581972
4829.11246165
4829.19118839
4829.26804682
4829.34690083
4829.48002556
4829.55990479
4829.63632558
4829.72564120
4829.79133926
4829.89202127
4829.97118175
4830.04777296
4830.12659576
4830.20441821
4830.28226846
4830.39297444
4830.47093221
4830.59549679
4830.67347918
4830.76096404
4830.84001334
4830.91811300
4831.01668996
4831.09353279
4831.17022470
4831.24913015
4831.32954722
4831.40560425
4831.49644441
4831.56014226
4831.63894531
4831.72883339
4831.80563575
4831.88330558
4831.97193877
4832.04976732
4832.12941176
4832.21719431
4832.29496093
4832.38873582
4832.45264091
4832.52933550
4832.60762972
4832.68659661
4832.76325999
4832.84121264
4832.91990451
4832.99861589
4833.08643038
4833.16517663
4833.27888244
4833.34266343
4833.42056780
4833.49875304
4833.57553516
4833.65433016
4833.74314549
4833.82193147
4833.90091153
