165.24449686
165.33298233
165.42446940
165.49923797
165.57968847
165.64250228
165.73876673
165.80593553
165.88190602
165.90954888
166.01739689
166.06255739
166.13438837
166.22809495
166.33671779
166.40036531
166.45263108
166.59179214
166.66071154
166.73611927
166.81863823
166.95801945
167.03354194
167.15919304
167.21691800
167.30209084
167.39164895
167.47697197
167.52816467
167.58584185
167.67233009
167.73321324
167.79465020
167.85876279
167.93040262
168.00370389
168.06012880
168.15949000
168.22646167
168.30185830
168.35972108
168.43790128
168.50220586
168.56861733
168.65841181
168.72323650
168.79469500
168.85575436
168.93411078
169.01023487
169.08149710
169.14406942
169.21009433
169.28275347
169.34889357
169.40831965
169.49112235
169.56420176
169.61828939
169.69643930
169.74946752
169.83370638
169.89392137
169.96264153
170.03869223
170.11753334
170.20168089
170.25781397
170.33551971
170.40244574
170.47124525
170.53437949
170.60471500
170.66360221
170.73930006
170.82037519
170.94104538
171.00617173
171.08359289
171.13827103
171.20294809
171.27629672
171.36514358
171.42145799
171.49146667
171.57694201
171.68883568
171.76429673
171.83509987
171.90539059
171.98135340
172.04320594
172.15763229
172.25541696
172.33089678
172.39887838
172.62160928
172.70741614
172.78443368
172.83810958
172.92438236
172.99855531
173.05651195
173.13731444
173.19697434
173.24738795
173.32893583
173.39885833
173.47359405
173.54374396
173.62448075
173.67330460
173.81497018
173.89089929
173.95908142
174.03105661
174.09084494
174.15746632
174.22733037
174.30229137
174.36892257
174.48058370
174.55168892
174.62353568
174.68837573
174.75260138
174.82248463
174.90529971
174.95871748
175.03110483
175.10438647
175.17965553
175.23427820
175.31854394
175.38912521
175.45256281
175.50527402
175.59600845
175.64815518
175.72931436
175.79666236
175.86464822
175.93343323
176.01829332
176.06618106
176.13780340
176.33239652
176.38537268
176.44211632
176.50197973
176.55980198
176.61828129
176.70392559
176.77537129
176.83952654
176.91125682
176.97906562
177.06597669
177.13276917
177.19429061
177.25811221
177.32518031
177.39407710
177.47292376
177.54237351
177.61450913
177.86212364
177.99402241
178.05712422
178.14408649
178.20303343
178.26772884
178.34896226
178.39449524
178.46597592
178.54876156
178.62181878
178.69374874
178.75057771
178.82431076
178.88909492
179.04601468
179.14266100
179.18745925
179.24815723
179.32606948
179.38911327
179.46391342
179.53979303
179.60979959
179.67294364
179.74574955
179.82261135
179.90121438
179.96473603
180.02282537
180.09121102
180.16454258
180.24188481
180.31074832
180.37773493
180.44564442
180.52015060
180.59465848
180.66011122
180.73137986
180.79871292
180.87473248
180.94265861
181.01625812
181.08004772
181.15617949
181.21988931
181.29297255
181.37423840
181.42744796
181.48794582
181.57086543
181.64284318
181.70703257
181.77729384
181.84198584
181.91591474
181.99619456
182.06834384
182.14621598
182.21097454
182.28485053
182.34491491
182.41871751
182.51129258
182.57220261
182.63188469
182.70929561
182.90783411
183.04597073
183.18953285
183.25342442
183.33300153
183.40769843
183.49460096
183.55351334
183.61259852
183.69101637
183.75217216
183.82215013
183.89564980
183.94950703
184.02407977
184.08686201
184.15727475
184.21886189
184.28181907
184.35969249
184.43210203
184.49786326
184.57032698
184.64184649
184.70912409
184.79076669
184.83980515
184.91474311
184.98567596
185.05417595
185.11698806
185.20560964
185.26092394
185.31587557
185.37433056
185.44984708
185.51397460
185.58309369
185.65513757
185.72208408
185.79559015
185.88449546
185.94330714
186.00941354
186.08647331
186.15551773
186.22908780
186.29559484
186.36405942
186.42811099
186.49179265
186.57512399
186.64131743
186.71527875
186.78184040
186.87179659
186.91768924
186.98955521
187.09245219
187.16554567
187.24434240
187.29697767
187.46585646
187.54376956
187.61401505
187.67910043
187.76244458
187.82019642
188.01263615
188.09682466
188.15545203
188.22351213
188.28539282
188.35114893
188.42350215
188.48983340
188.56865701
188.63370741
188.70053786
188.78428178
188.90154291
188.97355266
189.04427431
189.12663968
189.19586629
189.27032980
189.35465740
189.41042824
189.47859415
189.55490470
189.62325792
189.70656750
189.76937022
189.84026808
189.90889394
189.99123499
190.06118693
190.12635893
190.18314096
190.26795710
190.33432505
190.40025353
190.51955497
190.58752718
190.65891826
190.72967575
190.79183847
190.86173366
190.91855196
190.98459863
191.06198139
191.11286732
191.19826884
191.29546385
191.35746785
191.44135728
191.50525056
191.56422181
191.62427253
191.69894895
191.75580394
191.83094201
191.88149599
191.97525975
192.03737085
192.08698019
192.16252103
192.23631639
192.34482488
192.44313093
192.65216542
192.73777473
