109.65660744
109.70705817
109.79082983
109.81414160
109.90131678
109.97350488
110.04999377
110.10977868
110.17930097
110.28650258
110.36105399
110.45725700
110.54700881
110.61402870
110.68282395
110.75488490
110.81731514
110.88869556
110.94682543
111.02399401
111.09122552
111.16733042
111.22425282
111.27989565
111.34091918
111.42868273
111.47641517
111.54882428
111.61788406
111.68577904
111.75932991
111.84319587
111.90027913
111.97270402
112.05228198
112.13915593
112.19755034
112.26682943
112.33516131
112.41314141
112.47199064
112.54052946
112.61343265
112.68662085
112.75312448
112.83480035
112.88571999
113.10055245
113.18491462
113.26579220
113.33126756
113.40081928
113.47671042
113.54774311
113.61420236
113.66939932
113.74041537
113.81478032
113.89473588
113.96407214
114.02068393
114.09574605
114.17117383
114.23477356
114.30801083
114.38578826
114.45107930
114.53068755
114.61406668
114.67302129
114.73963713
114.79747431
114.86424417
114.91613447
114.99242198
115.11416865
115.20662766
115.26627817
115.33051577
115.40232542
115.47994455
115.54327634
115.62705610
115.68497776
115.75597973
115.83560633
115.89912798
115.96997592
116.04106023
116.11156598
116.18854043
116.25069120
116.31399440
116.38984841
116.46429059
116.51924521
116.58775886
116.64954057
116.72382104
116.78655506
116.87569589
116.92721884
117.00118827
117.05946022
117.14181151
117.20725998
117.27104318
117.34390328
117.41012872
117.48107991
117.55171153
117.67116231
117.75569429
117.81685904
117.88476127
117.94319877
118.15813704
118.24461376
118.31811941
118.38519519
118.44584751
118.52196521
118.57643727
118.63888244
118.70275311
118.77394025
118.84066872
118.89866035
118.96554200
119.03414952
119.10763767
119.17791771
119.24776896
119.30664934
119.37783520
119.45425113
119.54221906
119.61403425
119.68882587
119.74258710
119.82662031
119.89097225
119.95188399
120.01464788
120.08864760
120.15731101
120.23732716
120.30497979
120.40865714
120.49072043
120.54334247
120.61390326
120.68001777
120.74155073
120.82735887
120.89615924
121.07295951
121.15068275
121.20320793
121.26010516
121.32799076
121.39054047
121.46834605
121.54542673
121.60250530
121.66689180
121.73567639
121.80607462
121.88937567
121.95267161
122.02197886
122.10027085
122.16473117
122.23975361
122.29768295
122.35665122
122.42434524
122.49597782
122.56456528
122.63873268
122.73006914
122.78130408
122.83911864
122.90960221
123.01755561
123.09079459
123.15248072
123.22878658
123.29837244
123.35389708
123.42730716
123.50912895
123.57756879
123.91177266
123.98377687
124.04570108
124.11661003
124.18500208
124.25079787
124.33154873
124.47475415
124.55389222
124.61097633
124.66982556
124.73454444
124.82860985
124.88597514
124.94780335
125.03907026
125.10804044
125.22223725
125.28843239
125.35224802
125.42926769
125.49787776
125.56567589
125.64744222
125.71956973
125.78065725
125.91207304
125.98563244
126.04749991
126.11629686
126.19017285
126.25725205
126.33071374
126.39814665
126.49080193
126.55393915
126.62808437
126.70317167
126.76497257
126.83902179
126.90782728
126.97168258
127.04228988
127.27654376
127.33324004
127.39184905
127.45485103
127.53536680
127.59857656
127.66796146
127.73918444
127.81672208
127.87372384
127.89260980
127.95645700
128.02752296
128.12348576
128.19287578
128.24945472
128.32407439
128.38508255
128.51634516
128.69716421
128.77420691
128.84503352
128.89891123
129.06370768
129.14250911
129.21596184
129.28615954
129.36032737
129.42974043
129.50579456
129.55962619
129.64050036
129.70488516
129.77184702
129.84725645
129.91607943
129.99314689
130.07339727
130.15357555
130.17401798
130.25135253
130.32717327
130.40395486
130.46693080
130.53762599
130.60713634
130.67664625
130.73885078
130.79468135
130.87341280
130.94530693
131.01309951
131.10006263
131.22325016
131.44608090
131.54927654
131.59979341
131.70164633
131.75127317
131.83135716
131.92561841
132.05079590
132.11349878
132.18099697
132.26215231
132.32516239
132.40168627
132.45028015
132.57547898
132.64401140
132.71342616
132.76648852
132.83530638
132.90008969
132.96843949
133.05887824
133.11177718
133.17880945
133.26194196
133.33136185
133.39967198
133.47325229
133.56187301
133.61246668
133.68779504
133.75709887
133.82346340
133.89744435
134.06347941
134.19022832
134.36867979
134.44877018
134.51624361
134.58272718
134.65215646
134.71533251
134.79124626
134.87998858
134.93711067
135.02879870
135.13188767
135.20184601
135.30069692
135.36967520
135.45645444
135.52761299
135.59853005
135.66957212
135.72907671
135.80219366
135.88179893
135.93600261
135.99800320
136.05627345
136.13158090
136.20155631
136.27516606
136.34862989
136.42124167
136.47879042
136.54480764
136.60922359
136.67417798
136.74727702
136.81092496
136.90907144
136.98050604
137.05957499
137.11697611
137.18898075
137.25554837
137.33502051
137.38654175
137.46288089
137.53375144
137.60588492
137.67572593
137.73359681
137.81212859
137.88084405
137.94831748
138.02880851
138.17130012
138.30286438
138.36423094
138.43400752
138.50229418
138.63194357
138.79446887
138.84994871
138.92542044
138.99791659
139.06002512
139.20987161
139.27950739
139.36719926
139.42722225
139.50465066
139.56655738
139.63753332
139.69773807
139.78401810
139.84203149
139.92185223
139.98950486
140.04847825
140.12746442
140.18884848
140.26014527
140.33266788
140.40619827
140.47956439
