165.29686204
165.37687648
165.45466372
165.53087101
165.61023521
165.70130884
165.77016169
165.83968739
165.90511325
165.96829315
166.01169450
166.09325773
166.19487685
166.26957161
166.35418978
166.41565447
166.56043046
166.62499360
166.68966426
166.76269802
166.90493533
167.00421376
167.12307573
167.18559429
167.25998399
167.32478692
167.44228272
167.49882069
167.55689936
167.62739701
167.70193988
167.76532500
167.83150265
167.90373128
167.97661741
168.03452157
168.12442656
168.19877572
168.26044052
168.33326905
168.40282590
168.47360002
168.54417404
168.62753013
168.69562138
168.75567637
168.82494394
168.90062558
168.97555543
169.03947773
169.11388577
169.18461552
169.25442368
169.32114959
169.38517172
169.45809924
169.53262504
169.59252344
169.66826012
169.72234562
169.79619089
169.86379788
169.93598853
170.00877482
170.07653881
170.16426951
170.23237996
170.30384358
170.37299126
170.44593882
170.50848042
170.56619130
170.63660532
170.71002350
170.78621714
170.90930696
170.97947564
171.04687057
171.11265057
171.17981723
171.25168661
171.32490724
171.39556574
171.46516312
171.53837949
171.60856908
171.73568705
171.80568721
171.88096735
171.95160879
172.00987050
172.11300684
172.18187120
172.29817703
172.37261664
172.44236037
172.66457287
172.74816533
172.81128336
172.89011679
172.96109742
173.03183059
173.10690338
173.16999708
173.22320194
173.30282726
173.36959200
173.43785221
173.51151103
173.58342180
173.64634697
173.78029587
173.86234422
173.93378736
174.00359936
174.06524410
174.12536693
174.19685487
174.26990356
174.33999203
174.39918558
174.52396841
174.59658786
174.65535347
174.71796504
174.79124455
174.86269793
174.93259782
175.00366208
175.08061092
175.14767091
175.20800238
175.27878120
175.35671522
175.42117553
175.47986903
175.55718992
175.62084512
175.69397615
175.77097065
175.83667726
175.90853981
175.98061100
176.04168103
176.11221110
176.29158716
176.35727799
176.41766322
176.47754071
176.53235069
176.59451896
176.66349597
176.73732076
176.80734096
176.87896074
176.95256495
177.03460392
177.10381730
177.16444103
177.22638189
177.29673233
177.36747446
177.44004912
177.51102847
177.58319310
177.83202532
177.96246147
178.03387005
178.10789623
178.17733318
178.23659841
178.30516454
178.37052982
178.44029189
178.51600468
178.59430392
178.66532637
178.72542701
178.78650002
178.85769697
179.01634260
179.10177826
179.16233970
179.22082200
179.29211879
179.36185142
179.43542064
179.50407466
179.57733028
179.64925641
179.70713753
179.79119250
179.86162017
179.93715461
179.99651328
180.06721360
180.13989577
180.20730009
180.27955901
180.35179831
180.42108807
180.49319766
180.56532816
180.63564148
180.69813786
180.76822718
180.83901667
180.91216221
180.98375852
181.05182545
181.12490101
181.19238085
181.26646719
181.33725369
181.40198238
181.46110510
181.53550845
181.60838988
181.67105009
181.74615702
181.81762874
181.88917684
181.95942019
182.03865298
182.11278497
182.18367174
182.26065514
182.31536528
182.38727690
182.47822850
182.53913426
182.60061261
182.67071047
182.74313238
183.01991252
183.15804061
183.22809026
183.30450193
183.37464843
183.45583748
183.52455465
183.58494414
183.65632669
183.71963501
183.79129703
183.86235489
183.92263729
183.99507200
184.05168849
184.12405451
184.18927301
184.25579370
184.32832953
184.39841118
184.46966488
184.54109735
184.61268940
184.68384070
184.75694271
184.81511141
184.88668511
184.95916761
185.02842835
185.09093710
185.16850375
185.22928578
185.28755815
185.34322403
185.41299890
185.48451500
185.55806544
185.62893856
185.69981636
185.77092414
185.84236088
185.91503325
185.98268204
186.05544358
186.12788042
186.19899716
186.26902078
186.33211577
186.39161652
186.46212270
186.54528977
186.61621793
186.68559259
186.75733141
186.82985188
186.89272372
186.96283054
187.03450792
187.13923060
187.20655044
187.26840254
187.43977648
187.51473919
187.58369785
187.64984734
187.72253293
187.79522705
187.86573537
188.05762043
188.12196811
188.19176048
188.25841429
188.32707001
188.39224543
188.46186030
188.53600125
188.60508023
188.67412380
188.74797974
188.81910629
188.94600282
189.01699284
189.08893091
189.17145415
189.23911745
189.31355920
189.38451978
189.45432196
189.52833747
189.59786914
189.66944199
189.74175595
189.81509776
189.88231861
189.95703129
190.02470739
190.09600205
190.16053405
190.23664577
190.30608913
190.36315830
190.48823553
190.56077179
190.62838858
190.69255706
190.76218047
190.83383566
190.89308169
190.95202137
191.02288937
191.08773625
191.15858930
191.23445143
191.33083278
191.40265224
191.47422680
191.53789650
191.59690701
191.66744135
191.72713282
191.79909137
191.85734412
191.94303024
192.00189227
192.06354939
192.13539018
192.20605593
192.31186960
192.41073117
192.48331223
192.70139716
192.75123520
