10.18065051
10.25939989
10.37193227
11.28679272
11.37631115
11.49008428
11.58897486
11.70023620
11.79378066
11.90335368
11.98903468
12.08905934
12.20825156
12.29873724
12.39679198
12.49147393
12.63000949
12.74743531
12.82906937
12.89149663
12.99489664
13.08774563
13.16267250
13.21974296
13.27287614
13.33122361
13.39762014
13.48551169
13.56678650
13.66114034
13.72041453
13.77705235
13.84587917
13.91266183
13.99146625
14.08363940
14.14583881
14.21276057
14.28881895
14.37630048
14.44650330
14.50504533
14.57216207
14.65226142
14.73025218
14.83404942
14.90577885
14.97115906
15.06865829
15.12605429
15.19574682
15.28169405
15.34493795
15.41277191
15.47577303
15.53688146
15.59190819
15.68114203
15.75505600
15.81237819
15.91318663
15.97577303
16.07305594
16.14626889
16.21336771
16.27211411
16.36741729
16.42801329
16.49243990
16.54774353
16.61467169
16.68893339
16.74088641
16.80461926
16.89973598
16.98534700
17.05270481
17.11325302
17.18598043
17.25262869
17.30767078
17.37998816
17.44435205
17.51586175
17.60218189
17.66459549
17.71694573
17.78478824
17.84341560
17.90572381
17.97131352
18.06910031
18.12880416
18.18683589
18.24513131
18.32904036
18.40360371
18.48505687
18.54720423
18.61831755
18.71206851
18.77468905
18.84326584
18.91257010
19.00973738
19.05866491
19.14585716
19.20990830
19.27168147
19.34181901
19.42177585
19.48922497
19.56065701
19.64214985
19.71087257
19.78287763
19.85279799
19.93622064
20.01145087
20.08303097
20.17184199
20.22436973
20.30877200
20.37420853
20.44124208
20.52060713
20.58777251
20.67162908
20.74322582
20.80871568
20.86019681
20.94358405
21.01007231
21.07079674
21.14456436
21.24270571
21.31350075
21.38275765
21.46846040
21.57604090
21.63817503
21.73014039
21.78355048
21.85194935
21.91182600
21.98034903
22.04050685
22.12157686
22.17349617
22.22926018
22.30885179
22.36452022
22.43794267
22.50290986
22.56173605
22.63298890
22.70129903
22.79517799
22.84617997
22.90137608
22.96962435
23.03420157
23.10230135
23.16557042
23.21966019
23.29280871
23.36082615
23.40640435
23.45949998
23.50928981
23.57078479
