109.60767308
109.67206471
109.73750892
109.80781030
109.86312502
109.93386416
110.01190570
110.07799033
110.14405577
110.24607638
110.32189626
110.37902645
110.50570112
110.58030329
110.64625908
110.71416174
110.77837971
110.84053262
110.91381554
110.98893100
111.05136806
111.13007818
111.19293552
111.24612246
111.31089253
111.38946057
111.45104730
111.52284798
111.58959864
111.65978056
111.73073431
111.79850385
111.86960395
111.93816069
112.01500287
112.10946465
112.16735644
112.23600535
112.30570001
112.37592203
112.44555695
112.51371732
112.58432035
112.65601821
112.72464450
112.80188390
112.85643831
113.07373647
113.14803486
113.21541784
113.30649659
113.37581963
113.44501893
113.51899689
113.57564666
113.64308212
113.71465795
113.78282600
113.85286370
113.92307463
113.99534678
114.06703738
114.13524810
114.20699630
114.27882856
114.35212642
114.42582449
114.50506282
114.57555236
114.64815433
114.71175193
114.76702740
114.82983140
114.88981727
114.95900334
115.02132094
115.17348636
115.23310657
115.30221286
115.37670197
115.44619397
115.51486591
115.58457038
115.65755336
115.72743533
115.79813137
115.87092022
115.94214661
116.01334570
116.07747748
116.14777758
116.22346306
116.28929170
116.35963404
116.43476059
116.49285035
116.55541286
116.61528822
116.68524443
116.75383274
116.82402660
116.89706974
116.96855341
117.03044392
117.10028151
117.17267143
117.24328555
117.31565242
117.37978250
117.44896687
117.52119124
117.59152888
117.71317998
117.77838995
117.85977527
117.91519239
117.96740013
118.21474456
118.28534034
118.35765644
118.41718066
118.49064363
118.54658343
118.61381708
118.66904178
118.73972417
118.80264636
118.87224118
118.94179034
119.00290389
119.07694628
119.14646473
119.20793028
119.27905939
119.34907917
119.40888968
119.47587287
119.58635726
119.65410163
119.71676142
119.78838631
119.86128695
119.92146140
119.98718294
120.05126652
120.12985077
120.20895428
120.27755326
120.34671757
120.45958446
120.51484927
120.58432718
120.64346484
120.71553902
120.78769383
120.85807244
121.04040146
121.11109921
121.17504326
121.23122626
121.30230246
121.36281782
121.43720197
121.49284694
121.56819194
121.63823647
121.70782745
121.77998696
121.85273442
121.92256391
121.99420288
122.06730832
122.13900233
122.20924099
122.26695103
122.32770105
122.38987060
122.46143321
122.53147560
122.60390476
122.69865626
122.75057685
122.80561169
122.88322954
122.94903727
123.05455953
123.12716448
123.20072602
123.27321662
123.32813753
123.39815262
123.47269336
123.54131666
123.65572424
123.95646638
124.01935230
124.08920995
124.15773981
124.21912899
124.29144850
124.36591329
124.51881470
124.58185934
124.64178335
124.70229145
124.79713767
124.85389538
124.91562802
124.99403137
125.08056740
125.18279110
125.25586581
125.32613135
125.39592798
125.47204269
125.54046930
125.61247777
125.68595227
125.75410410
125.82372324
125.95157295
126.01286442
126.08352974
126.15393907
126.22788247
126.29577063
126.36945376
126.45041754
126.52418814
126.59362424
126.66568050
126.73758273
126.80993808
126.88088287
126.94236080
127.01020884
127.23537004
127.30465510
127.36610870
127.42799110
127.49833515
127.57034703
127.64208457
127.71096345
127.78325138
127.84596024
127.92947846
128.00207658
128.09210061
128.15267827
128.21707800
128.28496616
128.35758903
128.42943451
128.67251655
128.74519787
128.82149733
128.87553888
129.02020478
129.08403918
129.18780144
129.25995156
129.33233764
129.40090974
129.47268909
129.53377874
129.60505250
129.67893617
129.74797248
129.81911738
129.88985780
129.96179203
130.03299453
130.12796405
130.22109080
130.29371111
130.36569867
130.44158810
130.50822314
130.57900537
130.63793183
130.71077443
130.77064681
130.84376248
130.91210760
130.98801964
131.05940987
131.13644276
131.41145352
131.51245012
131.57562788
131.66610930
131.72435864
131.79955857
131.88599391
132.01510100
132.08433998
132.15364766
132.23313687
132.29857724
132.36817121
132.42386140
132.54673745
132.60549623
132.67495324
132.73711297
132.80810043
132.87002166
132.94101680
133.01351935
133.08294478
133.15311390
133.22549954
133.29958545
133.37050507
133.44142298
133.52118910
133.58396964
133.65327944
133.72530327
133.79659879
133.86934880
133.93982085
134.16432839
134.28803005
134.41378226
134.48538497
134.55487825
134.62674464
134.68931227
134.76222399
134.84905400
134.90337800
134.97236440
135.10162935
135.17260572
135.26431337
135.33348964
135.40622899
135.50056619
135.57277263
135.64151796
135.70099738
135.77271187
135.83914552
135.90713565
135.96659672
136.02602792
136.09857613
136.17109276
136.24441920
136.31640250
136.38411274
136.45361241
136.51454804
136.58614009
136.64621556
136.71832600
136.77688510
136.84996023
136.95557806
137.01954302
137.08699257
137.15806664
137.22938178
137.29956710
137.35918945
137.43257350
137.50876373
137.57605498
137.64559390
137.70439449
137.77811475
137.84953186
137.92091441
137.99352022
138.06547578
138.26387391
138.33478030
138.40766045
138.47630167
138.56077349
138.76152383
138.82190437
138.89527817
138.96970029
139.02978899
139.09450787
139.25418986
139.32702863
139.39863219
139.47110616
139.53833853
139.61048396
139.67456412
139.74388630
139.81009254
139.88583135
139.95659182
140.02115625
140.08969422
140.16232733
140.23169388
140.30357009
140.37545568
140.44877956
140.49867136
