42.54804177
42.62052811
42.79210002
42.87116726
42.94741380
43.00692949
43.08809080
43.15980402
43.23828929
43.33845603
43.42139271
43.49251329
43.56159867
43.64033183
43.73403329
43.80811323
43.92119601
44.00332373
44.08772259
44.16334279
44.24368918
44.33697763
44.44221360
44.51729748
44.58825891
44.65314760
44.73438785
44.80094310
44.87908789
44.96911619
45.04531751
45.11206049
45.17318385
45.23603607
45.29256636
45.33680057
45.39314398
45.45650990
45.50470314
45.56015440
45.60687522
45.66601970
45.71553944
45.76611945
45.82429412
45.87836597
45.93542278
45.99118678
46.05711440
46.10838945
46.17087473
46.22556311
46.27349310
46.32737935
46.37408053
46.43094449
46.48771244
46.53289427
46.59156728
46.63974217
46.69960730
46.74689344
46.79529063
46.86005857
46.91087709
46.96109273
47.00917503
47.06089509
47.12397813
47.17142428
47.22846317
47.28270013
47.35605858
47.40921224
47.47985580
47.55511206
47.62544885
47.68807365
47.77875219
47.85020599
47.92117041
47.99114667
48.05952678
48.13033418
48.18775579
48.25795007
48.33003492
48.56309157
48.63297354
48.70183279
48.77455251
48.84520248
48.91270834
48.98636716
49.05209254
49.12072182
49.19138458
49.26866665
49.33364750
49.43835781
49.50439466
49.57532879
49.64558025
49.70486724
49.77517331
49.84253581
49.91312306
49.97527895
50.04521724
50.11509708
50.18656453
50.25356864
50.32410639
50.39495732
50.46293678
50.53223805
50.60325325
50.67307377
50.77587774
50.83535843
50.90016606
50.96382211
51.12388768
51.19394415
51.26136255
51.33104654
51.40241630
51.47298733
51.54111143
51.60449314
51.66359239
51.73403159
51.78930322
51.89532809
51.96122627
52.03178195
52.09141880
52.16117618
52.23293207
52.29759847
52.35886135
52.43104262
52.50166528
52.57495503
52.64880158
52.71582616
52.77066857
52.83038905
52.88977545
52.99293611
53.06286715
53.13067210
53.20091204
53.27036521
53.38524084
53.45274713
53.63865418
53.70242415
53.79481618
53.86529462
53.93422768
54.00357034
54.07461199
54.14454857
54.21663427
54.28401640
54.35459255
54.42581510
54.50237098
54.56724944
54.65588424
54.71854147
54.78716775
54.85764961
54.92694278
54.99807573
55.06844069
55.13570506
55.20624537
55.27741331
55.34655074
55.41628679
55.48462465
55.56026918
55.61615563
55.72798018
55.80810854
55.88682164
55.94183984
56.04169682
56.11283361
56.18406854
56.25867967
56.33103204
56.39422601
56.46143875
56.53850322
56.60333389
56.69377647
56.75620970
56.82253284
56.89393630
56.96300846
57.08474019
57.16356978
57.21806232
57.28328680
57.34629176
57.41685554
57.48699222
57.57949604
57.64644382
57.81520698
57.88808202
57.95533273
58.01426516
58.08358948
58.17648540
58.23862892
58.30510139
58.38152415
58.43531398
58.50912085
58.61987616
58.68804763
58.76511124
58.82063077
58.88495412
58.94015962
59.00771413
59.07585871
59.29847569
59.36829195
59.43572656
59.50810794
59.57841956
59.64743241
59.71831405
59.78808082
59.85862753
59.92850651
59.99745792
60.06864293
60.14509257
60.19789039
60.26808724
60.34012088
60.40604296
60.47897687
60.54773799
60.62055542
60.69004656
60.75962261
60.83248057
60.89114676
60.95834628
61.02332243
61.07642788
61.14621726
61.21647896
61.28915602
61.35576290
61.42638470
61.49601835
61.56568144
61.63666932
61.69720261
61.76552681
61.83758307
61.90628701
61.97647149
62.04750119
62.10552908
62.17412721
62.24588694
62.33759203
62.39455668
62.46697773
62.53624701
62.60676300
62.68281328
62.73733484
62.80297403
62.90058675
62.96491011
63.04182652
63.10692514
63.17871473
63.24695574
63.31852218
63.38573791
63.45821188
63.52630611
63.59726498
63.66582898
63.86684982
63.99431936
64.06807632
64.13198965
64.30417254
64.40118195
64.47183746
64.58526499
64.64446921
64.71462424
64.78465213
64.85462967
64.97794178
65.05949819
65.13109877
65.20065178
65.27107092
65.34186723
65.40040414
65.47187330
65.67982790
65.75007339
65.81921338
65.89904819
65.96218457
66.03410258
66.08851918
66.16259826
66.23145708
66.30623718
66.37154102
66.43697413
66.50599509
66.57573498
66.71323246
66.78113853
66.85405196
66.91331847
66.98065708
67.05827280
67.14601588
67.22670103
67.29352764
67.36375478
67.43757232
67.50360789
67.57797924
67.64344948
67.71558723
67.78481256
67.85505762
67.93112710
67.99559723
68.12059467
68.19478853
68.25008277
68.31967887
68.39515401
68.45013210
68.51844521
68.58846798
68.65877448
68.72722199
68.80099729
68.86909195
68.93971205
69.01586473
69.08324473
69.14180340
69.21093955
69.28090003
69.35530423
69.60526967
69.67504582
69.80321894
69.87012192
69.92291377
