275.16601586
275.22858007
275.28811581
275.35945271
275.43120433
275.51343914
275.59433507
275.67862726
275.74757910
275.81430544
275.89444148
275.97787351
276.02865790
276.09879245
276.16514162
276.25145280
276.32980239
276.41456903
276.49234049
276.57740452
276.61563510
276.68165403
276.76426089
276.84319373
276.92731185
277.00642645
277.10181581
277.16950002
277.23120407
277.30726886
277.37999157
277.46144387
277.52512041
277.58596601
277.67200071
277.74994283
277.81306469
277.88111157
277.93492870
278.00613759
278.07213050
278.16786674
278.25019115
278.31670160
278.40997341
278.47752663
278.55638779
278.63333621
278.69615642
278.78208573
278.85164215
279.00975786
279.09421347
279.17212231
279.24091585
279.39335902
279.45323865
279.51423743
279.58381646
279.64671347
279.71059481
279.83995619
279.89117705
279.99476310
280.05899216
280.13027530
280.19469850
280.26513556
280.33502478
280.43790213
280.50546048
280.57007823
280.66962674
280.74470806
280.80857318
280.87357365
280.93633840
281.01713791
281.07522724
281.13027104
281.19631813
281.27253779
281.35267554
281.40767923
281.47835991
281.55119740
281.62284107
281.68010481
281.76036116
281.83109134
281.89387486
281.97114029
282.03454632
282.10335437
282.18258160
282.24814229
282.33028196
282.39419700
282.47580333
282.54865063
282.61007308
282.69936836
282.74681238
282.81020006
282.87451957
282.94078000
283.02000169
283.07659684
283.14689097
283.21475992
283.28779965
283.34616290
283.41949490
283.50911317
283.71387288
283.80422715
283.86379830
283.92870705
284.11748470
284.22755095
284.29993788
284.36597643
284.43586907
284.49900117
284.60946039
284.66428274
284.74296641
284.82778895
284.89175305
284.97889239
285.05818363
285.14125129
285.22475159
285.28657554
285.36587318
285.43212294
285.51416959
285.64453364
285.71477912
285.77554878
285.84836877
285.94933423
286.00377002
286.07487524
286.15067678
286.21696067
286.28878994
286.36652214
286.42439345
286.49403990
286.56073467
286.62699082
286.68543771
286.75927445
286.83010276
286.89302708
286.97360685
287.04782844
287.10583756
287.16953714
287.24282902
287.31239440
287.37287819
287.44971610
287.52119550
287.59270179
287.64902515
287.72202008
287.80758288
287.86176908
287.91824092
288.00701269
288.07576954
288.13966111
288.32826340
288.43307142
288.50997460
288.65226824
288.70448452
288.78231827
288.86408502
288.93134897
288.98532268
289.06847525
289.13619103
289.24326507
289.28981693
289.36083255
289.47842007
289.53364690
289.61110988
289.67276188
289.84182499
289.95117444
290.01327402
290.08073380
290.14059295
290.23858625
290.33954616
290.41149362
290.49373398
290.55685030
290.61748385
290.69323333
290.93524912
291.01042090
291.08876750
291.17747185
291.24774080
291.30917819
291.38436831
291.60981409
291.71385070
291.78797458
291.85424567
291.92042887
291.99048875
292.05747280
292.13386271
292.25481962
292.33520739
292.40917810
292.47506775
292.57529807
292.63072586
292.69203568
292.76192276
292.84084408
292.91648220
292.97478615
293.04712657
293.10143437
293.18910960
293.24866027
293.31907685
293.40401502
293.46471854
293.52975528
293.59701752
293.66009458
293.74909077
293.81096208
293.87129611
293.98645462
294.07000869
294.14457673
294.22978199
294.30343867
294.46824365
294.55540774
294.63428554
294.71240515
294.78840978
294.86589963
295.04365308
295.13136159
295.20545049
295.27699688
295.34793357
295.41464071
295.51179007
295.58887203
295.66166386
295.72966935
295.79755452
295.90095966
295.95473028
296.02052649
296.08516302
296.15239710
296.23915756
296.30140902
296.36793654
296.43443291
296.50440320
296.57010895
296.64212255
296.70791577
296.89395465
296.96431619
297.04815100
297.11393782
297.18503280
297.27511571
297.32933561
297.40212147
297.47698093
297.55001084
297.63773471
297.70131439
297.76843326
297.84866872
297.91200818
297.98663340
298.05827792
298.13094005
298.19476762
298.26491881
298.33937592
298.41340210
298.47133186
298.54533457
298.77627283
298.86671798
298.93661829
298.99555798
299.07101263
299.17969777
299.23314540
299.30518545
299.38405514
299.44800516
299.50563925
299.57558650
299.63430474
299.71738520
299.78356626
299.85476663
299.93057201
299.99034198
300.14837833
300.22403096
300.29276391
300.35839031
300.41897863
300.52799955
300.60699852
300.66013896
300.72902210
300.80323643
300.88311861
300.94741636
301.02158419
301.10162765
301.18526022
301.28444178
301.38527711
301.47977815
301.54955345
301.61512609
301.67952497
301.75632447
301.81585338
301.88815839
301.95625518
302.02138580
302.08484174
302.17770396
302.24453227
302.32959716
302.45309529
302.53730642
302.61008844
302.68837531
302.76857662
302.83291577
302.89826227
302.97925591
303.04581116
303.12171424
303.19276314
303.27021844
303.32634383
303.40730291
303.47966935
303.57540516
303.63782431
303.70654276
303.79714236
303.87444619
303.92372871
304.00629333
304.06720506
304.13147167
304.18861339
304.25201770
304.32456719
304.40177886
304.46964269
304.66688967
304.72639554
304.80584251
304.88332469
304.96346115
305.08274638
305.32080101
305.46465539
305.54129746
305.60945399
305.67747569
305.73679766
305.80757819
305.87175307
305.93318491
306.01882409
306.10234743
306.15569992
306.22775831
306.29900604
306.36965344
306.49133313
306.54563452
306.61944224
306.68922053
306.77133289
306.84903138
306.90765619
307.02494035
307.10805751
307.17591750
307.24374123
307.31429008
307.39026953
307.43538608
307.51457364
307.58642937
307.65491741
307.77123433
307.96789805
308.05198673
308.12492747
308.18481520
308.25940842
308.31725797
308.39253769
308.44886447
308.52716670
308.58281166
308.65563464
308.75428757
308.82023269
308.87510624
308.96015790
309.02731006
309.09621538
309.15705757
309.22877036
309.34141155
309.42813958
309.50896511
309.58529059
309.66486898
309.73358700
309.80043452
309.91242845
309.97970946
310.08184100
310.17066311
310.22680471
310.30519782
310.37688075
310.44724826
310.51732009
310.58889080
310.65239539
310.70965102
310.86092769
310.95208196
311.01904766
311.09789218
311.22751341
311.33322254
311.44594949
311.50480341
311.57426852
311.65263731
311.71913112
311.79208167
311.87205814
311.93905285
311.99671510
312.07162874
312.15021001
312.21503982
312.29908881
312.36196278
312.44077658
312.51729748
312.57710799
312.65714632
312.73194647
312.78897725
312.86077409
312.92686428
312.99544363
313.06048763
313.12649248
313.19489263
313.28558696
313.36150198
313.43541851
313.50365568
313.58025124
313.63592607
313.79879057
313.89689651
313.94827951
314.00454784
314.07105999
314.13527284
314.21584152
314.31291109
314.37516512
314.45219076
314.53569661
314.59428472
314.65490120
314.73673964
314.80251366
314.87593269
314.98662017
315.05924902
315.12568693
315.18879941
315.26565567
315.32914447
315.41452125
315.46998445
315.53578578
315.61928779
315.68573723
315.75129664
315.83807843
315.99755819
316.08916302
316.18852763
316.25691583
316.32979812
316.40529416
316.46931373
