11.41044749
11.44492681
11.47872054
11.51088635
11.54333083
11.57834775
11.60932084
11.64296365
11.67619345
11.71098899
11.74380797
11.77659549
11.80941861
11.84257673
11.87810345
11.91039629
11.94200134
11.97605326
12.00833585
12.04408103
12.07628488
12.11082661
12.14434093
12.17608910
12.20869157
12.24333302
12.27821487
12.31193156
12.34309214
12.37850403
12.41012517
12.44334814
12.47561976
12.51098021
12.54397693
12.57543886
12.61284999
12.64375750
12.67626245
12.71148782
12.74498362
12.77782624
12.81003886
12.84319649
12.87685490
12.91160949
12.94426535
12.97652503
13.00872253
13.04355245
13.07956924
13.10845483
13.14303582
13.17724841
13.20916993
13.24316041
13.27829265
13.31041019
13.34339739
13.37537400
13.41050747
13.44247408
13.47650528
13.51151586
13.54325110
13.57513093
13.60910410
13.64511357
13.68144682
13.71828451
13.75954905
13.80183199
13.83897615
13.87621734
13.91192668
13.94938389
13.98645930
14.02039419
14.06470709
14.10856186
14.14581793
14.18347848
14.21960937
14.25424741
14.29037659
14.32508655
14.36219365
14.39800320
14.43611480
14.47264675
14.50935766
14.54645720
14.58195516
14.61806045
14.65558324
14.69055847
14.72655624
14.76396005
14.79892846
14.83780854
14.87261457
14.90978555
14.94498264
14.98133466
15.01667512
15.06557432
15.10116492
15.13884010
15.17354494
15.21100191
15.24772672
15.28164064
15.31825354
15.35841363
15.39657301
15.43125811
15.46780835
15.50512634
15.54173168
15.58155507
15.61650006
15.65298691
15.68909732
15.72659573
15.76087172
15.79899965
15.83581515
15.87134822
15.90738670
15.94560655
15.98155043
16.02202089
16.06497138
16.10917919
16.14681633
16.18323394
16.21982831
16.26418192
16.30099669
16.33816353
16.37360468
16.41153171
16.44711695
16.49298389
16.53039795
16.57697023
16.61272077
16.64754703
16.68467290
16.72081037
16.75755664
16.79531593
16.83215362
16.86707789
16.90584119
16.94398497
16.98652245
17.02209964
17.06029633
17.09534226
17.26338783
17.29129892
17.32241050
17.35682545
17.39072743
17.42209866
17.45790845
17.49373946
17.54702723
17.58350262
17.62206453
17.65731527
17.69533690
17.73166405
17.76874409
17.80509489
17.84201060
17.87879831
17.91247915
17.95010508
17.98357405
18.02351764
18.06040555
18.09502945
18.12999176
18.16683579
18.20433055
18.24041194
18.27860375
18.31318620
18.35141922
18.38693717
18.42353056
18.45993183
18.49569725
18.53293064
18.56909566
18.60475892
18.64672198
18.68156262
18.71799169
18.75326534
18.79077570
18.82708652
18.85764026
19.53603385
19.56889379
19.60165986
19.63568642
19.66839178
19.70036450
19.73518369
19.76724149
19.80207580
19.83529169
19.86889744
19.90180760
19.93466413
19.96869411
20.00058075
20.03462951
20.06794610
20.10151845
20.13533753
20.16825232
20.20262461
20.23545919
20.26766182
20.30147871
20.33457465
20.36858707
20.40118687
20.43405363
20.46793415
20.49991930
20.53479188
20.56864900
20.60161500
20.63551332
20.66842665
20.70069730
20.73526439
20.76799681
20.80187953
20.83606067
20.86774617
20.90070656
20.93449370
20.96966813
21.00001195
21.03526463
21.06917271
21.10141434
21.13492037
21.16790319
21.20053711
21.23469095
21.26780542
21.30165035
21.33473849
21.36836667
21.40139045
21.43516979
21.46913491
21.50150772
21.53522075
21.56914540
21.60145847
21.63570593
21.66769034
21.70124099
21.73426477
21.76800339
21.80194438
21.83402266
21.86920855
21.90086040
21.93408557
21.96967837
22.00273237
22.03393172
22.06745970
22.10223598
22.13540677
22.16898570
22.20037230
22.23481334
22.26891841
22.30159622
22.33374594
22.36846298
22.40147529
22.43548382
22.46867265
22.50215601
22.53602727
22.56999703
22.60183052
22.63308570
22.66862511
22.70166766
22.73405875
22.76900691
22.80149480
22.83567326
22.86825305
22.90198607
22.93375496
22.96879431
23.00171081
23.03477604
23.06863267
23.10185759
23.13494012
23.16848419
23.20152893
23.23447566
23.26835911
23.30123733
23.33424770
23.36807069
23.40119442
23.43422113
23.46906640
23.50198266
23.53499961
23.56794073
23.60138776
23.63523123
23.66736315
23.70111957
23.73500351
23.76893133
23.80084309
23.83487015
23.86769814
23.90168789
23.93443836
23.96780347
24.00183296
24.03463487
24.06811701
24.10061733
24.13400438
24.16987658
24.20023796
24.23406387
24.26861682
24.30086211
24.33482821
24.36834717
24.40039741
24.43429817
24.46901545
24.50110251
24.53497279
24.56919831
24.60175519
24.63408045
24.67013527
24.70186929
24.73543627
24.76930461
24.80172227
24.83510396
24.86904958
24.90209335
24.93424941
24.96838154
25.00157087
25.03464414
25.06882601
25.10052639
25.13538849
25.16855952
25.20227084
25.23511908
25.26808921
25.30034475
25.33423088
25.36868777
25.40068389
25.43488673
25.46772228
25.50243639
25.53564571
25.56957475
25.60051273
25.63434498
25.66821697
25.70020066
25.73504398
25.76801729
25.80088162
25.83479262
25.86895279
25.90072753
25.93549332
25.97038761
26.00272457
26.03473020
26.06854051
26.10075264
26.13537459
26.16822112
26.20181760
26.23548601
26.26922049
26.30117029
26.33585782
26.36778616
26.40169155
26.43436668
26.46868265
26.50195365
26.53531120
26.56825184
26.60108983
26.63501741
26.66900618
26.70194048
26.73473069
26.76866095
26.80157184
26.83482236
26.86751968
26.90186929
26.93452150
26.96823257
27.00124587
27.03505032
27.06791806
27.10131755
27.13501302
27.16859000
27.20155160
27.23445518
27.26839422
27.30072046
27.33517076
27.36722442
27.40200046
27.43396561
27.46898351
27.50181809
27.53575518
27.57031983
27.60223671
27.63430987
27.66882845
27.70077775
27.73514029
27.76882406
27.80263461
27.83568033
27.86828377
27.90213748
27.93408264
27.96822770
28.00010752
28.03590926
28.06903520
28.10167107
28.13470972
28.16781420
28.20078751
28.23530291
28.26951867
28.30117760
28.33451077
28.36886794
28.39994197
28.43473483
28.46879626
28.50061147
28.53456855
28.56840763
28.60062050
28.63421015
28.66807264
28.70199680
28.73491501
28.76818991
28.80172130
28.83474532
28.86913296
28.90104814
28.93488356
28.96913979
29.00172081
29.03516930
29.06854416
29.10154258
29.13406533
29.16875823
29.20199607
29.23485454
29.26855245
29.30179176
29.33437570
29.36828573
29.40118760
29.43476433
29.46800681
29.50188709
29.53516418
29.56912541
29.60164767
29.63372083
29.66844786
29.70103643
29.73528706
29.76923658
29.80206312
29.83414359
29.86888086
29.90233155
29.93615551
29.96780445
30.00021406
30.03456563
30.06946186
30.10139362
30.13538605
30.16813261
30.20061050
30.23501083
30.26784687
30.30082554
30.33498425
30.36821088
30.40034402
30.43520148
30.46950502
30.50161841
30.53519734
30.56996923
30.60051736
30.63446567
30.66886087
30.70203679
30.73382079
30.76986415
30.80180468
30.83437180
30.86739533
30.90058831
30.93511883
30.96941188
31.00028745
31.03494939
31.06784516
31.09980934
31.13376349
31.16903983
31.20164523
31.23454783
31.26842884
31.30217308
31.33542823
31.37006212
31.40099231
31.43315031
31.46890963
31.50168960
31.53557451
31.56843128
31.60135290
31.63440350
31.66818820
31.70107837
31.73501790
31.76952452
31.80050005
31.83442398
31.87038688
31.90239494
31.93408971
31.96829182
32.00015677
32.03513200
32.06958645
32.10011337
32.13453759
32.16757965
32.20270190
32.23458708
32.27007407
32.30114444
32.33459172
32.36896571
32.40090429
32.43473069
32.46887379
32.50089137
32.53480651
32.56974761
32.60356303
32.63483089
32.66991315
32.70234447
32.73501229
32.76897156
32.80216479
32.83574932
32.86910761
32.90150357
32.93510177
32.96984586
33.00303031
33.03360380
33.07013429
33.10217186
33.13515028
33.17095057
33.20127878
33.23481358
33.27028399
33.30166620
33.33489453
33.36858293
33.40335141
33.43533119
33.46992193
33.50200363
33.53544871
33.56902081
33.60279503
33.63533265
33.66820234
33.70209530
33.73556208
33.76994119
33.80166863
33.83568642
33.87057705
33.90299593
33.93621256
33.96938872
34.00175128
34.03520734
34.06902959
34.10188977
34.13472459
34.16858732
34.20217454
34.23543213
34.26923293
34.30207994
34.33497450
34.36971104
34.40202752
34.43627498
34.46897595
34.50207897
34.53497694
34.56927657
34.60277138
34.63459854
34.67001409
34.70240469
34.73500424
34.77039273
34.80108520
34.83396269
34.87069066
34.90215869
34.93607725
34.96866290
35.00154868
35.03522172
35.06720857
35.10009314
35.13496206
35.16890354
35.20101864
35.23463999
35.26769424
35.30150577
35.33338169
35.36831986
35.40027672
35.43433620
35.46881406
35.50110080
35.53384395
35.56774544
35.59975302
35.63362721
35.66848175
35.70050200
35.73542140
35.76743166
35.80040887
35.83521441
35.86910249
35.90205995
35.93389076
35.96785223
36.00005071
36.03394416
36.06847224
36.10044568
36.13429988
36.16733609
36.20115176
36.23431402
36.26891744
36.29996782
36.33395001
36.36787783
36.40073533
36.43551405
36.46843518
36.50131121
36.53425453
36.56817894
36.60123026
36.63396927
36.66787954
36.70115493
36.73570641
36.76888867
36.80016408
36.83345556
36.86815651
36.90103765
36.93401803
36.96774252
37.00165669
37.03368255
37.06749286
37.10148578
37.13460439
37.16719760
37.20110811
37.23501253
37.26949210
37.30050932
37.33481017
37.36825549
37.40257804
