8.21880564
8.30255632
8.37200221
8.46268316
8.56790076
8.63576555
8.71656589
8.80131520
8.88714484
8.97984746
9.06959462
9.18345452
9.26705379
9.35187332
9.43669017
9.50678021
9.59928023
9.68960717
9.76933572
9.85106351
9.93628533
10.01874723
10.10236844
10.19502741
10.29589813
10.37745086
10.45714309
10.53708863
10.61788287
10.69951923
10.77950232
10.86111942
10.94115152
11.02064942
11.10252521
11.20621606
11.28509933
11.36792353
11.44611681
11.52573297
11.60684831
11.69889532
11.79068463
11.87149521
11.95125278
12.04503620
12.11192210
12.19370914
12.28368426
12.37633251
12.47197157
12.59757405
12.66843502
12.79517950
12.87894870
12.96067259
13.05220785
13.14782472
13.23928050
13.33331870
13.42610763
13.51905308
13.61256832
13.71832107
13.78731836
13.88093234
13.96467228
14.05747316
14.14934804
14.23299315
14.32673049
14.41966473
14.55964391
14.61727725
14.71058525
14.80254595
14.88532139
14.96801003
15.05072086
15.13150194
15.22733994
15.31919142
15.41400860
15.48462405
15.56644887
15.66116414
15.74210856
15.83471122
15.92972028
16.00995839
16.10426259
16.18801034
16.29193184
16.37359429
16.45735154
16.54938491
16.64292696
16.73668649
16.82937570
16.92228921
17.01397149
17.11069208
17.18151136
17.27428883
17.35601174
17.44971129
17.53175018
17.61349991
17.69616174
17.78898967
17.88246443
17.97848749
18.04723804
18.13003323
18.21359251
18.30635901
18.40020656
18.48205040
18.56464712
18.65803314
18.75127019
18.84521452
18.91551570
18.99843548
19.08005965
19.17399813
19.25669165
19.33950878
19.43125859
19.52598068
19.61797966
19.72354249
19.80523590
19.88907703
19.98098678
20.07369232
20.15756271
20.24952658
20.34414213
20.43425769
20.54180244
20.62271249
20.70542990
20.78633386
20.88002463
20.97712606
21.06645485
21.16028167
21.25539727
21.35876630
21.43945204
21.52140170
21.60507118
21.68673948
21.76883811
21.86648030
21.94654945
22.02721887
22.10892520
22.21583166
22.29655422
22.37848510
22.46114302
22.55477699
22.63562170
22.73125759
22.82413112
22.91512951
23.02366193
23.10352409
23.19650319
23.28023436
23.36016284
23.45590868
23.55770587
23.65249355
23.73530580
23.83086513
23.89898544
23.99157737
24.08645257
24.16813159
24.26104852
24.38780837
24.48229079
24.61991258
24.70069196
24.79359157
24.88611523
24.98083708
25.07281583
25.16650270
25.26022518
25.35383501
25.46353894
25.54138601
25.63229736
25.72591061
25.81870856
25.91241543
26.00657383
26.10038871
26.19217192
26.29801439
26.37982118
26.47248771
26.56532418
26.66009576
26.75185216
26.84630143
26.93767090
27.01827740
27.15242540
27.20930147
27.29897013
27.39165714
27.47349099
27.54736348
27.62707887
27.70501030
27.78389820
27.86346852
27.94321634
28.03609620
28.09990889
28.17977617
28.27059024
28.34932429
28.42898580
28.50806582
28.60176025
28.67643172
28.75715379
28.83608728
28.93075793
28.99259088
29.08437726
29.16633545
29.24310709
29.32195646
29.39995787
29.52344019
29.59118064
29.67101184
29.76277920
29.82874497
29.91738694
29.99711744
30.07893008
30.15580557
30.23668881
30.31593267
30.39472499
30.47365434
30.55238961
30.64414162
30.71001351
30.78882925
30.86772519
30.94835608
31.02625704
31.10698521
31.19657926
31.27650359
31.35340005
31.43320711
31.52498277
31.59252964
31.67145776
31.75363660
31.87241340
31.94168985
32.02043853
32.10325688
32.17902475
32.25702128
32.33758415
32.44449670
32.50433871
32.58590192
32.67567444
32.75458331
32.83258399
32.91222379
32.99188920
33.07172820
33.15012726
33.22898760
33.32075643
33.38675609
33.46930015
33.54728815
33.62602318
33.71390764
33.79387512
33.87353370
33.95332199
34.03132778
34.12382755
34.21281891
34.28051181
34.36152451
34.43807306
34.51797618
34.59651007
34.67670259
34.75449261
34.83411998
34.91300739
35.00293985
35.09636853
35.16224555
35.24108006
35.32003768
35.39953559
35.47760015
35.55745377
35.63706725
35.71666975
35.79506613
35.87371826
35.96837355
36.03129072
36.11344274
36.19043843
36.28187934
36.35894233
36.45255582
36.57138455
36.64010706
36.71985926
36.82557886
36.88966388
36.96820557
37.04905198
37.13715904
37.21527480
37.29513720
37.37478846
37.45419178
37.53382280
37.62488044
37.72641188
37.79238301
37.87198356
37.95006372
38.04171284
38.12069070
38.20100830
38.28192030
38.35870998
38.43742355
38.51831117
38.60921472
38.67586876
38.75404961
38.84543761
38.93646575
39.01333149
39.09480547
39.17261403
39.25153508
39.33016333
39.41010960
39.51374901
39.57959165
39.65938994
39.74761792
39.82858746
39.90742148
39.98517347
40.07406925
40.15783358
40.23314236
40.31308181
40.40662069
40.47059014
40.55516952
40.64106474
40.72179877
40.79863964
40.87851107
40.95723098
41.03696758
41.11688972
41.19464488
41.32975446
41.38564163
41.46447151
41.55441908
41.63424711
41.71203908
41.79355768
41.87235610
41.94924452
42.03016408
42.11975301
42.21270992
42.27665256
42.35728296
42.44908495
42.52603359
42.61671332
42.69463646
42.77527833
42.86396955
42.94294498
43.02281811
43.11534250
43.18119489
43.26244433
43.33990302
43.41974811
43.49727360
43.58799113
43.67966463
43.75658791
43.83519323
43.92709494
44.01884280
44.08371483
44.16349166
44.24657454
44.32224196
44.40098041
44.49289625
44.57164030
44.64993136
44.72793496
44.80703399
44.89994531
44.96651889
45.04637155
45.12507195
45.21387948
45.29279907
45.37361525
45.45253143
45.53212126
45.61591167
45.69956482
45.79342578
45.85917138
45.93811024
46.01816574
46.09490641
46.17609050
46.25449054
46.33398845
46.42379656
46.50243748
46.59442086
46.68490969
46.75093446
46.84171196
46.92037994
46.99937170
47.07809332
47.15789575
47.23750264
47.31636860
47.39614981
47.47689529
47.58051179
47.66237099
47.76023164
47.85372493
47.96340472
48.05615269
48.15093110
48.25469095
48.36031132
48.44120211
48.53418876
48.63160592
48.76440590
48.84554172
48.97428885
49.05744073
49.19484968
49.25177743
49.34783608
49.44310699
49.53624066
49.62564844
49.71864436
49.80142614
49.89501208
50.00069364
50.08076450
50.17538321
50.27115856
50.36677665
50.44458350
50.53642864
50.61916872
50.71290680
50.82069560
50.89811504
50.99149203
51.07306573
51.16030678
51.26153443
51.34326027
51.42618906
51.50898303
51.60604691
51.71052429
51.77720076
51.87013378
51.96366096
52.04653514
52.14037708
52.23312480
52.32560239
52.41801755
52.52404118
52.60607495
52.68795829
52.78184021
52.87332086
52.95713687
53.05088836
53.14387526
53.22638128
53.33220450
53.40091677
53.49587633
53.58783777
53.68162266
53.77452398
53.87017693
53.96284006
54.05536616
54.16312765
54.24183586
54.32360608
54.41649570
54.50922489
54.60303172
54.69670470
54.78970330
54.88531188
54.98719051
55.06974237
55.16348386
55.25578468
55.34954226
55.44212444
55.52476602
55.61764613
55.71029365
55.81699507
55.88779069
55.97976334
56.06437466
56.15821855
56.24985036
56.34258809
56.43546454
56.52824152
56.63295833
56.71660368
56.80928996
56.90246362
56.99515722
57.08796516
57.18252024
57.27361518
57.36823609
57.46310057
57.54368221
57.63734714
57.73122980
57.82218333
57.91583485
57.99767699
58.09395946
58.18572926
58.28138148
58.34931064
58.43154531
58.52634298
58.61909607
58.70193221
58.78391746
58.86641813
58.95952498
59.05304948
59.15974846
59.24054611
59.33337917
59.42713748
59.50708644
59.59303944
59.68366602
59.76889711
59.86074005
59.94293498
60.04075199
60.10514932
60.20033416
60.29410589
60.38615583
60.48061509
60.57238660
60.66606470
60.76005049
60.88547085
60.97828172
61.07199663
61.16581736
61.29051336
61.38473466
61.50906495
61.61665919
61.69650770
61.79113227
61.88290402
61.97673328
62.07051281
62.16831591
62.25617941
62.35070791
62.45840919
62.53576133
62.63041711
62.72305073
62.81505264
62.90859542
63.00288134
63.09720163
63.19063909
63.29747119
63.37723948
63.47204471
63.56400298
63.65941066
63.75034932
63.84296026
63.93866588
64.02758677
64.12318146
64.20301729
64.30772727
64.43689107
64.51661109
64.59417754
64.67335192
64.75336036
64.84414225
64.93584038
65.01179086
65.10346241
65.18321461
65.26100732
65.34075416
65.41961889
65.49839708
65.57721768
65.65866509
65.74740240
65.83826401
65.91607378
65.99482222
66.07356018
66.15296008
66.24200629
66.36725744
66.44452840
66.52436618
66.60309218
66.69512481
66.76073145
66.84068796
66.92031338
66.99799516
67.07803359
67.15784382
67.23646304
67.31617355
67.39596818
67.47496408
67.57757267
67.64356208
67.72234027
67.80161485
67.88222428
67.96217714
68.05077303
68.12955195
68.20741414
68.28810623
68.37195053
68.46888031
68.53470978
68.62636183
68.70717289
68.79396874
68.87441873
68.96351443
69.04310987
69.12301615
69.20073743
69.30444511
69.36946123
69.44913054
69.53984465
69.61975996
69.69752439
69.77734997
69.85708560
69.93684243
70.02484831
70.10467585
70.19741674
70.26195793
70.34276704
70.42662231
70.50193889
70.57918400
70.66016037
70.73833342
70.81787790
70.90762774
70.98656635
71.12003754
71.17772866
71.26669514
71.35760089
71.44710180
71.52590607
71.60575824
71.68470928
71.76357914
71.84416980
71.93381066
72.02501629
72.09095841
72.16955349
72.26174460
72.34044988
72.42322971
72.51517237
72.62320498
72.70359036
72.79623519
72.90021667
72.97099328
73.06487228
73.14935779
73.24116417
73.32217175
73.40483430
73.49759763
73.59139056
73.68612021
73.79091967
73.87061165
73.96540737
74.05908620
74.15090623
74.23182408
74.31555866
74.40816181
74.50196376
74.59767840
74.67767173
74.77118648
74.86406000
74.94684519
75.04019537
75.12223426
75.21052173
75.29734294
75.40507957
75.48686295
75.57678931
75.67082337
75.76430228
75.84607858
75.94072290
76.02207522
76.10492868
76.21167885
76.28580735
76.37323491
76.47024442
76.55905511
76.65572670
76.73844509
76.81848181
76.90011037
77.04161800
77.11956113
77.20421878
77.29518718
77.42249218
77.50419632
77.59797536
77.72355078
77.82946786
77.94289378
78.06750347
78.19415775
78.28603873
78.37969878
78.47346124
78.58021629
78.69207622
78.78659546
78.88128245
78.97200314
79.06696538
79.15959315
79.25243986
79.35914444
79.43836173
79.53303042
79.62481827
79.71977637
79.81163882
79.90403814
80.00006656
80.09165546
80.19632253
80.27729987
80.37087484
80.46340118
80.55736356
80.65110871
80.74521640
80.83657246
80.93032834
81.03604281
81.12914576
81.23243263
81.33727987
81.44205958
81.53468540
81.63952826
81.73125101
81.84847157
81.93924346
82.04431160
82.13685989
82.24069971
82.33387654
82.43837977
82.54349716
82.66033713
82.75011867
82.85390145
82.94786554
83.04062935
83.14828260
83.24992058
83.35519156
83.45988643
83.55359769
83.65656419
83.74899398
83.85447391
83.95808529
84.05185823
84.15808592
84.27335845
84.40798943
84.51087450
84.62643278
84.71942748
84.82317392
84.91700538
85.03343210
85.11448795
85.22061544
85.32224099
85.48003239
85.58449831
85.68886964
85.80653199
85.90006722
86.00098548
86.09567075
86.19854631
86.30297494
86.40134393
86.48809248
86.60502023
86.71967909
86.80324057
86.89601096
86.99968695
87.10236307
87.19718488
87.30091816
87.40762275
87.49751985
87.60214060
87.70696224
87.80993581
87.91443807
88.00727015
88.11378456
88.21869593
88.29819042
88.39192631
88.48503316
88.57867127
88.67228037
88.76411528
88.88397361
88.96380652
89.08245702
89.16602947
89.26483073
89.37055228
89.47624798
89.57896189
89.68282342
89.77905810
89.88339822
89.96365706
90.06844482
90.15936251
90.26391767
90.36838213
90.47419462
90.56787004
90.67258416
90.75241219
90.84650598
90.94145555
91.04417287
91.14043438
91.22966222
91.32367385
91.44408539
91.52033284
91.64432813
91.74729975
91.84093665
91.92764351
92.00854308
92.08746681
92.16789510
92.27387825
92.35255916
92.43128395
92.51199505
92.59201227
92.67171254
92.76439297
92.84434120
92.92607752
93.00484351
93.08463204
93.19041405
93.26717886
93.34900247
93.42771312
93.51846111
93.60024059
93.69106661
93.77186280
93.85188783
93.93135404
94.02614927
94.09196924
94.18296397
94.30617640
94.37835344
94.45537840
94.53633233
94.62695014
94.72156666
94.80149611
94.90410470
94.97090575
95.05175949
95.14548293
95.22647442
95.30311781
95.38307408
95.46274753
95.55781485
95.64626203
95.73985504
95.80695159
95.88712558
95.96663568
96.05879265
96.14042974
96.22048256
96.30008970
96.37987701
96.47087028
96.54345132
96.63630071
96.70500421
96.79476941
96.88550181
96.96936659
97.05607710
97.14892528
97.22883352
97.30888780
97.38957720
97.49418064
97.57114391
97.65270956
97.73354672
97.81148912
97.89308330
97.98512617
98.07580371
98.15899338
98.23631188
98.33266018
98.44100218
98.53175091
98.62261180
98.71361116
98.80415705
98.88524630
98.96520184
99.05692483
99.19452687
99.26046972
99.34024996
99.42300516
99.51271258
99.60357541
99.68331274
99.76338360
99.84523647
99.92547239
100.03041423
100.11897428
100.20970863
100.28972610
100.36924595
100.46201269
100.55386685
100.63257531
100.71395445
100.79191173
100.88664015
100.96452673
101.04455200
101.12499881
101.21632805
101.29768501
101.38797367
101.47972641
101.57157082
101.65033754
101.74616092
101.80923803
101.90193358
101.98255203
102.06353352
102.14209813
102.22300111
102.30392847
102.39450093
102.47544585
102.57890899
102.64549061
102.72622634
102.81695045
102.91962048
103.00159671
103.08026298
103.16027313
103.24301834
103.33689563
103.44667343
103.52622425
103.61984773
103.71476877
103.80865874
103.93603420
104.00717774
104.10267247
104.22055180
104.30215842
104.40542676
104.51246780
104.60415909
104.69980571
104.79282089
104.88744497
104.99328135
105.07795752
105.17573844
105.26471273
105.42313267
105.52990381
105.62364652
105.73953760
105.83392981
105.93840500
106.04324762
106.13776149
106.23345858
106.32726200
106.42090060
106.52859407
106.61950518
106.72526135
106.82901876
106.92384813
107.02854909
107.12322364
107.21686297
107.32348758
107.40519757
107.50153393
107.59537050
107.68911443
107.78578187
107.88948492
107.99235804
108.10293724
108.18181173
108.28706711
108.38387207
108.47416390
108.56891013
108.69643943
108.79107473
108.89705642
108.97880249
109.08304460
109.17782984
109.27731816
109.36616956
109.46181813
109.56662539
109.67140632
109.76406968
109.85811301
109.98482385
110.07946109
110.17897696
110.26875265
110.36354593
110.50015982
110.56227413
110.65666659
110.75545663
110.84342789
110.94306079
111.03194560
111.12757466
111.22057033
111.32896768
111.41384793
111.50373821
111.59922805
111.69496073
111.79885273
111.90255773
112.00781482
112.12528407
112.21779432
112.31142488
112.41629992
112.51098080
112.60476715
112.70045229
112.79429716
112.89893619
112.98523906
113.07605800
113.17002014
113.26354464
113.35811971
113.46396877
113.56815993
113.68728805
113.76857699
113.86228629
113.95815721
114.05693263
114.14970010
114.23850250
114.34443251
114.46299695
114.55390269
114.65946625
114.76408334
114.85891734
114.96362683
115.05655643
115.15227083
115.25792947
115.34063493
115.43440861
115.52827493
115.65596076
115.73891491
115.84441702
115.93894236
116.07820060
116.13707688
116.24239248
116.33531185
116.48561318
116.57959141
116.67422427
116.76885834
116.87479224
116.95643202
117.05049436
117.15699585
117.26063819
117.36640801
117.47107508
117.57552004
117.69669421
117.77350803
117.86850294
117.96418418
118.05878680
118.16245547
118.25829421
118.35210299
118.44680557
118.56470515
118.64512466
118.74986755
118.85453389
118.97297643
119.06880492
119.16391662
119.25773979
119.36254583
119.45809931
119.55113789
119.64754276
119.74150294
119.83618675
119.92985632
120.02354149
120.13172770
120.21434808
120.30809469
120.40162845
120.49868111
120.59232289
120.68591711
120.78027983
120.87492926
120.98355872
121.06729233
121.15303566
121.26222100
121.35355170
121.44652714
121.57817902
121.67676695
121.78457380
121.87259235
121.96949264
122.05714962
122.14390402
122.24082064
122.34048865
122.43620329
122.53497407
122.63260212
122.71342197
122.80740800
122.90547759
123.00432737
123.10307426
123.18780725
123.27393994
123.37215337
123.47529907
123.55811279
123.65647885
123.75419468
123.85183565
123.93982519
124.02637724
124.11213714
124.21094060
124.31797628
124.40662752
124.49374788
124.59124720
124.68896254
124.78717768
124.87391697
124.96167026
125.05941875
125.16041284
125.23198353
125.32070279
125.40644125
125.50835522
125.59015786
125.70074535
125.80860193
125.89927947
126.00907824
126.08168049
126.19098506
126.28642053
126.37398731
126.47234581
126.55905755
126.69067115
126.77978246
126.85326828
126.94424009
127.02693873
127.12564613
127.22249399
127.30918646
127.41990586
127.51712650
127.62732414
127.70114154
127.78802077
127.87462377
127.96228246
128.04995237
128.13825326
128.22321176
128.32135889
128.40937817
128.50910006
128.59469174
128.69163200
128.77758622
128.86596245
128.95480435
129.05059554
129.13728948
129.22510104
129.34324272
129.42024597
129.50701159
129.60558611
129.69202137
129.77997629
129.87699994
129.96378506
130.06249343
130.17227294
130.28992212
130.37798919
130.46391172
130.55247421
130.64934353
130.73588338
130.82264218
130.91448366
131.01937893
131.09523702
131.18159694
131.27026280
131.35719178
131.45274818
131.59556555
131.68224364
131.77106384
131.88965242
131.96544857
132.05322454
132.13795069
132.23673440
132.33945612
132.43330074
132.53099559
132.61775707
132.71571451
132.80301309
132.89058621
132.97946882
133.07510081
133.16501132
133.25979071
133.34753376
133.44330301
133.55292282
133.62888745
133.73940740
133.82731064
133.92316083
134.02181142
134.10835810
134.20552584
134.30265311
134.40203829
134.48954168
134.58747864
134.67234986
134.77285706
134.85976018
134.97142482
135.05432997
135.14119701
135.28373741
135.36937419
135.46913972
135.56597832
135.65263106
135.75095884
135.83783417
135.93550270
136.05336936
136.13098457
136.24057732
136.33838165
136.42427979
136.52696835
136.60863056
136.71039654
136.80632695
136.90479297
136.97977675
137.06510317
137.19693473
137.27404404
137.38199449
137.49162259
137.58831052
137.69805906
137.78593669
137.92551335
138.02823409
138.12008971
138.21110395
138.29855955
138.38553143
138.49520488
138.58093431
138.68327934
138.78752779
138.88575464
138.98371915
139.08217396
139.16815524
139.28782682
139.37577004
139.46128931
139.55229453
139.63582553
139.73466946
139.83145003
139.91826538
140.01794997
140.12531089
140.21296446
140.30891681
140.40862700
140.50572866
140.61434935
140.70104719
140.81171196
140.91542208
140.99608881
141.09580192
141.19161555
141.29063526
141.38741705
141.48479496
141.60444069
141.70533677
141.78925177
141.88889856
141.97867376
142.07236868
142.16022389
142.25899175
142.35471370
142.44733830
142.55206364
142.63783768
142.72465377
142.82340579
142.91014824
143.01946793
143.11750704
143.21319583
143.33537962
143.42192801
143.51771823
143.61627398
143.70398826
143.79086554
143.88791650
143.97643120
144.07334441
144.17206521
144.25682404
144.34649635
144.43235110
144.54213280
144.62794951
144.72719695
144.81356686
144.96233464
145.02800686
145.13577640
145.23570138
145.34037211
145.44503381
145.53881261
145.69631387
145.79141947
145.88481914
145.97709363
146.08150787
146.17901402
146.26937802
146.36567512
146.47115797
146.54931883
146.64394730
146.73772268
146.83153487
146.92624868
147.01801848
147.11088323
147.21047297
147.31169136
147.39328408
147.48592843
147.57983668
147.67535115
147.76998498
147.86049624
147.95528392
148.04719440
148.15482205
148.23425023
148.32890478
148.42588820
148.51349131
148.60531597
148.69503436
148.77388618
148.86604778
148.97053736
149.04442229
149.14740391
149.24811444
149.34784876
149.43868673
149.51874710
149.60807930
149.72020889
149.81393111
149.87973377
149.97959950
150.05936877
150.13795727
150.21982184
150.30873542
150.41344808
150.48814100
150.56906104
150.68283366
150.76972850
150.89613994
150.98619284
151.09982746
151.18692490
151.27725428
151.36842163
151.47315745
151.53614314
151.61684449
151.69453285
151.79744278
151.87532107
151.97784505
152.06870984
152.17303704
152.24883441
152.34156970
152.42931860
152.53117040
152.61946495
152.69928371
152.78052096
152.88134632
152.97278625
153.06337090
153.15523896
153.24185732
153.32074132
153.39959118
153.48030740
153.55908851
153.65992973
153.74158511
153.85156892
153.96615050
154.04296480
154.12273821
154.22464585
154.32585010
154.40468972
154.49444200
154.59707302
154.67604845
154.78993565
154.85586850
154.95752575
155.04807285
155.13779417
155.21866545
155.31930284
155.42143844
155.50034877
155.59133936
155.68082101
155.78226956
155.86071787
155.94022163
156.04067957
156.13229383
156.21027159
156.28902320
156.40341460
156.49322613
156.58296402
156.67367789
156.77439744
156.86431308
156.95530391
157.03500638
157.19363819
157.25734262
157.33703801
157.41671659
157.51112416
157.60865591
157.69832457
157.77632549
157.88302568
157.99462108
158.05956309
158.14220370
158.24103593
158.32900889
158.42160862
158.50041045
158.64504420
158.72474106
158.81857885
158.89429650
158.99515063
159.08587425
159.18632025
159.27260362
159.36755659
159.46914606
159.56901545
159.67400094
159.75154545
159.84036053
159.93039806
160.02201232
160.12252073
160.21140969
160.30320217
160.39305148
160.49587024
160.57363125
160.65258717
160.74315890
160.84595375
160.94484206
161.04551358
161.13628523
161.23792126
161.34252762
161.40860554
161.49936841
161.60042223
161.70132488
161.78102320
161.85976604
161.96802149
162.03951953
162.12072069
162.21198995
162.30077431
162.40144145
162.48041614
162.57025937
162.67294061
162.76064319
162.84344910
162.92029339
163.02394426
163.10243548
163.18124853
163.26004281
163.36180172
163.45105639
163.53189062
163.61477723
163.70053372
163.79151407
163.89516933
163.98384130
164.08456743
164.18534575
164.26502749
164.34412604
164.43463364
164.53785687
164.61514270
164.72789229
164.80744116
164.88554009
164.97572684
165.07985314
165.16835687
165.24620371
165.32669246
165.42844918
165.54117853
165.61796187
165.69873880
165.78987299
165.89050868
165.99129406
166.07232602
166.17705867
166.27303857
166.38005353
166.44234289
166.54328772
166.64692153
166.73662749
166.81562023
166.91547060
167.01080246
167.10166627
167.20034026
167.26740560
167.36824633
167.45889608
167.54817464
167.62888135
167.72860129
167.80758232
167.88818981
168.00598600
168.07881719
168.16057912
168.23928513
168.33963824
168.44028051
168.53017469
168.60987715
168.71190035
168.81762751
168.90149009
168.99372508
169.13682697
169.21562101
169.29843253
169.38636185
169.51993762
169.61256905
169.69045099
169.77024976
169.87097736
169.94870643
170.02950336
170.10836249
170.19830372
170.27717919
170.36882123
170.46266732
170.53919295
170.62889647
170.71872165
170.79868572
170.89924997
170.98931774
171.08173681
171.18054612
171.29418976
171.36106834
171.46319858
171.54217108
171.64482306
171.73264608
171.81429293
171.90453795
172.00542744
172.10932114
172.17516013
172.25368085
172.35533346
172.44623409
172.52598873
172.61474042
172.71744799
172.80927826
172.89106749
172.98585370
173.06351646
173.15675204
173.25961565
173.34045939
173.43208242
173.51385214
173.59475903
173.67740061
173.75713648
173.85095769
173.94094525
174.03168253
174.13626914
174.27191266
174.36898507
174.44461470
174.52524072
174.62008666
174.68704083
174.77889451
174.87171342
174.96676173
175.05718302
175.14891552
175.22969148
175.31152825
175.42729669
175.49596703
175.57582261
175.66782110
175.77138591
175.86313450
176.00978431
176.07967565
176.16059764
176.26013838
176.32300435
176.40479090
176.49552573
176.58835660
176.68100850
176.76293378
176.86452154
176.94750007
177.03029184
177.12167886
177.19038845
177.28221653
177.37482796
177.46840342
177.56380939
177.68235165
177.76436616
177.85715289
177.95077540
178.01767032
178.10253910
178.20208228
178.31602775
178.40962686
178.50056259
178.63107295
178.75259626
178.85938740
178.96616415
179.07076344
179.16741577
179.26171266
179.36835093
179.52793993
179.63265991
179.73934011
179.83514764
179.93079669
180.03754760
180.13233064
180.23796929
180.35686922
180.44950284
180.56677241
180.67262390
180.77835764
180.87402108
180.97972994
181.09634098
181.19122813
181.29778911
181.39268431
181.49855970
181.60738786
181.71382230
181.80577423
181.92468269
182.00772558
182.12779165
182.22446055
182.35716398
182.44297704
182.53792319
182.63848914
182.76128441
182.85520388
182.96125115
183.06811836
183.17270765
183.28201636
183.37488526
183.48104468
183.59889013
183.69276328
183.79936863
183.89510716
184.00085309
184.09660527
184.20244897
184.30806714
184.42776041
184.50945041
184.61434715
184.70991038
184.81667689
184.92213586
185.02822507
185.12230618
185.24090988
185.32448696
185.43119276
185.53616337
185.64167402
185.74839348
185.84510676
185.93995880
186.05505530
186.14001259
186.24560247
186.34040161
186.44780275
186.54353275
186.64918091
186.75496438
186.87466839
186.96639260
187.06133339
187.15778799
187.25186423
187.35758236
187.45513020
187.59401224
187.68843859
187.81534399
187.90905866
188.01619089
188.12155525
188.22827324
188.33319729
188.45265627
188.54858692
188.65139226
188.76497129
188.86384887
188.97041765
189.06692150
189.16169479
189.26555631
189.35142593
189.46364402
189.56135594
189.66816561
189.76281602
189.88256586
189.98840516
190.10687940
190.19855801
190.30538938
190.40106257
190.49685547
190.60153351
190.72039174
190.82508929
190.97578560
191.03749372
191.15362641
191.24921938
191.35543781
191.45123413
191.54651210
191.65130425
191.75903844
191.84187214
191.94953295
192.05347663
192.16215290
192.26671709
192.37156653
192.46831662
192.58499739
192.68060646
192.78476007
192.88976920
192.99590888
193.10321957
193.21035789
193.32795198
