8.26761625
8.34881230
8.43884496
8.53164583
8.61190199
8.69189873
8.77477145
8.85443222
8.94465432
9.03670524
9.15821636
9.24223327
9.32026223
9.40315665
9.48418178
9.57528964
9.66470937
9.74584445
9.82722262
9.90588426
9.98730485
10.07753646
10.16965613
10.25961370
10.35171265
10.43287797
10.51432684
10.59319328
10.67504883
10.75488515
10.83539437
10.91634124
10.99667322
11.07798410
11.16880426
11.26131037
11.34062835
11.42016819
11.50097438
11.58354088
11.67434081
11.76540015
11.84601641
11.92626477
12.00731623
12.08799271
12.16882011
12.25958323
12.35336495
12.44604318
12.57192800
12.64262756
12.76858162
12.84048974
12.93400278
13.02725592
13.12027476
13.21329726
13.30670692
13.39940369
13.49316834
13.58702686
13.67993135
13.76217748
13.85562420
13.93780987
14.03185587
14.12468747
14.20647596
14.30013675
14.39341793
14.52040744
14.58942716
14.68423434
14.77754210
14.85930255
14.94132438
15.02434557
15.10628889
15.20054238
15.29324183
15.37554696
15.45883732
15.54085890
15.63336183
15.71674241
15.81088496
15.90269012
15.98531415
16.07881037
16.16209537
16.25481481
16.34772515
16.43064614
16.52330731
16.61593874
16.71004692
16.80254132
16.89673800
16.98921071
17.07213072
17.15459311
17.24868934
17.32974666
17.42309025
17.50604415
17.58857602
17.67119981
17.76329510
17.85656799
17.94004804
18.02220103
18.10602021
18.18683176
18.27976356
18.37427403
18.45595793
18.53779495
18.63150937
18.72508288
18.80653467
18.89016637
18.97244736
19.05515526
19.14719350
19.22978852
19.31274145
19.40680720
19.50018274
19.59204689
19.68543193
19.77860681
19.86145758
19.95510960
20.04817403
20.13095190
20.22332879
20.31850120
20.40999989
20.50406393
20.59682970
20.67943618
20.76056419
20.85500590
20.94875032
21.04074321
21.13450372
21.22690499
21.32069841
21.41381233
21.49705052
21.57921082
21.66116487
21.74324520
21.83694598
21.91965510
22.00343259
22.08421172
22.17783325
22.27167032
22.35384330
22.43650829
22.52891029
22.61183665
22.70557667
22.79761540
22.89117037
22.98512666
23.07870065
23.17103049
23.25395367
23.33620321
23.42924497
23.53304578
23.62779884
23.71054551
23.79148043
23.87403741
23.96802954
24.06058172
24.14298096
24.23530812
24.36175589
24.45629878
24.58102452
24.67408066
24.76746229
24.86225435
24.95496550
25.04775614
25.14063527
25.23445186
25.32721128
25.42057024
25.51369342
25.60750001
25.70141899
25.79264193
25.88669745
25.97976164
26.07359919
26.16747624
26.25902490
26.35301118
26.44856417
26.54037542
26.63399452
26.72668202
26.81977254
26.91272726
26.99280641
27.11390208
27.18263581
27.27347475
27.36580507
27.44316233
27.52268633
27.60055657
27.68011323
27.75771211
27.83773933
27.91702757
27.99624680
28.07602899
28.15546400
28.24586018
28.32296022
28.40276899
28.48253290
28.57178708
28.65091830
28.73043278
28.81055923
28.88805498
28.96739661
29.05790299
29.13655171
29.21535769
29.29587838
29.37560547
29.49638321
29.56589445
29.64440737
29.72475568
29.80188255
29.89277586
29.97274066
30.05218298
30.13088242
30.20919517
30.28854411
30.36772775
30.44855783
30.52664092
30.60540983
30.68517252
30.76407383
30.84350859
30.92162532
31.00157428
31.08168634
31.16977536
31.24966165
31.32882847
31.40872159
31.48605058
31.56625748
31.64555986
31.72417176
31.84615295
31.91500712
31.99407080
32.07397441
32.15305467
32.23236412
32.31190933
32.39945099
32.48097447
32.55955370
32.64906461
32.72793154
32.80768009
32.88747471
32.96728714
33.04519931
33.12486252
33.20298852
33.28285823
33.36201310
33.44182821
33.52123323
33.59894158
33.68922146
33.76967973
33.84768407
33.92681456
34.00567125
34.09713897
34.17444528
34.25424112
34.33355105
34.41428337
34.49111279
34.57152864
34.65046798
34.72862518
34.80792487
34.88734818
34.97835486
35.05677927
35.13565961
35.21621883
35.29592544
35.37382981
35.45275574
35.53239140
35.61049009
35.68899594
35.76926233
35.84966502
35.92736849
36.00720383
36.08673880
36.16359455
36.25412995
36.33391896
36.42471719
36.54614809
36.61428035
36.69421736
36.78465840
36.86324446
36.94334848
37.02195161
37.11210593
37.19126714
37.27024135
37.34970805
37.42813125
37.50793051
37.59835692
37.68746725
37.76545623
37.84622389
37.92577447
38.01481092
38.09651433
38.17485634
38.25388736
38.33338624
38.41288610
38.49347115
38.57121071
38.64993550
38.72935661
38.81892847
38.90832943
38.98818135
39.06695807
39.14678024
39.22440813
39.30514435
39.38526592
39.47301483
39.55289698
39.63266698
39.72284446
39.80170603
39.88061392
39.95920535
40.04965639
40.12778019
40.20920443
40.28805064
40.36592088
40.44500456
40.52447930
40.61522998
40.69343522
40.77274369
40.85259731
40.93056483
41.01040261
41.08986541
41.16871259
41.28997990
41.35903912
41.43963222
41.52934354
41.60855034
41.68714445
41.76803305
41.84546760
41.92474876
42.00460458
42.09403528
42.17294780
42.25170258
42.33231445
42.42379632
42.50047555
42.59005863
42.66978328
42.74937115
42.83837616
42.91806229
42.99808390
43.07564182
43.15631977
43.23525960
43.31385931
43.39316144
43.47142202
43.56300653
43.65109140
43.73182274
43.81127749
43.90029737
43.97900071
44.05979446
44.13863970
44.21726599
44.29540880
44.37617720
44.46735382
44.54465208
44.62413853
44.70303277
44.78261479
44.86165605
44.94129244
45.01974684
45.09787113
45.18836971
45.26799050
45.34806673
45.42706239
45.50599173
45.58524120
45.67308860
45.75383579
45.83310159
45.91240665
45.99133990
46.07078782
46.14895990
46.22980217
46.30674350
46.39770800
46.47760600
46.56724320
46.64620766
46.72503046
46.81478859
46.89390226
46.97444855
47.05322819
47.13291798
47.21073775
47.29185431
47.36948732
47.44840057
47.54212670
47.63565145
47.72869467
47.82111788
47.93749535
48.03029525
48.12399724
48.22793922
48.32042607
48.41342126
48.50635794
48.59988024
48.73773804
48.81940585
48.94562639
49.02778304
49.15385656
49.22484333
49.31850339
49.41243408
49.50511085
49.59742947
49.69048415
49.77444060
49.86659757
49.96008672
50.05473664
50.14759066
50.24046297
50.33367125
50.41583619
50.50947528
50.59055064
50.68507890
50.77850100
50.87196552
50.96539737
51.04831300
51.12987622
51.23373262
51.31567520
51.39923693
51.48102055
51.57432611
51.66686269
51.74930191
51.84348007
51.93670297
52.01851975
52.11177606
52.20469981
52.29891332
52.39291837
52.48537352
52.57925959
52.66017963
52.75470204
52.84785815
52.92895398
53.02213715
53.11699675
53.19810453
53.29268740
53.37444713
53.46789337
53.56036169
53.65355387
53.74787441
53.83959301
53.93481345
54.02680805
54.11979568
54.21325069
54.29501139
54.38994487
54.48328041
54.57701630
54.66928396
54.76231377
54.85674865
54.94842947
55.04321080
55.13490405
55.22793069
55.32164926
55.41420706
55.49679915
55.59167021
55.68377598
55.77714176
55.86014004
55.95397247
56.03551911
56.12861109
56.22205757
56.31505447
56.40945448
56.50232119
56.59574012
56.68837691
56.78273206
56.87623511
56.96760043
57.06194974
57.15592723
57.24844212
57.34134174
57.42437927
57.51770921
57.61076340
57.70398411
57.79598310
57.88897512
57.97267142
58.06661722
58.15896534
58.24153037
58.32388694
58.40683012
58.49981605
58.59227485
58.67507370
58.75790253
58.83972589
58.93384772
59.02708477
59.11992343
59.21277039
59.30662964
59.39935664
59.48219424
59.56543048
59.65772594
59.74107871
59.83466855
59.91604477
59.99906133
60.08064040
60.17388086
60.26726614
60.36097862
60.45353349
60.54733423
60.64028772
60.73327511
60.85924623
60.95271490
61.04582395
61.13952204
61.26487511
61.35945969
61.48423639
61.57788645
61.67199487
61.76387171
61.85628737
61.95088389
62.04347850
62.13745478
62.22973342
62.32311407
62.41609365
62.51068506
62.60344668
62.69669080
62.79000660
62.88376930
62.97610084
63.06946540
63.16423065
63.25764689
63.35230218
63.44545463
63.53795537
63.63312778
63.72493415
63.81755168
63.91295717
64.00170471
64.08462010
64.17657008
64.28125348
64.41146835
64.48947463
64.57010845
64.64945398
64.72786840
64.81825678
64.89703838
64.98695060
65.07770518
65.15614252
65.23453402
65.31503130
65.39197555
65.47274810
65.55153823
65.63138235
65.72071577
65.80061596
65.89034532
65.96978740
66.04851219
66.12841409
66.21759440
66.33973381
66.41957501
66.49947227
66.57927080
66.65698451
66.73579512
66.81542762
66.89358628
66.97334482
67.05344421
67.13272464
67.21043786
67.28959200
67.36952267
67.44928341
67.53753261
67.61847265
67.69686903
67.77558626
67.85553668
67.93464352
68.02434801
68.10317398
68.18283963
68.26227171
68.34131516
68.43104453
68.51082672
68.59985464
68.67929428
68.76882933
68.84794104
68.93900526
69.01795753
69.09636805
69.17601956
69.26565018
69.34534167
69.42429345
69.51498123
69.59292046
69.67372738
69.75181169
69.83233116
69.90933685
70.00010118
70.08035685
70.15750761
70.23796271
70.31608383
70.39593575
70.47516815
70.55477919
70.63296467
70.71171506
70.79088675
70.88220185
70.96166806
71.08310726
71.15215526
71.24172981
71.33238101
71.42271600
71.50071253
71.58001198
71.65943821
71.73835195
71.81932661
71.90840476
71.98673361
72.06688078
72.14525497
72.23586254
72.31419333
72.39658014
72.48813222
72.59332104
72.67539236
72.76760053
72.86314011
72.94283599
73.03862719
73.12005460
73.21270310
73.29619046
73.37814767
73.47118894
73.56555360
73.65822672
73.75137063
73.84403668
73.93804904
74.03231033
74.12455264
74.20697699
74.28958591
74.38320354
74.47542927
74.55890956
74.65124841
74.74375793
74.83732827
74.92108699
75.01345071
75.09565661
75.17873071
75.27137092
75.36506462
75.45907576
75.55191174
75.64395998
75.73845972
75.82148237
75.91344528
75.99667298
76.07917096
76.17179702
76.25404632
76.34698031
76.44146176
76.53291193
76.62796317
76.71300359
76.79237033
76.87462914
77.00000926
77.09350573
77.17739074
77.26917590
77.39503317
77.47746751
77.57105248
77.69667690
77.78923251
77.91632637
78.04048550
78.16722950
78.26028808
78.35366849
78.44862707
78.54055706
78.66691681
78.75970599
78.85380271
78.94628785
79.03904947
79.13362746
79.22587806
79.31830761
79.41254867
79.50518302
79.59872020
79.69173294
79.78624730
79.87923323
79.97235983
80.06571001
80.15821221
80.25220629
80.34546650
80.43926065
80.53206835
80.62489678
80.71752089
80.81207280
80.90341935
80.99720985
81.10262102
81.20656715
81.31040575
81.41514743
81.50776910
81.61277556
81.70627933
81.80979952
81.91305591
82.01716490
82.11016838
82.21595551
82.30868519
82.41280052
82.51758681
82.62052893
82.72434560
82.82895367
82.92256106
83.01565694
83.12062414
83.22426794
83.32977640
83.42193215
83.52547819
83.62959401
83.72319433
83.82758224
83.93255773
84.02483587
84.12890878
84.23304922
84.38136790
84.48609763
84.58860260
84.69417762
84.79764271
84.89208125
84.99478126
85.08851690
85.19267295
85.29607367
85.39009725
85.55907096
85.66362222
85.76860868
85.87190871
85.97531114
86.06920160
86.17291269
86.27764559
86.36982402
86.46209656
86.56769791
86.69277620
86.77563234
86.86918683
86.97327509
87.07670605
87.17075157
87.27414059
87.36799935
87.47145274
87.57597669
87.68081882
87.78469570
87.88860184
87.98260811
88.08607783
88.17963256
88.27295933
88.36742128
88.45852378
88.55191760
88.64572272
88.73833732
88.84201380
88.93797005
89.04299918
89.13647540
89.24014139
89.34400218
89.44978249
89.55328317
89.65657930
89.75069163
89.84397792
89.93710843
90.04217510
90.13353067
90.23818897
90.34300183
90.44791296
90.54110222
90.63521527
90.72771260
90.82043521
90.91390998
91.01820475
91.11139206
91.20462375
91.29747923
91.40250421
91.49617159
91.61881910
91.72237659
91.81520916
91.90116680
91.98392639
92.06278259
92.14339324
92.23422950
92.32692261
92.40536848
92.48577434
92.56709228
92.64727871
92.73781313
92.81757289
92.89739190
92.97937886
93.05899526
93.14995561
93.24269188
93.32064647
93.40134685
93.49304546
93.57486200
93.66612419
93.74449156
93.82472114
93.90458744
93.98629865
94.06619104
94.15744300
94.28144512
94.35008230
94.43099528
94.51210891
94.60357273
94.69410203
94.77298067
94.86475949
94.94535016
95.02613952
95.11721691
95.19630985
95.27682444
95.35807388
95.43822105
95.52884617
95.61944983
95.69890727
95.77999506
95.86121621
95.94075167
96.03241200
96.11210618
96.19189958
96.27380950
96.35352025
96.44510525
96.51884999
96.59871264
96.67764808
96.76834098
96.86010664
96.94106935
97.03158378
97.12411842
97.20273715
97.28355529
97.36335015
97.45567097
97.54654453
97.62534612
97.70614451
97.78689633
97.86864630
97.95860070
98.04995700
98.12985793
98.20873729
98.29053237
98.41461203
98.50577353
98.59489385
98.68754210
98.77795267
98.86027950
98.94021334
99.03118930
99.15363494
99.23494240
99.31618891
99.39642897
99.48796399
99.57857399
99.65705497
99.73773316
99.81813804
99.89865605
99.99253066
100.09110616
100.18240565
100.26422414
100.34441788
100.43657168
100.52693178
100.60577750
100.68636231
100.76781606
100.84863614
100.93906353
101.01807456
101.09803204
101.18934617
101.27139652
101.36254583
101.45310634
101.54395137
101.62480535
101.70436519
101.78453308
101.87617635
101.95572960
102.03585191
102.11619510
102.19805065
102.27757928
102.36923181
102.44901912
102.54093984
102.62059866
102.70186517
102.79198316
102.89572083
102.97449853
103.05443724
103.13522929
103.21696634
103.31048694
103.40364573
103.49811523
103.59305895
103.68842420
103.78088448
103.90861054
103.97998838
104.07525343
104.18187756
104.27542132
104.38032562
104.48638606
104.57916962
104.67324123
104.76694151
104.86263811
104.95490333
105.05017643
105.14426169
105.23775523
105.33330530
105.50389839
105.59752626
105.70253808
105.80732193
105.91203289
106.01687550
106.11170584
106.20576258
106.29948164
106.39335576
106.48878563
106.59173945
106.69839332
106.80318717
106.89701497
107.00262436
107.09665160
107.19110915
107.28485528
107.37898272
107.47239336
107.56643619
107.66108660
107.75495683
107.86175747
107.96719278
108.06026697
108.15577193
108.26051068
108.35499384
108.44882017
108.54231151
108.66876026
108.76368910
108.85739865
108.95173698
109.05678756
109.15005850
109.24648214
109.33988839
109.43517855
109.53969324
109.63369463
109.73739646
109.83199519
109.95835860
110.05228636
110.14835623
110.24192802
110.33491395
110.46174523
110.53369456
110.62965130
110.72446433
110.81747659
110.91329168
111.00608450
111.10153461
111.19362917
111.28828982
111.38242872
111.47669635
111.57066945
111.66466646
111.77010567
111.87622414
111.98235162
112.08711719
112.19003298
112.28465901
112.38916248
112.48308585
112.57779844
112.67177666
112.76641488
112.86033826
112.95536950
113.04930555
113.14406689
113.23784202
113.33252437
113.43789020
113.54193312
113.64764979
113.74212441
113.83552749
113.92837055
114.02430266
114.11787958
114.21262410
114.31729312
114.42465428
114.52870696
114.63444825
114.73811594
114.83297481
114.93836380
115.03186977
115.12536477
115.22014806
115.31397512
115.40795286
115.50184917
115.62846956
115.71103117
115.81766700
115.91184125
116.03794915
116.11119238
116.21549520
116.31019559
116.40417041
116.55278166
116.64732796
116.74098217
116.83414607
116.92849270
117.02328208
117.12932448
117.23376943
117.33947830
117.44437260
117.54966748
117.65500454
117.74862534
117.84163492
117.93762677
118.03190000
118.13569204
118.22935649
118.32376894
118.41991634
118.52434643
118.61728237
118.72401426
118.82847482
118.94829488
119.04162629
119.13549602
119.22978169
119.32401421
119.42978671
119.52599482
119.62175700
119.71333956
119.80794779
119.90398548
119.99930344
120.09290766
120.18598623
120.28029458
120.37586830
120.47084736
120.56563674
120.66003847
120.75342473
120.84920958
120.94388486
121.03844799
121.12617836
121.23486194
121.32282394
121.41969106
121.55111863
121.64837829
121.74564502
121.84349811
121.94237324
122.02835136
122.11730834
122.21395871
122.31152898
122.40970463
122.50813994
122.59386205
122.68264178
122.77333834
122.87929223
122.97625907
123.07199931
123.15976967
123.24666426
123.34529803
123.43174694
123.53028855
123.62770839
123.72544347
123.82322829
123.91189367
123.99768259
124.08530349
124.18231934
124.27907651
124.37885447
124.46557937
124.56351292
124.66109075
124.75800152
124.84734761
124.93421856
125.03054637
125.11730980
125.20398009
125.29366191
125.37962979
125.47758893
125.56418437
125.67347870
125.78203428
125.87033907
125.96522670
126.05421367
126.16339365
126.25980022
126.34603531
126.44566796
126.53303091
126.66222397
126.73867207
126.82662017
126.91328046
127.00067291
127.09774289
127.19466999
127.28238207
127.39195069
127.49015462
127.58707952
127.67316272
127.76146775
127.84793275
127.93432608
128.02227539
128.11044364
128.19683696
128.29342712
128.38059283
128.46840829
128.56638621
128.66359101
128.75250654
128.83727195
128.92545800
129.02286175
129.10929774
129.19676041
129.30441097
129.39336039
129.47905764
129.57711187
129.66541422
129.75217130
129.84968062
129.93704089
130.03534040
130.13336488
130.26309554
130.34973024
130.43679282
130.52412870
130.62116674
130.70866501
130.79473943
130.88393265
130.98056450
131.06866278
131.15491031
131.24140969
131.33044688
131.42704386
131.56817870
131.65497236
131.74212173
131.85165962
131.93772721
132.02534348
132.11113630
132.20987296
132.30677690
132.40522854
132.50286951
132.59078396
132.67767368
132.77471391
132.86208759
132.94985551
133.04670093
133.13539362
133.23245823
133.32063258
133.41628553
133.51312340
133.60276231
133.71047700
133.79791212
133.89554017
133.99218518
134.08176338
134.17826016
134.27501123
134.36248756
134.46073220
134.56058892
134.64555449
134.74308941
134.83187743
134.94001975
135.02730981
135.11345981
135.25583588
135.34187056
135.44033927
135.53649910
135.62579058
135.72234978
135.81090959
135.90760019
136.01524539
136.10391370
136.21160449
136.31041039
136.39720892
136.49534922
136.58197830
136.67910313
136.77675849
136.86419337
136.95119475
137.03923135
137.16922459
137.24433052
137.35485828
137.46169110
137.55942473
137.65941285
137.75704578
137.84400255
137.99562240
138.09367176
138.18091232
138.27067460
138.35869900
138.45504243
138.55210996
138.65118502
138.75979400
138.85714021
138.95804433
139.05337619
139.14217834
139.24906773
139.34716439
139.43487989
139.52229916
139.60992689
139.70566274
139.80420605
139.89120670
139.98899055
140.08667370
140.18549837
140.28228553
140.38179506
140.47897669
140.58628787
140.67501299
140.78479883
140.87159054
140.96873512
141.06649459
141.16664704
141.26030051
141.36018648
141.45982084
141.57787231
141.66705579
141.76246639
141.86014711
141.94724724
142.04465269
142.13376814
142.21945515
142.32604831
142.41504942
142.51208453
142.61094650
142.69762995
142.79457095
142.88316027
142.99063090
143.08878948
143.18658820
143.29596908
143.39491858
143.49027262
143.58186127
143.67602504
143.76303471
143.86083002
143.94831024
144.04533755
144.13411801
144.23015301
144.31689254
144.40540262
144.51349521
144.59976833
144.69913279
144.78573311
144.92368746
144.99923078
145.10904857
145.20959477
145.31539312
145.41911494
145.51296785
145.60671056
145.76523558
145.85928914
145.95184792
146.05665981
146.15005728
146.24340551
146.33796620
146.43214020
146.52420038
146.61764394
146.71165289
146.80361311
146.89923534
146.99122409
147.08595983
147.17970498
147.27235006
147.36625807
147.45923497
147.55364572
147.64662164
147.74035094
147.83342683
147.92629305
148.02029761
148.11571090
148.20842498
148.30127729
148.39512435
148.48715893
148.57949535
148.66866273
148.74880966
148.83864752
148.92755866
149.01959007
149.12161108
149.22164431
149.32217784
149.41367092
149.49344190
149.58193295
149.69386213
149.77527199
149.85368836
149.95412022
150.03389607
150.11431509
150.19460026
150.28166406
150.38348660
150.46380127
150.54297028
150.64402776
150.74535269
150.86849953
150.96024519
151.05761627
151.16001128
151.25153362
151.34117229
151.43127809
151.51131994
151.59074593
151.67026895
151.77118453
151.85054127
151.95247597
152.04288556
152.14407737
152.22209048
152.30200433
152.40342142
152.50348050
152.59479609
152.67340799
152.75449920
152.85416891
152.94561713
153.03654603
153.11551049
153.21437368
153.29603076
153.37477286
153.45429491
153.53262985
153.63461160
153.71525249
153.82494178
153.92664048
154.01684454
154.09671596
154.19714246
154.29970667
154.37908633
154.46891859
154.57030252
154.64936523
154.75083718
154.83104555
154.93112998
155.02205986
155.11132282
155.19205416
155.29217541
155.39438073
155.47303482
155.55400582
155.65359069
155.75436461
155.83560990
155.91564956
156.01491528
156.10556014
156.18548813
156.26489339
156.36477302
156.46647562
156.55625643
156.64764906
156.74703449
156.83768057
156.92919097
157.00838046
157.15292546
157.23278079
157.31242254
157.39204382
157.48146745
157.58262074
157.67269217
157.75250679
157.85238130
157.95389640
158.03408575
158.11455597
158.21336114
158.30486543
158.39591405
158.47474660
158.61863746
158.69834919
158.77786417
158.86876601
158.96854080
159.05918518
159.16149316
159.24140676
159.34082974
159.44255915
159.54489443
159.63410935
159.72482736
159.81397037
159.90524963
159.99656838
160.09664355
160.18625662
160.27653699
160.36807103
160.45692000
160.54724499
160.62933654
160.71843420
160.81922690
160.92014564
161.02079303
161.11140084
161.21153379
161.30324093
161.38198815
161.47372748
161.57251997
161.67465166
161.75519795
161.83358336
161.93358173
162.01407365
162.09390923
162.17279323
162.27425542
162.37517442
162.45583724
162.54540691
162.64641465
162.73671648
162.81665958
162.89638375
162.98467391
163.07598535
163.15490007
163.23481489
163.33596135
163.42626538
163.50559018
163.58568518
163.67457584
163.76657312
163.85661114
163.95908125
164.05834356
164.15994107
164.24057293
164.31899296
164.40810646
164.50946090
164.58907413
164.68890768
164.77985585
164.86098118
164.95068665
165.05153347
165.14182896
165.22161652
165.30146332
165.40226479
165.50377234
165.59358972
165.67329779
165.76292159
165.86474950
165.96555170
166.04573959
166.14640600
166.24664305
166.33701778
166.41669757
166.51744858
166.61838366
166.70919041
166.78836918
166.89027559
166.98016344
167.07037042
167.16177085
167.24044079
167.34130565
167.43399706
167.52310007
167.60125386
167.70376346
167.78282154
167.86288314
167.96120946
168.05298219
168.13387566
168.21319827
168.31305523
168.41429044
168.50581619
168.58427547
168.68625820
168.77561039
168.87654426
168.96837989
169.11160856
169.18993131
169.27160766
169.36223838
169.49316176
169.57429636
169.66390967
169.74372161
169.84323357
169.92415557
170.00358985
170.08406811
170.17319137
170.25311253
170.34375008
170.42237759
170.51256556
170.60239343
170.69280521
170.77272418
170.87384870
170.96435777
171.05520280
171.15598087
171.25579248
171.33484105
171.43729531
171.51814977
171.61664847
171.70845630
171.78839795
171.87875683
171.97928060
172.07042796
172.15016017
172.22870844
172.33056073
172.42000265
172.49870452
172.58946690
172.68967007
172.78260138
172.86419069
172.94601063
173.03771534
173.12954561
173.23285808
173.31377642
173.40539213
173.48622929
173.56861244
173.64996793
173.73151140
173.81313654
173.91389657
174.00655798
174.11021861
174.24494321
174.33777773
174.41895037
174.49865381
174.57999418
174.66266600
174.75458111
174.84593547
174.93788155
175.03016286
175.12127511
175.20404031
175.28420796
175.38835084
175.46833247
175.55047376
175.64294890
175.74561332
175.83702595
175.98281437
176.05363779
176.13426698
176.21576266
176.29736659
176.37780682
176.47131694
176.56313648
176.65508938
176.73490985
176.83857682
176.91924404
177.00141361
177.08387892
177.16447372
177.25702591
177.34926334
177.44031732
177.53262034
177.65670438
177.73739037
177.83028803
177.91107106
177.99263696
178.07502230
178.17721910
178.29102804
178.38472589
178.47547291
178.59835814
178.67126052
178.83355093
178.93844596
179.04382325
179.13872357
179.23357366
179.34040112
179.43684670
179.60781965
179.71380060
179.80758744
179.90299025
180.00988330
180.10540118
180.21040276
180.31596046
180.42315705
180.53989975
180.64542357
180.75046196
180.84758679
180.95309256
181.05873487
181.16436645
181.27030181
181.36496027
181.47341370
181.57836066
181.68517642
181.77843541
181.88448732
181.97971800
182.09708802
182.19379154
182.33219377
182.41602344
182.51088962
182.60605325
182.72246924
182.83012224
182.93522354
183.04086170
183.14647719
183.25282776
183.34696373
183.45464989
183.56011861
183.66600180
183.77191742
183.86638107
183.97391948
184.06860646
184.17468543
184.28118400
184.38688287
184.48150061
184.58629129
184.68216391
184.78920349
184.89622966
185.00141726
185.09734572
185.20194989
185.29658055
185.40338339
185.50949674
185.61581586
185.72235709
185.81618391
185.91189660
186.01735434
186.11418465
186.21904799
186.31366207
186.42026718
186.51651625
186.62039996
186.72813220
186.83375890
186.94022407
187.03539647
187.12920745
187.22470875
187.33031766
187.42702874
187.56486704
187.64905267
187.78758216
187.88317124
187.98839273
188.09551203
188.20243239
188.30632975
188.41380941
188.51940271
188.62515083
188.73211824
188.83634621
188.94327436
189.03831682
189.13292115
189.22771126
189.32259987
189.43016998
189.53661735
189.64233475
189.73683424
189.85290256
189.96118435
190.06776118
190.17297267
190.27942223
190.37388540
190.46911534
190.57497781
190.69174586
190.79844069
190.93689095
191.01000618
191.12689614
191.22229455
191.32783202
191.42516872
191.51835555
191.62436747
191.71988755
191.81405180
191.92067373
192.02758336
192.13431330
192.24003509
192.34556524
192.43987408
192.54639775
192.65157073
192.75922983
192.86439866
192.97060367
193.07667996
193.18282013
193.28837637
193.36573778
