5139.57912647
5139.64806158
5139.71642155
5139.77366480
5139.84116997
5139.92096606
5139.99009988
5140.05732248
5140.12481327
5140.18115930
5140.25043477
5140.31829884
5140.38721396
5140.45565171
5140.52272948
5140.58103232
5140.64719289
5140.71650201
5140.78363611
5140.85299813
5140.92226678
5141.01027534
5141.06751151
5141.12479694
5141.18357325
5141.24091719
5141.30765827
5141.36780357
5141.44275712
5141.51115756
5141.57976939
5141.64775194
5141.71728634
5141.78468668
5141.85189709
5141.91891319
5142.00768731
5142.06573049
5142.12255462
5142.19114304
5142.25029263
5142.31840538
5142.38612852
5142.45373488
5142.52082168
5142.57866396
5142.64756129
5142.70401264
5142.77321789
5142.83761743
5142.90948021
5142.97642828
5143.03499662
5143.10202174
5143.17039658
5143.23769769
5143.30721478
5143.36388361
5143.43277655
5143.50053260
5143.56844591
5143.62600196
5143.69271476
5143.75034639
5143.80832180
5143.87593278
5143.94430787
5144.01378693
5144.07068494
5144.13853364
5144.20725567
5144.26416318
5144.32355341
5144.40093847
5144.45760511
5144.52573882
5144.59325765
5144.64969047
5144.71989657
5144.77658441
5144.84406691
5144.91195146
5144.98138468
5145.04823864
5145.11736076
5145.17501360
5145.23248773
5145.28913072
5145.34556183
5145.41504162
5145.48066922
5145.53878432
5145.60803542
5145.67482111
5145.73366667
5145.79108229
5145.85931401
5145.91800475
5145.97375174
5146.04139735
5146.10117645
5146.17726835
5146.23369776
5146.30336015
5146.37161090
5146.42948951
5146.49803014
5146.56540805
5146.63301831
5146.69895433
5146.75789521
5146.81468156
5146.88521265
5146.94164084
5146.99983957
5147.06629393
5147.13517200
5147.20359950
5147.26062405
5147.31664532
5147.38498896
5147.45368319
5147.52143388
5147.59095000
5147.65757624
5147.71503355
5147.78403986
5147.85043448
5147.91961121
5147.98857973
5148.05626313
5148.11283834
5148.17082666
5148.23973740
5148.30779212
5148.37556670
5148.44360265
5148.51067336
5148.57919083
5148.64764442
5148.70453073
5148.77336125
5148.84123775
5148.90984373
5148.97696636
5149.04539582
5149.10327760
5149.17025834
5149.22736237
5149.28404754
5149.34339778
5149.40083826
5149.46927382
5149.52615525
5149.59289218
5149.66034640
5149.71910126
5149.77635499
5149.84506214
5149.91381172
5149.98046625
5150.03874665
5150.09609449
5150.16212316
5150.22050694
5150.28788485
5150.35657299
5150.42453019
5150.50505990
5150.56070156
5150.62030244
5150.67612452
5150.73341140
5150.79263072
5150.86935383
5150.93737125
5150.99510480
5151.06325558
5151.12036278
5151.17875046
5151.23596201
5151.30296445
5151.36984499
5151.42798594
5151.48525356
5151.55238522
5151.61061663
5151.66838016
5151.73635808
5151.80523224
5151.87387284
5151.94180224
5152.00968654
5152.07646541
5152.13408607
5152.19223945
5152.26122041
5152.32851127
5152.39583164
5152.45381997
5152.52053423
5152.58027822
5152.64800185
5152.70449489
5152.77222437
5152.84082157
5152.90938098
5152.97853357
5153.04579908
5153.10266101
5153.17000844
5153.23870730
5153.30574924
5153.36362810
5153.43321662
5153.48968553
5153.55782875
5153.61532897
5153.67479454
5153.73945153
5153.79757176
5153.86540510
5153.93319358
5154.00227401
5154.06963412
5154.12694660
5154.19555697
5154.26431264
5154.33139188
5154.40020607
5154.46964977
5154.52527827
5154.58161868
5154.64228818
5154.69879853
5154.76766538
5154.83335052
5154.90148156
5154.96956553
5155.03856745
5155.10518395
5155.17381333
5155.24386850
5155.31077342
5155.37956591
5155.43658875
5155.50271908
5155.57101713
5155.62913126
5155.69836138
5155.75461793
5155.82400068
5155.89044675
5155.95927044
5156.02731956
5156.09494396
5156.16282045
5156.22324980
5156.30021306
5156.35817311
5156.42596866
5156.49553354
5156.56090538
5156.62990706
5156.68718443
5156.75509823
5156.81201160
5156.88039839
5156.94790454
5157.03894365
5157.09803400
5157.15497077
5157.21030206
5157.26849884
5157.33525796
5157.40344044
5157.46169939
5157.51841235
5157.58743305
5157.64469848
5157.71338223
5157.77069154
5157.82842899
5157.89419020
5157.96219981
5158.03203922
5158.09838313
5158.15694587
5158.22497207
5158.29262011
5158.34986921
5158.40779146
5158.47403614
5158.54463965
5158.61162648
5158.68083028
5158.73774170
5158.80570109
5158.87417053
5158.94212407
5159.01040675
5159.07717611
5159.13498548
5159.20355123
5159.27268188
5159.34075928
5159.39674666
5159.46414626
5159.52289942
5159.59032633
5159.65812286
5159.71547338
5159.79426522
5159.85150041
5159.93044756
5160.02175217
5160.07905369
5160.13628108
5160.20497849
5160.26121041
5160.32930609
5160.39623758
5160.45427053
5160.52215019
5160.59092415
5160.64802916
5160.71843152
5160.78535691
5160.85247151
5160.91999472
5160.98874552
5161.05622534
5161.12419448
5161.20385428
5161.25193103
5161.30744884
5161.36413278
5161.42198994
5161.48930421
5161.55828272
5161.62613265
5161.69442313
5161.76453707
5161.83222120
5161.88818664
5161.95680748
5162.02647500
5162.09252634
5162.16058155
5162.23034879
5162.29708646
5162.36532208
5162.42236882
5162.49189395
5162.55849850
5162.62773569
5162.69514578
5162.78476738
5162.84452454
5162.91049396
5162.97827367
5163.04679236
5163.11400911
5163.18196948
5163.24184879
5163.30765949
5163.37717024
5163.44491386
5163.51330065
5163.58006050
5163.64831051
5163.71681311
5163.78783523
5163.85357816
5163.92206540
5163.98840419
5164.05710232
5164.12506708
5164.19447714
5164.27289302
5164.32145885
5164.37686718
5164.44713959
5164.51459406
5164.58139243
5164.63919619
5164.71630818
5164.77595977
5164.84978936
5164.91899584
5164.98725292
5165.05629263
5165.12338674
5165.19020925
5165.25902173
5165.32717252
5165.39476473
5165.46358502
5165.53324620
5165.60055706
5165.66853010
5165.72541348
5165.79445368
5165.86151342
5165.92226629
5165.98759255
5166.05524498
5166.11360658
5166.18162254
5166.24948757
5166.30716870
5166.37499497
5166.46426890
5166.53281660
5166.60044929
5166.65837301
5166.73585681
5166.78357930
5166.84056362
5166.90945851
5166.97830927
5167.04479824
5167.11184750
5167.18185732
5167.24916672
5167.31826324
5167.37465437
5167.43203659
5167.48892557
5167.54754463
5167.61409091
5167.67393438
5167.74168507
5167.80789879
5167.86648176
5167.92252961
5167.98014808
5168.04915000
5168.11646573
5168.17663517
5168.25182839
5168.32104193
5168.37783218
5168.44614168
5168.51563293
5168.57252094
5168.63958116
5168.70877155
5168.77598684
5168.83275831
5168.89119061
5168.94788943
5169.01543922
5169.08363023
5169.15175932
5169.22150729
5169.27856378
5169.33626611
5169.40410190
5169.55658167
5169.62642156
5169.69570020
5169.77341879
5169.83194594
5169.88885882
5169.94528945
5170.00380757
5170.07096190
5170.13887156
5170.20615170
5170.27499685
5170.33234761
5170.38880286
5170.44596882
5170.51571729
5170.57380996
5170.64088091
5170.70873400
5170.77699743
5170.83304040
5170.89243696
5170.94914407
5171.00539574
5171.07541288
5171.14353685
5171.21109347
5171.27801618
5171.34695618
5171.40408483
5171.46060006
5171.51710675
5171.58692885
5171.64269729
5171.70155943
5171.76816544
5171.82621739
5171.89369941
5171.96399327
5172.02070526
5172.08846156
5172.15646020
5172.22637884
5172.29247992
5172.34901368
5172.41781397
5172.47595590
5172.54349057
5172.61117251
5172.67993330
5172.74699743
5172.80675069
5172.87381286
5172.94051420
5173.00907848
5173.07775882
5173.14627726
5173.20316162
5173.27088257
5173.33959948
5173.40765542
5173.47630089
5173.54502048
5173.61223308
5173.67951736
5173.74788319
5173.80584591
5173.88479988
5173.93135160
5173.98779637
5174.05555267
5174.11477516
5174.18112858
5174.25028483
5174.31467412
5174.38651252
5174.45490638
5174.52334705
5174.59196839
5174.66076307
5174.71558821
5174.78322431
5174.84132967
5174.90842159
5174.96722106
5175.03525433
5175.09223914
5175.15992132
5175.22954129
5175.29663833
5175.36511777
5175.42492126
5175.50062379
5175.56869436
5175.63740882
5175.70695663
5175.77490335
5175.84107342
5175.91085627
5175.96767236
5176.05580843
5176.11292440
5176.18097473
5176.25046110
5176.34108720
5176.39762096
5176.45485957
5176.52466094
5176.58228623
5176.64944861
5176.70478015
5176.76192709
5176.82008974
5176.87740295
5176.94715971
5177.01422456
5177.08175241
5177.13897591
5177.20603247
5177.27563295
5177.34347434
5177.41096708
5177.46979045
5177.53876067
5177.60567583
5177.67373250
5177.74343562
5177.81025106
5177.87860786
5177.94653702
5178.01434427
5178.08263964
5178.15066461
5178.21975820
5178.27649042
5178.34478286
5178.40369571
5178.46931624
5178.53879822
5178.60576555
5178.67393828
5178.74312647
5178.79898024
5178.85783872
5178.91482792
5178.98212025
5179.03890123
5179.09972116
5179.17487707
5179.23359267
5179.32304726
5179.38102706
5179.44892647
5179.50591884
5179.56517180
5179.63009674
5179.69947827
5179.75591963
5179.82521558
5179.88075557
5179.95054939
5180.01779247
5180.07552431
5180.14348150
5180.21081699
5180.30070458
5180.36992301
5180.42622368
5180.49534288
5180.55354502
5180.62062402
5180.67872352
5180.73531482
5180.80309867
5180.87089178
5180.92871432
5180.99784936
5181.05572163
5181.12146870
5181.19060618
5181.24763731
5181.30563538
5181.37132564
5181.44196864
5181.50971421
5181.57647431
5181.63526550
5181.69296369
5181.74966958
5181.81878146
5181.87654401
5181.93327794
5182.01006274
5182.06907116
5182.13642688
5182.20573015
5182.27164301
5182.34053278
5182.39793669
5182.46605310
5182.53362581
5182.59269006
5182.67090285
5182.73790895
5182.80705716
5182.86292922
5182.92158777
5182.99037270
5183.05855640
5183.11512112
5183.18379195
5183.23952236
5183.30759463
5183.36647262
5183.42322776
5183.49192443
5183.54839285
5183.61683669
5183.67563665
5183.74204859
5183.80947867
5183.86718101
5183.92460906
5183.98189156
5184.04966053
5184.11847960
5184.18680690
5184.25528243
5184.32287733
5184.37896248
5184.43709490
5184.50468711
5184.57357468
5184.64233377
5184.71052332
5184.76914311
5184.82507856
5184.89235114
5184.94920551
5185.01799410
5185.08774793
5185.15437173
5185.22312740
5185.28027654
5185.33853305
5185.39458309
5185.45222570
5185.52972974
5185.59045970
5185.65577010
5185.72498584
5185.80305771
5185.85083482
5185.90749072
5185.96575699
5186.03228108
5186.10000202
5186.15736644
5186.22725071
5186.28366037
5186.34093043
5186.40901441
5186.46746890
5186.53644424
5186.60221057
5186.67047424
5186.76115153
5186.81753974
5186.88581072
5186.95395004
5187.02335888
5187.09051541
5187.14688167
5187.20484293
5187.27150794
5187.33019746
5187.39668034
5187.45552468
5187.51211720
5187.58056640
5187.65063328
5187.71829913
5187.77534879
5187.84274522
5187.91146506
5187.97843946
5188.04683722
5188.11515453
5188.18311855
5188.24002144
5188.29874753
5188.35565456
5188.41291463
5188.51206868
5188.56870411
5188.63919302
5188.70654021
5188.78546980
5188.83170578
5188.90149106
5188.96918446
5189.02604858
5189.09274285
5189.15187293
5189.21930106
5189.28740333
5189.34408727
5189.40195711
5189.47003377
5189.52805501
5189.59617507
5189.66257579
5189.75359930
5189.80918122
5189.87793763
5189.93549929
5190.00461921
5190.06238347
5190.12095328
5190.17663566
5190.24394335
5190.30085867
5190.36239028
5190.42730132
5190.48516920
5190.55227648
5190.62001913
5190.68980343
5190.75695533
5190.82481695
5190.89232896
5190.96176266
5191.02970596
5191.09725698
5191.15405527
5191.22124081
5191.29151005
5191.36063485
5191.41933217
5191.49514929
5191.56288024
5191.63167467
5191.69966844
5191.76734989
5191.82576025
5191.88494763
5191.93999659
5192.00781579
5192.06606719
5192.14380406
5192.21379561
5192.28124300
5192.34850095
5192.41722810
5192.47321231
5192.53285366
5192.59952769
5192.66723913
5192.72428050
5192.78203136
5192.83994605
5192.90742099
5192.97533333
5193.03415012
5193.09177102
5193.15970067
5193.22549333
5193.29456522
5193.35091856
5193.40922311
5193.47685336
5193.54649430
5193.61405385
5193.67091504
5193.74015809
5193.80678677
5193.87450796
5193.94289987
5194.01131665
5194.08770526
5194.15569098
5194.21377391
5194.27005484
5194.34718414
5194.40588926
5194.46454002
5194.53217027
5194.60017964
5194.67010340
5194.72770431
5194.78605104
5194.84444433
5194.90248849
5194.96096370
5195.01837200
5195.07599925
5195.13442496
5195.19276901
5195.25091264
5195.30936347
5195.36744932
5195.42522187
5195.48402452
5195.55177619
5195.60933346
5195.66899968
5195.72608810
5195.78405741
5195.85459533
5195.91061660
5195.96856470
5196.02919079
5196.09589628
5196.15513754
5196.21168885
5196.26963475
5196.32856369
5196.38730173
5196.44400859
5196.51279840
5196.57018281
5196.62990413
5196.68703717
5196.74592247
5196.80321082
5196.86174333
5196.91982601
5196.97810715
5197.03648825
5197.09479718
5197.15351499
5197.20982030
5197.26966937
5197.32712132
5197.38764331
5197.46341849
5197.52368400
5197.58078656
5197.63796276
5197.70677353
5197.76595433
5197.82339920
5197.88164914
5197.93911644
5197.99805391
5198.05678196
5198.11382040
5198.17246530
5198.22922873
5198.28822813
5198.34628399
5198.41594493
5198.47442161
5198.53330837
5198.59012202
5198.64809767
5198.70798063
5198.76495447
5198.83317742
5198.89172455
5198.94844190
5199.00761928
5199.06511219
5199.12315244
5199.18127267
5199.23820530
5199.29843667
5199.36577386
5199.42526064
5199.51596817
5199.56231777
5199.62115089
5199.67995817
5199.73786945
5199.79559081
5199.85305250
5199.91282819
5199.96929174
5200.02816021
5200.08510235
5200.14278348
5200.21194485
5200.28053985
5200.41517132
5200.46246812
5200.52025043
5200.57802908
5200.63775820
5200.69503314
5200.75449895
5200.81108269
5200.86907443
5200.92779101
5200.98482556
5201.04372695
5201.10124765
5201.15936348
5201.21741959
5201.28683964
5201.34433035
5201.40246130
5201.46260149
5201.52075487
5201.57833774
5201.63659401
5201.69477373
5201.76212555
5201.82027625
5201.87982422
5201.93626655
5201.99513210
5202.05263354
5202.10957983
5202.16795215
5202.23744705
5202.29640867
5202.35269983
5202.41203837
5202.47133254
5202.52912070
5202.58692666
5202.64530239
5202.70363863
5202.76249882
5202.82060686
5202.87732079
5202.93576796
5202.99358026
5203.05059188
5203.10734166
5203.16896396
5203.24540962
5203.30452142
5203.36096838
5203.42018282
5203.47915467
5203.53696916
5203.58521804
5203.64583975
5203.71349170
5203.77156219
5203.82968558
5203.88674280
5203.94609572
5204.02616878
5204.08367607
5204.14254308
5204.19923727
5204.25848974
5204.31682403
5204.37464120
5204.43452149
5204.49136659
5204.54873954
5204.60575239
5204.66458332
5204.72046781
5204.78169124
5204.83950890
5204.89565671
5204.95494722
5205.02407714
5205.08196380
5205.14029370
5205.19721097
5205.25606189
5205.31362477
5205.37272657
5205.43114863
5205.48817074
5205.54615321
5205.60343620
5205.66184948
5205.72181705
5205.77954084
5205.83741677
5205.90517161
5205.96584208
5206.02126553
5206.07954813
5206.13786706
5206.22870747
5206.28703859
5206.34496352
5206.40354455
5206.46138195
5206.51807395
5206.57697119
5206.63552881
5206.69385140
5206.75180218
5206.80993898
5206.87794738
5206.94770145
5207.00531480
5207.06385291
5207.12214039
5207.17973423
5207.23755994
5207.29562214
5207.35328351
5207.41162000
5207.46999062
5207.52869988
5207.58780876
5207.65457885
5207.71326227
5207.78127677
5207.84079451
5207.89928874
5207.95671313
5208.01528318
5208.07337732
5208.14094711
5208.20035879
5208.25859702
5208.31630740
5208.37482235
5208.43197295
5208.48908137
5208.54857814
5208.60680223
5208.67611135
5208.74518202
5208.80206199
5208.85931962
5208.91842825
5208.98725950
5209.05569774
5209.11355587
5209.17192600
5209.22958786
5209.28753255
5209.34696203
5209.40507665
5209.46217068
5209.52022507
5209.57985692
5209.63676907
5209.72725229
5209.77428188
5209.83210588
5209.89053135
5209.94872204
5210.00693394
5210.06568002
5210.12317780
5210.18243783
5210.24005240
5210.29825771
5210.35758748
5210.42459675
5210.49326806
5210.55085873
5210.61900513
5210.68978881
5210.74818356
5210.80695744
5210.86247232
5210.92094972
5210.97907531
5211.03716555
5211.09510073
5211.15504928
5211.21237152
5211.27033497
5211.32855297
5211.38746801
5211.44626529
5211.50206836
5211.56128816
5211.62955548
5211.68902763
5211.75697191
5211.81512017
5211.88319220
5211.97283014
5212.03201020
5212.08984591
5212.14762260
5212.20688020
5212.26440870
5212.32207715
5212.37983897
5212.43880644
5212.50752578
5212.56616386
5212.63459551
5212.69276669
5212.74962520
5212.80906956
5212.86649298
5212.92534170
5212.98317375
5213.04238283
5213.10092582
5213.15842701
5213.21695806
5213.27415522
5213.33205553
5213.40102673
5213.45966505
5213.51679907
5213.57536766
5213.63290542
5213.69156130
5213.74842298
5213.81697385
5213.88646510
5213.94437175
5214.02636163
5214.07366989
5214.13028435
5214.18753540
5214.24578850
5214.30437660
5214.36231201
5214.42012967
5214.48994128
5214.54966626
5214.60620221
5214.66325870
5214.72301123
5214.79021749
5214.84889531
5214.90826140
5214.96589718
5215.02268499
5215.08093346
5215.13837102
5215.19716318
5215.25462195
5215.31382201
5215.38240750
5215.46199075
5215.51017940
5215.56770034
5215.62540488
5215.68339271
5215.74140639
5215.80026341
5215.85874472
5215.92691744
5215.98533219
5216.04276536
5216.10118986
5216.15781822
5216.22769639
5216.28492184
5216.35429240
5216.45605131
5216.51442485
5216.57207380
5216.63145305
5216.68993290
5216.74851831
5216.80458932
5216.86429894
5216.92226434
5216.97903167
5217.03673377
5217.09538988
5217.15365688
5217.21173932
5217.27088647
5217.33906431
5217.39658331
5217.45437829
5217.51226787
5217.57124070
5217.63993591
5217.69877269
5217.75591183
5217.81400718
5217.87219299
5217.93078158
5218.00020846
5218.05774257
5218.11592472
5218.17461716
5218.24396749
5218.30163277
5218.35811313
5218.41564529
5218.47444964
5218.53351829
5218.59150271
5218.65070984
5218.70664553
5218.76735965
5218.82342285
5218.88294571
5218.93995563
5219.00887417
5219.07778344
5219.14499922
5219.21521116
5219.27384119
5219.33045760
5219.39006336
5219.44707450
5219.50584130
5219.56425410
5219.62124330
5219.67898903
5219.75893043
5219.80574814
5219.86456030
5219.92236699
5219.98176160
5220.04000447
5220.10825716
5220.16731752
5220.22378203
5220.28389491
5220.34111670
5220.39889486
5220.45798374
5220.53635354
5220.60593378
5220.66406327
5220.72050073
5220.78051389
5220.83763742
5220.89554724
5220.96270669
5221.01951035
5221.08923687
5221.14703624
5221.20483440
5221.26382210
5221.32103828
5221.37979558
5221.43736260
5221.49440397
5221.55481576
5221.61115422
5221.67008292
5221.72819681
5221.78619611
5221.84398329
5221.90343715
5221.97340139
5222.03938690
5222.10862678
5222.16674773
5222.23476466
5222.29412807
5222.35185430
5222.40891884
5222.46804648
5222.52553987
5222.58338996
5222.64289600
5222.69984155
5222.75752024
5222.81528669
5222.88599723
5222.94429592
5223.00232106
5223.06016749
5223.11804440
5223.17593666
5223.23444357
5223.29287660
5223.35954746
5223.41880530
5223.47703914
5223.54494880
5223.60289470
5223.66171441
5223.71982464
5223.77891547
5223.84660424
5223.91663259
5223.97460873
5224.03288719
5224.09003047
5224.14898282
5224.20617705
5224.26408322
5224.32201376
5224.38114287
5224.43986628
5224.49783510
5224.55496741
5224.61371447
5224.67127734
5224.73960586
5224.80820501
5224.86675849
5224.92512569
5224.98464319
5225.04090120
5225.10047038
5225.15804204
5225.21650067
5225.27392848
5225.33300590
5225.38899230
5225.47038364
5225.51656623
5225.57520041
5225.63325505
5225.70136731
5225.76165353
5225.81768456
5225.87543176
5225.93481296
5226.00346014
5226.06154380
5226.11939803
5226.17568237
5226.26779594
5226.32575013
5226.38495043
5226.44150638
5226.49970853
5226.55862747
5226.61522852
5226.68571597
5226.74394104
5226.80173773
5226.85955782
5226.91689298
5226.97638976
5227.03473624
5227.09233081
5227.15059025
5227.20868024
5227.26734660
5227.32443990
5227.38356438
5227.44180066
5227.49974997
5227.55666798
5227.62650689
5227.68306723
5227.74189743
5227.79848214
5227.85678205
5227.91408601
5227.97387803
5228.03084455
5228.09076092
5228.14813265
5228.20596713
5228.26510014
5228.32182359
5228.38031611
5228.43944839
5228.49768467
5228.56606609
5228.62403369
5228.68403881
5228.73987893
5228.79826101
5228.85686373
5228.91458216
5228.97393582
5229.03369005
5229.10964175
5229.16851901
5229.22522270
5229.28490696
5229.34188397
5229.40117716
5229.46850387
5229.52687790
5229.58583195
5229.65494359
5229.73403555
5229.78135308
5229.83966908
5229.89775834
5229.95660975
5230.01479118
5230.07314253
5230.13028947
5230.18840628
5230.24698438
5230.30464210
5230.37373228
5230.44245919
5230.51280474
5230.57966650
5230.63860227
5230.69538276
5230.75355882
5230.81209986
5230.87028665
5230.92925972
5230.99804124
5231.05545734
5231.11289124
5231.19427794
5231.24122854
5231.29925051
5231.36798521
5231.48054268
5231.53880261
5231.59549558
5231.65496285
5231.71381986
5231.77058134
5231.83015467
5231.88803791
5231.95358993
5232.02384625
5232.08128649
5232.14003380
5232.19682648
5232.25822277
5232.32478197
5232.38425655
5232.44070498
5232.49957443
5232.55715559
5232.61508614
5232.67315029
5232.73284162
5232.79064709
5232.84914887
5232.90705382
5232.96486294
5233.02191991
5233.07990726
5233.13977414
5233.20972862
5233.26691920
5233.32419268
5233.39203895
5233.48360980
5233.54055852
5233.59986317
5233.65836667
5233.71605608
5233.77432771
5233.83227727
5233.88991793
5233.94760661
5234.00541817
5234.06419449
5234.12227766
5234.19118571
5234.24833021
5234.30665889
5234.36557808
5234.43432376
5234.49295623
5234.54988764
5234.60834944
5234.66716477
5234.72566631
5234.78242169
5234.85120541
5234.90965892
5234.96743098
5235.02750851
5235.11700479
5235.17422122
5235.23244116
5235.29087858
5235.34840513
5235.40715561
5235.46430864
5235.54532426
5235.59295801
5235.65039679
5235.70918286
5235.76695541
5235.82539527
5235.89397784
5235.96249507
5236.02156347
5236.09090526
5236.14729322
5236.20684607
5236.26357073
5236.33180026
5236.38982516
5236.44805168
5236.56110530
5236.61990259
5236.67696907
5236.73395973
5236.79236107
5236.85125734
5236.90841573
5236.96799784
5237.02664079
5237.09516875
5237.15293033
5237.21059951
5237.26844643
5237.32695748
5237.38674804
5237.44263887
5237.50175189
5237.55950397
5237.61772220
5237.67678719
5237.73262463
5237.82347917
5237.88171789
5237.94030038
5237.99783083
5238.06695977
5238.12519581
5238.18360105
5238.24272235
5238.29949261
5238.35811776
5238.41516815
5238.47411172
5238.54216596
5238.60043856
5238.65858073
5238.71755234
5238.77802484
5238.83359628
5238.89280292
5238.96226491
5239.02023300
5239.07658073
5239.13540947
5239.19298502
5239.25070223
5239.30976941
5239.36972942
5239.42464551
5239.48233614
5239.54246974
5239.60035640
5239.65728025
5239.71724587
5239.77418679
5239.83366040
5239.90031785
5239.95915537
5240.01875283
5240.07543751
5240.13321201
5240.19296015
5240.25010929
5240.31906732
5240.37792190
5240.43449833
5240.49288991
5240.54978036
5240.62908883
5240.68865655
5240.74567988
5240.81454966
5240.87252872
5240.93130187
5240.99002528
5241.04701910
5241.10603850
5241.16360211
5241.22154630
5241.30038056
5241.34866845
5241.40604603
5241.46568909
5241.52310202
5241.63519431
5241.69362173
5241.76199218
5241.81954263
5241.87748780
5241.93704114
5241.99636480
5242.05192528
5242.11362804
5242.17971960
5242.24775970
5242.30611788
5242.36322727
5242.42330602
5242.48227202
5242.53790051
5242.59623968
5242.66507825
5242.72448433
5242.78333549
5242.84119435
5242.89937261
5242.95619796
5243.01443546
5243.07295553
5243.12991669
5243.18951830
5243.24843456
5243.30472597
5243.36319777
5243.42184950
5243.47790540
5243.53676241
5243.60554320
5243.66345594
5243.72199138
5243.78057728
5243.83741750
5243.89546410
5243.95336368
5244.01203686
5244.08143229
5244.14035904
5244.19790192
5244.25674066
5244.31401169
5244.37289090
5244.43085655
5244.48826826
5244.55812669
5244.61480356
5244.67477918
5244.73260902
5244.79157990
5244.84941292
5244.91627688
5244.97393557
5245.03126829
5245.09019041
5245.14925734
5245.20765088
5245.26555997
5245.32317965
5245.39154864
5245.46090141
5245.52950494
5245.58825225
5245.64593971
5245.70406798
5245.76251321
5245.82045643
5245.87808099
5245.94884297
5246.00621909
5246.06397092
5246.12212601
5246.17997975
5246.23846837
5246.30559150
5246.37499522
5246.44391400
5246.50143616
5246.55932257
5246.61782972
5246.67672039
5246.73415453
5246.80370210
5246.86097314
5246.92008396
5246.97865206
5247.05722350
5247.10389736
5247.21769826
5247.27714139
5247.33566317
5247.39140528
5247.46240571
5247.51876953
5247.57660792
5247.63530304
5247.69395380
5247.80202762
5247.87082864
5247.92973125
5247.99841231
5248.05539102
5248.11417514
5248.17268815
5248.22914998
5248.28753181
5248.34578711
5248.41467907
5248.47323206
5248.53197107
5248.58901781
5248.64767173
5248.70583779
5248.76483866
5248.82113446
5248.88016604
5248.93909620
5248.99650670
5249.05564532
5249.11253675
5249.17045583
5249.22982899
5249.28714928
5249.35469078
5249.41397324
5249.48278329
5249.54022670
5249.59798584
5249.66607714
5249.72520624
5249.78436412
5249.84141232
5249.89920560
5249.95808992
5250.01683942
5250.07592367
5250.13303330
5250.18937786
5250.27075359
5250.32929878
5250.38828087
5250.44760381
5250.50649739
5250.56650056
5250.62574060
5250.68380012
5250.74468197
5250.80471927
5250.86359506
5250.92318546
5250.98143027
5251.04124716
5251.10121863
5251.17186992
5251.23167950
5251.28937745
5251.34927480
5251.40831370
5251.46811767
5251.52699200
5251.59961473
5251.65840495
5251.71812919
5251.77649567
5251.83650176
5251.89633864
5251.95531635
5252.01577105
5252.08539053
5252.14486390
5252.26865391
5252.32885919
5252.38882066
5252.44773619
5252.50904203
5252.56739119
5252.62608535
5252.68565892
5252.74578838
5252.80346731
5252.86312134
5252.92375890
5252.98381131
5253.05300560
5253.11307117
5253.17097246
5253.23261963
5253.30179734
5253.36130142
5253.42218230
5253.48022036
5253.54034275
5253.59896230
5253.65865412
5253.71833399
5253.77832033
5253.83693793
5253.89653076
5253.95661536
5254.02576406
5254.08503116
5254.14583816
5254.20467373
5254.26421268
5254.32500310
5254.38270105
5254.44316794
5254.50308333
5254.56153514
5254.62074202
5254.68054746
5254.74026780
5254.79942715
5254.85836876
5254.91878129
5254.98897202
5255.04861630
5255.10897615
5255.16653586
5255.22655292
5255.29668051
5255.35638452
5255.41468517
5255.47525275
5255.53382768
5255.59452619
5255.65372088
5255.71410049
5255.77489945
5255.83189376
5255.89196495
5255.96263769
5256.02090591
5256.08198696
5256.14171827
5256.20088152
5256.25921410
5256.31810793
5256.37798505
5256.43868599
5256.49770319
5256.55769002
5256.61670162
5256.67641221
5256.73548012
5256.79530360
5256.86064911
5256.92544654
5256.98478313
5257.04336977
5257.10249302
5257.16272903
5257.22033506
5257.28025362
5257.34132930
5257.40111304
5257.45984327
5257.51872321
5257.57932249
5257.63833457
5257.69786767
5257.75653598
5257.88820127
5257.95262884
5258.01170845
5258.07073565
5258.13010637
5258.18951903
5258.25126763
5258.30863131
5258.36723769
5258.42716406
5258.48693902
5258.54564365
5258.60672567
5258.66532157
5258.72646284
5258.78426343
5258.85416476
5258.91353427
5258.97376247
5259.03498273
5259.10356261
5259.16287434
5259.22331246
5259.28231186
5259.34208267
5259.40189664
5259.46131954
5259.51902797
5259.57994371
5259.63836821
5259.69745149
5259.76882396
5259.82844874
5259.88895366
5259.94741424
5260.00637244
5260.06689760
5260.12567684
5260.18463309
5260.24496223
5260.32648059
5260.37493304
5260.43447005
5260.49301474
5260.55052959
5260.61237132
5260.67229427
5260.73203705
5260.79104815
5260.85045886
5260.90853788
5260.98070420
5261.04050842
5261.09817516
5261.15939469
5261.21828194
5261.27817929
5261.33677153
5261.39635729
5261.45525942
5261.51648163
5261.57452676
5261.64352746
5261.70419232
5261.76417086
5261.82257757
5261.88125733
5261.94244712
5262.00112323
5262.06199533
5262.11991978
5262.18039983
5262.23867829
5262.31000542
5262.36948244
5262.42885878
5262.48936736
5262.54794156
5262.61775634
5262.67741110
5262.73667869
5262.79714582
5262.86598073
5262.97992865
5263.03860329
5263.09841068
5263.15842262
5263.21891706
5263.27938030
5263.33714944
5263.39816124
5263.45613079
5263.51525844
5263.57445703
5263.64557522
5263.70520023
5263.76565664
5263.82490570
5263.88247053
5263.94124051
5264.01369525
5264.07162677
5264.13098067
5264.19049744
5264.25074977
5264.31070564
5264.37025800
5264.42949853
5264.48875076
5264.54953070
5264.61833221
5264.67817471
5264.74797413
5264.80702473
5264.86732607
5264.92889474
5264.98790560
5265.04543581
5265.10572081
5265.16400537
5265.22523002
5265.28361380
5265.34215240
5265.40120642
5265.46171670
5265.52123371
5265.59106678
5265.65210857
5265.71154122
5265.76100427
5265.82067147
5265.88022968
5265.96148984
5266.01049940
5266.06901167
5266.12988207
5266.18960363
5266.24855939
5266.30849429
5266.36710823
5266.42641824
5266.48637460
5266.59960522
5266.65941944
5266.71912028
5266.77783589
5266.83613117
5266.89635400
5266.95616407
5267.01625769
5267.07555478
5267.13496768
5267.19470632
5267.25397318
5267.31372985
5267.37236500
5267.43302084
5267.49153970
5267.56174994
5267.64241130
5267.69127019
5267.75162566
5267.80976783
5267.86940942
5267.92955083
5268.04439840
5268.10292676
5268.16187813
5268.22178158
5268.28158872
5268.34059129
5268.40100113
5268.45943733
5268.52946666
5268.58880594
5268.64769709
5268.70747619
5268.76790675
5268.82782556
5268.88661675
5268.94607890
5269.00610572
5269.06593212
5269.12420107
5269.18484521
5269.24420155
5269.32437603
5269.37300549
5269.43296452
5269.49456098
5269.56194425
5269.62262374
5269.71442085
5269.77456397
5269.83321448
5269.89211855
5269.95321739
5270.01205320
5270.07161531
5270.12976479
5270.18970969
5270.24954487
5270.30852452
5270.36838750
5270.43865308
5270.49798211
5270.55752545
5270.61677037
5270.67652997
5270.73632565
5270.79617156
5270.85478282
5270.91511171
5270.97345112
5271.03395751
5271.09197241
5271.15164692
5271.21101301
5271.27153232
5271.34195004
5271.40116131
5271.46076512
5271.52048449
5271.58020361
5271.63861446
5271.69883462
5271.75882120
5271.81705529
5271.87598472
5271.93621048
5271.99476030
5272.05475420
5272.11348419
5272.17413418
5272.23523400
5272.30347231
5272.36361200
5272.42352837
5272.48204674
5272.54184803
5272.60177074
5272.65966130
5272.71936067
5272.77928728
5272.83874919
5272.89746894
5272.95888059
5273.01765789
5273.07734971
5273.13593414
5273.19713271
5273.25606750
5273.31494304
5273.37446566
5273.43443201
5273.49211996
5273.55243398
5273.61148532
5273.67128246
5273.73203583
5273.79131342
5273.84982764
5273.90929003
5273.96925029
5274.02827627
5274.08857907
5274.14749460
5274.21800790
5274.27654309
5274.33689782
5274.39703777
5274.45470109
5274.51388725
5274.57575702
5274.63571191
5274.69345643
5274.75321310
5274.81205720
5274.87210961
5274.93081839
5274.99008525
5275.04950766
5275.12006192
5275.17862198
5275.23854103
5275.29879093
5275.35882895
5275.41914615
5275.47951210
5275.53792465
5275.59603049
5275.65584349
5275.71562137
5275.77472488
5275.83551969
5275.89355312
5275.95333783
5276.02282884
5276.08298682
5276.14190308
5276.20216932
5276.26315455
5276.32156905
5276.41988928
5276.49128614
5276.54164226
5276.59932216
5276.65911321
5276.71720077
5276.77807482
5276.83589711
5276.89587687
5276.96678952
5277.02704771
5277.08541906
5277.14556193
5277.20468714
5277.26553169
5277.32391352
5277.38237898
5277.44163145
5277.50187526
5277.56084589
5277.62050187
5277.67921553
5277.74038873
5277.79851847
5277.85912092
5277.92917561
5277.98913367
5278.04774297
5278.10677773
5278.16651806
5278.22739260
5278.30701876
5278.35616900
5278.41487851
5278.47492824
5278.53514913
5278.59337785
5278.65418583
5278.71282659
5278.77351656
5278.83198690
5278.94681642
5278.99390257
5279.05268084
5279.11250042
5279.17324647
5279.23114458
5279.29208617
5279.35005207
5279.40968171
5279.46942181
5279.53206884
