5299.78880730
5299.97993620
5300.67804915
5301.34763275
5301.40828322
5301.46537531
5301.52708538
5301.58491815
5301.64328316
5301.70245592
5301.76317027
5301.82352184
5301.88183004
5301.94272969
5302.00112737
5302.06120173
5302.11784691
5302.18871617
5302.24772581
5302.30678519
5302.36684370
5302.42573802
5302.48532085
5302.54403012
5302.60520820
5302.66376070
5302.72452163
5302.78485515
5302.84180290
5302.90229417
5302.96290418
5303.02117435
5303.08129625
5303.15143407
5303.20990514
5303.27002460
5303.32880994
5303.39872273
5303.45837189
5303.51989740
5303.57773017
5303.63687293
5303.69677101
5303.75594864
5303.81520356
5303.87457720
5303.93502118
5303.99403667
5304.06465846
5304.12342649
5304.18250269
5304.24209674
5304.30095229
5304.36269162
5304.42237247
5304.47935435
5304.54149402
5304.59924390
5304.65773715
5304.71914320
5304.77980489
5304.83672094
5304.89791121
5304.95633693
5305.02746560
5305.08526692
5305.17788811
5305.23758724
5305.30829924
5305.36878100
5305.42759170
5305.48660792
5305.54683490
5305.60548420
5305.66506923
5305.72413812
5305.78510530
5305.84357393
5305.90157981
5305.97280527
5306.03247661
5306.09210187
5306.15219963
5306.21091305
5306.27202555
5306.32832452
5306.38859514
5306.47002841
5306.51890729
5306.57827070
5306.63704092
5306.69644431
5306.75760557
5306.82807327
5306.88750300
5306.94587703
5307.00484644
5307.06468479
5307.12569050
5307.18440074
5307.24415351
5307.30295153
5307.36270357
5307.42228446
5307.48109271
5307.54027522
5307.60177488
5307.66003432
5307.71924730
5307.77909906
5307.84000895
5307.89849977
5307.95719465
5308.01695791
5308.07663754
5308.13638739
5308.19396099
5308.25369597
5308.31357430
5308.37217702
5308.43545699
5308.49135513
5308.55316639
5308.61101696
5308.67148385
5308.73080801
5308.78976182
5308.85030380
5308.90890262
5308.96882728
5309.02730664
5309.08775670
5309.14589107
5309.20473443
5309.26469201
5309.32474564
5309.38587106
5309.44522618
5309.50480975
5309.56221025
5309.62259888
5309.68205713
5309.74062352
5309.79906777
5309.86004447
5309.91831244
5309.97885954
5310.03938690
5310.09860183
5310.15767023
5310.21771094
5310.27646092
5310.33554444
5310.39589576
5310.45622246
5310.51505876
5310.58371788
5310.64432179
5310.70337508
5310.77330932
5310.83136665
5310.89236041
5310.95268686
5311.01287874
5311.07312474
5311.13124545
5311.19067152
5311.24945685
5311.30945758
5311.36983841
5311.42764704
5311.48947000
5311.55688570
5311.61634517
5311.67818763
5311.73703319
5311.79576464
5311.85525166
5311.91517291
5311.97500565
5312.03329508
5312.09300153
5312.15179516
5312.21281647
5312.27189730
5312.33078504
5312.39006750
5312.46127127
5312.51929397
5312.59037339
5312.65119185
5312.70956710
5312.77051429
5312.82826515
5312.88887247
5312.94633588
5313.00792551
5313.06537331
5313.12469893
5313.18478742
5313.24481668
5313.30520774
5313.36296567
5313.43433132
5313.49403655
5313.55295988
5313.61184811
5313.67174399
5313.73136340
5313.79428180
5313.84972256
5313.90873610
5313.96931636
5314.02952018
5314.08837964
5314.14806999
5314.20798880
5314.26776815
5314.34768468
5314.40692228
5314.46707953
5314.52561131
5314.58651559
5314.64452245
5314.70492692
5314.76458534
5314.82247395
5314.88200461
5314.94333751
5315.00455021
5315.06131559
5315.12138653
5315.18253706
5315.23849202
5315.30612934
5315.36807396
5315.42795912
5315.49000126
5315.54708018
5315.60673543
5315.66623512
5315.72645625
5315.78657108
5315.84511383
5315.90558950
5315.96556682
5316.02486294
5316.08409176
5316.14153298
5316.20157296
5316.27163911
5316.33194972
5316.39238442
5316.45144917
5316.50975810
5316.57029838
5316.62989682
5316.68951745
5316.74741702
5316.80849344
5316.86805165
5316.92681529
5317.00817785
5317.05549464
5317.11545124
5317.18597624
5317.24501636
5317.30436367
5317.39759365
5317.45677103
5317.51606057
5317.57600912
5317.63496366
5317.69401256
5317.75355541
5317.81340351
5317.87291491
5317.93272547
5317.99225686
5318.05079132
5318.10973806
5318.18046469
5318.24245587
5318.30016065
5318.35865561
5318.41873191
5318.47722566
5318.53749335
5318.59727246
5318.67783386
5318.72697679
5318.78589988
5318.84481858
5318.90508798
5318.96404033
5319.02559119
5319.08402984
5319.14448210
5319.20389110
5319.26167072
5319.32242409
5319.38183602
5319.44035779
5319.49921481
5319.55976411
5319.61873816
5319.67902633
5319.73762052
5319.79741450
5319.85704488
5319.91732014
5319.98713394
5320.04814038
5320.10612919
5320.16463976
5320.22412434
5320.28415896
5320.34358966
5320.40278142
5320.46297281
5320.52299012
5320.58082899
5320.64145972
5320.70047862
5320.76185078
5320.82003659
5320.88931572
5320.94842288
5321.00914236
5321.06927864
5321.12852283
5321.18696757
5321.24594332
5321.30641484
5321.36529331
5321.42413960
5321.48398746
5321.54489760
5321.60285423
5321.66240903
5321.72325016
5321.78253458
5321.85253173
5321.91097403
5321.96999439
5322.03055637
5322.08905548
5322.16657463
5322.22987556
5322.29371530
5322.35524057
5322.41762770
5322.47915492
5322.53971470
5322.60499707
5322.66533498
5322.72716135
5322.79142484
5322.85321196
5322.91503711
5322.97884223
5323.04054792
5323.10250278
5323.16560012
5323.22952935
5323.28919216
5323.35206812
5323.41469468
5323.47811873
5323.54070164
5323.60252996
5323.66363831
5323.72567948
5323.78855618
5323.85102084
5323.91193927
5323.97573878
5324.03817468
5324.09977016
5324.16270708
5324.22551893
5324.28757131
5324.35033781
5324.41286733
5324.47508720
5324.53607341
5324.59967398
5324.66097665
5324.72442337
5324.78637457
5324.84886264
5324.91104156
5324.97317294
5325.03572537
5325.09797548
5325.16143952
5325.22474191
5325.28524318
5325.34808794
5325.41076472
5325.47267666
5325.53538416
5325.59768059
5325.65974590
5325.72253605
5325.78571946
5325.84533180
5325.90723155
5325.96974815
5326.03269555
5326.09591797
5326.15896802
5326.22001762
5326.28250325
5326.34571226
5326.40760543
5326.47074155
5326.53236385
5326.59443257
5326.65605926
5326.73099013
5326.79396045
5326.85339189
5326.91606769
5326.98067665
5327.04211537
5327.10432330
5327.16664046
5327.22844708
5327.29039609
5327.35385768
5327.41712619
5327.47819309
5327.54204552
5327.60291786
5327.67595385
5327.73863550
5327.80109773
5327.86217219
5327.92612506
5327.98840029
5328.05003868
5328.11234389
5328.17440188
5328.23736489
5328.29956600
5328.36308391
5328.42413790
5328.48632706
5328.54961848
5328.61050008
5328.68482095
5328.74955401
5328.80922560
5328.90452381
5328.96645014
5329.02860443
5329.09037985
5329.15402699
5329.21613959
5329.27992765
5329.34088167
5329.40348213
5329.46497156
5329.52688936
5329.59027001
5329.68484655
5329.74628551
5329.80997043
5329.87195211
5329.93377312
5329.99684145
5330.05964135
5330.12187464
5330.18438709
5330.24723526
5330.31026605
5330.37208072
5330.43405752
5330.49644197
5330.55675745
5330.62056014
5330.68318328
5330.74430967
5330.80885549
5330.87063603
5330.93262063
5330.99673881
5331.05675733
5331.11961453
5331.18330263
5331.24417497
5331.30668718
5331.36942027
5331.43167648
5331.49562838
5331.55587218
5331.61758152
5331.68106238
5331.74338125
5331.80587980
5331.86840054
5331.92928337
5331.99370899
5332.05496143
5332.11775183
5332.18025696
5332.24331432
5332.30397748
5332.36606790
5332.42811857
5332.49103599
5332.55483526
5332.61744499
5332.67987650
5332.74202323
5332.80189986
5332.86391031
5332.92727999
5332.99130771
5333.05269084
5333.11502506
5333.17653180
5333.23882653
5333.30151915
5333.36409572
5333.42679444
5333.48837457
5333.56238969
5333.62430993
5333.68629136
5333.75156276
5333.81197211
5333.87441775
5333.93631629
5333.99901940
5334.06081822
5334.12267775
5334.18551081
5334.24892803
5334.31012050
5334.37375301
5334.43497132
5334.49660825
5334.56080103
5334.62219659
5334.68409391
5334.74704302
5334.80899690
5334.87198210
5334.93516137
5334.99613587
5335.05821775
5335.12004095
5335.18309929
5335.24656089
5335.30710141
5335.37058202
5335.43194930
5335.49656899
5335.55816594
5335.62016322
5335.68272541
5335.74686821
5335.80720856
5335.86824889
5335.93229588
5335.99529156
5336.05783156
5336.11918762
5336.18073580
5336.24344842
5336.30601426
5336.36726573
5336.42903164
5336.49273802
5336.55578831
5336.61895807
5336.67969461
5336.74279269
5336.80311500
5336.86616627
5336.93053362
5336.99239973
5337.08710573
5337.14902183
5337.21105373
5337.27274137
5337.33661793
5337.39965481
5337.47192549
5337.53256329
5337.59627576
5337.65795244
5337.72002408
5337.78520721
5337.84485222
5337.90647428
5337.96909084
5338.03231740
5338.09529772
5338.15814200
5338.22027215
5338.31323833
5338.36577459
5338.42677055
5338.49033894
5338.55251810
5338.61466947
5338.67760541
5338.73960976
5338.80305990
5338.86397540
5338.92671362
5338.99042780
5339.05278836
5339.11399204
5339.17728273
5339.23840839
5339.30075188
5339.36409645
5339.42444193
5339.48826924
5339.55018094
5339.61377981
5339.67506565
5339.73771610
5339.80048040
5339.86159046
5339.92376426
5339.98702520
5340.04914805
5340.11085349
5340.17458254
5340.23525180
5340.29751190
5340.36207503
5340.42395675
5340.48494051
5340.54780600
5340.61102062
5340.67236083
5340.73466946
5340.79718703
5340.85911555
5340.92220802
5340.98544508
5341.04683234
5341.10817817
5341.17189284
5341.23368386
5341.29655032
5341.35826210
5341.42118805
5341.48260360
5341.54760900
5341.60762509
5341.67061662
5341.73373908
5341.79540381
5341.85736525
5341.92036263
5341.98092363
5342.04391736
5342.10591952
5342.17020885
5342.23186065
5342.29476710
5342.35564237
5342.41784201
5342.47997168
5342.54336989
5342.60536107
5342.66624049
5342.73024212
5342.79273897
5342.85400750
5342.91730380
5342.98016563
5343.04208367
5343.10392077
5343.16672091
5343.22867797
5343.29177653
5343.35460179
5343.41603295
5343.47888453
5343.54070676
5343.60268453
5343.66501145
5343.72732592
5343.79040255
5343.85317148
5343.91489155
5343.97678911
5344.03877811
5344.10272513
5344.16339999
5344.22579419
5344.30132435
5344.36374074
5344.42499952
5344.48696364
5344.54861983
5344.61145825
5344.67448197
5344.73805694
5344.79774852
5344.86036800
5344.92313938
5344.98445009
5345.04698668
5345.11095784
5345.17273447
5345.23581621
5345.30929057
5345.37104355
5345.43459683
5345.49590876
5345.55696591
5345.61987918
5345.68147174
5345.74530344
5345.80644641
5345.86923095
5345.93201915
5345.99427877
5346.05558900
5346.12016602
5346.18150039
5346.24330920
5346.30531526
5346.36739373
5346.46151410
5346.51550322
5346.57682783
5346.64107206
5346.70298913
5346.76366399
5346.82535992
5346.88905777
5346.95059303
5347.01342267
5347.07420700
5347.13839003
5347.20069159
5347.26368898
5347.32572039
5347.38826941
5347.45816757
5347.52057933
5347.58187834
5347.64496837
5347.70733234
5347.76843436
5347.83205980
5347.89349802
5347.95629548
5348.01757523
5348.07916243
5348.14320551
5348.20573259
5348.26742340
5348.33041225
5348.39281255
5348.45467793
5348.51793059
5348.57945853
5348.64120542
5348.71557310
5348.77964349
5348.84059970
5348.90292149
5348.96449942
5349.02756069
5349.08759238
5349.15197582
5349.21455434
5349.27546667
5349.33933543
5349.40025459
5349.46307058
5349.52594386
5349.58903902
5349.65051113
5349.71318889
5349.77607948
5349.83644617
5349.90031542
5349.96294148
5350.02529497
5350.08871634
5350.14949969
5350.22266953
5350.28578151
5350.34651439
5350.40907024
5350.47202106
5350.53437089
5350.59812311
5350.65993924
5350.72126970
5350.78408496
5350.84582649
5350.90866637
5350.97076142
5351.03288987
5351.09467016
5351.15820368
5351.22036626
5351.28354773
5351.34910950
5351.40771466
5351.46861968
5351.53300482
5351.59489775
5351.65585909
5351.71951647
5351.78149181
5351.84324235
5351.90605469
5351.96790983
5352.03100059
5352.09384706
5352.15509219
5352.22786949
5352.30315145
5352.36241246
5352.42533793
5352.48940588
5352.55045474
5352.61243959
5352.67536700
5352.73807060
5352.80007324
5352.86166360
5352.92644543
5352.98706031
5353.04907466
5353.11173217
5353.17467519
5353.23652716
5353.29906424
5353.36066581
5353.42259068
5353.48552882
5353.54729863
5353.60921180
5353.67304472
5353.73519901
5353.79755640
5353.85986258
5353.92360286
5353.98451007
5354.04698180
5354.10895860
5354.17146934
5354.23437213
5354.29627920
5354.35911324
5354.42199945
5354.48484884
5354.54679151
5354.64047107
5354.69295004
5354.75588988
5354.81794787
5354.88021724
5354.94278406
5355.00363617
5355.06613399
5355.12774484
5355.19089192
5355.25401145
5355.31666653
5355.37898150
5355.44086541
5355.50287366
5355.56458373
5355.62771619
5355.68980807
5355.75262967
5355.84762750
5355.91006267
5355.97294132
5356.03430689
5356.09673059
5356.15854721
5356.27633585
5356.33720429
5356.40136197
5356.46186567
5356.52571200
5356.61931355
5356.68077420
5356.74543827
5356.80734193
5356.86848929
5356.93344568
5356.99416223
5357.05620608
5357.11820970
5357.18164545
5357.24313244
5357.30472476
5357.36884854
5357.42955900
5357.49343166
5357.55417990
5357.61735966
5357.67934377
5357.74270322
5357.80404197
5357.86688405
5357.92877430
5357.99111291
5358.05393743
5358.11535835
5358.17760041
5358.24287035
5358.30362737
5358.36649822
5358.42883903
5358.49071733
5358.55164307
5358.61512929
5358.67719435
5358.74017004
5358.80240991
5358.86446058
5358.92634400
5358.99041683
5359.05185091
5359.11239095
5359.17612561
5359.23801245
5359.29884017
5359.36366516
5359.42482812
5359.48704312
5359.55124298
5359.61201463
5359.67373470
5359.73635735
5359.80003228
5359.86268614
5359.92365650
5359.98690208
5360.04840662
5360.11153908
5360.17411857
5360.23757286
5360.29843740
5360.36076114
5360.42388604
5360.48409157
5360.54904162
5360.61028480
5360.67379906
5360.73557935
5360.79643853
5360.85946713
5360.92161240
5360.98405585
5361.04633766
5361.10905978
5361.17138157
5361.23425437
5361.29578061
5361.35790029
5361.42138334
5361.48362126
5361.54774748
5361.60789620
5361.66953728
5361.73319880
5361.79464800
5361.85605867
5361.91838875
5361.98147220
5362.04481531
5362.10523076
5362.16813306
5362.23103438
5362.29310188
5362.35624458
5362.41890941
5362.47996802
5362.54419860
5362.60448482
5362.66652574
5362.73017069
5362.79219113
5362.85397630
5362.91618057
5362.97896828
5363.04182109
5363.10356481
5363.16650953
5363.22854923
5363.28954812
5363.34343557
5363.40724972
5363.46940157
5363.53243041
5363.59459056
5363.65649031
5363.72009942
5363.78050121
5363.84343033
5363.90644527
5363.96829480
5364.02989345
5364.09284427
5364.15466113
5364.21790379
5364.28083072
5364.34115010
5364.40353333
5364.46703589
5364.53073813
5364.59241602
5364.65554970
5364.71644642
5364.78052461
5364.84228564
5364.90427220
5364.96574261
5365.02799223
5365.09147626
5365.15257193
5365.21487032
5365.27735522
5365.33885951
5365.40146071
5365.46483478
5365.52673112
5365.58941570
5365.65156341
5365.71550239
5365.77761670
5365.83873724
5365.90272962
5365.96450430
5366.02752607
5366.08842108
5366.16079659
5366.22262906
5366.28688572
5366.34727654
5366.41063428
5366.47262327
5366.53494896
5366.59668293
5366.66295028
5366.72141501
5366.78351152
5366.84704334
5366.90881314
5367.00421888
5367.06691394
5367.12889147
5367.20193380
5367.27558102
5367.33881270
5367.39890681
5367.46188201
5367.52540529
5367.58695884
5367.64958710
5367.71255132
5367.77412633
5367.83538901
5367.89859997
5367.96128138
5368.02403618
5368.08631969
5368.14869512
5368.20967035
5368.27449411
5368.33551665
5368.39740714
5368.45994958
5368.52308788
5368.58311397
5368.64581537
5368.70908680
5368.77114552
5368.83519640
5368.89797558
5368.95868896
5369.02044389
5369.08361853
5369.14488243
5369.20867561
5369.27090378
5369.33291106
5369.39559368
5369.45779820
5369.51969991
5369.58110888
5369.64495935
5369.70754202
5369.76820249
5369.83088098
5369.89334808
5369.95556503
5370.01873162
5370.08214056
5370.14339715
5370.20484927
5370.26722006
5370.32952576
5370.39198726
5370.45484567
5370.51776870
5370.58076633
5370.64274581
5370.70359012
5370.76615377
5370.82883444
5370.89151463
5370.96526693
5371.02807610
5371.09011507
5371.15103642
5371.21373831
5371.29045582
5371.35335178
5371.41267155
5371.47684117
5371.53918076
5371.60163177
5371.66446824
5371.72728569
5371.78804174
5371.88387097
5371.94530651
5372.00707047
5372.08560631
5372.14684705
5372.20803878
5372.27318023
5372.33509681
5372.39656039
5372.45874686
5372.52232695
5372.58400289
5372.64585438
5372.70956612
5372.77135129
5372.83284023
5372.89596074
5372.95842613
5373.03914041
5373.10083756
5373.17458888
5373.23550414
5373.29940825
5373.36237150
5373.42306270
5373.48592477
5373.54854596
5373.61049228
5373.67309275
5373.73585071
5373.79771195
5373.86004056
5373.92326933
5373.98383788
5374.04788097
5374.10834128
5374.17166268
5374.23361559
5374.29653081
5374.35850518
5374.42004263
5374.48405305
5374.54627975
5374.60836456
5374.67203803
5374.73353331
5374.79440906
5374.85795429
5374.92034678
5374.98298821
5375.04577080
5375.10710126
5375.16914877
5375.23122821
5375.29375383
5375.35456741
5375.42931738
5375.49566324
5375.55220407
5375.61082484
5375.68004546
5375.73830685
5375.79500664
5375.85365203
5375.92424651
5375.98185108
5376.04131567
5376.10899663
5376.16699130
5376.22413507
5376.28240280
5376.34134076
5376.39869786
5376.45820731
5376.51556856
5376.57347960
5376.63089595
5376.69882267
5376.76853871
5376.82797818
5376.89462783
5376.95343389
5377.01208660
5377.07106162
5377.12873933
5377.18656552
5377.24478888
5377.30249171
5377.36128436
5377.41886016
5377.48662499
5377.54476789
5377.60435122
5377.66074381
5377.72041027
5377.78925494
5377.84656303
5377.90679709
5377.96403301
5378.02207108
5378.08076645
5378.14695383
5378.20621436
5378.26376919
5378.32331375
5378.38073302
5378.43934184
5378.49586682
5378.55440201
5378.61099087
5378.68078810
5378.74019564
5378.79843167
5378.85581145
5378.91426374
5378.97407649
5379.02997708
5379.08885068
5379.14710743
5379.20576331
5379.26364802
5379.33125315
5379.39082282
5379.44778471
5379.50603172
5379.57355445
5379.63312168
5379.68899691
5379.74777859
5379.80763523
5379.88657847
5379.94474014
5380.00259754
5380.06011556
5380.11879387
5380.17983712
5380.25754986
5380.30428297
5380.36150671
5380.42053976
5380.47837205
5380.56900765
5380.62687017
5380.68556237
5380.74379207
5380.80216537
5380.85931377
5380.91832146
5380.98561038
5381.05538030
5381.11339764
5381.18172932
5381.23920614
5381.29943507
5381.35699819
5381.41339225
5381.47255208
5381.54280132
5381.59916271
5381.65720931
5381.71589029
5381.77499331
5381.83311159
5381.89049307
5381.95919584
5382.01614505
5382.07596511
5382.13390175
5382.19154338
5382.24973602
5382.30798180
5382.36618127
5382.43388758
5382.52528168
5382.58280579
5382.64034624
5382.70037330
5382.75772991
5382.81522550
5382.87429658
5382.93081425
5382.98962031
5383.04751452
5383.10573154
5383.16379545
5383.22129884
5383.28081292
5383.34853557
5383.40708539
5383.46551842
5383.52377738
5383.58229404
5383.64012803
5383.69841819
5383.75750512
5383.81516967
5383.88208580
5383.94023845
5383.99815241
5384.05684071
5384.11570236
5384.17235876
5384.23059406
5384.30020063
5384.35762356
5384.41641890
5384.47472978
5384.53182966
5384.59014859
5384.64873279
5384.70738403
5384.79766904
5384.86679920
5384.93557487
5384.99429169
5385.05232805
5385.10943769
5385.16794142
5385.23640769
5385.29648766
5385.36268285
5385.42146160
5385.48046369
5385.53840886
5385.59627991
5385.65385205
5385.71155756
5385.76881153
5385.82804304
5385.88698636
5385.96609637
5386.01304623
5386.07112940
5386.12858256
5386.19779002
5386.25651635
5386.31490989
5386.37300719
5386.43127688
5386.48825437
5386.54790401
5386.60594183
5386.66356054
5386.72113731
5386.77937140
5386.83571011
5386.89457151
5386.95328810
5387.01070371
5387.08148617
5387.13741187
5387.19976877
5387.25369158
5387.31243327
5387.37056544
5387.42894313
5387.48870273
5387.54491856
5387.60260530
5387.66094544
5387.72992493
5387.78967478
5387.84619878
5387.90406642
5387.97288207
5388.03256292
5388.08978471
5388.15775751
5388.21562320
5388.27541669
5388.33100812
5388.39086695
5388.44873776
5388.50734926
5388.57558270
5388.63487638
5388.69103394
5388.74920415
5388.80892644
5388.87251799
5388.93487757
5388.99418149
5389.05047486
5389.10916584
5389.16677285
5389.22550284
5389.28377666
5389.34219214
5389.39936200
5389.46026336
5389.51582846
5389.57617198
5389.64225575
5389.70156162
5389.75990518
5389.85054663
5389.91904679
5389.97608865
5390.03408575
5390.09355619
5390.15113663
5390.20964573
5390.28895200
5390.33610154
5390.39306368
5390.45296907
5390.51111027
5390.58024579
5390.63748660
5390.69523233
5390.75398281
5390.82403238
5390.88172813
5390.93817924
5390.99786716
5391.06612375
5391.12260826
5391.18139433
5391.23838133
5391.29775742
5391.35537442
5391.41318818
5391.47331983
5391.53115480
5391.58815960
5391.64719118
5391.73735233
5391.78469278
5391.84301463
5391.90123677
5391.95872358
5392.01642860
5392.07502620
5392.13331344
5392.19210390
5392.25905928
5392.31982435
5392.37645710
5392.43447468
5392.50385865
5392.56078079
5392.63011527
5392.68793854
5392.74506817
5392.80361335
5392.86157632
5392.92063204
5392.97901680
5393.03728989
5393.09463773
5393.15260070
5393.21196899
5393.26820262
5393.32705061
5393.38611633
5393.44197157
5393.51302002
5393.57014673
5393.62801168
5393.68619335
5393.74530173
5393.81349787
5393.88167595
5393.95029631
5394.00856697
5394.06749567
5394.13554307
5394.19520271
5394.25324833
5394.30983280
5394.36835580
5394.42605497
5394.49413724
5394.55387319
5394.61288966
5394.67000100
5394.72853741
5394.78695094
5394.84607810
5394.90256261
5394.95977976
5395.01910099
5395.07685550
5395.13599485
5395.19369987
5395.26218370
5395.33041494
5395.38747654
5395.45721964
5395.51399624
5395.57397331
5395.63025814
5395.68921268
5395.74756867
5395.80518836
5395.86425286
5395.92215707
5395.99156347
5396.06140677
5396.11845400
5396.17649059
5396.23531860
5396.29329425
5396.35002159
5396.41837498
5396.47741193
5396.53677485
5396.59453155
5396.65166703
5396.71000401
5396.76969558
5396.83571279
5396.89388885
5396.95213000
5397.01040505
5397.06910603
5397.12653262
5397.18529650
5397.24340453
5397.31105404
5397.39188144
5397.44020176
5397.49741550
5397.55462680
5397.61311616
5397.67083117
5397.72912767
5397.80026244
5397.85795063
5397.91520095
5397.97358107
5398.03129389
5398.08969743
5398.14926222
5398.26987515
5398.32739975
5398.38515231
5398.44565553
5398.50325327
5398.55999378
5398.61894686
5398.67703270
5398.73559593
5398.79238179
5398.85057906
5398.90906841
5398.96786033
5399.02503068
5399.08241557
5399.14173851
5399.21025769
5399.26843399
5399.32706134
5399.38499432
5399.44375138
5399.50100705
5399.55969267
5399.62665098
5399.69684391
5399.75401085
5399.81331915
5399.87137721
5399.92914952
5399.98816135
5400.04472681
5400.11365071
5400.17274154
5400.23054628
5400.28908854
5400.34673821
5400.40537409
5400.46351821
5400.52124737
5400.58006269
5400.63972940
5400.69628876
5400.75410349
5400.81139306
5400.86988168
5400.92807237
5400.99533617
5401.06519655
5401.12280648
5401.18222767
5401.23832769
5401.29772280
5401.35469273
5401.41244797
5401.48339427
5401.54209184
5401.59945211
5401.65693356
5401.73658629
5401.80482996
5401.85278090
5401.92119597
5401.97985648
5402.03939397
5402.11451843
5402.17255234
5402.24215404
5402.30116855
5402.35882115
5402.41653470
5402.47412245
5402.53218368
5402.59070960
5402.64800331
5402.70477137
5402.76258805
5402.82190490
5402.89226922
5402.94827733
5403.00737547
5403.06588092
5403.12353669
5403.18256437
5403.24014553
5403.29790419
5403.36645799
5403.42399624
5403.48307659
5403.54083598
5403.59978052
5403.65795049
5403.71482290
5403.77476608
5403.84286030
5403.90122751
5403.96837550
5404.02773208
5404.08421074
5404.14331206
5404.20231926
5404.26018495
5404.31802260
5404.37655438
5404.43447980
5404.49157968
5404.54994689
5404.60873905
5404.66725083
5404.72689097
5404.79417501
5404.85170058
5404.90955457
5404.96737930
5405.02657838
5405.08434581
5405.14217176
5405.20113020
5405.25763958
5405.32532664
5405.38454961
5405.44190062
5405.49988578
5405.55901805
5405.61657825
5405.67474309
5405.74510498
5405.80341391
5405.86009055
5405.93070014
5406.00884004
5406.05646598
5406.11435824
5406.17290172
5406.23204960
5406.28811793
5406.35722615
5406.41478781
5406.47382647
5406.53293900
5406.59013640
5406.65925072
5406.71695647
5406.78708065
5406.84248093
5406.90179656
5406.96081303
5407.01824985
5407.07611847
5407.13296601
5407.19251740
5407.24977210
5407.30834630
5407.36615762
5407.44636867
5407.49378811
5407.55146021
5407.62049285
5407.67979872
5407.73661627
5407.79408870
5407.85511854
5407.91084066
5407.97037547
5408.02880021
5408.08500727
5408.15434516
5408.21339917
5408.28162017
5408.33967481
5408.39816782
5408.45685661
5408.51221497
5408.58189931
5408.64002612
5408.69871052
5408.75638799
5408.81471667
5408.87347933
5408.93123896
5408.98915293
5409.04702569
5409.10506180
5409.16498767
5409.22180084
5409.29132256
5409.34782072
5409.40663410
5409.47666392
5409.53425922
5409.59239237
5409.66092033
5409.71904933
5409.77720905
5409.84454478
5409.90368510
5409.96255894
5410.02012816
5410.07702520
5410.13818816
5410.19392344
5410.25253665
5410.31075928
5410.37894931
5410.43827054
5410.49509614
5410.56385401
5410.62273273
5410.68221146
5410.73922211
5410.79704586
5410.85492642
5410.91279723
5410.96970987
5411.03170252
5411.09688053
5411.15606938
5411.21287840
5411.27239297
5411.34138001
5411.39926521
5411.45767581
5411.51594720
5411.57315509
5411.63079964
5411.71122281
5411.75861616
5411.81678685
5411.87561144
5411.93344812
5411.99246581
5412.04874527
5412.10709151
5412.16497085
5412.24522896
5412.30301175
5412.36085915
5412.41906398
5412.48783721
5412.54677810
5412.61548940
5412.67145240
5412.72957360
5412.79002391
5412.84734786
5412.90672004
5412.96512089
5413.02185896
5413.07992165
5413.13779026
5413.20686630
5413.26521327
5413.32336470
5413.38004792
5413.43906122
5413.49714780
5413.55538139
5413.61417039
5413.67113788
5413.73006171
5413.79867890
5413.86642252
5413.93574529
5413.99453892
5414.05234243
5414.12141067
5414.17827113
5414.23783690
5414.29647864
5414.35262450
5414.41182358
5414.47936094
5414.53816456
5414.59708034
5414.65562455
5414.71309746
5414.77217390
5414.83031193
5414.88813592
5414.94571733
5415.00365860
5415.07338610
5415.13170649
5415.18882320
5415.24800229
5415.30492029
5415.37370888
5415.43172792
5415.48966870
5415.54839260
5415.60644432
5415.66331624
5415.72154423
5415.78020449
5415.83906297
5415.89469391
5415.96459061
5416.03383707
5416.09324826
5416.14986321
5416.20823505
5416.26674537
5416.32493191
5416.38324938
5416.44048238
5416.49978825
5416.61204218
5416.66976890
5416.73858528
5416.80728512
5416.86619919
5416.92241794
5416.98116183
5417.04880769
5417.10905881
5417.16625256
5417.22537435
5417.28337121
5417.34156921
5417.40001078
5417.45727791
5417.51647651
5417.57320702
5417.63308584
5417.68944162
5417.74951378
5417.80567403
5417.86303284
5417.93239754
5417.99129333
5418.04841832
5418.11769087
5418.17470201
5418.24381584
5418.30162448
5418.36140065
5418.42922108
5418.48780015
5418.54613517
5418.60493002
5418.66134017
5418.71976954
5418.77839592
5418.86918414
5418.91612450
5418.97620178
5419.03346233
5419.09014652
5419.14818946
5419.20672953
5419.26394107
5419.32323622
5419.38261206
5419.44038169
5419.49728531
5419.55625960
5419.61304911
5419.70410821
5419.76215359
5419.83117672
5419.88973166
5419.94542427
5420.01513885
5420.07407291
5420.13304891
5420.18960314
5420.24738764
5420.30672521
5420.36406208
5420.42298102
5420.47998119
5420.53898059
5420.59877213
5420.65529516
5420.72342254
5420.78257383
5420.84095688
5420.89861412
5420.95571961
5421.01365576
5421.08204401
5421.17253113
5421.23098294
5421.29061283
5421.34808794
5421.40491012
5421.46295745
5421.52092334
5421.57930664
5421.69228297
5421.76144922
5421.81855154
5421.87653694
5421.93504190
5421.99227783
5422.05263744
5422.11138280
5422.16799238
5422.22585807
5422.28525025
5422.34240377
5422.40050400
5422.45898824
5422.51535889
5422.58576734
5422.64601237
5422.72374022
5422.78123898
5422.83857340
5422.89912294
5422.95626476
5423.01352556
5423.07179793
5423.13140612
5423.18740715
5423.27880491
5423.32715423
5423.38279736
5423.44194134
5423.49991113
5423.55922822
5423.62732561
5423.68522079
5423.75425880
5423.81207426
5423.87051315
5423.92843199
5423.99743366
5424.05768161
5424.12383170
5424.18256169
5424.23925124
5424.29974788
5424.35683850
5424.41576573
5424.47260864
5424.53176798
5424.59943675
5424.65667439
5424.71570695
5424.77348413
5424.83314499
5424.88989111
5424.94860403
5425.00718847
5425.06457239
5425.12237591
5425.18119026
5425.23905912
5425.29817945
5425.35529957
5425.42244952
5425.48205771
5425.54961140
5425.60846452
5425.66626731
5425.71536757
5425.77676629
5425.84238365
5425.90242388
5425.95899982
5426.01721366
5426.07665680
5426.13401805
5426.19164090
5426.24963288
5426.30707581
5426.36616103
5426.42477521
5426.49291478
5426.55059420
5426.60800957
5426.66788352
5426.72577408
5426.78458721
5426.85195195
5426.90994466
5426.96836624
5427.02556072
5427.10484261
5427.16419993
5427.28914973
5427.34511761
5427.40235525
5427.47297192
5427.54183072
5427.59888599
5427.65844883
5427.71559382
5427.77360628
5427.85384708
5427.90108366
5427.96113973
5428.01648516
5428.07495062
5428.13371548
5428.19145951
5428.24866350
5428.30645751
5428.36457237
5428.42443266
5428.49309325
5428.55079169
5428.61077510
5428.67691958
5428.73492985
5428.79302276
5428.86987607
5428.92875235
5428.98498233
5429.04552577
5429.10151584
5429.16079489
5429.21908529
5429.28823642
5429.34622670
5429.42685661
5429.48346644
5429.54220814
5429.60115439
5429.65945698
5429.71700109
5429.77440988
5429.83223436
5429.89050990
5429.94912213
5430.00913895
5430.08763699
5430.14479685
5430.20203620
5430.26040340
5430.31683305
5430.38541245
5430.46358209
5430.52089726
5430.57739591
5430.64661019
5430.71436429
5430.78260479
5430.84916131
5430.90607273
5430.97479671
5431.04280949
5431.10984241
5431.17824797
5431.24532526
5431.31348555
5431.37002077
5431.43813279
5431.50655225
5431.56402492
5431.63113122
5431.69908111
5431.75807149
5431.82588167
5431.90259698
5431.96016206
5432.01767056
5432.08556998
5432.15279160
5432.22175866
5432.36274648
5432.42196482
5432.47758942
5432.55615525
5432.62567989
5432.69259115
5432.76036842
5432.81777501
5432.87625242
5432.95230481
5433.02171975
5433.07870114
5433.14647499
5433.21514753
5433.27139603
5433.37128151
5433.43170842
5433.50621043
5433.56388375
5433.63238270
5433.69928371
5433.76838316
5433.83615018
5433.90370851
5433.97153917
5434.03848895
5434.10730704
5434.17631895
5434.24365566
5434.31061446
5434.37862651
5434.43824519
5434.51391749
5434.58327927
5434.65129084
5434.70816325
5434.77643057
5434.84368194
5434.90179388
5434.97855112
5435.04572009
5435.10394930
5435.17184164
5435.23904157
5435.30692562
5435.37618305
5435.44297021
5435.51069603
5435.57889192
5435.65744361
5435.72495658
5435.79462337
5435.86087391
5435.92945940
5435.98713882
5436.05354490
5436.12195851
5436.17834696
5436.24664525
5436.31531120
5436.37196369
5436.43896126
5436.50634136
5436.59662441
5436.66465890
5436.73354233
5436.80013102
5436.86912124
5436.92561477
5436.99288784
5437.06011215
5437.12877273
5437.18664891
5437.25377959
5437.32271178
5437.39070702
5437.45939101
5437.51620612
5437.59264301
5437.64932086
5437.72942878
5437.79641171
5437.86503329
5437.93473080
5438.00057173
5438.06742643
5438.13578566
5438.20449794
5438.27268164
5438.34125494
5438.40776342
5438.47643230
5438.54345961
5438.61070586
5438.67900195
5438.74683115
5438.81557488
5438.88274213
5438.95137517
5439.01850439
5439.07886986
5439.15474110
5439.22256713
5439.27966092
5439.34790996
5439.41604172
5439.48378437
5439.54966431
5439.61722312
5439.68506768
5439.75358442
5439.82210872
5439.88988209
5439.95878746
5440.02665932
5440.09339431
5440.15306223
5440.23019495
5440.29809217
5440.35546926
5440.42320264
5440.49059177
5440.55945545
5440.62604073
5440.69366123
5440.76277725
5440.82936448
5440.89829472
5440.96639455
5441.02351248
5441.08951823
5441.15760635
5441.22629863
5441.29521571
5441.35037341
5441.41977786
5441.48773066
5441.55549915
5441.62268396
5441.69042563
5441.75774332
5441.82587119
5441.88344796
5441.95179281
5442.01971759
5442.08895381
5442.15400651
