5467.71491213
5467.76704903
5467.82746131
5467.88660188
5467.94728576
5468.00851406
5468.06974042
5468.12836143
5468.20428607
5468.27137896
5468.33973430
5468.39703703
5468.46543114
5468.53305115
5468.60113635
5468.66887485
5468.72664155
5468.79512733
5468.86308355
5468.93257577
5469.00014824
5469.06923086
5469.13456930
5469.20487974
5469.26026443
5469.32976543
5469.38802901
5469.45641483
5469.60965797
5469.67743816
5469.74670437
5469.80563794
5469.87326502
5469.93825165
5470.00566393
5470.07336025
5470.13032726
5470.18868033
5470.25571958
5470.31588902
5470.38221782
5470.45049100
5470.50743801
5470.56453741
5470.63259286
5470.70128782
5470.77120549
5470.82679230
5470.88482280
5470.94126928
5471.01020659
5471.07667167
5471.14495996
5471.20960867
5471.28269683
5471.33910137
5471.39638460
5471.45475814
5471.51034690
5471.57834311
5471.64582780
5471.71381840
5471.77315987
5471.84004845
5471.89833861
5471.95503353
5472.02295757
5472.08128357
5472.14800051
5472.20735612
5472.27501075
5472.34280118
5472.41147566
5472.46851776
5472.53625846
5472.60410936
5472.67186566
5472.73043327
5472.79653874
5472.86410365
5472.93380311
5473.00219087
5473.05998780
5473.12677935
5473.19594657
5473.25374107
5473.32345174
5473.38844715
5473.44601807
5473.51427564
5473.58249006
5473.65097730
5473.71446328
5473.77707496
5473.84481663
5473.91280893
5473.98023707
5474.04804408
5474.11612659
5474.18624150
5474.25299770
5474.31080121
5474.36876906
5474.42726841
5474.48325603
5474.54946268
5474.61761883
5474.70734429
5474.77652322
5474.83341001
5474.90079791
5474.95826936
5475.02777304
5475.08479320
5475.14347663
5475.21295227
5475.27818051
5475.34707759
5475.41443795
5475.50427995
5475.56162998
5475.61897611
5475.67692835
5475.74439745
5475.80246623
5475.87220494
5475.94864963
5476.00553910
5476.06267556
5476.11978032
5476.17869780
5476.23502798
5476.29353854
5476.36032424
5476.45005019
5476.50727612
5476.56561968
5476.62267836
5476.70290550
5476.75956555
5476.81698678
5476.88422279
5476.95232700
5477.01019440
5477.07764983
5477.14433971
5477.21395530
5477.27124145
5477.34028165
5477.40875085
5477.47601222
5477.53344588
5477.61235962
5477.66891215
5477.74373453
5477.80532197
5477.86240844
5477.93284055
5477.98792291
5478.05612733
5478.11602809
5478.19106478
5478.25999527
5478.32852054
5478.38622044
5478.45469597
5478.52346213
5478.58057713
5478.64818495
5478.71547801
5478.78460403
5478.84148595
5478.90894943
5478.96690338
5479.02387843
5479.09226279
5479.15940127
5479.21672863
5479.27560686
5479.34198978
5479.40949106
5479.46836685
5479.53525494
5479.60520016
5479.67194538
5479.73226794
5479.78864346
5479.84521745
5479.91152211
5479.98048599
5480.04927897
5480.10599534
5480.17373945
5480.23303849
5480.29027711
5480.35722420
5480.41427386
5480.48295005
5480.55005343
5480.61780412
5480.68668487
5480.74488897
5480.81292004
5480.88110495
5480.93840476
5481.00690224
5481.07437109
5481.14286784
5481.19979413
5481.25687378
5481.32563140
5481.39333162
5481.49393878
5481.55191296
5481.60948876
5481.66765775
5481.73609989
5481.80220779
5481.87087350
5481.93719961
5482.01680748
5482.07464562
5482.13222483
5482.18914868
5482.24758245
5482.31428135
5482.37218873
5482.42893143
5482.48614005
5482.55584219
5482.61199342
5482.66924812
5482.73809425
5482.79493033
5482.86163776
5482.93093640
5482.98700253
5483.05463180
5483.11279957
5483.18087916
5483.23863636
5483.29743242
5483.35419585
5483.42127167
5483.47889867
5483.53635793
5483.60339548
5483.67197781
5483.74153634
5483.80832911
5483.87707235
5483.93580649
5484.00268410
5484.05976911
5484.12602208
5484.18398310
5484.25415481
5484.31052498
5484.37889080
5484.44777935
5484.50453278
5484.56284830
5484.62961985
5484.69639482
5484.76665699
5484.83468416
5484.92361456
5484.98067909
5485.03794477
5485.09505928
5485.15344111
5485.22013587
5485.28224896
5485.35702038
5485.41444307
5485.48359859
5485.54050903
5485.60743370
5485.66523746
5485.73402751
5485.80246842
5485.86910832
5485.93675807
5485.99526401
5486.05278080
5486.12055758
5486.17723982
5486.23577599
5486.29240580
5486.35907691
5486.41665661
5486.48621173
5486.54321019
5486.60028960
5486.66926421
5486.73645024
5486.79489132
5486.85183297
5486.91919942
5486.97644778
5487.03477500
5487.09149552
5487.16031921
5487.21777945
5487.27447437
5487.33236565
5487.39926399
5487.46631739
5487.53589421
5487.59341613
5487.66033713
5487.71970981
5487.78761971
5487.85560982
5487.92357896
5488.00378148
5488.06072533
5488.12903971
5488.18566489
5488.24288546
5488.31181814
5488.36831728
5488.43723460
5488.50424265
5488.56391423
5488.63192970
5488.69873929
5488.75553636
5488.82348576
5488.89340684
5488.96055800
5489.02896503
5489.08694628
5489.14397083
5489.20124552
5489.26797344
5489.32643938
5489.39380583
5489.46148947
5489.53037924
5489.62036314
5489.68817820
5489.74567671
5489.81430926
5489.88106838
5489.94215869
5490.01771737
5490.07666216
5490.13427332
5490.20112045
5490.25870771
5490.32776497
5490.38375041
5490.44111726
5490.50878530
5490.59770839
5490.66632265
5490.73505199
5490.79396801
5490.86055451
5490.92846929
5490.99792031
5491.05423781
5491.12165302
5491.18009336
5491.23728614
5491.29371238
5491.36307977
5491.43090994
5491.49768540
5491.55625057
5491.61397047
5491.68045774
5491.73879520
5491.79509466
5491.86344634
5491.93274961
5491.99900014
5492.05815777
5492.12505976
5492.18363957
5492.24023282
5492.30809786
5492.37566593
5492.43369766
5492.50244724
5492.56060745
5492.62842055
5492.68500307
5492.75381385
5492.81957920
5492.91002780
5492.96897917
5493.03534942
5493.10449470
5493.16106649
5493.21894608
5493.28757131
5493.35495312
5493.41279077
5493.47904837
5493.53867973
5493.59573158
5493.66272183
5493.73219284
5493.80021904
5493.86719027
5493.92479313
5493.98383252
5494.04036725
5494.11886945
5494.18603329
5494.25604970
5494.31175768
5494.38002110
5494.44814092
5494.51706019
5494.57458966
5494.63839650
5494.70992696
5494.76889223
5494.82437054
5494.89194276
5494.94829586
5495.00651775
5495.06462579
5495.12351353
5495.19024461
5495.24606010
5495.31527487
5495.38333691
5495.45288740
5495.50977053
5495.56722809
5495.63481567
5495.69185826
5495.76021457
5495.81647721
5495.87352200
5495.94142800
5496.01090266
5496.10031264
5496.15711751
5496.21538134
5496.27315536
5496.33157108
5496.39659915
5496.46545040
5496.53525518
5496.60213182
5496.67105596
5496.73864842
5496.79744863
5496.85333459
5496.92128667
5496.98807139
5497.05648232
5497.13414970
5497.18931326
5497.25863652
5497.31645783
5497.38438260
5497.45317729
5497.50994998
5497.57834506
5497.64439640
5497.71438258
5497.78165979
5497.85044472
5497.91840533
5497.97436370
5498.04407486
5498.10204198
5498.16780611
5498.22951472
5498.30583506
5498.37448395
5498.43071904
5498.48802080
5498.54630755
5498.60448458
5498.67132806
5498.72811391
5498.79543818
5498.85307786
5498.91059636
5498.96813998
5499.04679285
5499.10548017
5499.16144074
5499.22031848
5499.29734953
5499.36639460
5499.42317436
5499.48150061
5499.53791075
5499.60576214
5499.66249997
5499.73215115
5499.79968290
5499.86794730
5499.93471861
5500.00336969
5500.07194738
5500.13967150
5500.19619867
5500.25496451
5500.31109330
5500.37989578
5500.43872915
5500.50570940
5500.57279059
5500.64180861
5500.71056623
5500.76742621
5500.83530343
5500.90323259
5500.96093883
5501.01851097
5501.08559314
5501.15356399
5501.22324468
5501.29029198
5501.34866260
5501.41452474
5501.48362589
5501.54144404
5501.60949730
5501.67767539
5501.73508296
5501.80269102
5501.87146425
5501.92939503
5501.99749267
5502.06678155
5502.13397538
5502.20161270
5502.26941874
5502.33764583
5502.40490403
5502.46162259
5502.52083289
5502.57715990
5502.63466963
5502.70254686
5502.76040084
5502.82858673
5502.89538486
5502.95367527
5503.02210033
5503.08020715
5503.13663510
5503.20560240
5503.28373765
5503.34184666
5503.39849599
5503.46679818
5503.52222407
5503.59094390
5503.65912321
5503.72838820
5503.78547614
5503.84293393
5503.90127651
5503.96939950
5504.03673181
5504.09402577
5504.14994221
5504.21792061
5504.28697934
5504.35547999
5504.41275493
5504.48107760
5504.53798877
5504.60616686
5504.67344456
5504.74237505
5504.79859600
5504.86935188
5504.93607394
5505.00471356
5505.07299576
5505.12965727
5505.19766153
5505.26533054
5505.33332066
5505.39162423
5505.44886796
5505.52779706
5505.58583073
5505.64240594
5505.71099899
5505.76781508
5505.83455713
5505.89342244
5505.95995092
5506.01906783
5506.08561923
5506.14346395
5506.21155110
5506.26893209
5506.32805608
5506.44834767
5506.50689992
5506.56280051
5506.62211077
5506.67755860
5506.74731682
5506.80471708
5506.86111186
5506.91816225
5506.98496160
5507.05325891
5507.11107096
5507.16777173
5507.22560987
5507.28439618
5507.34159262
5507.39911088
5507.45542326
5507.52331560
5507.58085068
5507.63745052
5507.69621074
5507.75135332
5507.80901031
5507.86703228
5507.93518819
5507.99317432
5508.05971596
5508.11890285
5508.17554974
5508.23915786
5508.31207341
5508.37846682
5508.43750425
5508.49530216
5508.55236133
5508.61892857
5508.68780200
5508.74582763
5508.80255888
5508.85982772
5508.92708494
5508.99620487
5509.06271432
5509.12084796
5509.18942516
5509.25666946
5509.32483536
5509.39467916
5509.46117155
5509.51950413
5509.58796016
5509.65639523
5509.71468173
5509.77143931
5509.83781296
5509.90516576
5509.96373362
5510.03157354
5510.09825269
5510.16728289
5510.24769241
5510.31482187
5510.37390393
5510.44113262
5510.50869290
5510.57676785
5510.64568347
5510.70341140
5510.76085360
5510.81872002
5510.87382944
5510.93150862
5510.98933530
5511.06689273
5511.12425471
5511.19236697
5511.25064250
5511.31957810
5511.37688010
5511.43451491
5511.50121137
5511.56791441
5511.65934532
5511.71666341
5511.78462110
5511.85303641
5511.90998587
5511.97790796
5512.03766439
5512.09270871
5512.16129299
5512.22139685
5512.29659615
5512.36448557
5512.43285237
5512.50072082
5512.56994729
5512.63718769
5512.70624861
5512.76315223
5512.83049088
5512.89910978
5512.96698286
5513.03599307
5513.09344355
5513.15082455
5513.21833070
5513.27808128
5513.33457505
5513.40175864
5513.45811003
5513.52679622
5513.58421720
5513.65214197
5513.70967121
5513.76851457
5513.82501932
5513.88309834
5513.94843459
5514.00618447
5514.07566937
5514.14235852
5514.19938770
5514.26981566
5514.33633292
5514.40377373
5514.47230534
5514.53043020
5514.59809556
5514.66590842
5514.72289859
5514.79281089
5514.85995328
5514.92728291
5514.99627752
5515.06476744
5515.12243443
5515.18901849
5515.25851169
5515.32624702
5515.38296973
5515.45134725
5515.51982157
5515.58788092
5515.65591370
5515.71397980
5515.78273231
5515.84924079
5515.90663958
5515.96315457
5516.03225499
5516.10076344
5516.16732922
5516.22504448
5516.28400755
5516.35012253
5516.40772198
5516.47782153
5516.54446484
5516.60168638
5516.67023433
5516.73891052
5516.79685447
5516.85425643
5516.91971312
5516.98833007
5517.04555454
5517.10453736
5517.16057448
5517.21823659
5517.27619834
5517.34526950
5517.40228503
5517.46035625
5517.53698257
5517.60404426
5517.67398850
5517.73076778
5517.81004528
5517.86619114
5517.92369746
5517.98098727
5518.08200573
5518.17085177
5518.22881328
5518.28757399
5518.35555582
5518.42360469
5518.48005945
5518.54887339
5518.61613013
5518.67538772
5518.73445954
5518.80006032
5518.85618618
5518.92429211
5518.99288930
5519.05055726
5519.11803976
5519.17570870
5519.23248822
5519.30070751
5519.35842496
5519.42546373
5519.49490743
5519.55198172
5519.60883316
5519.66734738
5519.73556838
5519.80321789
5519.86949915
5519.92832812
5519.99698335
5520.06536453
5520.13317325
5520.18908798
5520.24849649
5520.31521294
5520.37261149
5520.43072855
5520.49807500
5520.55495619
5520.61684303
5520.67614695
5520.74604877
5520.80466636
5520.86329688
5520.92079783
5520.97994742
5521.03943932
5521.09825659
5521.15614349
5521.21518995
5521.27287595
5521.33175052
5521.38899791
5521.44789784
5521.50789028
5521.56806313
5521.63524038
5521.69471570
5521.75436242
5521.81073039
5521.88087577
5521.93888994
5521.99930466
5522.05655351
5522.11559265
5522.17339032
5522.23326646
5522.29265254
5522.35092003
5522.40962759
5522.46873256
5522.52596264
5522.59511816
5522.65442695
5522.71239699
5522.77165654
5522.83009542
5522.88809423
5522.94671476
5523.00770754
5523.06470088
5523.12380195
5523.18123342
5523.23973057
5523.29911519
5523.35789907
5523.41698063
5523.48535791
5523.54400818
5523.60256775
5523.66196383
5523.73032112
5523.78965917
5523.84755022
5523.90751315
5523.96441263
5524.02356685
5524.08323307
5524.14012986
5524.19911487
5524.25994870
5524.31737797
5524.37549381
5524.45685490
5524.51454846
5524.57352470
5524.63240659
5524.68996264
5524.74993484
5524.80678190
5524.86559161
5524.92455883
5524.98310134
5525.04292652
5525.10151974
5525.16011173
5525.21846748
5525.27806129
5525.33527113
5525.40548698
5525.46267951
5525.52209972
5525.59258279
5525.68337516
5525.74236359
5525.79982041
5525.85795917
5525.91691322
5525.97533699
5526.03426276
5526.09396945
5526.16386176
5526.23147129
5526.29286953
5526.35051823
5526.41919393
5526.47862000
5526.53738803
5526.59683116
5526.65494846
5526.71441159
5526.77157413
5526.83022928
5526.88909458
5526.94881712
5527.00632075
5527.06429713
5527.12329922
5527.18076652
5527.24066972
5527.30958875
5527.36819464
5527.43929771
5527.49664409
5527.55641953
5527.61307617
5527.67186736
5527.73046082
5527.78951557
5527.84839892
5527.90833552
5527.96691313
5528.02455037
5528.08238924
5528.14109169
5528.19994285
5528.26995682
5528.32772328
5528.38756188
5528.44613924
5528.50595029
5528.56333323
5528.62208736
5528.67920456
5528.73877179
5528.79861721
5528.85587508
5528.91466676
5528.97331118
5529.03273895
5529.09290937
5529.15933837
5529.21859670
5529.27796718
5529.33518141
5529.39473913
5529.45395796
5529.51219644
5529.57083110
5529.63146207
5529.68811164
5529.74672070
5529.80611971
5529.86414778
5529.92126936
5529.98057596
5530.05065113
5530.11003794
5530.16831616
5530.22622695
5530.28492013
5530.34249837
5530.40209535
5530.45981694
5530.51827046
5530.57684977
5530.63581261
5530.69505582
5530.74386326
5530.80214221
5530.86126376
5530.92063570
5530.99015035
5531.04888790
5531.10808479
5531.16508130
5531.22479725
5531.28292065
5531.34178035
5531.40051059
5531.45789719
5531.51778357
5531.57598547
5531.63444020
5531.69213547
5531.75198260
5531.81030738
5531.88088114
5531.93912717
5531.99718254
5532.07829325
5532.12579777
5532.20506187
5532.25267660
5532.31142536
5532.37036625
5532.42953291
5532.48750782
5532.54652771
5532.60559489
5532.66215620
5532.72182973
5532.78282812
5532.84977815
5532.90842354
5532.97832682
5533.03653335
5533.09622054
5533.15399846
5533.21376342
5533.27172468
5533.32928049
5533.38886382
5533.44830451
5533.50562919
5533.56486216
5533.62280294
5533.68308600
5533.75221178
5533.81233880
5533.87045853
5533.92809431
5533.98817428
5534.04599437
5534.10417287
5534.16222848
5534.22246351
5534.27915526
5534.33996202
5534.39700583
5534.45647115
5534.51606471
5534.57242220
5534.64159527
5534.69984716
5534.75951947
5534.81859421
5534.87631020
5534.93508481
5534.99395987
5535.05262745
5535.11177460
5535.17134915
5535.22941500
5535.28725558
5535.34733701
5535.40564204
5535.46386101
5535.52322490
5535.59273639
5535.64962757
5535.71077712
5535.76772365
5535.82631931
5535.88418963
5535.94370615
5536.00252123
5536.06122611
5536.11799929
5536.17874900
5536.23579378
5536.29578354
5536.35505381
5536.41293632
5536.48116317
5536.54112197
5536.59830548
5536.65726660
5536.71571061
5536.77549068
5536.83448033
5536.89256399
5536.95050087
5537.00823344
5537.06850431
5537.12661015
5537.18607376
5537.24502343
5537.32374480
5537.39457432
5537.45313413
5537.51170199
5537.56968251
5537.62913248
5537.68577156
5537.74549361
5537.80277221
5537.86273246
5537.92234407
5537.98100555
5538.03928206
5538.09797938
5538.15616519
5538.21435417
5538.28371766
5538.34153288
5538.40202123
5538.47059526
5538.52949885
5538.58830588
5538.64653339
5538.70646999
5538.76336971
5538.82263315
5538.88099719
5538.94029380
5538.99905231
5539.05827456
5539.11545758
5539.17437067
5539.24360982
5539.30113686
5539.36019307
5539.45262555
5539.54396503
5539.60197798
5539.65960936
5539.75227078
5539.80969298
5539.86962519
5539.92786928
5539.98613164
5540.05561996
5540.12647849
5540.18434905
5540.24382730
5540.31283361
5540.37247447
5540.43036795
5540.48927934
5540.54713503
5540.60661450
5540.66391552
5540.72445482
5540.78285641
5540.84126189
5540.89974880
5540.95802117
5541.01714467
5541.07442936
5541.13363722
5541.19232918
5541.26241922
5541.31991017
5541.37887690
5541.43868185
5541.49635103
5541.55572224
5541.61427255
5541.67276994
5541.73066270
5541.78827897
5541.84707845
5541.90619317
5541.96507432
5542.02418490
5542.08460449
5542.15338309
5542.22207878
5542.28011757
5542.33824609
5542.39837872
5542.45637460
5542.51504681
5542.57326358
5542.63311656
5542.69156057
5542.75007089
5542.80704228
5542.86686576
5542.92405829
5542.98298748
5543.04318325
5543.11074572
5543.16959396
5543.22852144
5543.28894737
5543.34683232
5543.40440861
5543.46281580
5543.52151409
5543.58175595
5543.64015168
5543.69841746
5543.75680978
5543.81435705
5543.87439313
5543.93199502
5544.00170740
5544.05987809
5544.11962794
5544.17891601
5544.23619119
5544.29520010
5544.35320086
5544.41309797
5544.47104704
5544.53065280
5544.58771587
5544.64570297
5544.70444930
5544.76413893
5544.82183590
5544.89237114
5544.94981625
5545.00920039
5545.06826464
5545.12582581
5545.18589481
5545.24418131
5545.30389166
5545.36097496
5545.41954502
5545.47902643
5545.53709375
5545.59634964
5545.65509865
5545.71277270
5545.78337036
5545.84206158
5545.91087041
5545.97002048
5546.02774232
5546.08637796
5546.14406762
5546.20306263
5546.26260890
5546.32142471
5546.37864309
5546.43781633
5546.49712683
5546.55628617
5546.61383076
5546.69170539
5546.76141631
5546.81999246
5546.87743197
5546.93650183
5546.99560241
5547.05354222
5547.11332205
5547.17096441
5547.23004525
5547.28804796
5547.34683451
5547.40553403
5547.46485746
5547.52353966
5547.58120640
5547.63942220
5547.70898391
5547.76761760
5547.82660018
5547.88591629
5547.94390851
5548.00210919
5548.06189147
5548.11991807
5548.17861881
5548.23695432
5548.29620508
5548.35304653
5548.41278467
5548.47097975
5548.53012958
5548.58963050
5548.68043262
5548.72664618
5548.80823329
5548.85514853
5548.91403554
5548.97337505
5549.03219136
5549.09015798
5549.14819873
5549.20791029
5549.26682802
5549.32433238
5549.38255428
5549.44080957
5549.50022150
5549.56917710
5549.62924024
5549.68694282
5549.74644983
5549.80456786
5549.86368698
5549.92121596
5549.97916918
5550.03811519
5550.09918063
5550.15650677
5550.21467283
5550.27239272
5550.33145820
5550.39159107
5550.46013658
5550.51823267
5550.57713332
5550.63701434
5550.69568631
5550.75350372
5550.81212741
5550.87066821
5550.92934993
5550.98802970
5551.04708274
5551.10492307
5551.16325395
5551.22204221
5551.28005540
5551.33972991
5551.40768662
5551.46881424
5551.52649024
5551.58580367
5551.64345261
5551.70193465
5551.75930809
5551.81890629
5551.87774819
5551.93542541
5551.99547441
5552.05340544
5552.11369630
5552.17075791
5552.23066087
5552.29935876
5552.35813215
5552.41676169
5552.47482316
5552.53504234
5552.59180625
5552.65153562
5552.70928038
5552.76961464
5552.82611451
5552.88688591
5552.94364154
5553.00440368
5553.06083407
5553.11906913
5553.17710256
5553.24716529
5553.30764608
5553.36581775
5553.42296054
5553.48318704
5553.54183998
5553.59929729
5553.65813115
5553.71777323
5553.77581885
5553.83400978
5553.89246500
5553.95124717
5554.01009102
5554.06843482
5554.12789039
5554.19612285
5554.25504911
5554.31301451
5554.37293503
5554.42973795
5554.49067125
5554.54792498
5554.60834847
5554.66560536
5554.72422125
5554.78362026
5554.84186775
5554.90007185
5554.95889425
5555.01644030
5555.08679341
5555.14559338
5555.20436848
5555.26354025
5555.32257647
5555.37938793
5555.43810012
5555.49650390
5555.55610429
5555.61419306
5555.67302082
5555.73274556
5555.79020189
5555.84869198
5555.90743489
5555.96689875
5556.03700659
5556.12787820
5556.18508000
5556.24369662
5556.30256144
5556.36474182
5556.43186153
5556.48875466
5556.55831856
5556.61867428
5556.68671315
5556.74673680
5556.80472024
5556.86376012
5556.92243160
5556.99294855
5557.05196526
5557.10836883
5557.16743723
5557.22698910
5557.28507105
5557.34430865
5557.40252299
5557.46149630
5557.51890290
5557.57760193
5557.63727180
5557.69478299
5557.75519966
5557.81216984
5557.87141987
5557.92902347
5557.98866823
5558.04664949
5558.10583418
5558.16576689
5558.22379032
5558.28187617
5558.34117619
5558.39961069
5558.45745321
5558.51732911
5558.57489662
5558.63452529
5558.69167589
5558.75051121
5558.81003407
5558.87959529
5558.93808488
5558.99631287
5559.05381967
5559.11267303
5559.17084324
5559.23047996
5559.28912730
5559.34932259
5559.40663337
5559.46581855
5559.52379566
5559.58302034
5559.64068660
5559.70000880
5559.75965235
5559.82874497
5559.88678156
5559.94543183
5560.00384487
5560.06193974
5560.11983859
5560.17867951
5560.23731540
5560.29742901
5560.35573428
5560.41356072
5560.47355023
5560.53132230
5560.60111611
5560.65924389
5560.72900942
5560.78874025
5560.84540884
5560.90432071
5560.96481979
5561.02243533
5561.08039561
5561.13969368
5561.19654244
5561.25549235
5561.31680867
5561.37470703
5561.43312788
5561.49185299
5561.55027749
5561.60872637
5561.67861308
5561.73577976
5561.79430715
5561.85331777
5561.91137217
5561.97013093
5562.03075654
5562.08889749
5562.14591740
5562.20490900
5562.26493777
5562.31444129
