625.89531367
625.98277000
626.11085105
626.21048468
626.30817246
626.41651057
626.54957435
626.63968235
626.76195781
626.86175162
626.96156030
627.08205327
627.16851681
627.27621736
627.38482536
627.47112457
627.59931972
627.68548021
627.79318758
627.90048559
628.00666526
628.11271911
628.22056107
628.33866520
628.43592095
628.54376218
628.65137861
628.75921081
628.85679693
628.95363089
629.08287101
629.16813696
629.27648116
629.38361826
629.49102843
629.59865998
629.69749367
629.81565997
629.90122604
630.04170284
630.14914129
630.25714270
630.36565318
630.47307358
630.59170775
630.67777510
630.78560243
630.88234692
630.99393915
631.19850779
631.31671554
631.40198344
631.50868534
631.61532409
631.72299660
631.81817120
631.92539949
632.03294326
632.15135801
632.25093214
632.34752498
632.45519603
632.56297483
632.67065368
632.77716224
632.89556991
633.03554324
633.13228822
633.23957185
633.33628635
633.44298094
633.54071505
633.66786962
633.76406432
633.86372623
633.97057490
634.07815866
634.17510478
634.28668726
634.40205292
634.49828249
634.60585918
634.70636076
634.81302122
634.90996002
635.06442635
635.14990905
635.23512209
635.34286774
635.43941523
635.55828736
635.66589404
635.76360425
635.88134949
635.97708729
636.08333205
636.16849243
636.26431922
636.37212412
636.47974128
636.58751765
636.70572613
636.80191985
636.89884135
637.01346607
637.13307109
637.23085762
637.33859839
637.45946391
637.55618304
637.66343522
637.77117941
637.87794519
637.98836372
638.07422895
638.19145853
638.28769955
638.39531038
638.50223537
638.60999759
638.75054071
638.85930670
638.96949239
639.05857371
639.16582540
639.27308026
639.38072254
639.48839626
639.60719037
639.72556221
639.81254750
639.92024902
640.02800101
640.13573837
640.24245685
640.34917240
640.47244797
640.56852271
640.67533896
640.81505020
640.92366942
641.02955334
641.13601363
641.25330319
641.33858913
641.45295079
641.56058209
641.70213945
641.78708918
641.88300228
641.99968232
642.08486488
642.19060959
642.30948708
642.42092961
642.52775659
642.63559147
642.75367658
642.83979050
642.94772510
643.04429453
643.15223206
643.26030344
643.36698730
643.48519944
643.58146630
643.73494325
643.81000774
643.90644551
644.01248840
644.12006241
644.23826772
644.32450744
644.43837026
644.54628682
644.65361166
644.78246436
644.87740661
644.99554609
645.08088421
645.17953212
645.28719146
645.39503268
645.50204641
645.60861227
645.72688828
645.82719678
645.92988460
646.03602623
646.14291684
646.26263499
646.35950260
646.47758284
646.56385303
646.67435690
646.77030681
646.86601755
646.97394045
647.08153372
647.18935251
647.30918768
647.40577857
647.50380769
647.61187054
647.71858707
647.81450724
647.92199128
648.03920038
648.12766194
648.23623995
648.34306912
648.45069263
648.54838285
648.66120266
648.77832716
648.87351225
648.98184767
649.07814721
649.18682421
649.28402437
649.42388799
649.55085995
649.63610420
649.74377720
649.85258171
649.99321503
650.10001421
650.20669978
650.32437407
650.42032399
650.52861260
650.63711820
650.77723855
650.87264233
650.96925370
651.09747787
651.18868374
651.29661249
651.40266245
651.49842146
651.60531109
651.70211678
651.81081426
651.93188993
652.00394849
652.11138085
652.20806170
652.35977006
652.46763420
652.57510044
652.69460136
652.79178275
652.89932458
653.00694027
653.12483253
653.22251520
653.33094961
653.44889916
653.53424264
653.64196781
653.74967104
653.84558316
653.95411290
654.06491056
654.18403747
654.26941362
654.37649586
654.48444192
654.59304968
654.68886184
654.78365342
654.88977749
655.02052776
655.11063576
655.20740975
655.31419821
655.42089304
655.51780088
655.62651811
655.72334086
655.85182614
655.93711915
656.03385535
656.14049703
656.23693676
656.34352797
656.45029595
656.55808426
656.67722093
656.77360921
656.88217528
656.98981779
657.09760757
657.19533120
657.31401730
657.44327546
657.52955761
657.63658060
657.74279196
657.85007120
657.95787122
658.05353076
658.16237087
658.28044111
658.36793060
658.47542634
658.58324026
658.69209695
658.80066253
658.90833601
659.03751298
659.14447625
659.25237866
659.35937167
659.45722476
659.56473416
659.67252272
659.79160940
659.88794453
659.98475241
660.09244784
660.20207545
660.30892413
660.40453588
660.51228957
660.62952062
660.73753495
660.82243421
660.92309695
661.01911270
661.12659162
661.22332440
661.32015959
661.45176612
661.53652250
661.63317313
661.72776161
661.83556919
661.94351671
662.04977073
662.15689760
662.26373554
662.37098821
662.47772790
662.58560789
662.69226835
662.79892368
662.89455859
662.99989346
663.09618421
663.20473590
663.30142212
663.39939979
663.50598637
663.61386343
663.77565940
663.83904371
663.92473535
664.03258584
664.13823960
664.24502196
664.35133816
664.44904155
664.56474172
664.66034981
664.76671306
664.87427927
664.98199493
665.08983932
665.19647710
665.31468607
665.39986449
665.50564211
665.64504908
665.75359856
665.86336100
665.96103440
666.07893861
666.17473419
666.28314617
666.38673878
666.49402923
666.60072943
666.70845557
666.82665211
666.92288728
667.02985152
667.12835972
667.23604198
667.35492801
667.46264562
667.57950291
667.67868500
667.78498705
667.89218218
667.99931295
668.10699277
668.21475573
668.36585822
668.46300865
668.57075552
668.67867476
668.76479867
668.86199933
668.96367047
669.08237583
669.20077887
669.29887723
669.39659818
669.51381021
669.61147581
669.71943601
669.82790553
669.94708998
670.04444813
670.15212869
670.25997527
670.36765704
670.47514279
670.57199968
670.69018500
670.79653435
670.90478103
671.01243817
671.10024193
671.21196118
671.31968684
671.42909113
671.51509240
671.61180032
671.72025399
671.81641626
671.91502467
672.02283981
672.13110550
672.25059910
672.34750280
672.45562781
672.56294997
672.67069561
672.76746936
672.87711940
672.99825067
673.09564028
673.20333034
673.31188226
673.42258849
673.52033381
673.62706522
673.75763556
673.84249605
673.94877665
674.04489894
674.15175346
674.25955348
674.41120016
674.50739998
674.58158748
674.68934678
674.84084522
674.91517071
675.01165311
675.12158280
675.24005191
675.32622946
675.43602433
675.54575264
675.65230045
675.77109163
675.87786058
675.99603298
676.09127170
676.19817938
676.30555468
676.40142146
676.50918149
676.61572711
676.71161607
676.82880007
676.92502963
677.03277382
677.11849861
677.21634341
677.32394058
677.43167160
677.53798268
677.65615386
677.74063084
677.84931954
677.94086406
678.04875698
678.15532941
678.26306726
678.35979200
678.47797196
678.57426491
678.68196838
678.77975296
678.89795461
678.99517258
679.11480125
679.23309506
679.31964149
679.43080510
679.53844372
679.64613598
679.74288851
679.85057516
679.93640821
680.10350337
680.17874510
680.27553372
680.38336348
680.49188347
680.57761851
680.68531759
680.79888662
680.91575171
681.01427991
681.12193730
681.22870698
681.33558418
681.45297614
681.54895263
681.66701190
681.76242373
681.87302438
681.96983129
682.07732703
682.18612862
682.29483731
682.41316185
682.50929145
682.61559765
682.72285397
682.81939049
682.92781052
683.03553227
683.15377903
683.23896867
683.34579857
683.45342817
683.56216344
683.65985805
683.76770147
683.88122978
683.99912668
684.07536412
684.18391971
684.33567512
684.40929235
684.50416292
684.61200512
684.71974394
684.83973345
684.92523662
685.03262826
685.12839800
685.23724981
685.34265831
685.44978078
685.55746840
685.67562227
685.77191083
685.87861103
685.97624957
686.08417588
686.19174013
686.28778806
686.39555955
686.51375145
686.61401362
686.70993501
686.80476047
686.91082311
687.01761351
687.12482668
687.25281533
687.32877386
687.43653023
687.54434951
687.64097722
687.74479778
687.85235180
687.96020155
688.07836761
688.17529349
688.27202993
688.37978387
688.48697632
688.59589835
688.70205265
688.82029722
688.92742774
689.04630499
689.14584572
689.25362867
689.36033277
689.46699639
689.62819552
689.69246071
689.78813317
689.89584737
689.99258625
690.09175469
690.19782220
690.31641273
690.42269820
690.51893410
690.62581911
690.73234254
690.83916659
690.97977139
691.07640299
691.19549967
691.27961338
691.39249706
691.48924667
691.59752602
691.70468433
691.80099606
691.93943754
692.02615951
692.12135752
692.22817255
692.33584701
692.44366751
692.55145777
692.64910606
692.76723091
692.86352216
692.96125408
693.06798450
693.17556388
693.28334951
693.39082551
693.48697851
693.60376071
693.70207899
693.79869913
693.90635067
694.01423456
694.12179735
694.22949765
694.34771857
694.44599393
694.55313494
694.65084759
694.74752966
694.89929459
694.98693524
695.10632278
695.19242572
695.28908073
695.39683662
695.51554223
695.61130880
695.71801899
695.83745554
695.93347616
696.03022820
696.13894080
696.23578866
696.34371498
696.45144161
696.55905682
696.67727383
696.77447766
696.87232563
696.98008980
697.08893016
697.19638446
697.30408110
697.41052066
697.49791409
697.59485777
697.69155520
697.84416883
697.91803718
698.01470926
698.12240273
698.24076920
698.33872079
698.45787281
698.56492677
698.67244982
698.77963495
698.87586208
698.98241258
699.07771493
699.18530674
699.29314333
699.38870363
699.49646854
699.60425832
699.72172538
699.81724375
699.91492983
700.02275594
700.17422829
700.24918208
700.33479302
700.46361915
700.54891143
700.65668780
700.75234051
700.86320228
700.97075045
701.07743504
701.17617437
701.29448818
701.37962564
701.52023970
701.61550915
701.72158982
701.82763222
701.93534471
702.05372556
702.13782659
702.24560662
702.34230917
702.45009749
702.54975696
702.65648080
702.76325463
702.88131439
702.97859720
703.08560338
703.18296276
703.28055497
703.38832256
703.50112555
703.59878139
703.71696208
703.81432218
703.92386544
704.03174543
704.12936909
704.23721275
704.34502033
704.45498099
704.54035860
704.63564560
704.74320229
704.83413973
704.94185491
705.04948792
705.20165171
705.26589618
705.36856743
705.48840943
705.58525973
705.68203079
705.78868418
705.89597122
706.02465667
706.10889960
706.21757343
706.31434864
706.42205455
706.52970706
706.63951973
706.75871002
706.84313337
706.95263323
707.05952530
707.16712174
707.27493809
707.37160480
707.47428093
707.59344270
707.68081248
707.82234034
707.91229060
708.01977074
708.12812298
708.23625922
708.34252372
708.43967172
708.53773326
708.63444435
708.75434389
708.86392957
708.97257853
709.09296228
709.16904856
709.29161659
709.38842740
709.49727482
709.60586722
709.74757964
709.86695231
709.95224386
710.05934415
710.15722869
710.26486633
710.37249861
710.49025653
710.60829849
710.70371324
710.81348177
710.92001862
711.02684242
711.13443545
711.22924824
711.34850680
711.43331780
711.54115269
711.64875961
711.75655695
711.86815039
711.96483954
712.09399213
712.17947068
712.28712441
712.39486226
712.50349464
712.61119397
712.70883933
712.80665463
712.92452080
713.02164100
713.12121099
713.22805040
713.34379446
713.44232680
713.55028042
713.65735583
713.75448627
713.86229434
713.97096939
714.06889830
714.17645963
714.28539946
714.40341801
714.49556889
714.60431806
714.71399492
714.81385895
714.92143491
715.02930222
715.14735588
715.24463284
715.35220149
715.45923156
715.56599758
715.67383515
715.78039052
715.88770487
715.98496989
716.08160052
716.18852551
716.28599460
716.40516369
716.49177327
716.60052219
716.70785507
716.80421678
716.91018481
717.01798678
717.12470697
717.23241922
717.34017706
717.45727450
717.55352527
717.66121997
717.75803687
717.89856145
717.97344820
718.07010077
718.17789372
718.29510502
718.39019282
718.48807712
718.59684701
718.68345220
718.84128212
718.91608914
719.01362601
719.13191592
719.23851299
719.34574639
719.45352764
719.55184494
719.66043832
719.76727163
719.88636002
719.97065878
720.07938186
720.18701755
720.29573575
720.39255899
720.48922253
720.66331941
720.73794698
720.85175471
720.94754761
721.05536689
721.15209163
721.25971488
721.35751580
721.50976858
721.58414747
721.68061231
721.78828750
721.89598878
722.00369200
722.11137841
722.20732296
722.33634706
722.43266098
722.53939628
722.64707025
722.75578407
722.86462491
722.97336530
723.09238372
723.17763138
723.28938208
723.38613242
723.49323173
723.58861430
723.69468669
723.79140802
723.90473495
723.99189237
724.14447941
724.23031856
724.32711327
724.43622596
724.54410522
724.64427059
724.74041190
724.84741417
724.95571400
725.06281063
725.17592496
725.28311911
725.40136514
725.49786972
725.59642717
725.70409992
725.79979457
725.90734883
726.00411696
726.11202426
726.24102349
726.31625425
726.41324669
726.52087726
726.62794366
726.72290761
726.81856690
726.92523175
727.04443009
727.14069696
727.23741268
727.34412189
727.45181878
727.54858131
727.64538553
727.75112219
727.87190627
728.01250693
728.08665395
728.18244320
728.27942711
728.38695577
728.48470645
728.59138593
728.70954491
728.80590686
728.91272165
728.99945899
729.10698496
729.21467259
729.29968497
729.40596435
729.52278142
729.66105125
729.73592605
729.83281463
729.92942941
730.03612351
730.14288003
730.26106266
730.35931097
730.45605545
730.62731463
730.73527898
730.84205183
730.96018790
731.06776532
731.15384657
731.26069817
731.41050676
731.49105500
731.59783224
731.69645553
731.81259748
731.87790983
731.98563086
732.09249245
732.19121814
732.28774515
732.39544228
732.50280466
732.65815236
732.73288331
732.83068203
732.93935440
733.04611530
733.15293472
733.25367963
733.36140577
733.48147233
733.56720590
733.67490888
733.78159299
733.88845263
733.98610482
734.09340016
734.21254072
734.34270731
734.42837506
734.53621238
734.64395754
734.74058890
734.83767643
734.95663462
735.05395401
735.15513583
735.26571552
735.35057772
735.45762242
735.56430433
735.66120119
735.77822622
735.86869677
736.00995863
736.08686778
736.19352360
736.30139773
736.39910210
736.49593192
736.61417112
736.70739890
736.81636506
736.91216284
737.00899047
737.11669857
737.22342119
737.32002379
737.43730091
737.53253939
737.68410878
737.76984918
737.85617497
737.96462011
738.07223946
738.19041869
738.27580239
738.38438187
738.49394000
738.57987301
738.68766376
738.79539820
738.89307379
739.02329841
739.10848634
739.21837191
739.31538093
739.42453067
739.53311210
739.62904202
739.74730682
739.88718531
739.98497428
740.09260485
740.19957567
740.30817344
740.41171484
740.52999207
740.61629519
740.71996191
740.81754315
740.92485360
741.03115078
741.12770558
741.23560312
741.35361680
741.45005628
741.55965830
741.65564844
741.76555936
741.86233554
741.95914074
742.06566515
742.17308580
742.26928245
742.36618029
742.47291462
742.57982986
742.68633305
742.79411942
742.91232960
742.98656904
743.09318219
743.20003257
743.30773946
743.40665848
743.51326871
743.62097291
743.73981481
743.82767611
743.93502044
744.04215121
744.13704762
744.24419740
744.35208739
744.47009033
744.56531613
744.65642570
744.77183428
744.87577065
744.97522045
745.08005428
745.17675293
745.30612934
745.39235882
745.50140544
745.59832059
745.69521819
745.80297823
745.90059872
746.06264728
746.13590781
746.24362591
746.33061510
746.43639516
746.54407450
746.65291266
746.76054152
746.86786343
746.95766862
747.06867790
747.16397221
747.27273796
747.35795368
747.46558425
747.57431684
747.69155569
747.77779395
747.88851261
747.98621332
748.08309215
748.19063129
748.28743161
748.38440016
748.51274866
748.59756186
748.70469091
748.81149839
748.91873057
749.00508927
749.11329670
749.22098457
749.33905285
749.42427224
749.51932493
749.62714348
749.74369284
749.83860315
749.94923477
750.04800287
750.16823009
750.27266871
750.38017348
750.48761193
750.59563625
750.70871011
750.80302992
750.92036385
750.99846303
751.10638836
751.20399496
751.31393124
751.42174466
751.51913939
751.61557912
751.73464434
751.83061547
751.95009737
752.04700326
752.14269302
752.24931813
752.34613820
752.47624676
752.56164778
752.67033941
752.77814333
752.88690688
753.03941908
753.12447999
753.25330416
753.36088939
753.46977289
753.57755146
753.67533238
753.77197617
753.87973206
753.98789706
754.08419051
754.19197565
754.28970172
754.44121040
754.53714763
754.64375859
754.76100354
754.85735159
754.96485587
755.06071094
755.16829373
755.26424413
755.36273868
755.48259507
755.59200008
755.68829182
755.79683789
755.90459159
756.01074736
756.12695709
756.23464105
756.35185845
756.43705272
756.53576328
756.64245592
756.75064969
756.85800939
756.96572603
757.09594796
757.19220605
757.27905335
757.38569771
757.48249657
757.59104581
757.68868362
757.79644658
757.91574854
757.99108048
758.08780547
758.19553600
758.30304832
758.42195556
758.52877498
758.64531995
758.74756965
758.85432665
758.96191748
759.05871634
759.16645248
759.27713701
759.39523236
759.48049977
759.57720720
759.67640563
759.78477128
759.89241478
760.01016221
760.12837508
760.21353058
760.31933454
760.42610251
760.53386913
760.63043588
760.72835894
760.83596952
760.95336197
761.05074085
761.15716871
761.26401982
761.38199254
761.48877807
761.58455073
761.71386960
761.79905485
761.89556114
761.99146741
762.09915308
762.20198987
762.30956169
762.41738487
762.54669301
762.64379809
762.75254726
762.86011054
762.95696450
763.06962754
763.15543425
763.28459099
763.38085444
763.47858099
763.58624448
763.69391430
763.78972232
763.89938748
764.01765350
764.11421196
764.22133711
764.31839514
764.42701363
764.52481673
764.63155009
764.75187313
764.83798412
765.00064171
765.09732866
765.24997227
765.33579215
765.46383175
765.58095187
765.67631688
765.79585046
765.89243501
766.04403805
766.14201987
766.26005597
766.36721258
766.46304985
766.55984676
766.67738306
766.79603673
766.90484320
767.01218242
767.11622290
767.22283483
767.33169323
767.43954177
767.54318703
767.65079639
767.78148644
767.85322293
767.96004649
768.06763366
768.15367688
768.26012083
768.37893444
768.48679297
768.60483761
768.69049439
768.79796136
768.91662187
769.02428121
769.12109299
769.22875160
769.34606188
769.44114189
769.52702394
769.62393934
769.72066140
769.81832748
769.93661130
770.05617731
770.17347004
770.26071743
770.36830533
770.48618906
770.59489629
770.69278083
770.80022416
770.90755484
771.00472746
771.10140466
771.21809323
771.31493354
771.42262335
771.53032536
771.64958685
771.74574474
771.88652678
771.99605322
772.09176322
772.20048460
772.31827153
772.43657046
772.53370578
772.62995363
772.73765831
772.84551660
772.94431787
773.04085853
773.14862222
773.26677633
773.34410093
773.44078227
773.55060615
773.65683116
773.75260650
773.86221169
773.96960454
774.08864783
774.18519117
774.29286148
774.38967424
774.49729457
774.64895271
774.73570662
774.84205476
774.92615286
775.03280697
775.14956991
775.25569130
775.36388312
775.52515148
775.64182153
775.73789505
775.83381205
775.94168131
776.05113095
776.17300315
776.27079480
776.39885024
776.47422363
776.58244739
776.73331046
776.81823191
776.91402554
777.01069079
777.13230626
777.21901483
777.31597094
777.41275493
777.51851865
777.62625016
777.73385562
777.82981968
777.94999204
778.03515364
778.14191040
778.24863156
778.35527763
778.46215385
778.55984310
778.66703092
778.78522355
778.87635043
778.97214309
779.06704389
779.17362267
779.29250650
779.40300549
779.52031090
779.60658183
779.71412585
779.80603169
779.91384269
780.01303746
780.11978202
780.22740723
780.36805592
780.47467956
780.58144899
780.68927924
780.79683228
780.90402034
781.02231586
781.11851470
781.22583198
781.32303434
781.43014853
781.53760672
781.64632956
781.76843509
781.86679042
781.96357197
782.07130470
782.17979933
782.28767469
782.38530298
782.49943302
782.59599124
782.70343310
782.81105538
782.90802320
783.01567815
783.12327947
783.28593389
783.33890974
783.43555817
783.54345108
783.65220634
783.75977376
783.86850562
783.97648387
784.09535916
784.18068460
784.28855996
784.38812898
784.48401257
784.59178309
784.69913353
784.80624430
784.90185824
784.98705373
785.09486521
785.21278038
785.30939687
785.41197157
785.51874174
785.61440128
785.73254734
785.82984381
785.93760921
786.04527245
786.15036083
786.25817547
786.35507137
786.47311552
786.55830028
786.66597205
786.76171619
786.85958245
786.96716718
787.07491625
787.18256754
787.29987246
787.38610438
787.49479382
787.60497878
787.70742694
787.81462305
787.91340700
788.03227230
788.12950806
788.23723665
788.33412157
788.43493670
788.53146834
788.63942635
788.73600870
788.85430178
788.95149854
789.04842003
789.15494200
789.26221759
789.37046816
789.46665628
789.57245975
789.69064433
789.77593783
789.88452657
789.98133201
790.08900501
790.20683705
790.31351164
790.41994340
790.50567015
790.61787093
790.72409789
790.82043838
790.92811845
791.02599446
791.13460807
791.26385672
791.34907878
791.45572607
791.56249721
791.66921204
791.76602918
791.87273059
791.98984315
792.08502897
792.20759090
792.31390807
792.42202919
792.50877847
792.61660239
792.74716297
792.81998782
792.91563956
793.02158590
793.12809299
793.23589740
793.33258557
793.44032586
793.57002555
793.65465370
793.75035127
793.84666397
793.95300650
794.06065535
794.16830982
794.27632951
794.39433026
794.48152718
794.58926844
794.69683928
794.79266558
794.90742782
795.00417328
795.13533876
795.23394668
795.34168258
795.45051684
795.54725231
795.65402638
795.76078216
795.87884167
796.01896568
796.10493599
796.20343810
796.31111817
796.42306514
796.50884503
796.61561325
796.71209516
796.81834894
796.92620650
797.02181483
797.11849764
797.22625450
797.33299785
797.45114002
797.54839553
797.65619213
797.75329795
797.86584127
797.96376946
798.06047591
798.16775662
798.28699836
798.38172167
798.49234914
798.58822177
798.69621684
798.80456713
798.90035662
799.00809837
799.12773557
799.21150209
799.30809420
799.41602417
799.52365645
799.60837163
799.70619375
799.80403173
799.92162313
800.00545084
800.11228050
800.21809616
800.32585497
800.42261384
800.52937719
800.63594012
800.75409813
800.85030575
800.95922266
801.05575381
801.16255738
801.27112028
801.37644003
801.47375966
801.59103582
801.66589087
801.76386659
801.86276001
802.01519834
802.07893471
802.18768363
802.28342095
802.40167575
802.49909340
802.59977223
802.70689519
802.81460769
802.92227775
803.00803303
803.16924020
803.25451151
803.36206552
803.46988529
803.57775601
803.67642172
803.78606055
803.89385447
804.01103798
804.08735344
804.19401146
804.30187560
804.40959394
804.51662036
804.61279677
804.71955060
804.83878893
804.93504336
805.02078620
805.12747908
805.23525301
805.33388459
805.44066743
805.54733276
805.66459209
805.76442808
805.86212099
805.96951507
806.07666338
806.18539939
806.28323541
806.40329757
806.49867404
806.59623017
806.70286283
806.78893481
806.89667924
807.00415573
807.11301924
807.23133305
807.31744258
807.41438870
807.52101941
807.62881138
807.73650534
807.83459029
807.94210067
808.11402788
808.16647101
808.27397943
808.36873127
808.46564472
808.56225145
808.67145557
808.78220056
808.90375313
808.98767057
809.08337472
809.19124325
809.29988587
809.39668863
809.50535588
809.61314468
809.73056103
809.82740255
809.92452616
810.02034954
810.11709671
810.22386420
810.33158083
810.42826924
810.54659280
810.63164005
810.73944690
810.84713306
810.94385512
811.05149032
811.14873218
811.24564173
811.35179701
811.44701988
811.55475676
811.66146158
811.75811537
811.86708446
811.97379319
812.10281778
812.18814809
812.29573624
812.39258800
812.49986066
812.65133594
812.75801176
812.86551433
812.96261283
813.05926564
813.16608091
813.27371344
813.38160659
813.48936394
813.60737859
813.69485077
813.79137096
813.89871139
814.00594188
814.11477516
814.21045396
814.31812866
814.42443632
814.50993998
814.60730326
814.70433959
814.80081905
814.90865125
815.00536015
815.11404251
815.23348588
815.30824877
815.41608341
815.52307179
815.63199699
815.72961456
815.83731437
815.94404480
816.06234056
816.16049305
816.26823626
816.36482861
816.47266252
816.57940636
816.68716371
816.80499307
816.89095631
816.99837135
817.10429112
817.21090622
817.30664427
817.41549998
817.57769847
817.63073942
817.73857967
817.84061653
817.91729405
818.02586938
818.12140287
818.22038162
818.31702786
818.43471434
818.51944854
818.67103695
818.77885550
818.88670915
818.98324982
819.08005477
819.19730483
819.29455035
819.39221912
819.50004888
819.60781233
819.71444255
819.80060450
819.90793958
820.02597568
820.11134330
820.20886310
820.31758838
820.42521407
820.53301799
820.61885470
820.72650770
820.84471862
820.93327745
821.04111819
821.14886993
821.24652017
821.35365362
821.46147948
821.56906299
821.68629794
821.76253369
821.86041676
821.96704698
822.05340691
822.16212925
822.26993439
822.37768516
822.48886657
822.58502324
822.68306016
822.79078533
822.89754160
823.00436248
823.11128552
823.22943524
823.31454076
823.42233493
823.52989894
823.62688943
823.72339937
823.83128278
823.92777029
824.04529757
824.13056498
824.23723201
824.33420203
824.44378234
824.54067116
824.64928672
824.81234026
824.87183118
824.97042057
825.06680227
825.17547074
825.27227886
825.36878539
825.47654080
825.59428531
825.69048366
825.77626429
825.88390608
825.98079612
826.08943460
826.18606279
826.29484951
826.41208519
826.50835498
826.60508825
826.71278928
826.82053420
826.91621714
827.02355685
827.12130925
827.23940582
827.33554273
827.43321126
827.52899148
827.62496651
827.73364814
827.82927769
827.93688339
828.05029151
828.13558915
828.24420642
828.35252697
828.45018355
828.55786313
828.65469246
828.76243714
828.88167522
828.95613311
829.05454281
829.14035953
829.24718065
