625.95564061
626.06674473
626.17212690
626.28275900
626.39098959
626.49969122
626.61243983
626.71215026
626.82296157
626.92414216
627.03383292
627.14263232
627.25094385
627.35843496
627.44533711
627.55326757
627.66069602
627.76812033
627.87527547
627.98224045
628.08855713
628.19591902
628.30331237
628.41068718
628.51754122
628.62623163
628.73376297
628.83115819
628.92853683
629.03639560
629.14302509
629.25153362
629.35872119
629.46615233
629.57333014
629.66999491
629.76877886
629.87562729
630.01657245
630.12421740
630.23186626
630.34049621
630.43725727
630.55587511
630.65193474
630.76056566
630.85774803
630.96545832
631.17414417
631.28078878
631.37763421
631.48447898
631.59115650
631.69841502
631.79403384
631.89923802
632.00761319
632.11477126
632.22287092
632.32241019
632.43010342
632.53813530
632.64567908
632.75311875
632.86016905
633.01134469
633.10711906
633.21434783
633.31197028
633.41848835
633.51588844
633.62198716
633.73877813
633.83772544
633.94565394
634.05329548
634.14991880
634.25766177
634.35743217
634.47306017
634.58114204
634.67854310
634.78898065
634.88475307
635.03558957
635.10356627
635.20971619
635.31760642
635.41447013
635.53315647
635.64181275
635.73852701
635.84606005
635.95186279
636.05907035
636.14333302
636.23880166
636.34705248
636.45460967
636.56241456
636.66989202
636.77688284
636.87386089
636.98172528
637.10590050
637.20593154
637.31379519
637.42121560
637.53056746
637.63795349
637.74578448
637.85328705
637.96144376
638.04907076
638.15577510
638.26247846
638.37084192
638.47789199
638.58487963
638.72538544
638.83265103
638.93149813
639.03026453
639.14069159
639.24793524
639.35560775
639.46362573
639.58203730
639.67899561
639.78677515
639.89537755
640.00303640
640.11032344
640.21727135
640.32370457
640.43155628
640.54390505
640.65045871
640.79099842
640.89796022
641.00540306
641.11205400
641.20776425
641.31354480
641.42247902
641.53512182
641.67620034
641.76254222
641.85767976
641.95327810
642.06005753
642.16652855
642.28472484
642.39208893
642.50366872
642.61053739
642.71795926
642.81380116
642.92243647
643.01930457
643.12717895
643.23533981
643.34279996
643.44948699
643.55660020
643.70787165
643.78466864
643.88194414
643.98781441
644.09472160
644.19160677
644.29954795
644.40744403
644.52135513
644.62849370
644.75756753
644.85324072
644.95984535
645.05558095
645.15379634
645.26205935
645.36913331
645.47743874
645.58347261
645.69126995
645.79809741
645.89881989
646.01133323
646.11793054
646.23665760
646.33412254
646.43181716
646.53865242
646.64644635
646.74547557
646.84106001
646.94861671
647.05642600
647.16425405
647.27241028
647.38114872
647.47806802
647.58661872
647.69440655
647.78903697
647.89651931
648.00389656
648.09932960
648.21049735
648.31785535
648.42587869
648.52363572
648.63141843
648.74346585
648.84932588
648.95579616
649.05255650
649.16061008
649.25883351
649.39866812
649.50510012
649.61129661
649.71900983
649.82574245
649.96807732
650.07580249
650.18239468
650.28981119
650.39519018
650.50271299
650.61195124
650.75245388
650.84826116
650.94433493
651.05110096
651.15786454
651.27129314
651.37881522
651.47345490
651.58113692
651.67671527
651.78457234
651.88312540
651.97823515
652.08673612
652.18317097
652.33460943
652.44243481
652.55027578
652.65772033
652.76625568
652.87409763
652.98210830
653.09972506
653.19761301
653.30526357
653.41328643
653.50889818
653.61718631
653.72444361
653.82114616
653.92864288
654.03712240
654.14728956
654.24376318
654.35106534
654.45874150
654.56700817
654.66446897
654.75938026
654.86581763
654.97215966
655.08095979
655.18239907
655.28996381
655.39553103
655.49228697
655.60044076
655.69800566
655.80580690
655.91287013
656.00917186
656.11583597
656.21212673
656.31938427
656.42609471
656.53339955
656.64041134
656.74795438
656.85669599
656.96451112
657.07224141
657.16904978
657.28880084
657.40758691
657.50434919
657.61174059
657.71767498
657.82479940
657.93252798
658.02913033
658.13621038
658.24490347
658.34209901
658.45065069
658.55814765
658.66593865
658.77501184
658.88336068
659.00217039
659.11932269
659.22683014
659.33461943
659.43124030
659.53968617
659.64799502
659.75561365
659.86276928
659.95996945
660.06763561
660.17522669
660.28452321
660.38021127
660.48728961
660.59387156
660.71205639
660.79735916
660.89461637
660.99474932
661.10149316
661.19762301
661.29459570
661.40267537
661.51072968
661.60767726
661.70307909
661.81013915
661.91758077
662.02465594
662.13199516
662.22802480
662.34604262
662.45357543
662.56026879
662.66790010
662.77444889
662.87037832
662.96502483
663.07099652
663.17918956
663.27638632
663.37315592
663.48166640
663.58828199
663.73989600
663.81385236
663.89963860
664.00710363
664.11429217
664.22046623
664.32608513
664.42252680
664.52988455
664.63603813
664.74155365
664.84934148
664.95711834
665.06445049
665.17210861
665.27872786
665.37467436
665.48141649
665.62028634
665.72746392
665.83696597
665.93623754
666.03290157
666.14955260
666.25703640
666.35580426
666.46874426
666.57649016
666.68315988
666.79057029
666.89753843
667.00426422
667.10317642
667.21120586
667.33000704
667.43764883
667.54433440
667.65232727
667.76051592
667.86730901
667.97433932
668.08204206
668.18932228
668.32954112
668.43764444
668.54535718
668.65316841
668.74009446
668.83747894
668.93358880
669.05800880
669.16492623
669.27344598
669.37128468
669.48825559
669.58562154
669.69390040
669.80269614
669.91033037
670.01831836
670.12689175
670.23442748
670.34271316
670.45059827
670.54660329
670.65412999
670.77111699
670.87849571
670.98692110
671.07420895
671.18316829
671.29426924
671.39107102
671.49013414
671.58697786
671.69384287
671.79084945
671.88751836
671.99738027
672.10483774
672.21454898
672.32231023
672.43001663
672.53786297
672.64513563
672.74295800
672.85127197
672.96002016
673.07027899
673.17803659
673.28656852
673.39447314
673.49528509
673.60269989
673.70929745
673.81733884
673.92451422
674.01959422
674.12720602
674.23407347
674.38579255
674.46110279
674.55692861
674.66396550
674.81551246
674.88961195
674.98647200
675.09397969
675.19333465
675.30105762
675.40876012
675.51937564
675.62803241
675.74557846
675.85235765
675.95982706
676.06690492
676.17342055
676.28114742
676.37670456
676.48378120
676.59145151
676.68721003
676.79376224
676.89991752
677.00737377
677.09317902
677.19008906
677.29853444
677.40581173
677.51348375
677.62018760
677.71605438
677.82362229
677.91067097
678.02336668
678.13088851
678.23772305
678.33397041
678.44235313
678.54898530
678.65631062
678.75465694
678.87244582
678.97040034
679.08838159
679.19714148
679.29415733
679.40244936
679.51297151
679.62087417
679.71716030
679.82505296
679.91129122
680.06242687
680.15330531
680.25010734
680.35789858
680.46655217
680.55294988
680.66014526
680.76772219
680.88000732
680.98795875
681.09703023
681.20407883
681.31065249
681.42862716
681.52438592
681.63138186
681.73791675
681.84464742
681.94458021
682.05208765
682.16006882
682.26848592
682.37708417
682.48466525
682.59120526
682.69729350
682.79474796
682.90259479
683.01036067
683.11775890
683.21361909
683.32141496
683.42803177
683.53593566
683.63425637
683.74241991
683.85051786
683.96308143
684.04972782
684.15761171
684.31031725
684.38472491
684.47987367
684.58652071
684.69449042
684.79228914
684.89966030
685.00831341
685.10380691
685.21081065
685.31802406
685.42525820
685.53210224
685.63984253
685.74670291
685.85413234
685.95037580
686.05883922
686.16638836
686.26352002
686.37047207
686.47827574
686.58570395
686.68505696
686.78013403
686.88623543
686.99239998
687.09975456
687.20646767
687.30257265
687.41144811
687.51903163
687.61564251
687.71351023
687.82701928
687.93470349
688.04240282
688.14990051
688.24674350
688.35534004
688.46158066
688.56992096
688.67742963
688.78500900
688.90203159
689.02079912
689.12031499
689.22928237
689.33613104
689.44247235
689.59315915
689.66710504
689.76277847
689.87069186
689.96723106
690.06433200
690.17319210
690.29127672
690.38779033
690.49389392
690.60137138
690.70828588
690.81474788
690.95438597
691.05112826
691.15920818
691.25523903
691.36129826
691.46473726
691.57214718
691.67979677
691.77613117
691.89362431
691.99916008
692.09723893
692.20264353
692.31040941
692.41820724
692.52593850
692.62365213
692.73160331
692.83815990
692.93553635
693.04354385
693.15033937
693.25840807
693.36640923
693.46221188
693.56866851
693.67575222
693.77340563
693.88126050
693.98899250
694.09692710
694.20424267
694.31227065
694.41964035
694.52766394
694.62569233
694.72249192
694.87376654
694.95955131
695.07014612
695.16700398
695.26381746
695.37177279
695.49031236
695.58659312
695.69375558
695.80139322
695.90878974
696.00493860
696.11296853
696.21036423
696.31891689
696.42618931
696.53395178
696.64134000
696.74824305
696.84631679
696.95479606
697.06330946
697.17099830
697.27859572
697.36435392
697.47110458
697.56944578
697.66644651
697.81898674
697.89350972
697.98924216
698.09723698
698.19486869
698.31266733
698.43294429
698.54065434
698.64692031
698.75408472
698.85083360
698.94651069
699.05327013
699.16043819
699.26763161
699.36437952
699.47208664
699.57923496
699.68643180
699.79196317
699.88900364
699.99722764
700.14855810
700.22340608
700.31017633
700.41678290
700.52456000
700.63146280
700.72796421
700.83495186
700.94542305
701.05310678
701.14891845
701.24725940
701.35530811
701.49525242
701.59104532
701.69720987
701.80323008
701.91005169
702.01781539
702.11333717
702.22043892
702.31692887
702.42450605
702.52248080
702.63199285
702.73864477
702.84537422
702.95315839
703.06081237
703.15718968
703.25505545
703.36294714
703.47081225
703.57347033
703.68127596
703.78846914
703.89765521
704.00636732
704.10401829
704.21182977
704.31939695
704.41584253
704.51479154
704.61096332
704.71798510
704.80359019
704.91641926
705.02412029
705.16481238
705.23967523
705.33756976
705.46208583
705.55986115
705.65671193
705.76418086
705.87091519
705.97826928
706.08434532
706.19190763
706.28896468
706.39731327
706.50472807
706.61368423
706.72313387
706.81843573
706.92632377
707.03489374
707.14156151
707.24941394
707.34622036
707.44311186
707.55655972
707.65530637
707.79641415
707.88290573
707.99434972
708.10257007
708.21094206
708.30727207
708.41431994
708.51245000
708.60905868
708.72816365
708.83733339
708.94725431
709.05519866
709.14376895
709.26241458
709.36293714
709.47169801
709.58068563
709.72178267
709.82074510
709.92765277
710.03420595
710.13079001
710.23972545
710.34739698
710.46585000
710.57253923
710.67934597
710.78743124
710.89556138
711.00247466
711.10868163
711.20524083
711.31133296
711.40824178
711.51568218
711.62360337
711.73108936
711.84041368
711.93954701
712.04715198
712.15427079
712.26183895
712.36982670
712.47799951
712.58600944
712.68253036
712.78090520
712.88816567
712.99621047
713.09302591
713.20369703
713.31222701
713.41666661
713.52493620
713.62147784
713.72931321
713.83663902
713.94500638
714.04242696
714.15109859
714.25874379
714.35733904
714.46451003
714.57870931
714.68637060
714.78579455
714.89659245
715.00387584
715.11158174
715.21837410
715.32695992
715.43396780
715.54118609
715.64828857
715.75568679
715.85150773
715.95935456
716.05626728
716.16397952
716.26101414
716.37795506
716.46585147
716.57425369
716.67207314
716.77976149
716.88591190
716.99302047
717.10024949
717.20701210
717.31488551
717.42242953
717.52812279
717.63589453
717.73265852
717.87332768
717.94797110
718.04447885
718.15250732
718.25980704
718.36561563
718.46277752
718.57040102
718.65779372
718.80992045
718.89055671
718.98829569
719.08511869
719.19200540
719.32062697
719.42847404
719.52456342
719.63552125
719.74267030
719.85029648
719.94630613
720.05303266
720.16172331
720.26959477
720.36728207
720.46425159
720.61550598
720.71253621
720.82053518
720.92294677
721.02995245
721.12672084
721.23537638
721.33162277
721.47307041
721.55862796
721.65571890
721.76312785
721.87126749
721.97852406
722.08679829
722.18252902
722.30026768
722.40841805
722.51502365
722.62177504
722.73003928
722.83835178
722.94797818
723.04555210
723.15230984
723.26039609
723.36087135
723.46773026
723.56372333
723.67012608
723.76597603
723.86330956
723.96487196
724.11837134
724.20492168
724.30188511
724.41050262
724.51858497
724.60532743
724.71495285
724.82275603
724.92997579
725.03800621
725.14502920
725.25709710
725.36564806
725.47264472
725.57110246
725.67947348
725.77534147
725.88235813
725.97968362
726.08707867
726.19460928
726.29042778
726.38801292
726.49574565
726.60288641
726.69863225
726.79452317
726.90114632
727.00814006
727.11597031
727.21241223
727.32019592
727.42694414
727.52342361
727.61997061
727.72701116
727.83290264
727.98628354
728.06129316
728.15698951
728.25409996
728.36166909
728.45889315
728.56629430
728.67304374
728.78076330
728.88747325
728.97362423
729.08187285
729.18926401
729.27434758
729.38179993
729.48757755
729.63705359
729.71017418
729.80761475
729.90449211
730.01132884
730.11771550
730.22546359
730.33353326
730.43083168
730.53736096
730.71046115
730.81723327
730.92457102
731.02106585
731.12938835
731.23640867
731.38604514
731.45980743
731.57256897
731.66983692
731.77779493
731.85115445
731.96082985
732.06826903
732.16429843
732.26286246
732.37109914
732.47776813
732.61760932
732.70699516
732.80532611
732.91388511
733.02082253
733.12858890
733.22422089
733.33621126
733.44381452
733.54252387
733.65029292
733.75641895
733.86320472
733.96038246
734.06794720
734.17618388
734.31720462
734.40347750
734.51009456
734.61894978
734.71521811
734.81219885
734.92034020
735.02767259
735.12619299
735.23867853
735.32551778
735.43245204
735.53999459
735.63582797
735.73249565
735.83933506
735.98495575
736.05893260
736.16850365
736.27621029
736.37447517
736.47081810
736.57833116
736.67569907
736.79099866
736.88771999
736.98371891
737.09150917
737.19888569
737.29515451
737.40265147
737.50841837
737.65904007
737.74463955
737.82930719
737.93847376
738.04686014
738.14375628
738.25064494
738.35865366
738.46791580
738.55440079
738.66279936
738.77033436
738.86731827
738.97557958
739.08338374
739.19134297
739.29019470
739.39910405
739.50717226
739.60444484
739.71110700
739.86242380
739.95909612
740.06753468
740.17529130
740.28297794
740.38050433
740.49440372
740.59056429
740.68912613
740.79142557
740.90043269
741.00668184
741.10358553
741.21088013
741.31768029
741.42478155
741.53217709
741.63011966
741.74011372
741.83647347
741.93360318
742.04145489
742.13789242
742.24392336
742.34085387
742.44800682
742.55499739
742.66219886
742.76912117
742.86576935
742.96167538
743.06908287
743.17482221
743.28284970
743.37948131
743.48903553
743.59548680
743.70193587
743.79969460
743.90943656
744.01692402
744.11179264
744.21818954
744.32668368
744.43438642
744.54096690
744.62755747
744.74024099
744.84687487
744.94799744
745.04751160
745.15142115
745.25856874
745.36676836
745.47514547
745.57261066
745.66988617
745.77769106
745.87457306
746.02717474
746.11176728
746.21841945
746.30457530
746.41143178
746.51926227
746.62677313
746.73490449
746.83184622
746.92959301
747.04061253
747.13954374
747.24747347
747.33314487
747.44077349
747.54834823
747.65661904
747.75236172
747.85952076
747.95996433
748.05820897
748.16568716
748.26223075
748.35938362
748.46685547
748.57308195
748.68002132
748.78627144
748.89364894
748.97974579
749.08843961
749.19538386
749.29237874
749.39911868
749.49482649
749.60250485
749.71177869
749.80751893
749.92278220
750.02200159
750.13083804
750.24087257
750.35489534
750.46223236
750.57087401
750.67757542
750.77100362
750.87398109
750.97092770
751.08118921
751.17876509
751.28675333
751.39620345
751.49375153
751.59046189
751.69855107
751.80588248
751.92477924
752.02168903
752.11836622
752.22518613
752.32093831
752.43871598
752.53646448
752.64526387
752.75301805
752.86168872
753.01335928
753.09969799
753.21774093
753.33584603
753.44400396
753.55226722
753.65019564
753.74668462
753.85435518
753.95221168
754.05892675
754.16705859
754.26360584
754.41610487
754.51242610
754.61920700
754.72608591
754.83194496
754.93966160
755.03651824
755.14320380
755.23925856
755.33738374
755.45704995
755.55392780
755.66365440
755.77157681
755.87939073
755.98643640
756.10269880
756.20949993
756.30604303
756.41214077
756.50886649
756.61739306
756.72514846
756.83300504
756.94068267
757.04839394
757.16675895
757.25283898
757.36136384
757.45688611
757.56468418
757.66233149
757.77131423
757.87904672
757.96513454
758.06253951
758.17041779
758.27810590
758.39656697
758.50417755
758.61048399
758.71742312
758.82991135
758.93663812
759.03470771
759.14079936
759.24822927
759.35938240
759.45580067
759.55223699
759.64849288
759.75983057
759.86771178
759.98595878
760.09256511
760.18853599
760.29517280
760.40185690
760.50864804
760.60549322
760.70225794
760.81066992
760.91842167
761.02506042
761.13305988
761.23947603
761.35729661
761.46356649
761.55970852
761.66713551
761.77391568
761.87052973
761.96672345
762.07405243
762.17054482
762.28448883
762.39229909
762.51084817
762.61869110
762.72659303
762.83561868
762.93185921
763.03965046
763.13039017
763.23792102
763.35574404
763.45301759
763.56095902
763.66862957
763.76534042
763.87280934
763.97121222
764.08871707
764.19667264
764.29314357
764.40118204
764.49897442
764.60637386
764.71404734
764.81257261
764.97546596
765.07217876
765.22380519
765.31139245
765.41810947
765.55665725
765.65108384
765.76987161
765.86747333
766.01844295
766.11567359
766.22452346
766.34205463
766.43847461
766.53444574
766.65298580
766.77147003
766.87971012
766.97628394
767.08448478
767.19818889
767.30630561
767.41428581
767.51120267
767.62555701
767.73334411
767.82814690
767.93492828
768.04265077
768.12862084
768.23535005
768.35385842
768.46188371
768.56905934
768.66592890
768.77226119
768.89160631
768.99897966
769.09627394
769.20381917
769.30045419
769.41710010
769.50117821
769.59836862
769.69534376
769.79283820
769.91109300
770.03097499
770.13861995
770.23451817
770.34339510
770.46099722
770.56877116
770.66683246
770.77516715
770.87187165
770.97928085
771.07606215
771.19375668
771.28994114
771.39787769
771.50534491
771.60311656
771.72069577
771.86150269
771.96998806
772.06651531
772.17448526
772.29314406
772.40064761
772.50848078
772.60489369
772.71271590
772.82053542
772.91803352
773.01572545
773.12342746
773.23111460
773.31639883
773.41535272
773.52532727
773.63231297
773.72752390
773.83541949
773.94481036
774.05299901
774.15994058
774.26796758
774.36471183
774.47266008
774.62381792
774.70969754
774.80718467
774.90166685
775.00853406
775.12514071
775.23104389
775.33943247
775.43544065
775.60698314
775.71320181
775.80926144
775.91657944
776.02511113
776.14399399
776.24570000
776.35304677
776.44864536
776.55709708
776.70810351
776.79362790
776.88970020
776.98547506
777.09265044
777.19303890
777.29051897
777.38785030
777.49362670
777.60150133
777.70903730
777.80520177
777.91227304
778.01068372
778.11747388
778.22429159
778.33106932
778.43692472
778.53388961
778.64190077
778.73862746
778.84585623
778.94697685
779.04280900
779.14959917
779.26718081
779.37497766
779.47387645
779.58173327
779.68933800
779.77449180
779.88856722
779.98559989
780.09523507
780.20205838
780.34299232
780.45061314
780.55727921
780.66446775
780.77262276
780.87904647
780.98651272
781.09328167
781.20050556
781.29746021
781.40561985
781.51197238
781.62108872
781.72863810
781.83951914
781.93800028
782.04604508
782.15477938
782.26219004
782.36028230
782.46772490
782.57061533
782.67854530
782.78586794
782.88250027
782.99066235
783.09814298
783.23947920
783.31317543
783.41016348
783.51746296
783.62607803
783.73455804
783.84249654
783.95117695
784.05974668
784.15520385
784.26322354
784.36019356
784.45962970
784.56657395
784.67402824
784.78083498
784.86628964
784.96197161
785.06993400
785.18823099
785.28407362
785.38211152
785.49442762
785.59021589
785.69719256
785.80408951
785.91255562
786.02010963
786.11804635
786.23304630
786.32930731
786.42656307
786.53310430
786.64086287
786.73699393
786.83372916
786.94221087
787.04976488
787.15754637
787.26408614
787.36100812
787.46835807
787.57656525
787.67596970
787.78912035
787.88790236
787.99676636
788.10375254
788.21209211
788.30915599
788.40574907
788.50680118
788.61364084
788.71099290
788.81925859
788.92543118
789.02324916
789.12998227
789.23713035
789.34451101
789.44162536
789.54830605
789.65463980
789.75033152
789.85825954
789.95601120
790.06402260
790.18195339
790.28931260
790.38502260
790.48085549
790.58826541
790.69929371
790.79528019
790.90297538
791.00121466
791.10885620
791.21709556
791.32409955
791.43152068
791.53793855
791.64492888
791.74099314
791.84867515
791.95518786
792.06095524
792.17846423
792.28923068
792.39606302
792.48333747
792.59149881
792.69987812
792.79453609
792.89120621
792.99709501
793.10397416
793.21117222
793.30770605
793.41510793
793.52176888
793.62876676
793.72621952
793.82114494
793.92901737
794.03532699
794.14303680
794.25076050
794.34781536
794.45572265
794.56438113
794.67215969
794.76743596
794.87525426
794.97913090
795.08622680
795.20547098
795.31691692
795.42425127
795.52223553
795.62980856
795.73621496
795.84321309
795.99383089
796.07867895
796.17741024
796.28643053
796.39376560
796.48435439
796.58087385
796.68719516
796.79390340
796.90114876
796.99749023
797.09343868
797.20145154
797.30801813
797.41539929
797.52326440
797.63102224
797.72765068
797.83642374
797.93785887
798.03539550
798.14270546
798.25020023
798.35758748
798.46437642
798.56300775
798.67030040
798.77945527
798.87612174
798.98295968
799.07966004
799.18648994
799.28312545
799.39084867
799.49847095
799.58432936
799.68054039
799.77881405
799.88613376
799.98130519
800.08719838
800.19399854
800.30060145
800.39781332
800.50516303
800.61189297
800.71879699
800.82529945
800.93216446
801.03048396
801.13754133
801.24544668
801.35192988
801.44800658
801.55550232
801.64102817
801.73728553
801.83671558
801.98979683
802.05390915
802.16208171
802.25842270
802.36562416
802.47286781
802.57132774
802.68225388
802.78925591
802.89694110
802.98271417
803.13425308
803.23018276
803.33765510
803.44465323
803.55223991
803.65061914
803.75907159
803.86865947
803.96501630
804.06166424
804.16956105
804.27719918
804.38499530
804.49138025
804.58799381
804.69532596
804.80299481
804.90972914
804.99538908
805.10285069
805.20986516
805.30808372
805.41628773
805.52286065
805.62941846
805.73510319
805.83614726
805.94411380
806.05173437
806.15953049
806.25734750
806.36748467
806.47381306
806.57123704
806.67840023
806.76383490
806.87175731
806.97903582
807.08689362
807.18483716
807.29221125
807.38865097
807.49672747
807.60342157
807.71143955
807.80831668
807.91760320
808.06798255
808.14097905
808.24832168
808.34432035
808.44013105
808.53718055
808.64632883
808.75477933
808.85469822
808.96244143
809.05903158
809.16581980
809.27475085
809.37141073
809.48035934
809.58783094
809.69505411
809.80151367
809.89916390
809.99601201
810.09174079
810.19940330
810.30659940
810.40280264
810.49998939
810.60740615
810.71411414
810.82205264
810.91849213
811.02626021
811.12234909
811.22032043
811.31681428
811.42262433
811.52934037
811.63691487
811.73316077
811.84112657
811.94915187
812.05606930
812.16325785
812.27005922
812.36708994
812.47462762
812.62620067
812.73364448
812.82958391
812.93730445
813.03468114
813.14146983
813.24826950
813.35695552
813.46379689
813.57159715
813.66806150
813.76648681
813.87330159
813.98064350
814.08851227
814.18614837
814.29304263
814.38944091
814.48432343
814.58209679
814.67855798
814.77551750
814.88342358
814.97990256
815.08773647
815.19600338
815.28302793
815.39087061
815.49788337
815.60621879
815.70442736
815.81191530
815.91953734
816.02643697
816.13516346
816.24287498
816.33978575
816.44735707
816.55483989
816.66167467
816.76881446
816.86588638
816.97275163
817.08013279
817.18652530
817.28136198
817.38910373
817.54161373
817.60568900
817.71327105
817.81034809
817.89164629
818.00038449
818.09692418
818.19278729
818.29240093
818.39882489
818.49429718
818.64579001
818.75352737
818.86110723
818.95843930
819.05517525
819.16155630
819.26929878
819.36666230
819.47467200
819.58243057
819.69002018
819.77482313
819.88247760
819.98994848
820.08610124
820.18408452
820.29184504
820.40016486
820.50784078
820.59352901
820.70117909
820.80888304
820.90650793
821.01569766
821.12288352
821.22068907
821.32840765
821.43593851
821.54365319
821.64050983
821.73736843
821.83417338
821.94256146
822.02780352
822.13556624
822.24454751
822.35207788
822.44951795
822.55964050
822.65726294
822.76579366
822.87307436
822.97977041
823.08658301
823.18340990
823.29027004
823.39730961
823.50447622
823.60139040
823.69827605
823.80631695
823.90336620
823.99890213
824.10598608
824.21294325
824.30884928
824.41747532
824.51542398
824.62394787
824.77552116
824.84055435
824.94441685
825.04135980
825.15018333
825.24656552
825.34350579
825.45110369
825.55829467
825.66537789
825.75119924
825.85892636
825.95533219
826.06317756
826.16105820
826.26857199
826.37658119
826.48305050
826.58003319
826.68748456
826.79516292
826.89199762
826.99791519
827.09600160
827.20361023
827.31018462
827.40796481
827.50402249
827.60046880
827.70829027
827.80498746
827.91186247
828.00839557
828.11064479
828.21878102
828.32715155
828.42410961
828.53237263
828.62932679
828.73734673
828.83387374
828.93155128
829.02922883
829.11517866
829.22304256
829.29707548
