816.53305407
816.62514351
816.72583966
816.82713168
816.90883192
816.99971523
817.09297349
817.18531113
817.27347475
817.35339079
817.43460926
817.51610860
817.60543909
817.68619116
817.78698068
817.86814332
817.94843239
818.03090234
818.12007069
818.24361909
818.32298631
818.42369709
818.50377941
818.59485679
818.68717322
818.77739508
818.85699002
818.93954749
819.01911172
819.11075060
819.20048728
819.28262174
819.36138676
819.44243529
819.53393130
819.62472611
819.72661863
819.82951711
819.90875244
819.98940698
820.08138109
820.16953984
820.26229122
820.34227918
820.42404281
820.51383727
820.60567656
820.69602179
820.77624406
820.87833821
820.95869822
821.05054605
821.15277112
821.25513517
821.33485958
821.41467176
821.49555304
821.58720630
821.67685351
821.75807953
821.83846369
821.96163149
822.05306411
822.14439847
822.24551202
822.32610536
822.40711148
822.49803599
822.58969340
822.67906583
822.75933564
822.84013988
822.92192301
823.01217974
823.10405560
823.20557216
823.29597420
823.37656754
823.45818488
823.54874442
823.62781152
823.72058728
823.80036484
823.89093071
823.98223313
824.07364210
824.16443764
824.24468916
824.33617274
824.41664710
824.50849005
824.59884113
824.67868793
824.77014712
824.84956701
824.93098930
825.02213276
825.12403552
825.20408541
825.28475434
825.36550616
825.45714065
825.54723158
825.63768530
825.72856203
825.81094860
825.90115851
825.99193138
826.12543401
826.20687167
826.28787047
826.36850696
826.45974892
826.55100160
826.64159332
826.73215018
826.82405578
826.90359343
826.99461377
827.08510918
827.17669637
827.26950578
827.34930942
827.44009619
827.53173433
827.62263398
827.71243113
827.80430260
827.88480086
827.97640365
828.06573415
828.15823586
828.24997763
828.33081893
828.42240807
828.51373999
828.60252045
828.69394795
828.77427749
828.86683845
828.95820451
829.03721188
829.12757661
829.22007808
829.31073026
829.39280938
829.48241489
829.58290892
829.66331892
829.74512180
829.82671038
829.91680741
830.00804619
830.08794200
830.16732093
830.24834460
830.32985930
830.42140455
830.49977923
830.58041890
830.67295963
830.75253482
830.84350079
830.93473129
831.01421115
831.10569156
831.18666402
831.27775043
831.36881611
831.46036649
831.54058607
831.62001791
831.70063929
831.79244250
831.88223842
831.96281494
832.04349045
832.13546554
832.22641225
832.31652049
832.40835637
832.48809809
832.56933240
832.64988528
832.73010876
832.82146141
832.94474429
833.02399400
833.10447422
833.19632326
833.28735140
833.37906025
833.47982027
833.57207331
833.66320262
833.74181770
833.83551018
833.91344528
834.00461360
834.08521987
834.16550601
834.25858044
834.34983946
834.42853110
834.51946049
834.60013527
834.68040507
834.77227825
834.86307672
834.96439361
835.05620803
835.13649027
835.22800700
835.31976120
835.42057194
835.50031049
835.59266154
835.67291623
835.76450952
835.85306786
835.94511512
836.02562752
836.10648174
836.19815768
836.28887228
836.38961914
836.48244342
836.56322815
836.64327341
836.73496300
836.82647876
836.90556804
836.99660959
837.07712199
837.15700243
837.24866984
837.33791743
837.43007026
837.51055097
837.59208078
837.68217172
837.77371770
837.86510107
837.95576374
838.03635586
838.11701650
838.20880239
838.29807949
838.39030107
838.47098170
838.55073853
838.64161722
838.73357402
838.81305803
838.90395329
838.98380668
839.08705063
839.17750094
839.27999689
839.38221611
839.47286635
839.55364279
839.63371316
839.72636897
839.82626006
839.91699075
839.99834283
840.07929823
840.16923020
840.26080837
840.35158855
840.43323710
840.52324587
840.60408034
840.69493611
840.82945786
840.89797924
840.98897495
841.06991328
841.16153436
841.26066525
841.35132548
841.45304100
841.54469475
841.62510182
841.71702132
841.81758216
841.90841354
842.00094769
842.08127382
842.17246457
842.26421950
842.34269171
842.43486697
842.51499025
842.59532101
842.68640620
842.77734827
842.85749008
842.93770478
843.01838809
843.09846115
843.19018268
843.28071856
843.37228162
843.45398186
843.53374040
843.62456934
843.71341465
843.79535797
843.87481370
843.96760068
844.04750331
844.13833786
844.26092710
844.33707922
844.41843154
844.49964904
844.59323668
844.67446271
844.76626616
844.86009006
844.96215398
845.06647021
845.15783870
845.26171851
845.36337600
845.44423558
845.53812945
845.61910899
845.71260984
845.79444832
845.88527190
845.97810885
846.08253431
846.18423325
846.28714050
846.39196141
846.49297646
846.57635606
846.66819998
846.74967640
846.84158884
846.92202175
847.00510975
847.09712971
847.17962379
847.28132102
847.37374130
847.47733098
847.58050155
847.68339978
847.77520811
847.85662699
847.93835941
848.03208310
848.11271058
848.19441106
848.27542278
848.37818546
848.48311170
848.58532970
848.67795211
848.76889394
848.87319895
848.96652109
849.04624452
849.12829462
849.20989417
849.29081202
849.38471857
849.46657582
849.55786752
849.65106044
849.74335736
849.84704236
849.93881826
850.01954887
850.11241801
850.19406607
850.29688263
850.37758642
850.47052041
850.56376721
850.66596352
850.76951931
850.87389332
850.96493974
851.05677757
851.13875258
851.23033489
851.32206008
851.40422795
851.49700005
851.57960677
851.67045254
851.75221129
851.85631467
851.94767390
852.05141376
852.14397254
852.24611715
852.33976283
852.43070100
852.52388904
852.60474619
852.69763410
852.77962008
852.87103514
852.97410697
853.07776711
853.18240151
853.28505983
853.37634421
853.45748247
853.53910518
853.63183998
853.71412731
853.79525654
853.87632751
853.95842955
854.05082911
854.14363974
854.24617640
854.33822707
854.43083899
854.55441615
854.63605910
854.71768863
854.79988551
854.88061612
854.97528384
855.05474030
855.13704567
855.24039276
855.34300768
855.47899230
855.57246121
855.66256945
855.75599692
855.83608436
855.92968297
856.03237324
856.11383527
856.19503570
856.27668718
856.37013634
856.46200757
856.55488719
856.65874799
856.75157812
856.85291987
856.94615278
857.02765772
857.11951335
857.19954837
857.28251544
857.36444120
857.45609129
857.55980970
857.66246437
857.76580926
857.86942771
857.96120117
858.04143270
858.14553852
858.22775905
858.30984475
858.38947968
858.47198205
858.55295671
858.65675241
858.76139071
858.86350192
858.95706031
859.05967451
859.19369987
859.27605839
859.35700063
859.43958931
859.52067466
859.61191418
859.74877455
859.83033192
859.93407178
860.03650629
860.19329320
860.28600362
860.37772856
860.46964587
860.55140730
860.63317459
860.72631680
860.80686308
860.88876885
860.98116720
861.08430924
861.18819295
861.29112678
861.38504357
861.47662272
861.61143436
861.68122476
861.76280504
861.84456038
861.93738613
862.01815477
862.15494980
862.23663809
862.33970334
862.44342857
862.57879025
862.65084735
862.74087196
862.82187296
862.91345990
862.99695312
863.07902858
863.16060764
863.24235347
863.32314162
863.42617370
863.52916337
863.63360979
863.72523721
863.82805060
863.95241770
864.03347647
864.12663380
864.20849251
864.30083770
864.38233363
864.50668805
864.60047538
864.70240252
864.80582616
864.93031127
865.01337855
865.10403317
865.18563856
865.27759342
865.35954478
865.44065695
865.53451327
865.62593931
865.71906835
865.81103369
865.90382603
866.03938568
866.10941477
866.20102951
866.33797839
866.40802406
866.50103485
866.59217709
866.67420891
866.75548418
866.89163873
866.98431404
867.08653351
867.17944264
867.38024930
867.45172540
867.54211768
867.62394056
867.71571402
867.79789871
867.89010444
867.98369136
868.07595048
868.16845318
868.26063721
868.35188624
868.47857831
868.54846526
868.63975427
868.76515732
868.85663821
868.95053305
869.03149552
869.11226685
869.20628799
869.29826162
869.39014625
869.48249876
869.57480202
869.67845704
869.77173944
869.86188328
869.94345771
870.02464765
870.10753134
870.18900167
870.28116864
870.37255298
870.46631665
870.55858115
870.65145102
870.77585103
870.84695800
870.93866466
871.03115760
871.11143497
871.20399033
871.28555086
871.37810183
871.47187551
871.59640791
871.68842908
871.78912499
871.89096314
871.98381399
872.08719862
872.17885262
872.28160627
872.37353626
872.45584797
872.54836773
872.62963253
872.72257335
872.81526085
872.90788667
873.01185474
873.11363047
873.21645825
873.30916086
873.44541854
873.52531411
873.60631266
873.70059809
873.79241787
873.87292930
873.95583664
874.04768080
874.13990092
874.24256632
874.34662069
874.44937069
874.55296256
874.64949055
874.72942683
874.80991728
874.88893294
874.99057653
875.07134737
875.16188886
875.24250317
875.33397577
875.43412432
875.53688456
875.61728408
875.70692518
875.79799915
875.88938033
875.96945119
876.04911757
876.17315260
876.26379089
876.36439878
876.44504040
876.52525023
876.61667138
876.70757932
876.79732258
876.88806083
876.96786570
877.04872333
877.13991409
877.23022177
877.33143577
877.41363435
877.49348188
877.58331121
877.67314858
877.76581560
877.85559934
877.93675661
878.02794322
878.11662348
878.19758741
878.27843529
878.35835280
878.45033666
878.53868948
878.63072967
878.72114877
878.81282154
878.90385528
878.99268426
879.09542109
879.17562605
879.26669783
879.36665060
879.44741583
879.52870110
879.60754122
879.69958482
879.79966120
879.88046617
879.96006941
880.04044137
880.13257177
880.22103698
880.31242376
880.40376471
880.49497643
880.58588559
880.68726684
880.77753893
880.85822784
880.93801174
881.02972498
881.16322225
881.24396261
881.33381120
881.41454278
881.50587617
881.60644919
881.70828466
881.78836650
881.86903493
881.95919633
882.03966606
882.14083349
882.22216704
882.30184220
882.39221473
882.48354105
882.57444021
882.65393446
882.73389829
882.81384091
882.90377288
882.99556657
883.07481214
883.16632497
883.25769176
883.33685443
883.41708742
883.50768377
883.59934776
883.69003383
883.76941325
883.86116770
883.94270214
884.03179492
884.13220289
884.21280915
884.30380998
884.38575184
884.47591445
884.56528078
884.64499812
884.72667398
884.81704944
884.89811284
884.98817354
885.07860703
885.16013099
885.23907984
885.33043005
885.45254875
885.52119495
885.60294419
885.68169751
885.77344610
885.87370607
885.95502378
886.03529188
886.11603858
886.20640063
886.30763047
886.38628139
886.46711489
886.54732082
886.70489669
886.80542120
886.89625794
886.98740603
887.06879346
887.14864977
887.23862953
887.31745184
887.39713797
887.48985717
887.56988926
887.67045766
887.75146328
887.83100410
887.92185011
888.01313400
888.11352734
888.20447161
888.28505447
888.37694423
888.46645051
888.54596329
888.63668569
888.72819169
888.82087066
888.90947679
889.01152559
889.10277072
889.18290083
889.27472988
889.37547942
889.46649244
889.54608544
889.63694486
889.72913913
889.81949752
889.89786903
889.97946126
890.05874608
890.15186488
890.24092670
890.33177198
890.41158806
890.50220708
890.58321344
890.66262602
890.74267688
890.83396858
890.91353719
891.00492519
891.08462717
891.16362039
891.24416010
891.32498409
891.40516954
891.49441201
891.59722686
891.67607965
891.76796941
891.86051526
891.96009964
892.04033995
892.14281225
892.23356732
892.32468713
892.41358632
892.50607000
892.59677289
892.67688813
892.77811041
892.85828148
892.93781011
893.02944119
893.11012572
893.19818377
893.29084445
893.37118350
893.45138919
893.53264643
893.62118356
893.70167158
893.78256188
893.90566191
893.99643136
894.08650889
894.16593731
894.24748127
894.32721226
894.41861098
894.55155505
894.63165468
894.71176041
894.79252466
894.88337165
894.97414915
895.06493055
895.15573219
895.25725314
895.33718625
895.43900758
895.54108296
895.62122257
895.70096502
895.79207532
895.89259251
895.99504848
896.07499914
896.15511462
896.23558094
896.31444153
896.40613990
896.48546495
896.57726279
896.65719248
896.75835236
896.83787538
896.91848189
897.01063106
897.10009345
897.18043323
897.27142602
897.37386418
897.45315851
897.53334469
897.61339337
897.70431423
897.78407375
897.87458232
897.97648094
898.06722260
898.14775012
898.27172005
898.36242880
898.46437886
898.54356494
898.62294923
898.72594328
898.80681774
898.93039709
899.02001723
899.10141173
899.18156963
899.27249220
899.35051994
899.44229096
899.52327586
899.60195969
899.69336549
899.78335305
899.87524037
899.96642283
900.05758165
900.13680186
900.22742820
900.31923458
900.39901872
900.47916735
900.56931314
900.64892101
900.73010315
900.80900885
900.90047414
900.98049575
901.06005753
901.14193429
901.21997934
901.31889154
901.42028620
901.50078763
901.58007074
901.67147580
901.76299107
901.84151764
901.93312166
902.01310597
902.09431103
902.18395969
902.28475897
902.37714464
902.45724256
902.53686993
902.62912784
902.72907257
902.81909280
902.89966957
902.98039432
903.07285289
903.21666865
903.28539190
903.36602108
903.45654185
903.53676071
903.63862665
903.71893035
903.79902023
903.88976798
903.97997058
904.08201158
904.18368492
904.26305678
904.36097594
904.45128411
904.54248291
904.63418542
904.72693290
904.81870539
904.89932555
904.99045560
905.08181312
905.17185944
905.26385428
905.35543611
905.44695064
905.53858367
905.61867550
905.69949095
905.79054103
905.87158591
905.95194178
906.03387242
906.12421570
906.21715798
906.31751231
906.39016210
906.47072911
906.56345319
906.65442403
906.74639400
906.83676629
906.92905809
907.01037969
907.09011653
907.17094101
907.25086022
907.34325052
907.43360306
907.53567088
907.62739314
907.71824598
907.79933401
907.88011387
907.97205995
908.06408794
908.16489039
908.26745485
908.34738211
908.44020761
908.53282148
908.62343855
908.75842404
908.82745521
908.90815852
908.98938991
909.06976480
909.16062910
909.26218394
909.35312162
909.44595809
909.52687717
909.60807028
909.69859495
909.78974353
909.88120370
909.96213545
910.05272473
910.13432403
910.21561759
910.30701729
910.38693236
910.47830427
910.56885600
910.64984700
910.73205143
910.82266680
910.91435590
911.01552553
911.09644728
911.18935275
911.26858003
911.36021794
911.45320094
911.55227648
911.65592004
911.74684700
911.82820542
911.90948362
912.00098011
912.09332653
912.17231268
912.26319331
912.35550462
912.43619768
912.52857896
912.61930745
912.72026179
912.81208670
912.89274343
912.97356839
913.05497533
913.14589351
913.23754409
913.32839790
913.40834661
913.49021752
913.57130019
913.66283106
913.76456340
913.86554651
913.95831642
914.03888538
914.13010198
914.21085819
914.30299761
914.39320825
914.47388498
914.55389757
914.63545079
914.72801761
914.81851814
914.91077483
915.04355116
915.12431103
915.21791525
915.29781179
915.37874183
915.46997867
915.57052536
915.67343676
915.76595140
915.84680782
915.92662463
916.01919413
916.11101513
916.19993895
916.29246700
916.37439666
916.45324897
916.54467012
916.63630071
916.72715501
916.81882949
916.89939991
916.98076735
917.07148512
917.16386518
917.25513127
917.33542034
917.42663962
917.50743606
917.58802038
917.68042799
917.77137567
917.85138729
917.94246175
918.03500906
918.12683494
918.20672319
918.29758431
918.38926001
918.49200415
918.58372203
918.67475211
918.75456551
918.84806612
918.93877340
919.03014555
919.11090225
919.20125966
919.29287441
919.37371497
919.46581099
919.55680939
919.65740533
919.74050771
919.83095948
919.91248516
920.00339529
920.09537330
920.22977755
920.30969091
920.39012602
920.48232736
920.56212833
920.65374380
920.75525378
920.84850083
920.94931864
921.04169675
921.12219208
921.21365395
921.30563953
921.38477562
921.47654616
921.55730383
921.65028171
921.73002977
921.82203655
921.90201452
922.00379709
922.08347224
922.17731248
922.25805089
922.34956323
922.44018225
922.53059014
922.61094430
922.69189166
922.77267152
922.86447667
922.95557795
923.05804976
923.15960875
923.25118302
923.33160838
923.41315429
923.51526843
923.60774821
923.68674363
923.76749935
923.84836673
923.92900104
924.02221541
924.10165578
924.19274024
924.29458253
924.37637761
924.45591502
924.53681703
924.62963692
924.72017841
924.82109594
924.92425407
925.01582200
925.09649336
925.18769412
925.28001786
925.40369717
925.47380062
925.55436495
925.63545494
925.71597197
925.80759524
925.89734996
925.97809618
926.06988451
926.16168016
926.24261630
926.33433905
926.42631487
926.55994258
926.62971055
926.70916408
926.79105010
926.87155933
926.96246215
927.04315911
927.12255438
927.20418830
927.28614722
927.36631268
927.45771921
927.55042061
927.69363441
927.78537105
927.86578203
927.94759027
928.02726202
928.11993514
928.20933804
928.30134141
928.40442470
928.49508883
928.57790206
928.66783354
928.75942536
928.84936221
928.93159809
929.02373971
929.11491218
929.20649986
929.29763990
929.38824308
929.49044524
929.58303278
929.66282106
929.74339003
929.83443547
929.92632767
930.00616106
930.08574698
930.16948108
930.25978193
930.35171923
930.47610145
930.55383491
930.65701645
930.74901324
930.82927623
930.91242152
931.01007493
931.10028338
931.18185732
931.30525821
931.45239368
931.53198083
931.62441915
931.71551093
931.84974816
931.92987973
932.01072809
932.09308125
932.17093930
932.26540369
932.36637168
932.45777431
932.53804095
932.61812717
932.69964431
932.79156113
932.88204021
932.97332946
933.06568465
933.15674521
933.23659006
933.32803731
933.41918174
933.50015616
933.60193555
933.68363555
933.76793113
933.86023244
933.95117744
934.04353702
934.13608701
934.23953479
934.31995089
934.41155027
934.49405776
934.57445459
934.65545802
934.74860876
934.84059507
934.93290711
935.02463644
935.11619364
935.20670563
935.29933803
935.38157465
935.46211801
935.54425857
935.62614045
935.71799559
935.80866459
935.91242542
936.03641438
936.10597876
936.18776726
936.26890844
936.36192801
936.45390432
936.54584480
936.63648040
936.72942951
936.82030307
936.90288638
936.98316595
937.06475354
937.14558119
937.23822554
937.33032473
937.42421811
937.52673161
937.61781607
937.74133325
937.83324032
937.91604160
937.99498631
938.07802384
938.15874494
938.25184692
938.34465218
938.43677868
938.52684620
938.62907152
938.71033778
938.79186053
938.88428593
938.96537787
939.05810121
939.14970620
939.25349824
939.34503398
939.47925634
939.56015128
939.65341807
939.73443345
939.81587622
939.89613604
939.98880013
940.08141937
940.18424836
940.28599435
940.38896841
940.46931819
940.56137179
940.64392585
940.72562901
940.80563794
940.89834739
940.99039440
941.09405893
941.18609424
941.26556265
941.35737536
941.45090840
941.53351219
941.61308958
941.71569329
941.80964958
941.91143263
942.01371963
942.09423350
942.18754539
942.26805657
942.37088727
942.45261799
942.53349122
942.62640327
942.71896131
942.80990460
942.90057556
942.99257064
943.07502913
943.16646150
943.24763511
943.33000534
943.42120195
943.51420908
943.60566437
943.70762272
943.81034614
943.90308168
943.99496436
944.07664851
944.15766950
944.23825894
944.34321565
944.43445664
944.52630251
944.62762573
944.71027000
944.79123515
944.87310850
944.95362992
945.03556397
945.12789112
945.22994943
945.32228073
945.41258963
945.49636054
945.59786760
945.69002359
945.77098850
945.85289525
945.93374825
946.03677741
946.14075596
946.23182749
946.31223067
946.39263140
946.48622027
946.56666659
946.64709951
946.72897749
946.82166791
946.91440320
947.01738701
947.11926515
947.19973196
947.29268277
947.38520278
947.47621507
947.55739965
947.64069294
947.73145264
947.82440882
947.92703740
948.01719318
948.09854770
948.18020649
948.26118969
948.34178864
948.42318314
948.51598157
948.60797422
948.71153220
948.80253815
948.89433014
948.97568417
949.06930205
949.15009044
949.23105462
949.31298160
949.40427134
949.49750400
949.58848216
949.68012908
949.76117932
949.84155153
949.93451259
950.01562403
950.10836566
950.19993383
950.29157466
950.38537466
950.46473165
950.54584528
950.62797267
950.70948713
950.78871222
950.87107001
950.95321130
951.04479946
951.13663631
951.22847292
951.33094010
951.42361761
951.50571989
951.59739412
951.67810864
951.75826702
951.84991029
951.95368746
952.04557136
952.12718164
952.21910358
952.31023119
952.39259044
952.47350830
952.56593955
952.64672868
952.73877911
952.84226565
952.93389331
953.03648069
953.12890610
953.20938144
953.30120171
953.38290268
953.46528461
953.55620571
953.65010860
953.74192303
953.82054078
953.91337823
954.00489350
954.09758856
954.19050378
954.28257322
954.36314901
954.45650943
954.54865470
954.63945292
954.72072527
954.81253189
954.89444229
954.97427812
955.05656424
955.14746242
955.24007897
955.33271893
955.42392432
955.51573118
955.63007650
955.71047114
955.80283852
955.88554179
955.96614952
956.05793176
956.15017114
956.24284499
956.33413035
956.41401737
956.49607114
956.58842803
956.66942561
956.75147328
956.84260065
956.93478980
957.02666956
957.12017236
957.20007012
957.30335187
957.38374309
957.46569835
957.54744345
957.62806093
957.70930452
957.80163264
957.89453275
957.98615529
958.06474794
958.14582622
958.22867870
958.32058528
958.40164186
958.48400672
958.57515993
958.66672201
958.76117225
958.84072453
958.92046552
959.00308346
959.08330377
959.16486967
959.24684736
959.32813751
959.42049490
959.51140430
959.61435568
959.71780298
959.79969436
959.89127229
959.97111860
960.05438604
960.14258941
960.23376261
960.32846032
960.41733708
960.52063736
960.60039760
960.68302944
960.76477332
960.86864898
960.94872716
961.03022479
961.13364161
961.22470534
961.31626961
961.40904879
961.48974160
961.57029667
961.65192718
961.73276604
961.81412080
961.90785375
961.99940535
962.09086454
962.19353896
962.27522774
962.35513793
962.43730847
962.52922749
962.61144168
962.70377956
962.79546110
962.88721993
962.97793331
963.06969093
963.16131639
963.24426542
963.32492435
963.40613039
963.48859619
963.58012925
963.67201511
963.76447563
963.86629598
963.95872919
964.03882297
964.12191633
964.20257867
964.32641842
964.40697519
964.50196181
964.60279669
964.69456771
964.78728349
964.87816925
964.97065609
965.05228173
965.13422065
965.21515362
965.31781878
965.40990602
965.51333966
965.62509816
965.70722629
965.78890751
965.87040392
965.95129618
966.03393605
966.11401106
966.20593227
966.30850672
966.41118236
966.49297354
966.57414105
966.65554068
966.75740004
966.84962138
966.93179753
967.02335498
967.11599615
967.20703526
967.30040129
967.39101324
967.48386019
967.56441038
967.64576173
967.73792114
967.81889483
967.91221745
968.00406235
968.10587710
968.19796824
968.28976998
968.37096334
968.45323409
968.53478536
968.61469702
968.70645707
968.79997523
968.89141613
968.99270084
969.08599518
969.17739683
969.25914413
969.33946660
969.46552159
969.55715828
969.65002498
969.74104068
969.83365943
969.91347283
969.99516697
970.07686379
970.15859914
970.24061609
970.32137790
970.41217686
970.51665083
970.60828142
970.69926933
970.79051616
970.88306591
970.97501760
971.05737076
971.18239273
971.26327962
971.35498823
971.45804640
971.54861666
971.65150978
971.73303423
971.81478493
971.89545118
971.97635343
972.05960454
972.15055807
972.24287888
972.34604189
972.43836197
972.52928137
972.61101867
972.70207362
972.78499827
972.90907890
972.99044390
973.08308191
973.17371458
973.27491225
973.35742193
973.44937947
973.54315753
973.62341271
973.70463191
973.79718020
973.88833658
973.98101335
974.07310304
974.16361381
974.25671335
974.33826535
974.41924221
974.50023369
974.62550874
974.70730699
974.79856382
974.89049624
974.98097751
975.06302811
975.14364144
975.23672830
975.31831493
975.40928479
975.50271884
975.59381792
975.68678361
975.77882380
975.88008973
975.97190879
976.05430315
976.14711914
976.23916615
976.31969903
976.39945879
976.49212143
976.58514173
976.67639929
976.76863135
976.86089292
976.94200387
977.03462652
977.11639698
977.19726729
977.28840465
977.39274843
977.48455773
977.57635070
977.65647520
977.73811521
977.81857324
977.90041782
977.99216470
978.07395783
978.16613163
978.25844098
978.33915257
978.43127127
978.51213597
978.59300628
978.67336679
978.76749813
978.84800200
978.94004779
979.03210578
979.12532015
979.21626783
979.30788501
979.41167583
979.49250396
979.57442997
979.65496724
979.73636296
979.82846897
979.91958415
980.02100563
980.11467520
980.19480165
980.27757464
980.35706158
980.43995722
980.53138447
980.62375697
980.71625918
980.80761304
980.93284762
981.01317862
981.09585215
981.18674960
981.26822383
981.39200652
981.49539749
981.58752789
981.67854188
981.75971744
981.86347242
981.94357400
982.02618706
982.10695498
982.19977633
982.27992740
982.38405809
982.47640231
982.56756942
982.65833692
982.73909167
982.84918593
982.93070624
983.01174210
983.10253423
983.19467267
983.29541880
983.37611332
983.46795968
983.54875442
983.64082801
983.73216773
983.82310810
983.90295099
983.99339301
984.08631994
984.16691889
984.25789119
984.34996405
984.45160472
984.54304903
984.62421533
984.70496422
984.78575335
984.87766090
984.96742050
985.04818085
985.12902069
985.21057269
985.29144471
985.38255403
985.47390644
985.67260708
985.76575099
985.84594815
985.92637229
986.00559128
986.09846261
986.17698845
986.28075148
986.37241766
986.46459024
986.54540911
986.63750342
986.72778697
986.81939659
986.89935530
986.99127529
987.07287215
987.15311197
987.24373782
987.33454897
987.43645855
987.51806078
987.59903349
987.67913044
987.77183672
987.87413737
987.96451308
988.04434720
988.12644923
988.20726444
988.29767282
988.38979273
988.48097690
988.57268356
988.66348569
988.74458298
988.83616311
988.92710591
989.01897202
989.10875258
989.18954146
989.28170770
989.37377129
989.46538018
989.55646927
989.64744913
989.73986845
989.83008884
989.91241957
989.99226491
990.08389281
990.17527789
990.27724501
990.35636087
990.43955688
990.51851402
990.62110554
990.71495382
990.83554651
990.90504458
990.99745707
991.07884596
991.15889976
991.25049694
991.34174817
991.44308041
991.53486582
991.61646512
991.69755535
991.78875683
991.88037304
991.97043764
992.06240152
992.14352319
992.22504887
992.30460017
992.39661622
992.48690537
992.57916718
992.67001929
992.75119948
992.83165312
992.92416508
993.01591124
993.09513559
993.18662575
993.27799985
993.35861001
993.45122023
993.54184023
993.62178455
993.75743490
993.82625567
993.90812024
993.98833982
994.08079278
994.17130892
994.26212665
994.35236508
994.43388929
994.51538522
994.60728253
994.69823558
994.78817852
994.89086708
994.97183589
995.05258015
995.13412971
995.22466999
995.31675162
995.39763193
995.47637476
995.55784557
995.63860081
995.73058492
995.82112983
995.94436078
996.01487139
996.09551886
996.17664590
996.26800489
996.40326027
996.49308301
996.58670552
996.66558025
996.74751406
996.82702977
996.91957293
997.01150780
997.14493631
997.22507959
997.30651870
997.39830240
997.47880944
997.56029513
997.65078932
997.74154098
997.82317295
997.89478095
997.98567718
998.06770583
998.14772817
998.24051076
998.31885179
998.40065711
998.48112514
998.57232809
998.65337882
998.74486337
998.83760207
998.92768788
999.01857778
999.11013303
999.19049305
999.27145771
999.36330773
999.44315989
999.53400737
999.61615353
999.69660888
999.77747871
999.86892449
999.96073623
1000.05070087
1000.13193762
1000.22364038
1000.31457465
1000.38537710
