1043.03185441
1043.10918461
1043.20111582
1043.28988214
1043.36695049
1043.45395626
1043.54116683
1043.63865810
1043.72740418
1043.81546931
1043.90568483
1044.00448585
1044.09119563
1044.23409736
1044.32254551
1044.40984482
1044.49796480
1044.59411342
1044.69174172
1044.80096997
1044.89782442
1045.00426154
1045.11134793
1045.19649514
1045.29291537
1045.42156083
1045.49512516
1045.62290876
1045.69712820
1045.79219503
1045.88851724
1045.98418287
1046.09189683
1046.19934015
1046.28554623
1046.37076000
1046.46555865
1046.56114578
1046.63648235
1046.73167670
1046.82766538
1046.92528855
1047.01056718
1047.10719927
1047.20266279
1047.28779805
1047.37842074
1047.45330382
1047.53750701
1047.63423735
1047.70907802
1047.81685707
1047.92253839
1048.01807090
1048.10195103
1048.19849097
1048.29326158
1048.43281141
1048.51805078
1048.61457609
1048.71081492
1048.79461069
1048.88163280
1048.96710672
1049.06280892
1049.15909627
1049.26836182
1049.37528925
1049.46175450
1049.55724654
1049.70771829
1049.75933320
1049.89793291
1049.96015937
1050.05696286
1050.15346159
1050.25044062
1050.34612284
1050.43090117
1050.51674445
1050.62441794
1050.70863136
1050.80368893
1050.88863915
1050.97382147
1051.05922444
1051.13603313
1051.22186715
1051.30076919
1051.39786160
1051.48312779
1051.55641832
1051.66290201
1051.74793731
1051.83221510
1051.91683325
1051.99205304
1052.08811535
1052.17404397
1052.26884700
1052.37763299
1052.48346693
1052.61156504
1052.70765929
1052.80407854
1052.90033224
1052.98622405
1053.08201012
1053.18902775
1053.28488575
1053.38571088
1053.48132189
1053.56646350
1053.64984578
1053.74553969
1053.88529360
1053.94880371
1054.08734589
1054.17189333
1054.27861985
1054.36348157
1054.45922205
1054.54877685
1054.66125751
1054.74623089
1054.84103149
1054.92625648
1055.02279738
1055.10675944
1055.20350125
1055.30005093
1055.39570218
1055.47007351
1055.55540017
1055.63965845
1055.73538748
1055.82063148
1055.90600787
1056.00159524
1056.09613667
1056.16987532
1056.25508860
1056.35066183
1056.44648594
1056.51977988
1056.61015144
1056.69629705
1056.83620870
1056.93185873
1057.01774297
1057.11453939
1057.19284288
1057.27739276
1057.38298094
1057.48997225
1057.57480105
1057.68166874
1057.78850864
1057.88637001
1057.97231278
1058.05782961
1058.15385096
1058.27240589
1058.33638778
1058.44335275
1058.53900351
1058.63536010
1058.72111683
1058.80739093
1058.89256009
1058.98853731
1059.08508065
1059.16005078
1059.25598241
1059.35296876
1059.42741347
1059.52390221
1059.61847021
1059.70305934
1059.77611825
1059.87718450
1059.95114331
1060.04813380
1060.14479466
1060.23036488
1060.31598484
1060.40186787
1060.50955135
1060.60519187
1060.70048740
1060.79641805
1060.88280601
1060.97853162
1061.08601981
1061.17314261
1061.26968620
1061.36665913
1061.45129118
1061.55884982
1061.66568168
1061.76329778
1061.87057995
1061.96686047
1062.05757141
1062.16438668
1062.26142667
1062.36992496
1062.50972324
1062.58294111
1062.67865696
1062.75351884
1062.83867410
1062.93399450
1063.02892114
1063.11475565
1063.19976024
1063.29536736
1063.38047117
1063.47993316
1063.56579912
1063.65130254
1063.72671030
1063.82359376
1063.92034410
1064.00507465
1064.10054109
1064.18556054
1064.28138099
1064.35537345
1064.44554435
1064.52275728
1064.63033909
1064.70338605
1064.79981431
1064.89535877
1064.98169285
1065.06761708
1065.20741560
1065.29205179
1065.37710904
1065.47373211
1065.55850849
1065.64381564
1065.72829848
1065.82446050
1065.93079791
1066.02699188
1066.12368956
1066.25248253
1066.35894428
1066.45489760
1066.55160016
1066.69201332
1066.75419931
1066.86182257
1066.96951360
1067.07629645
1067.17307385
1067.25871722
1067.34347653
1067.41840277
1067.50427751
1067.59031073
1067.67431862
1067.77030242
1067.85440686
1067.94038815
1068.02532300
1068.12151917
1068.20623776
1068.29150005
1068.36540132
1068.45472962
1068.53870509
1068.62380573
1068.72049170
1068.82809570
1068.91290768
1069.00918429
1069.09407453
1069.19033823
1069.28687792
1069.38455717
1069.45861350
1069.55449685
1069.65061963
1069.74458859
1069.88342212
1069.97910384
1070.06524653
1070.16262272
1070.25940037
1070.33486080
1070.42048661
1070.51523552
1070.62199130
1070.70806450
1070.80890474
1070.90455965
1070.99115801
1071.07661365
1071.17191454
1071.25870113
1071.35309456
1071.43834539
1071.53459129
1071.61906803
1071.70405189
1071.80384253
1071.88861208
1071.97368518
1072.07024657
1072.15438831
1072.24069996
1072.34942401
1072.44533516
1072.54217742
1072.63821388
1072.77704863
1072.85083896
1072.93602128
1073.02138744
1073.11724226
1073.20198963
1073.30887390
1073.40579027
1073.50326522
1073.59914321
1073.68493627
1073.79069951
1073.87577748
1074.02058725
1074.07265223
1074.21365030
1074.28786413
1074.37404412
1074.46142291
1074.54669081
1074.63307463
1074.72872392
1074.81515650
1074.91034183
1075.01713321
1075.12371662
1075.19930090
1075.29588423
1075.38015398
1075.46641686
1075.55213020
1075.64823615
1075.73406530
1075.80950013
1075.90543395
1075.99073695
1076.06557494
1076.14983688
1076.23467202
1076.34148534
1076.43723655
1076.53287731
1076.62941871
1076.71418631
1076.81725570
1076.93435387
1077.02970401
1077.12585995
1077.22188056
1077.31001103
1077.40582124
1077.49236743
1077.59966349
1077.69565461
1077.78227980
1077.88994816
1077.98658659
1078.08390013
1078.22368573
1078.29740585
1078.43740478
1078.52264561
1078.61747839
1078.70234206
1078.78822972
1078.88397800
1078.99235195
1079.08956504
1079.19790119
1079.28267391
1079.37855434
1079.45345669
1079.55032430
1079.63542958
1079.71059500
1079.79546549
1079.88015605
1079.95507961
1080.05084203
1080.14604174
1080.23271886
1080.30660306
1080.40317176
1080.49897832
1080.59777153
1080.69357565
1080.77937603
1080.87568093
1080.96995441
1081.06579363
1081.20464934
1081.28979583
1081.38687531
1081.48474181
1081.55954322
1081.64453878
1081.75210036
1081.84891335
1081.95434623
1082.04992165
1082.15597234
1082.25209341
1082.33781504
1082.46604188
1082.55202024
1082.66936125
1082.74473854
1082.83984975
1082.92888255
1083.01603680
1083.10264272
1083.19810087
1083.29288440
1083.38874752
1083.47347831
1083.56969665
1083.66651087
1083.75246631
1083.85873594
1083.95466147
1084.04054816
1084.15011970
1084.24633390
1084.34192225
1084.43847778
1084.52479772
1084.62096316
1084.71660124
1084.81322602
1084.89928727
1084.98513812
1085.09174006
1085.17773622
1085.26459034
1085.36060852
1085.49024726
1085.56517619
1085.65085612
1085.73561300
1085.84363610
1085.94039863
1086.02483344
1086.13209634
1086.22854095
1086.31788655
1086.42485957
1086.50890428
1086.60454431
1086.69039711
1086.79591629
1086.89095997
1086.97780019
1087.08526180
1087.17168438
1087.27863863
1087.36307002
1087.46343483
1087.55910168
1087.64388976
1087.74976271
1087.83639716
1087.92363967
1088.03083578
1088.12761952
1088.21541304
1088.30038617
1088.41088004
1088.50917686
1088.60453407
1088.71041556
1088.79460119
1088.90135721
1088.98614676
1089.08219395
1089.17777303
1089.28538654
1089.38195378
1089.46865771
1089.56521837
1089.65030268
1089.74691624
1089.85418378
1089.93941194
1090.04652515
1090.14373555
1090.22882596
1090.32478343
1090.41088833
1090.50866852
1090.60515262
1090.70200853
1090.80874310
1090.90589353
1090.99088617
1091.08609734
1091.18278209
1091.28032116
1091.36701558
1091.46302474
1091.56948235
1091.65443012
1091.74965836
1091.84655474
1091.96362829
1092.04954740
1092.14642477
1092.24250780
1092.32823870
1092.42339184
1092.50813701
1092.62679191
1092.73342432
1092.81974255
1092.92714565
1093.02376970
1093.12044519
1093.20576648
1093.29044338
1093.38684508
1093.47160341
1093.57731960
1093.67459071
1093.77234116
1093.86001570
1093.95702447
1094.05356172
1094.15121294
1094.23803268
1094.33472670
1094.44164096
1094.52041525
1094.61703807
1094.71631720
1094.81193139
1094.91281966
1095.00927499
1095.10565011
1095.20206740
1095.28797457
1095.37375008
1095.47031049
1095.55501666
1095.66291176
1095.75881950
1095.84399085
1095.95062838
1096.04538022
1096.12966556
1096.21533989
1096.32327230
1096.42004019
1096.50614680
1096.61423402
1096.71140737
1096.80888646
1096.90443482
1097.00110519
1097.09785992
1097.18382974
1097.28116864
1097.38802194
1097.48387165
1097.57866274
1097.70833489
1097.78117095
1097.86609167
1097.96285444
1098.05932830
1098.15611789
1098.24204895
1098.35003134
1098.43511004
1098.58577002
1098.67030601
1098.77750455
1098.87480443
1098.96070721
1099.06813567
1099.16567132
1099.25176963
1099.35759455
1099.45366881
1099.55995916
1099.64481916
1099.75277083
1099.83831667
1099.92394492
1100.01995969
1100.11590546
1100.20521840
1100.31245351
1100.40824153
1100.51561196
1100.64500641
1100.72963236
1100.83587809
1100.92161508
1101.01736702
1101.11337813
1101.21988230
1101.30477352
1101.39101836
1101.49787898
1101.58391488
1101.67930306
1101.77598172
1101.86106895
1101.95670045
1102.05227880
1102.15878834
1102.25566180
1102.35224659
1102.45102274
1102.53605366
1102.63103711
1102.71522713
1102.82318319
1102.91865572
1103.01559331
1103.11219858
1103.19802115
1103.29330302
1103.37797115
1103.47377600
1103.55812815
1103.66509312
1103.76127100
1103.85700904
1103.96373727
1104.05943509
1104.16663241
1104.25247619
1104.34896565
1104.43434131
1104.51883463
1104.62523494
1104.72149498
1104.82854845
1104.91276797
1105.01178867
1105.11934000
1105.22569301
1105.31529706
1105.41053163
1105.49606675
1105.59190426
1105.72168052
1105.81835357
1105.89340147
1105.98794071
1106.09470649
1106.17943240
1106.34008051
1106.47904935
1106.57411789
1106.65782517
1106.76355256
1106.86035410
1106.94584094
1107.04226604
1107.12743447
1107.23489559
1107.32337153
1107.42193191
1107.51874905
1107.60708773
1107.70304740
1107.80154024
1107.88787846
1107.98506790
1108.08195794
1108.18849430
1108.27341818
1108.36915745
1108.46499667
1108.56115529
1108.65738680
1108.74336443
1108.85133901
1108.93671882
1109.03312539
1109.14178020
1109.22741016
1109.32200717
1109.42002971
1109.51581213
1109.61150433
1109.70770976
1109.81527328
1109.89989241
1109.98561330
1110.08197404
1110.16596023
1110.27356813
1110.36973210
1110.47706401
1110.57521893
1110.66125849
1110.75821485
1110.86556845
1110.96633457
1111.06333019
1111.17098587
1111.25783121
1111.33423616
1111.44091563
1111.54738518
1111.63174440
1111.73821201
1111.83417313
1111.93062164
1112.01536803
1112.12210333
1112.21794353
1112.30317608
1112.40334267
1112.48924179
1112.57449653
1112.68142712
1112.77768424
1112.87305193
1112.99063724
1113.08734784
1113.18342014
1113.29053554
1113.38780812
1113.49503129
1113.59080371
1113.68642472
1113.81623292
1113.88993134
1113.97448487
1114.07003762
1114.17711109
1114.26213469
1114.35868218
1114.44610267
1114.53290828
1114.67384075
1114.78208207
1114.87792056
1114.97350305
1115.05830796
1115.16483651
1115.24984890
1115.33487396
1115.43127273
1115.51764996
1115.61399485
1115.69851961
1115.80535488
1115.89116574
1115.97655603
1116.08567506
1116.18114053
1116.27767241
1116.38523667
1116.48102469
1116.57687318
1116.66223421
1116.75988982
1116.86817331
1116.96426390
1117.06269409
1117.15918379
1117.25572178
1117.35046118
1117.44727223
1117.54401793
1117.65070326
1117.74674070
1117.85334556
1117.93814072
1118.03410282
1118.16198419
1118.23676536
1118.32242433
1118.41954039
1118.52702126
1118.61086092
1118.70652582
1118.80242064
1118.88739645
1119.03754614
1119.13504180
1119.22921435
1119.31381079
1119.41067597
1119.50738486
1119.59217806
1119.68789514
1119.78454869
1119.89136664
1119.98753257
1120.08386307
1120.18267677
1120.26769647
1120.36381217
1120.46059591
1120.55723995
1120.65471538
1120.75072552
1120.85796892
1120.94275700
1121.07139101
1121.16728533
1121.26315674
1121.36988107
1121.46569153
1121.57219570
1121.65752821
1121.74262934
1121.83890133
1121.92436915
1122.02084447
1122.11652059
1122.22279753
1122.30773604
1122.40427671
1122.50011910
1122.58539407
1122.68066254
1122.77738728
1122.87420198
1122.96185409
1123.04570034
1123.15292765
1123.24941004
1123.33745883
1123.43318688
1123.52946959
1123.62491482
1123.71094462
1123.79637685
1123.90224248
1123.98838663
1124.07638056
1124.18519117
1124.28078098
1124.37638834
1124.46035113
1124.55634688
1124.64112521
1124.74801875
1124.84644503
1124.94103400
1125.04764569
1125.14397010
1125.25131858
1125.33750857
1125.43364670
1125.54077624
1125.62633720
1125.71313330
1125.82076753
1125.91642463
1126.01201858
1126.14275056
1126.20490803
1126.30037544
1126.39783770
1126.50518960
1126.60226323
1126.68646544
1126.79424912
1126.88955026
1126.98589734
1127.08266816
1127.16851486
1127.34114328
1127.42581457
1127.53348976
1127.64121542
1127.72720719
1127.83461882
1127.91925501
1128.01768446
1128.11440237
1128.21094036
1128.30828461
1128.40404070
1128.49945082
1128.60536814
1128.69012185
1128.79796917
1128.89556284
1128.98115915
1129.10992018
1129.19542702
1129.30251926
1129.38651545
1129.48704849
1129.59360508
1129.67837463
1129.77463857
1129.87104148
1129.95732095
1130.05413638
1130.15090062
1130.25663045
1130.34226041
1130.42758048
1130.55800454
1130.63190361
1130.73883664
1130.83490383
1130.93086252
1131.02580965
1131.11154761
1131.21919793
1131.31771979
1131.40344507
1131.50887770
1131.60492173
1131.70040645
1131.78410154
1131.88937984
1131.98519761
1132.08288564
1132.17939485
1132.26542587
1132.36181903
1132.44782226
1132.55455878
1132.65020930
1132.74522713
1132.83188669
1132.91725138
1133.01347997
1133.11122456
1133.20732271
1133.30332602
1133.40077244
1133.51893240
1133.60383288
1133.68874701
1133.79523216
1133.88140923
1133.98973490
1134.07462514
1134.16973708
1134.27615982
1134.36045809
1134.46841195
1134.55403947
1134.71499917
1134.79926428
1134.89762181
1135.00488691
1135.09940103
1135.20615487
1135.29123942
1135.37766005
1135.47448183
1135.57227567
1135.67903462
1135.76631590
1135.86277367
1135.95918926
1136.05434972
1136.15028890
1136.23569016
1136.33314536
1136.42929471
1136.51394162
1136.61105426
1136.71756209
1136.80285705
1136.89961885
1137.01816013
1137.09267019
1137.18844944
1137.27400942
1137.38109947
1137.46677404
1137.55384540
1137.64110814
1137.73733405
1137.83487043
1137.93546491
1138.02091006
1138.08808804
1138.18884100
1138.27434027
1138.38348222
1138.48032374
1138.57656769
1138.67202291
1138.75704139
1138.85199754
1138.93654450
1139.03232252
1139.12940761
1139.21428591
1139.32073205
1139.40489013
1139.50036510
1139.59653225
1139.68196814
1139.78951459
1139.88622153
1139.97076727
1140.07788243
1140.16361673
1140.24897143
1140.34459781
1140.44133815
1140.53801291
1140.63380459
1140.72840332
1140.81338328
1140.89848441
1140.99599153
1141.08064284
1141.16717781
1141.26471322
1141.37181619
1141.45861326
1141.55450807
1141.65010739
1141.74652298
1141.83197081
1141.91684885
1142.02402887
1142.10842368
1142.20455719
1142.30106006
1142.43068978
1142.52844388
1142.61324294
1142.70801160
1142.80384887
1142.89963031
1143.02020033
1143.08269766
1143.16720024
1143.27489591
1143.35982979
1143.44863634
1143.53356851
1143.63066018
1143.71588712
1143.80090902
1143.90885410
1143.99414541
1144.09089160
1144.18712531
1144.27436831
1144.38041802
1144.47524787
1144.57075527
1144.66664472
1144.75277083
1144.84901258
1144.94576853
1145.03125147
1145.12751224
1145.22442910
1145.31218605
1145.39829168
1145.48386653
1145.59070302
1145.67648901
1145.76193538
1145.85906045
1145.95557722
1146.05088007
1146.14722178
1146.24318072
1146.32871876
1146.41479196
1146.52121811
1146.60845648
1146.69338719
1146.79033623
1146.88564127
1146.97229644
1147.06901240
1147.15471404
1147.26149542
1147.34673455
1147.43250372
1147.53971811
1147.62546022
1147.72093812
1147.82754737
1147.91231888
1148.00911505
1148.09455167
1148.20153712
1148.28640054
1148.37469826
1148.48072529
1148.56869874
1148.65386449
1148.74962594
1148.84490025
1148.94163158
1149.03740156
1149.12442318
1149.23190746
1149.31810647
1149.41376284
1149.51017818
1149.59609047
1149.69233198
1149.77621187
1149.87305266
1149.95897982
1150.04678943
1150.15346525
1150.23784129
1150.32331448
1150.42994568
1150.52586828
1150.61070903
1150.72879877
1150.80344902
1150.90017523
1150.98605362
1151.09356643
1151.19002981
1151.27564294
1151.36067581
1151.46932989
1151.56744483
1151.65347707
1151.73833708
1151.83353314
1151.91739547
1152.01330248
1152.09881248
1152.24931008
1152.34567837
1152.43030651
1152.51520041
1152.62288316
1152.70749106
1152.80511619
1152.90134063
1152.99751412
1153.08320186
1153.16802115
1153.27534013
1153.37155336
1153.45715235
1153.56340589
1153.64664895
1153.78713696
1153.88439223
1153.97141410
1154.06804326
1154.15304736
1154.23986442
1154.34637957
1154.45295688
1154.54873564
1154.63652038
1154.73294207
1154.82834073
1154.91503808
1155.02310068
1155.11788178
1155.20300241
1155.34302207
1155.40613063
1155.49404264
1155.59068254
1155.68587542
1155.77094437
1155.85627713
1155.95091291
1156.04903955
1156.13400391
1156.22095433
1156.31725899
1156.40264221
1156.49890566
1156.59521763
1156.69130725
1156.77490725
1156.92364626
1157.02013938
1157.10614504
1157.19638470
1157.30220694
1157.38692992
1157.48285424
1157.57763118
1157.66275719
1157.74901300
1157.84451747
1157.94073753
1158.03655774
1158.16539825
1158.25096506
1158.33795791
1158.44047117
1158.53735097
1158.63413910
1158.73005439
1158.81469716
1158.91025552
1159.00486009
1159.09054174
1159.18662794
1159.28188129
1159.36682882
1159.46413993
1159.56008740
1159.65611265
1159.75219666
1159.84954263
1159.93437654
1160.03004071
1160.13534242
1160.23137352
1160.31669262
1160.42372830
1160.51176733
1160.60870760
1160.69456454
1160.78045659
1160.88789528
1160.97272360
1161.05773159
1161.15334334
1161.23825406
1161.33498392
1161.46353186
1161.52648098
1161.62286707
1161.71959619
1161.81562900
1161.90110341
1161.98722220
1162.08492827
1162.17065331
1162.26975885
1162.36606863
1162.45152328
1162.55165209
1162.64617645
1162.73206679
1162.81829116
1162.92581933
1163.02394109
1163.11970206
1163.20484098
1163.31204927
1163.39786184
1163.49263050
1163.60103712
1163.68605413
1163.78183875
1163.87838892
1163.97509098
1164.07286362
1164.16747550
1164.27323484
1164.37030701
1164.45497489
1164.55232939
1164.63758485
1164.73295133
1164.87251433
1164.93800881
1165.02266012
1165.11770867
1165.21350620
1165.30936176
1165.44956428
1165.53525738
1165.71835106
1165.81432584
1165.91136436
1166.00749689
1166.09237177
1166.18845748
1166.28495841
1166.38216077
1166.46781852
1166.56505721
1166.70509076
1166.76794747
1166.86439037
1166.96067601
1167.05594886
1167.14154712
1167.23727273
1167.33274039
1167.41889258
1167.50533369
1167.60114732
1167.68594832
1167.77067131
1167.86674946
1167.95238722
1168.04816525
1168.14399375
1168.23984955
1168.33535573
1168.43080364
1168.52615964
1168.61124638
1168.71871970
1168.80343976
1168.88965096
1168.99725495
1169.08611879
1169.18465260
1169.27958680
1169.36569243
1169.50681118
1169.57057315
1169.65658247
1169.75391795
1169.84998660
1169.93613831
1170.02160126
1170.11697139
1170.26641866
1170.36484787
1170.46059348
1170.56836765
1170.69767165
1170.79351014
1170.88920454
1170.98610507
1171.07182353
1171.15744056
1171.25919996
1171.35554241
1171.45208721
1171.54868322
1171.63353372
1171.73971533
1171.82534431
1171.91098963
1172.01046356
1172.11864685
1172.20599834
1172.29123845
1172.37680550
1172.47351244
1172.56799170
1172.66278474
1172.78159250
1172.86694085
1172.96246898
1173.04805212
1173.15601330
1173.25212803
1173.36006580
1173.50069108
1173.56444890
1173.65025635
1173.73656434
1173.83249719
1173.91755468
1174.00217868
1174.09715067
1174.19205757
1174.27642874
1174.37664190
1174.48358274
1174.56894865
1174.66501803
1174.76117932
1174.85798940
1174.95288947
1175.04807090
1175.14405421
1175.22806966
1175.32423900
1175.42175588
1175.50801316
1175.61568883
1175.73423011
1175.79766611
1175.89357750
1175.99010866
1176.08593642
1176.17095588
1176.26755555
1176.36622905
1176.46288114
1176.55959637
1176.65691088
1176.75335622
1176.84991151
1176.93680562
1177.02277983
1177.12967605
1177.21412377
1177.30989595
1177.43908170
1177.50269226
1177.59889013
1177.69441606
1177.79166621
1177.89863850
1177.99436167
1178.10092313
1178.18630392
1178.29329790
1178.38789736
1178.47285464
1178.57956069
1178.66425515
1178.76079923
1178.85773559
1178.99704113
1179.09287840
1179.20996975
1179.28550844
1179.38263132
1179.46822349
1179.56711983
1179.67461022
1179.75965308
1179.85614157
1179.95181086
1180.04763667
1180.13358870
1180.28408703
1180.38997315
1180.47527981
1180.56050358
1180.66816975
1180.75372413
1180.84989493
1180.94622567
1181.03308028
1181.12999349
1181.21484277
1181.32325401
1181.41970739
1181.50504015
1181.60174148
1181.69689170
1181.78072600
1181.87641114
1181.97183272
1182.09025087
1182.16416994
1182.25082243
1182.33667718
1182.42229641
1182.51706677
1182.61284797
1182.69855107
1182.85914310
1182.94356596
1183.03895389
1183.14612147
1183.23037463
1183.32878288
1183.42558685
1183.52372520
1183.62087636
1183.71887110
1183.84829822
1183.93407325
1184.01974124
1184.11562825
1184.20089346
1184.29731027
1184.38253526
1184.46749767
1184.62980466
1184.71546777
1184.81227467
1184.91840582
1185.03627516
1185.12076311
1185.21634878
1185.31201002
1185.40887641
1185.49398096
1185.60167736
1185.68747896
1185.77346317
1185.86981512
1185.95567645
1186.04154997
1186.12654676
1186.22296552
1186.31929943
1186.40392050
1186.50965838
1186.59461567
1186.67979165
1186.78703018
1186.87271084
1186.96863882
1187.07617138
1187.16113037
1187.25784926
1187.35307579
1187.43798065
1187.53403102
1187.63060362
1187.72778623
1187.81453820
1187.89949183
1188.00692491
1188.09270140
1188.18873738
1188.27485617
1188.37104307
1188.46667798
1188.55154042
1188.65812115
1188.74271663
1188.82755713
1188.93624364
1189.02027591
1189.11653936
1189.22500279
1189.32238508
1189.42954632
1189.52723508
1189.61201024
1189.71863095
1189.80260764
1189.89830448
1190.00510902
1190.09056831
1190.17552852
1190.28191884
1190.36776798
1190.46478383
1190.57210598
1190.65600026
1190.75187386
1190.83746992
1190.92338538
1191.02017717
1191.11631823
1191.21323606
1191.29788152
1191.41579231
1191.51161568
1191.63076892
1191.71617433
1191.81290541
1191.89771105
1192.00469552
1192.10011125
1192.18576754
1192.31865041
1192.42492247
1192.50979296
1192.60610640
1192.70251955
1192.78832115
1192.88466676
1192.98081904
1193.07572716
1193.18246612
1193.27854013
1193.37806794
1193.47599613
1193.57183632
1193.70020239
1193.76603552
1193.85331021
1193.93896796
1194.03553496
1194.13265125
1194.22869967
1194.31500936
1194.41201619
1194.52296890
1194.60948852
1194.73721117
1194.82165938
1194.90656473
1195.00379416
1195.10127568
1195.18710069
1195.28397976
1195.36943100
1195.47744411
1195.57506777
1195.66001311
1195.76760979
1195.91966192
1196.00419328
1196.11128405
1196.19648076
1196.29412954
1196.37899174
1196.48563634
1196.57173807
1196.67028797
1196.77682530
1196.87271938
1196.96765212
1197.06415987
1197.14784276
1197.25333074
1197.34892713
1197.44581644
1197.54122022
1197.63721110
1197.72199113
1197.82973971
1197.91476306
1198.02123603
1198.11595276
1198.21555103
1198.29996462
1198.40788094
1198.49476310
1198.59415584
1198.69035883
1198.77553750
1198.90429341
1199.00021553
1199.08533568
1199.18193754
1199.27915453
1199.36933835
1199.45416569
1199.56079591
1199.64610769
1199.74150538
1199.85937033
1199.93333865
1200.02953457
1200.13885059
1200.22376375
1200.30907358
1200.48111588
1200.57780356
1200.67378200
1200.77033534
1200.86616432
1200.95209953
1201.03826781
1201.13503107
1201.21978405
1201.31608870
1201.41120601
1201.49672674
1201.60420786
1201.70102549
1201.78671615
1201.88479403
1201.98156997
1202.07858070
1202.17439481
1202.26929513
1202.36478326
1202.44981881
1202.54623391
1202.64382930
1202.75098078
1202.84653573
1202.97416890
1203.03637707
1203.13272074
1203.25160335
1203.34850022
1203.45566024
1203.54071432
1203.62553361
1203.73316613
1203.83005154
1203.92641642
1204.05635480
1204.11974740
1204.20562434
1204.30138457
1204.38712375
1204.48467208
1204.58067124
1204.67683863
1204.77170676
1204.87000456
1204.96551416
1205.05042902
1205.21160766
1205.30886586
1205.40632958
1205.49133148
1205.59863901
1205.68352144
1205.77077907
1205.86636571
1205.96266134
1206.04777808
1206.14458230
1206.25115084
1206.33578313
1206.43066906
1206.51652527
1206.61334875
1206.72103272
1206.81782938
1206.91383708
1207.00966216
1207.09833754
1207.20599737
1207.30119123
1207.39695560
1207.49385150
1207.57954119
1207.67565226
1207.78345423
1207.86942039
1207.96536519
1208.07190788
1208.18978161
1208.29588838
1208.37979533
1208.46483819
1208.57253655
1208.66819852
1208.75280570
1208.85016678
1208.93423928
1209.01956521
1209.12758977
1209.21390703
1209.31078317
1209.39690196
1209.49306960
1209.57903406
1209.66560293
1209.77125230
1209.85627688
1209.94114103
1210.04965883
1210.14582451
1210.23195111
1210.33017381
1210.42632852
1210.51110222
1210.61715925
1210.70298571
1210.79904485
1210.89657124
1210.99525572
1211.10303355
1211.18794402
1211.27367735
1211.38147445
1211.47631990
1211.57296516
1211.68023807
1211.76614328
1211.86452007
1211.96057092
1212.05693190
1212.17605052
1212.23963110
1212.33647969
1212.43313129
1212.51878270
1212.61648341
1212.71308478
1212.79885224
1212.89487847
1212.99147643
1213.07751038
1213.20723494
1213.27122049
1213.36667620
1213.46458244
1213.55059956
1213.65747774
1213.75360222
1213.88226524
1213.97787333
1214.07434037
1214.15867911
1214.28122325
1214.36595355
1214.45078527
1214.54748978
1214.65462103
1214.75150302
1214.83626819
1214.93205792
1215.01591562
1215.17792468
1215.27500319
1215.37084144
1215.45616712
1215.55263196
1215.64774999
1215.74421825
1215.85187515
1215.94918723
1216.03434443
1216.14114337
1216.23698845
1216.32188868
1216.42861740
1216.52459267
1216.61024799
1216.71778176
1216.80297701
1216.89942429
1217.00009216
1217.09651726
1217.19230772
1217.27620785
1217.37190469
1217.46806891
1217.56433480
1217.66004383
1217.74430967
1217.84001749
1217.93697701
1218.03366226
1218.12989133
1218.22619306
1218.31296453
1218.39884025
1218.50158732
1218.58743695
1218.68383328
1218.76939911
1218.85434006
1218.98301600
1219.07889960
1219.16549943
1219.26189966
1219.36905944
1219.46578808
1219.56274102
1219.65893791
1219.75402011
1219.83918732
1219.93528473
1220.03131779
1220.12788503
1220.23594470
1220.33391945
1220.41916589
1220.50614802
1220.61278506
1220.69755827
1220.79349624
1220.90113803
1220.98544410
1221.08134330
1221.17619364
1221.26086566
1221.35591641
1221.44008936
1221.52546234
1221.63243585
1221.72917643
1221.82640805
1221.93401888
1222.02944899
1222.12496297
1222.21983744
1222.30597062
1222.40314738
1222.49883764
1222.58393633
1222.67982993
1222.78059117
1222.88690932
1222.97260169
1223.05784058
1223.16542507
1223.26184261
1223.34671749
1223.48763217
1223.55115204
1223.64804110
1223.75561609
1223.84008039
1223.93602884
1224.03148821
1224.11762919
1224.21365249
1224.32083421
1224.40530241
1224.50126427
1224.59813188
1224.68267226
1224.78926249
1224.88522314
1224.95966347
