5753.38455303
5753.45311926
5753.52011975
5753.58771123
5753.65405344
5753.71786832
5753.82994694
5753.89667461
5753.96339472
5754.03063000
5754.09826147
5754.16343729
5754.23052433
5754.29713205
5754.36298810
5754.43053374
5754.49775171
5754.56271079
5754.62970348
5754.69705676
5754.76340335
5754.83000887
5754.89491943
5754.96109780
5755.02885848
5755.09714848
5755.16202734
5755.23042730
5755.29665052
5755.36094912
5755.42909551
5755.49610966
5755.55287674
5755.62659564
5755.69341864
5755.76059101
5755.82604307
5755.89316693
5755.96030615
5756.02651231
5756.09245198
5756.16077514
5756.22631716
5756.29331131
5756.36070263
5756.42615737
5756.49266341
5756.55925260
5756.62711861
5756.68472854
5756.76286600
5756.82653191
5756.89284437
5756.95779418
5757.02486367
5757.09260436
5757.16021389
5757.22473947
5757.29121504
5757.35834768
5757.42560392
5757.49157993
5757.55724775
5757.62516253
5757.69133431
5757.75909183
5757.81772308
5757.89196617
5757.95749405
5758.02645842
5758.09129096
5758.15826707
5758.22570008
5758.29268643
5758.35682436
5758.45687904
5758.52443176
5758.59015298
5758.65712836
5758.74523079
5758.81127993
5758.88019701
5758.94514365
5759.00298081
5759.07791071
5759.14614683
5759.21269822
5759.26779399
5759.34465169
5759.41160269
5759.47829671
5759.54532621
5759.61173888
5759.67751862
5759.74555456
5759.81136137
5759.87863053
5759.94538941
5760.01062984
5760.07782587
5760.13535680
5760.21058025
5760.27780870
5760.34383176
5760.41061916
5760.47693991
5760.54394479
5760.61243447
5760.67636662
5760.74386082
5760.81064798
5760.87841866
5760.94395142
5761.01002446
5761.07704226
5761.14322672
5761.21095474
5761.27226594
5761.34324028
5761.41146079
5761.47781494
5761.55500398
5761.62128889
5761.68822501
5761.75492781
5761.82089309
5761.88710851
5761.95416752
5762.02023812
5762.08751143
5762.15439197
5762.22080098
5762.28705370
5762.35371774
5762.41251088
5762.48701021
5762.55396535
5762.62114504
5762.67758981
5762.75426075
5762.81621609
5762.88613498
5762.95312474
5763.01919998
5763.08744219
5763.15497906
5763.22005273
5763.28620549
5763.35373456
5763.46342678
5763.53055991
5763.59006034
5763.66439363
5763.72922227
5763.79527654
5763.85740011
5763.92819183
5763.99657984
5764.06308491
5764.12861280
5764.19572519
5764.26337080
5764.32955868
5764.39575314
5764.46275338
5764.52888177
5764.59756405
5764.66224957
5764.72232759
5764.79607428
5764.86164800
5764.92888060
5764.98623234
5765.06202312
5765.12934227
5765.19506862
5765.26230365
5765.32922880
5765.39509095
5765.46221237
5765.52782022
5765.59624188
5765.66231833
5765.72806540
5765.79573002
5765.87214472
5765.93912863
5766.00647972
5766.07211146
5766.12980917
5766.20579696
5766.27176735
5766.34002151
5766.40515149
5766.47275395
5766.53876848
5766.60562292
5766.67225209
5766.73917627
5766.80572084
5766.87340180
5766.93986932
5767.00537234
5767.07172795
5767.13851121
5767.20555241
5767.26217102
5767.33806275
5767.40554427
5767.47246333
5767.53765305
5767.60449043
5767.67200073
5767.73786628
5767.80376086
5767.87088618
5767.93805099
5768.00403626
5768.07134810
5768.14925296
5768.21485325
5768.28225871
5768.34947668
5768.40699762
5768.48158058
5768.54857424
5768.61582561
5768.68020003
5768.74839933
5768.81436412
5768.88202997
5768.94812714
5769.01392248
5769.08085471
5769.14903182
5769.21510437
5769.30288497
5769.36947757
5769.43706247
5769.50380379
5769.67012705
5769.74526736
5769.80831034
5769.87527523
5769.93987591
5770.00725674
5770.07420944
5770.14195404
5770.20885554
5770.27430638
5770.34010416
5770.40855629
5770.47458618
5770.53951575
5770.60739176
5770.67407798
5770.74083710
5770.79850286
5770.87394159
5770.96294075
5771.01902687
5771.07448543
5771.15077847
5771.21887830
5771.28509592
5771.35179067
5771.41754383
5771.48435732
5771.55039891
5771.60893824
5771.71679044
5771.78298246
5771.84989274
5771.91638220
5771.97469260
5772.04968979
5772.13864360
5772.19363941
5772.25111476
5772.32651838
5772.42695194
5772.49346481
5772.55846217
5772.62696282
5772.69351007
5772.76047325
5772.81704773
5772.89248182
5772.95930336
5773.02732200
5773.09240346
5773.15016066
5773.22614211
5773.29251723
5773.35896500
5773.42485738
5773.49155189
5773.56098267
5773.62511523
5773.69101078
5773.75968794
5773.82572124
5773.89299651
5773.95000740
5774.02531910
5774.09269555
5774.15947661
5774.22610383
5774.29117018
5774.35836450
5774.42489175
5774.49202195
5774.55786557
5774.62615776
5774.69219642
5774.75856520
5774.82473991
5774.89231725
5774.95866799
5775.02577064
5775.08435849
5775.15935446
5775.22401414
5775.29112605
5775.35849835
5775.43494035
5775.50259376
5775.56827110
5775.63488979
5775.69100322
5775.76800672
5775.83468977
5775.90272693
5775.96767455
5776.03500613
5776.11417441
5776.17979104
5776.24631245
5776.31341339
5776.38133231
5776.44620288
5776.51327724
5776.57675810
5776.64777316
5776.71303504
5776.78034468
5776.83693330
5776.91255952
5776.97905410
5777.04646614
5777.11335985
5777.17972204
5777.24630976
5777.31440593
5777.37968001
5777.44613388
5777.51228494
5777.57981888
5777.64602041
5777.71309478
5777.77960253
5777.84544346
5777.91210384
5777.96920567
5778.04482653
5778.11150275
5778.17824115
5778.24549934
5778.31210023
5778.37887520
5778.44499066
5778.51129507
5778.57837943
5778.64634175
5778.71308380
5778.77932751
5778.86665145
5778.93403814
5778.99944533
5779.06690760
5779.12327679
5779.19943329
5779.26745802
5779.33413278
5779.38957330
5779.46611527
5779.53294826
5779.59947284
5779.66647674
5779.73184517
5779.79976604
5779.86682212
5779.93427561
5780.01057254
5780.07711931
5780.14364339
5780.21064705
5780.26865537
5780.34335024
5780.41107313
5780.47658029
5780.54231614
5780.60945341
5780.67527094
5780.74404977
5780.80913978
5780.87698019
5780.94384951
5781.01003519
5781.07705153
5781.16427112
5781.23158564
5781.29830965
5781.36397357
5781.42111369
5781.49737527
5781.56432798
5781.63233686
5781.69779672
5781.76419768
5781.83152610
5781.89860778
5781.96430852
5782.03053101
5782.09875104
5782.16446080
5782.22352213
5782.29732246
5782.36449654
5782.42891948
5782.49746329
5782.55587998
5782.62967446
5782.71813992
5782.77554018
5782.84163857
5782.90860688
5782.97458947
5783.04147171
5783.10687135
5783.17384526
5783.24050491
5783.30746078
5783.36623369
5783.46256833
5783.52923236
5783.59572963
5783.66338768
5783.71987950
5783.79598188
5783.86186596
5783.96201110
5784.01805383
5784.09431444
5784.16169917
5784.22799945
5784.29379259
5784.36090060
5784.42738544
5784.49414919
5784.55244764
5784.62699793
5784.69427880
5784.76140656
5784.82779484
5784.88543184
5784.96155689
5785.02816046
5785.09480840
5785.15208261
5785.22640371
5785.29380210
5785.36074676
5785.42693414
5785.49300816
5785.55965708
5785.62745165
5785.68468124
5785.76077143
5785.82653849
5785.89383765
5785.95992702
5786.02669443
5786.09353425
5786.15979112
5786.22681185
5786.28275705
5786.36014114
5786.42654722
5786.49296086
5786.55835636
5786.62610412
5786.69418395
5786.76021116
5786.82477843
5786.89309866
5786.95935115
5787.02658423
5787.09486155
5787.15879443
5787.22502863
5787.29259183
5787.35960207
5787.41584546
5787.49137634
5787.55903610
5787.62608047
5787.69241999
5787.75792081
5787.82468262
5787.89359506
5787.95795363
5788.02551708
5788.09251537
5788.15978454
5788.22622013
5788.30224180
5788.37021607
5788.43653608
5788.50250551
5788.55941912
5788.63598425
5788.70220162
5788.76949566
5788.83686771
5788.90208596
5788.96911156
5789.03542085
5789.10095727
5789.16807113
5789.23598542
5789.30240857
5789.37926456
5789.44494312
5789.51270600
5789.57878928
5789.64625861
5789.70300961
5789.77941016
5789.84570994
5789.91214236
5789.97859282
5790.04555966
5790.11392256
5790.17941167
5790.24563612
5790.31229845
5790.37929796
5790.44565065
5790.51310609
5790.57992982
5790.64713535
5790.71185647
5790.77886525
5790.84579650
5790.91153601
5790.99963599
5791.05627191
5791.12191511
5791.18955560
5791.25688133
5791.32291853
5791.38932925
5791.45621125
5791.52270535
5791.58933768
5791.64624764
5791.75383798
5791.82211872
5791.88867864
5791.95520907
5792.01244573
5792.08807975
5792.17530934
5792.23239216
5792.28745599
5792.37604067
5792.46440324
5792.53165875
5792.59768840
5792.66516870
5792.73046692
5792.79888321
5792.85526385
5792.93054289
5792.99689436
5793.06434980
5793.13187716
5793.19755328
5793.26428826
5793.33098374
5793.39934128
5793.46307180
5793.52988821
5793.59689114
5793.66388041
5793.72933759
5793.79619936
5793.86379693
5793.93056824
5793.98822279
5794.06324046
5794.13003396
5794.19587660
5794.26359779
5794.32992732
5794.39658769
5794.46343361
5794.52953152
5794.59627064
5794.66476154
5794.72959725
5794.79621618
5794.86199323
5794.92951255
5794.99632726
5795.06353450
5795.12091159
5795.19458953
5795.26192648
5795.32924782
5795.39591283
5795.47180163
5795.53955037
5795.60728034
5795.67337922
5795.73999986
5795.80610118
5795.87315823
5795.94039278
5796.00631880
5796.07279023
5796.13931041
5796.20693896
5796.27300907
5796.33915574
5796.40569568
5796.47115676
5796.53911054
5796.61751472
5796.67905023
5796.74984634
5796.81670128
5796.88167474
5796.94980699
5797.01693207
5797.08377018
5797.15006728
5797.21663111
5797.28253080
5797.35053139
5797.40780365
5797.48204089
5797.54869810
5797.61717704
5797.68270005
5797.77081759
5797.83682480
5797.90579040
5797.97072143
5798.02679244
5798.10401805
5798.17211251
5798.23697358
5798.30430735
5798.37086045
5798.43737308
5798.50436163
5798.56995192
5798.63733446
5798.70396729
5798.77061279
5798.83672192
5798.90367560
5798.97081384
5799.03587019
5799.10442009
5799.15874104
5799.23626799
5799.30451093
5799.37181960
5799.43651487
5799.50256500
5799.56980466
5799.63660645
5799.69404157
5799.76957075
5799.83688405
5799.90332817
5799.96886775
5800.03525994
5800.10272781
5800.17026980
5800.23603077
5800.29198743
5800.36979208
5800.45719916
5800.51483396
5800.58056250
5800.64789969
5800.71359117
5800.78160103
5800.83896033
5800.91372566
5800.97893025
5801.04689647
5801.11207131
5801.17524766
5801.24172322
5801.31004077
5801.38540880
5801.45367051
5801.52016047
5801.58893906
5801.65659125
5801.72345033
5801.79192465
5801.86000985
5801.91858136
5801.99428267
5802.05155127
5802.12068534
5802.18718846
5802.25472777
5802.32392230
5802.38241506
5802.44804583
5802.53751773
5802.60488833
5802.67226794
5802.73994720
5802.80763035
5802.87610564
5802.94314002
5803.01158338
5803.08064674
5803.14638381
5803.21399724
5803.28192469
5803.35067280
5803.41828647
5803.47745801
5803.55393829
5803.62148662
5803.68951891
5803.75825825
5803.82424449
5803.89122572
5803.95789512
5804.02741221
5804.09535258
5804.16409753
5804.23143179
5804.28777367
5804.35389109
5804.42405525
5804.49112498
5804.55870256
5804.62758721
5804.69473960
5804.76181615
5804.82929354
5804.89687356
5804.96474786
5805.03431957
5805.10081025
5805.16891642
5805.23708012
5805.30324825
5805.36322752
5805.43850265
5805.50750677
5805.56409441
5805.63227128
5805.68902934
5805.75567484
5805.82405651
5805.89244282
5805.95990118
5806.02785131
5806.08655570
5806.15221353
5806.21942857
5806.28795921
5806.35529006
5806.42376560
5806.49160699
5806.54900286
5806.61574588
5806.68265421
5806.75034322
5806.81818169
5806.88599747
5806.95400197
5807.02258942
5807.07913683
5807.14519012
5807.20547610
5807.28158555
5807.34994918
5807.41844007
5807.48576459
5807.55431644
5807.61999353
5807.68817869
5807.75707602
5807.82405164
5807.91359936
5807.97014507
5808.03762172
5808.10527586
5808.17265621
5808.24119440
5808.30970188
5808.37774685
5808.43388368
5808.50294363
5808.55901610
5808.61711390
5808.71528345
5808.78394306
5808.85033281
5808.91951003
5808.98674263
5809.05488951
5809.11326086
5809.20126186
5809.26923174
5809.33646726
5809.40500935
5809.47149175
5809.53963790
5809.60756194
5809.69697240
5809.75301220
5809.82199437
5809.88955441
5809.95816355
5810.02449162
5810.09296252
5810.16006712
5810.22697228
5810.28555598
5810.35348466
5810.41035707
5810.47824795
5810.54329284
5810.61191369
5810.68076786
5810.74773154
5810.81549954
5810.88289744
5810.95131495
5811.01997359
5811.07908636
5811.15365103
5811.22270147
5811.29000965
5811.35894257
5811.42592916
5811.49244033
5811.56144079
5811.62945625
5811.69719549
5811.76537187
5811.82113007
5811.88941714
5811.95642300
5812.02335278
5812.09260241
5812.16083268
5812.22946157
5812.29529299
5812.35278419
5812.42068873
5812.47960401
5812.55512954
5812.62419656
5812.68011567
5812.74777859
5812.81574432
5812.88280577
5812.94366495
5813.01913537
5813.08704746
5813.15519995
5813.22264978
5813.29034415
5813.35632698
5813.42503707
5813.49385905
5813.56055332
5813.62975395
5813.69650551
5813.76533286
5813.83275368
5813.90089666
5813.96826701
5814.03523946
5814.12486520
5814.18247806
5814.23951578
5814.30595550
5814.36506877
5814.42977379
5814.49890274
5814.56671560
5814.62308991
5814.69283081
5814.75012477
5814.81912742
5814.91523922
5814.98291653
5815.05146984
5815.11987565
5815.18732987
5815.25527317
5815.32269740
5815.38873826
5815.45856474
5815.52551403
5815.59390033
5815.66235539
5815.72915376
5815.79628981
5815.86468538
5815.93112901
5816.02322308
5816.08009792
5816.13583321
5816.20453256
5816.26991464
5816.37101210
5816.43883496
5816.50721005
5816.57557758
5816.64430180
5816.71015882
5816.77848222
5816.84582795
5816.91359449
5816.98077345
5817.04910026
5817.10613553
5817.17482757
5817.24059561
5817.30833703
5817.37646075
5817.45578970
5817.51198627
5817.58063930
5817.64811912
5817.71509547
5817.78229248
5817.85028941
5817.91982235
5817.98590466
5818.05331913
5818.11203474
5818.17688459
5818.23773816
5818.31403169
5818.38216150
5818.44066109
5818.50681971
5818.57429051
5818.63350568
5818.70998377
5818.77761158
5818.84563485
5818.91449975
5818.98104115
5819.04894203
5819.11593788
5819.17332132
5819.24106470
5819.30900824
5819.37671334
5819.44493336
5819.51291592
5819.57896970
5819.64677646
5819.71550337
5819.78371315
5819.85246566
5819.91863110
5819.98685649
5820.04456419
5820.11307946
5820.18938079
5820.25698325
5820.32453060
5820.39384557
5820.46034503
5820.51956362
5820.59767913
5820.66540081
5820.71120989
5820.77906395
5820.84789204
5820.91595822
5820.98268930
5821.05060871
5821.11794029
5821.18630977
5821.25459587
5821.31113401
5821.37967489
5821.44590226
5821.50393593
5821.58153359
5821.64987357
5821.71685358
5821.80786319
5821.86461784
5821.92099702
5821.98833714
5822.05508602
5822.12305248
5822.19082414
5822.25867796
5822.32802561
5822.39507047
5822.46254444
5822.52955127
5822.61928746
5822.68627356
5822.75410959
5822.81288981
5822.88064245
5822.94832341
5823.01481946
5823.08176802
5823.15190414
5823.21765169
5823.28543700
5823.34465632
5823.41122088
5823.47822430
5823.54558319
5823.61399168
5823.68174773
5823.74978514
5823.81847304
5823.87561242
5823.94071949
5824.01001008
5824.07802798
5824.14494826
5824.21301932
5824.28073441
5824.34790508
5824.41470735
5824.47596077
5824.55196928
5824.61922139
5824.68679458
5824.75534960
5824.82260122
5824.88402847
5824.94941860
5825.01479166
5825.08357562
5825.15222621
5825.21912820
5825.27629855
5825.34165966
5825.43261831
5825.49952396
5825.56795659
5825.63692072
5825.70389512
5825.77243722
5825.83894229
5825.90709404
5825.97343113
5826.04190033
5826.10904369
5826.17713206
5826.24714554
5826.30478303
5826.37185593
5826.43811304
5826.50687286
5826.59477634
5826.65217586
5826.71011738
5826.76781971
5826.84491171
5826.91136607
5826.97894317
5827.04752866
5827.11484928
5827.18409891
5827.25031311
5827.31837564
5827.38621093
5827.45389360
5827.52255492
5827.59121477
5827.65698573
5827.72559366
5827.78345057
5827.86034996
5827.92882038
5827.99529814
5828.06519386
5828.13096165
5828.20001770
5828.27789160
5828.34619939
5828.41390132
5828.48052464
5828.54939880
5828.61739160
5828.68473781
5828.75121508
5828.81932247
5828.88722481
5828.95590003
5829.02372093
5829.09082163
5829.15860207
5829.22523489
5829.29458643
5829.36214062
5829.42920401
5829.49812645
5829.56806923
5829.62251500
5829.68892718
5829.75779525
5829.82596944
5829.89351606
5829.96129528
5830.02832844
5830.09649556
5830.16394173
5830.23133695
5830.29932145
5830.36791719
5830.43607724
5830.50340809
5830.57233882
5830.63734251
5830.70602650
5830.77466953
5830.84231514
5830.91053151
5830.97653677
5831.03437735
5831.10068493
5831.16946304
5831.23810851
5831.30527528
5831.37415042
5831.44093075
5831.50803607
5831.57535035
5831.63515213
5831.71122500
5831.77604438
5831.84450382
5831.91045642
5831.97927719
5832.04634863
5832.10734312
5832.18213575
5832.24999104
5832.31715878
5832.38558019
5832.45430734
5832.52100380
5832.58980239
5832.65671218
5832.72435267
5832.79380466
5832.86005836
5832.92754769
5832.99441116
5833.06196949
5833.13097994
5833.19883693
5833.28748793
5833.34567740
5833.41204106
5833.47920173
5833.53880285
5833.62004570
5833.69637482
5833.76413454
5833.82162013
5833.89045406
5833.95758280
5834.02398498
5834.12371150
5834.19113451
5834.26001087
5834.32767452
5834.38581815
5834.45238832
5834.51968943
5834.58794529
5834.65569354
5834.72549808
5834.79124466
5834.85944933
5834.92696401
5834.99367925
5835.05230172
5835.13031020
5835.19841539
5835.26685386
5835.33316169
5835.40099211
5835.46181203
5835.52817277
5835.59247234
5835.66212938
5835.73013997
5835.79701880
5835.86423823
5835.93100125
5835.99955115
5836.06784675
5836.13612017
5836.20386404
5836.27015138
5836.33822293
5836.40612990
5836.47439625
5836.54241684
5836.60918522
5836.67808499
5836.74476023
5836.81227248
5836.87933612
5836.93793640
5837.01716905
5837.08323307
5837.15199800
5837.21961923
5837.28780366
5837.34566496
5837.41445184
5837.49017656
5837.54728839
5837.61508370
5837.68194375
5837.77218097
5837.83222705
5837.90698701
5837.97519948
5838.04284728
5838.13373498
5838.21236640
5838.25621159
5838.32412124
5838.41324669
5838.48247828
5838.54955216
5838.60649089
5838.67540796
5838.74330274
5838.81084571
5838.87665982
5838.96654669
5839.03432737
5839.10277877
5839.17159027
5839.22758180
5839.29558654
5839.36227447
5839.43045499
5839.49902172
5839.56573402
5839.63496781
5839.70242203
5839.75955604
5839.82569052
5839.89395078
5839.96203841
5840.02958430
5840.09657309
5840.16513908
5840.23412540
5840.30008970
5840.36808127
5840.43536824
5840.50285488
5840.57193751
5840.63876635
5840.69665057
5840.76347625
5840.82277603
5840.89476364
5840.96658862
5841.03444293
5841.10234064
5841.17093735
5841.23848495
5841.30681371
5841.37554501
5841.44090051
5841.50901375
5841.57640531
5841.64537919
5841.71201178
5841.78060873
5841.84727106
5841.91599381
5841.98417288
5842.05098100
5842.11932903
5842.18617348
5842.25385956
5842.31174646
5842.36893460
5842.42482154
5842.49317200
5842.56012665
5842.62697403
5842.69602350
5842.76480501
5842.83217999
5842.89969638
5842.96692825
5843.03554349
5843.10141685
5843.17089907
5843.23708963
5843.30574485
5843.37253737
5843.44152662
5843.51022621
5843.57631071
5843.64539431
5843.71194765
5843.77946014
5843.84844841
5843.91556788
5843.98315522
5844.05069111
5844.11880825
5844.18559565
5844.25353115
5844.34386979
5844.38980955
5844.44715544
5844.50359606
5844.57373536
5844.64129490
5844.71751479
5844.78592767
5844.85354719
5844.92164336
5844.98862971
5845.07821377
5845.16759521
5845.23580719
5845.30373221
5845.37079560
5845.44046068
5845.50817968
5845.57383605
5845.64073024
5845.70891905
5845.76595043
5845.83424335
5845.90218982
5845.95914220
5846.03682714
5846.10479995
5846.17297096
5846.24026159
5846.30824292
5846.37688059
5846.44526519
5846.51277378
5846.57933273
5846.64658337
5846.71388130
5846.78467157
5846.84968818
5846.91981211
5846.98589588
5847.04356798
5847.11002063
5847.17865733
5847.24574852
5847.31440154
5847.38229145
5847.44878652
5847.51768239
5847.58479844
5847.65283293
5847.72047098
5847.78773381
5847.85577878
5847.92328395
5847.99088739
5848.06580387
5848.13886839
5848.20623240
5848.27410890
5848.34184057
5848.40911632
5848.47594639
5848.54259360
5848.60130336
5848.66857984
5848.73658385
5848.80489481
5848.87263331
5848.93858177
5849.00721383
5849.07457369
5849.13212950
5849.20132427
5849.26817702
5849.33405160
5849.40291235
5849.47057064
5849.52840780
5849.59741314
5849.66439607
5849.73173156
5849.79945616
5849.85650753
5849.93363195
5850.00150138
5850.06927304
5850.15908968
5850.21766632
5850.28345118
5850.34429646
5850.42085525
5850.48719989
5850.57611030
5850.63307243
5850.69068992
5850.74920683
5850.82498762
5850.91546182
5850.98372012
5851.07261347
5851.13049695
5851.18669889
5851.26456376
5851.34324784
5851.41162609
5851.48005457
5851.54729302
5851.61433203
5851.68232239
5851.74996264
5851.80882185
5851.88470992
5851.95293043
5852.02150861
5852.08845985
5852.15678276
5852.22388346
5852.30297030
5852.37123568
5852.43941986
5852.50570672
5852.56364580
5852.63136382
5852.69855204
5852.76723408
5852.82394729
5852.89082514
5852.95964006
5853.02639625
5853.09385267
5853.16262370
5853.22855801
5853.29661493
5853.36473743
5853.43378811
5853.50112555
5853.56875019
5853.63721500
5853.70261878
5853.76242324
5853.84243242
5853.89658196
5853.96491731
5854.03220135
5854.09951636
5854.16761545
5854.23553705
5854.30172980
5854.36950731
5854.43806965
5854.50580693
5854.57444947
5854.64111863
5854.70927892
5854.77609143
5854.84400133
5854.90186775
5854.97019212
5855.03717067
5855.10415093
5855.17271935
5855.24107932
5855.30810688
5855.37678624
5855.44330374
5855.51242879
5855.57972429
5855.64781631
5855.70960489
5855.78259090
5855.84951386
5855.91881956
5855.97597601
5856.04280120
5856.10155704
5856.17801611
5856.24640241
5856.31381567
5856.38130671
5856.44874240
5856.51690098
5856.58544941
5856.65247477
5856.72129798
5856.78832017
5856.85583144
5856.92450910
5857.00122831
5857.06919258
5857.13743747
5857.20561459
5857.28478872
5857.34084949
5857.40850924
5857.47523495
5857.56484948
5857.63383726
5857.70433495
5857.77010396
5857.83726269
5857.90489805
5857.97231595
5858.06187708
5858.15036936
5858.21788746
5858.28635860
5858.35474686
5858.42276062
5858.49075536
5858.55720338
5858.62568331
5858.68216270
5858.75091569
5858.81774966
5858.88595456
5858.95362407
5859.01926654
5859.11000796
5859.17781082
5859.23560727
5859.30300883
5859.37149363
5859.43856214
5859.50622116
5859.59610973
5859.66313899
5859.73185882
5859.79940520
5859.86634230
5859.93460499
5860.00225158
5860.07024925
5860.13603654
5860.20562921
5860.26192453
5860.32949895
5860.39831508
5860.46516173
5860.53289243
5860.60182633
5860.66851084
5860.73799989
5860.79373322
5860.86096948
5860.92837445
5860.99588986
5861.06445098
5861.13243694
5861.19992652
5861.26704135
5861.33655527
5861.40303791
5861.46329342
5861.53888014
5861.60649698
5861.67428839
5861.74133154
5861.79977799
5861.86665828
5861.93465766
5862.00175933
5862.06938056
5862.13731630
5862.20508089
5862.27365200
5862.34038990
5862.40754083
5862.47653177
5862.55132612
5862.61936767
5862.68715250
5862.75542908
5862.82235765
5862.88999570
5862.95778345
5863.01539777
5863.08286418
5863.15025111
5863.21744153
5863.28501326
5863.34409897
5863.41075057
5863.48181927
5863.56785151
5863.62451887
5863.68285341
5863.74030291
5863.81769114
5863.89464368
5863.96514600
5864.02681731
5864.08804318
5864.14857614
5864.20823212
5864.26706476
5864.32736903
5864.38963840
5864.45077162
5864.51158399
5864.57180219
5864.63197846
5864.69162493
5864.75452138
5864.81427172
5864.87418467
5864.93582721
5865.00593846
5865.06667866
5865.12975529
5865.18898241
5865.24884319
5865.33092108
5865.38198474
5865.44145786
5865.50359875
5865.56517326
5865.62358850
5865.71680141
5865.76724189
5865.82800183
5865.88886613
5865.94986770
5866.01069933
5866.07037993
5866.13004786
5866.19235039
5866.25403803
5866.31373668
5866.37291455
5866.43433010
5866.49300987
5866.55517611
5866.61706733
5866.67704831
5866.73780070
5866.79823663
5866.85801549
5866.92086147
5866.98076613
5867.04097507
5867.13403170
5867.18424300
5867.24356277
5867.30693172
5867.36497027
5867.42560636
5867.51901944
5867.56774642
5867.63002628
5867.69005578
5867.75106124
5867.81304609
5867.87308168
5867.93385211
5867.99331573
5868.05511698
5868.11502214
5868.17506821
5868.23675951
5868.29707256
5868.35774571
5868.41877263
5868.48063435
5868.53982441
5868.59941969
5868.65925706
5868.72165638
5868.78319676
5868.84413104
5868.92506888
5868.97402456
5869.03444927
5869.09707778
5869.15722454
5869.21874835
5869.31211876
5869.36199482
5869.42278061
5869.48227592
5869.54174197
5869.60289957
5869.66456357
5869.72336670
5869.78605323
5869.84587915
5869.90668737
5869.96760970
5870.02735711
5870.08814290
5870.15007094
5870.20902401
5870.26969863
5870.34253250
5870.40231770
5870.46249958
5870.52492279
5870.58562764
5870.64408286
5870.73814106
5870.78805783
5870.84809367
5870.90945509
5870.96956090
5871.02951896
5871.09170617
5871.15155890
5871.21230666
5871.27401795
5871.33500562
5871.39460577
5871.45442071
5871.51650479
5871.57596280
5871.63714697
5871.71840592
5871.78033688
5871.84113194
5871.89958009
5871.96244630
5872.02213179
5872.08218956
5872.14380943
5872.20467714
5872.26524667
5872.32626872
5872.38674048
5872.44723370
5872.52879912
5872.57978548
5872.63910647
5872.70075169
5872.76030990
5872.82173472
5872.88145263
5872.94244249
5873.00321804
5873.06359959
5873.12448145
5873.18577753
5873.24496442
5873.30674471
5873.36966896
5873.42855670
5873.48935980
5873.55032650
5873.61007025
5873.66906282
5873.73130635
5873.79117176
5873.85317587
5873.91247443
5873.97337237
5874.03386437
5874.09483132
5874.15663745
5874.21557371
5874.27657576
5874.33734595
5874.39676641
5874.46021240
5874.52016193
5874.58092968
5874.64207509
5874.70128295
5874.76330997
5874.82322707
5874.88284380
5874.94399506
5875.00389875
5875.06517119
5875.12744129
5875.18786478
5875.24830071
5875.30798912
5875.36931446
5875.42789061
5875.49057153
5875.55064174
5875.61041597
5875.67252101
5875.73167133
5875.80318449
5875.86514325
5875.92440426
5875.98443327
5876.04538412
5876.10665924
5876.16665289
5876.22839027
5876.28825617
5876.34900100
5876.41009253
5876.47055698
5876.53257840
5876.59307577
5876.65219293
5876.72406570
5876.78565948
5876.84604299
5876.90675247
5876.96784887
5877.02679610
5877.08876266
5877.14857151
5877.20925783
5877.27013724
5877.33219133
5877.39155255
5877.45192362
5877.51244561
5877.57228518
5877.63516871
5877.69506021
5877.75558927
5877.81471082
5877.87740954
5877.93606785
5877.99849497
5878.05934854
5878.11869171
5878.17884921
5878.24022063
5878.30136287
5878.36239296
5878.42332016
5878.48283936
5878.54380338
5878.60359638
5878.66521015
5878.72605177
5878.78599179
5878.84780524
5878.90673369
5878.96728397
5879.02985225
5879.08924589
5879.14927490
5879.21013627
5879.27202896
5879.33075456
5879.39328262
5879.45346157
5879.51329480
5879.57336867
5879.63522137
5879.69569923
5879.75650770
5879.81736809
5879.87969037
5879.93819996
5879.99894748
5880.05942802
5880.17317113
5880.23485634
5880.29610147
5880.35603539
5880.41811337
5880.47879920
5880.53779836
5880.59862487
5880.65961887
5880.71938067
5880.78167174
5880.84289248
5880.90359806
5880.96272132
5881.02289637
5881.08485537
5881.14309360
5881.20680925
5881.26637185
5881.32739341
5881.38660883
5881.44744362
5881.50798878
5881.56778324
5881.62977223
5881.70081557
5881.76141850
5881.82263559
5881.88326145
5881.94306298
5881.99391672
