1240.48325628
1240.56817553
1240.66279619
1240.76260293
1240.86327055
1240.94902924
1241.04879013
1241.14758530
1241.23428412
1241.34117180
1241.43376592
1241.51667302
1241.61356428
1241.71606559
1241.79794942
1241.89255716
1241.98638886
1242.09016139
1242.18188317
1242.26749752
1242.36084379
1242.45521212
1242.56166314
1242.65336858
1242.75877829
1242.86268053
1242.95833495
1243.05106341
1243.14580891
1243.24209016
1243.34524975
1243.42625221
1243.52193125
1243.61479015
1243.70837170
1243.80223729
1243.89942990
1243.99068356
1244.13031605
1244.20015911
1244.29317771
1244.39868055
1244.49263879
1244.58532141
1244.67906242
1244.77377061
1244.87849400
1245.03715604
1245.13108478
1245.22574811
1245.35133182
1245.44501699
1245.54093009
1245.63376607
1245.74277221
1245.82203412
1245.91581778
1246.00860062
1246.10333880
1246.19810063
1246.29384282
1246.39555492
1246.48985863
1246.59674339
1246.69085693
1246.78212864
1246.87587037
1246.96874950
1247.06339504
1247.15709118
1247.25340900
1247.34557646
1247.45019550
1247.53599417
1247.62964423
1247.72424271
1247.81815145
1247.91216552
1248.00509196
1248.10213950
1248.19338146
1248.29819359
1248.38096172
1248.47559603
1248.56754358
1248.67326171
1248.76799769
1248.86317303
1248.95457395
1249.04830349
1249.15593431
1249.26823943
1249.36286424
1249.45761705
1249.55133879
1249.64693421
1249.73875034
1249.83349656
1249.93749218
1250.05405324
1250.13526269
1250.23004525
1250.31591389
1250.40872598
1250.50329545
1250.60872150
1250.71480437
1250.86101044
1250.95370501
1251.04859777
1251.14213495
1251.23588741
1251.32869194
1251.42537084
1251.52823543
1251.61278043
1251.70561617
1251.80030974
1251.89323739
1251.98800190
1252.08257966
1252.17626263
1252.26825625
1252.37514053
1252.45803445
1252.55066564
1252.64368179
1252.73789944
1252.84356613
1252.93620194
1253.02970304
1253.12432346
1253.22932479
1253.31181156
1253.40683622
1253.50045653
1253.59442160
1253.68897497
1253.78137843
1253.87512114
1253.97044349
1254.07617138
1254.15758758
1254.25323419
1254.34562961
1254.43910193
1254.54437755
1254.63823704
1254.73196537
1254.84986007
1254.92970565
1255.02338960
1255.11719472
1255.24488811
1255.33961825
1255.43235866
1255.52699395
1255.63285130
1255.71352290
1255.80880698
1255.93385552
1256.01781856
1256.11248798
1256.20424413
1256.29905912
1256.40670846
1256.48746638
1256.58053276
1256.72803760
1256.82251978
1256.91593286
1257.01063033
1257.10304013
1257.21167983
1257.29100146
1257.38648034
1257.48083330
1257.57459795
1257.66834895
1257.76228963
1257.85583364
1257.95064984
1258.05549952
1258.13726217
1258.23197134
1258.32484585
1258.41938167
1258.51240782
1258.61754763
1258.71026878
1258.80412803
1258.91268947
1258.99347445
1259.08539761
1259.17896087
1259.27468185
1259.36947903
1259.46321930
1259.55673795
1259.65056355
1259.75721474
1259.83812699
1259.93108122
1260.02586499
1260.11957015
1260.21403893
1260.30711433
1260.40166453
1260.49456293
1260.60314021
1260.68387204
1260.77595855
1260.87081133
1260.96430949
1261.05715377
1261.15351304
1261.24842066
1261.34016633
1261.44779837
1261.52877790
1261.62152002
1261.74811944
1261.82083750
1261.91464872
1262.01027705
1262.10317959
1262.19579590
1262.33645482
1262.39534110
1262.50103412
1262.59301311
1262.68643813
1262.78122922
1262.87406057
1262.96967379
1263.06348086
1263.16925482
1263.25210365
1263.34583392
1263.43886324
1263.53318841
1263.62637426
1263.77378207
1263.86751966
1263.98639739
1264.06581728
1264.16062300
1264.25575201
1264.34913242
1264.44314868
1264.53686579
1264.63072357
1264.72446628
1264.83019758
1264.92287728
1265.01583590
1265.11054141
1265.20518524
1265.29806511
1265.39457651
1265.48634388
1265.57931420
1265.68379207
1265.76768099
1265.87560315
1265.96824409
1266.06078214
1266.15454337
1266.24737692
1266.34002809
1266.43198636
1266.53853637
1266.61937279
1266.71140810
1266.80408878
1266.88791138
1266.96865466
1267.06346233
1267.15207944
1267.24572340
1267.35217711
1267.42279621
1267.50462494
1267.62931436
1267.72294150
1267.81677978
1267.91104595
1268.00238787
1268.09458946
1268.19950741
1268.28034895
1268.37395878
1268.46723996
1268.56004108
1268.65430627
1268.74541608
1268.83869750
1268.93324039
1269.03713386
1269.11883361
1269.21152355
1269.30435977
1269.43016437
1269.50183284
1269.59467979
1269.67639319
1269.77004472
1269.86379962
1269.94373443
1270.03736718
1270.11886286
1270.21157426
1270.30430272
1270.39696438
1270.49175913
1270.57337330
1270.68014395
1270.79282625
1270.88487132
1270.98086463
1271.06041228
1271.16392515
1271.25592511
1271.35047507
1271.46636785
1271.54695998
1271.63993274
1271.74338564
1271.86992606
1271.93986030
1272.03450949
1272.12726697
1272.21996886
1272.32580865
1272.40582051
1272.49841804
1272.62504453
1272.69510921
1272.78761995
1272.88269581
1272.96421441
1273.04702276
1273.14052093
1273.22118327
1273.31436985
1273.39593209
1273.48942026
1273.57119218
1273.65310917
1273.80969468
1273.92855950
1273.99732858
1274.08832966
1274.21479059
1274.30847015
1274.38959573
1274.53692406
1274.62990584
1274.73510246
1274.81744538
1274.90892749
1275.00333921
1275.09621908
1275.18804423
1275.28171623
1275.37454929
1275.52219847
1275.61488207
1275.70754104
1275.80150221
1275.89359384
1276.00806619
1276.10087827
1276.19340632
1276.29942849
1276.38102242
1276.47270275
1276.56552825
1276.64744426
1276.73015045
1276.81199307
1276.89273880
1276.98639227
1277.06828439
1277.16381008
1277.23364656
1277.32537516
1277.41912762
1277.51176416
1277.60470571
1277.69656378
1277.79151115
1277.88437565
1278.00014872
1278.08106170
1278.17482977
1278.26748728
1278.39231299
1278.46390197
1278.55684742
1278.64868963
1278.74146881
1278.84802345
1278.92849416
1279.00526067
1279.08472250
1279.17435726
1279.25221044
1279.33009750
1279.40972901
1279.50058014
1279.57648211
1279.66812221
1279.75874903
1279.82359108
1279.90246581
1279.98170285
1280.08073500
1280.17120847
1280.26097733
1280.33977453
1280.42963482
1280.56641547
1280.63117243
1280.70992087
1280.78884339
1280.86757549
1280.94448634
1281.02320601
1281.11388404
1281.19190617
1281.28259199
1281.36057755
1281.46480772
1281.53967642
1281.61680938
1281.69801981
1281.78785255
1281.86560892
1281.94261145
1282.03235544
1282.11220541
1282.19075027
1282.28074051
1282.37056764
1282.43707588
1282.51508046
1282.59676216
1282.67455731
1282.76351307
1282.84315141
1282.93151812
1283.00873398
1283.13419773
1283.21304784
1283.27877053
1283.35773279
1283.43551379
1283.51352349
1283.59318719
1283.67029333
1283.74881015
1283.86462784
1283.95841687
1284.06310027
1284.14401374
1284.23692701
1284.33152037
1284.42411888
1284.51626317
1284.61172718
1284.69171685
1284.78621171
1284.89217706
1284.97288963
1285.06688419
1285.14549488
1285.23925734
1285.32115726
1285.41361558
1285.50843739
1285.58926162
1285.79428862
1285.87397914
1285.97592140
1286.07178378
1286.16272829
1286.25520466
1286.34845902
1286.45340378
1286.54498537
1286.65257766
1286.73149896
1286.82513171
1286.91785310
1287.01157070
1287.10463269
1287.19786779
1287.29040242
1287.37330440
1287.47775813
1287.55809207
1287.65229557
1287.74473634
1287.84243900
1287.93121190
1288.02685803
1288.11673465
1288.20860344
1288.31526975
1288.39510143
1288.48796253
1288.58076096
1288.66445946
1288.74422044
1288.83844882
1288.93007624
1289.02407470
1289.13090412
1289.21000657
1289.30373660
1289.39560661
1289.49014901
1289.58214629
1289.67771001
1289.80143418
1289.87230466
1289.97802377
1290.05878290
1290.15068070
1290.24533794
1290.33610228
1290.43074366
1290.55556084
1290.63770164
1290.72986812
1290.83650127
1290.91626639
1290.99817996
1291.09173031
1291.18563539
1291.27735375
1291.38202034
1291.46361915
1291.54515823
1291.63998516
1291.72166150
1291.81356516
1291.93867222
1292.03138069
1292.12436686
1292.21782236
1292.30953389
1292.42729035
1292.50802096
1292.59997435
1292.69374680
1292.78651891
1292.87927687
1292.97305688
1293.06490958
1293.15875298
1293.26439505
1293.34614453
1293.43732383
1293.53011569
1293.62294630
1293.75167515
1293.82045594
1293.91237447
1294.00600917
1294.10986508
1294.19231625
1294.28530096
1294.36690538
1294.44980004
1294.53068839
1294.61357866
1294.69425661
1294.78788985
1294.86885427
1294.96537397
1295.03528749
1295.12805374
1295.21990742
1295.31453857
1295.39532037
1295.48904333
1295.58061004
1295.67424694
1295.78108464
1295.86007982
1295.96320358
1296.05693483
1296.14859370
1296.24248342
1296.33420446
1296.42991301
1296.52275557
1296.62832644
1296.70912556
1296.80011786
1296.92634522
1297.00807277
1297.11250676
1297.20541881
1297.28760837
1297.38108655
1297.47662588
1297.54402622
1297.62676094
1297.71105872
1297.79184443
1297.87377141
1297.95538534
1298.03732330
1298.13003469
1298.22282557
1298.37137148
1298.45306294
1298.54500390
1298.63787060
1298.72933662
1298.80919780
1298.88758101
1298.96703041
1299.05483782
1299.13447300
1299.22588416
1299.30567976
1299.38971642
1299.47049530
1299.54772213
1299.62754869
1299.70663627
1299.79611305
1299.88583583
1299.96280105
1300.04165725
1300.13234527
1300.19828982
1300.28801529
1300.37772076
1300.45758828
1300.53551240
1300.65804582
1300.73489620
1300.81481370
1300.89343902
1300.98930482
1301.05108389
1301.13095410
1301.21683859
1301.29638745
1301.38614266
1301.47773717
1301.55363694
1301.64440908
1301.72214107
1301.80304089
1301.90269134
1301.96861443
1302.05252651
1302.12636049
1302.21600037
1302.29582791
1302.37473044
1302.46145266
1302.54221838
1302.62016468
1302.69798226
1302.79171717
1302.85537698
1302.93958529
1303.01811405
1303.10199687
1303.18191364
1303.26447721
1303.34545138
1303.42903407
1303.52486135
1303.60256458
1303.69740760
1303.77677629
1303.86864776
1303.97241420
1304.09844896
1304.17129648
1304.26314309
1304.35480708
1304.43573517
1304.52954785
1304.59937677
1304.68099095
1304.76505150
1304.84560047
1304.92838615
1305.00727966
1305.08895405
1305.18278380
1305.27535915
1305.38233924
1305.46037697
1305.55956955
1305.65110652
1305.73996377
1305.83088195
1305.92558210
1306.05020642
1306.12113322
1306.21680592
1306.28460245
1306.36641362
1306.45841845
1306.55093700
1306.64462924
1306.72959774
1306.81784815
1306.89964445
1306.99165270
1307.09780945
1307.17770379
1307.27074725
1307.36276477
1307.45744590
1307.54827021
1307.64204023
1307.72462305
1307.80460053
1307.89813454
1307.97001902
1308.06100400
1308.14575868
1308.22546359
1308.30539645
1308.39906821
1308.49101965
1308.58374763
1308.67838682
1308.78661643
1308.86181038
1308.95593148
1309.04828472
1309.14095832
1309.23365387
1309.31541018
1309.44037901
1309.52292770
1309.61493814
1309.68658613
1309.76638197
1309.84819826
1309.93091982
1310.01179525
1310.09357253
1310.18726014
1310.27922816
1310.37178888
1310.49007830
1310.60065897
1310.67224819
1310.76433178
1310.85696223
1310.98352727
1311.06539939
1311.14620315
1311.22800213
1311.32367166
1311.39240320
1311.47281685
1311.55873207
1311.63607811
1311.72854058
1311.82216748
1311.91546841
1312.00647509
1312.09916088
1312.20780253
1312.28968221
1312.42029107
1312.51399136
1312.59673803
1312.67767270
1312.76036525
1312.84202550
1312.92402757
1313.02772672
1313.10748721
1313.20263938
1313.29207008
1313.38639086
1313.47867705
1313.57188777
1313.67469238
1313.76838608
1313.87312239
1313.95299626
1314.04579542
1314.13856680
1314.23118164
1314.31207292
1314.39488249
1314.47826575
1314.55821251
1314.64099380
1314.73464825
1314.80258716
1314.88387146
1314.98352776
1315.07054718
1315.15110054
1315.24485642
1315.33594185
1315.43270292
1315.53619336
1315.61587559
1315.70864940
1315.80150196
1315.88227841
1315.96508456
1316.04789365
1316.12864717
1316.21055611
1316.30307075
1316.39791719
1316.46477529
1316.54753976
1316.62944894
1316.72215351
1316.81377459
1316.90864321
1316.99956675
1317.09463042
1317.20031295
1317.27922645
1317.37005686
1317.49568177
1317.57933785
1317.66020548
1317.75253385
1317.83838811
1317.91612474
1318.01288459
1318.08977569
1318.18244588
1318.27521847
1318.36695804
1318.46163942
1318.56548534
1318.65921049
1318.75188434
1318.86067057
1318.93845572
1319.02925272
1319.12171299
1319.21528333
1319.29807998
1319.37904513
1319.46081997
1319.54346961
1319.63550565
1319.72998588
1319.79872936
1319.87757484
1319.95742871
1320.03710606
1320.12622883
1320.22078025
1320.31462756
1320.40844877
1320.50310162
1320.60940587
1320.69013672
1320.78792959
1320.88180542
1320.97743155
1321.06932887
1321.16223214
1321.25784731
1321.35059722
1321.45833141
1321.55004465
1321.64475748
1321.73865281
1321.83325641
1321.93113900
1322.02679976
1322.11555559
1322.20990343
1322.31523415
1322.39771604
1322.49135270
1322.58612013
1322.67969778
1322.77457957
1322.86849636
1322.96205889
1323.05695847
1323.16658292
1323.24633634
1323.34117692
1323.43407483
1323.52863649
1323.65536343
1323.72772089
1323.84475860
1323.96904403
1324.07470194
1324.18242394
1324.29723615
1324.41405297
1324.52471263
1324.63546493
1324.75126116
1324.85961707
1324.97516730
1325.09025258
1325.21368833
1325.32338397
1325.44086297
1325.60259896
1325.67817958
1325.78514431
1325.90156421
1326.01620210
1326.13296284
1326.24967848
1326.37731116
1326.48290300
1326.58870939
1326.70527654
1326.82106790
1326.93855056
1327.05421708
1327.17897184
1327.28876354
1327.40552208
1327.52019606
1327.63679540
1327.74051186
1327.86935067
1327.97436224
1328.08015327
1328.18639145
1328.29135718
1328.39793352
1328.49157139
1328.61945398
1328.71371820
1328.81869173
1328.96747731
1329.07331125
1329.19094019
1329.30772751
1329.42738007
1329.54369269
1329.65746360
1329.77372697
1329.86769959
1329.98568108
1330.09888660
1330.20740610
1330.32522521
1330.43991528
1330.54650381
1330.66134504
1330.77802484
1330.90477371
1331.01439840
1331.12818174
1331.29162440
1331.38248113
1331.48736056
1331.59398128
1331.71019783
1331.80409780
1331.90973718
1332.02653839
1332.12021040
1332.22597144
1332.33260824
1332.44932461
1332.55724605
1332.64993599
1332.76469749
1332.87143353
1332.98969418
1333.10630181
1333.23004135
1333.33796522
1333.44736463
1333.55905389
1333.66595011
1333.78747781
1333.88635953
1334.00490715
1334.10981583
1334.22838174
1334.34296136
1334.45966700
1334.54552102
1334.63971233
1334.76644000
1334.86321642
1334.97095866
1335.08369630
1335.18960095
1335.30632195
1335.41490703
1335.54178464
1335.64546526
1335.75205891
1335.86872359
1335.98494917
1336.09995814
1336.21847577
1336.33610276
1336.44387157
1336.55582098
1336.67242325
1336.79204631
1336.90475933
1337.02156932
1337.13719830
1337.25683208
1337.37072831
1337.48681516
1337.59171214
1337.69749708
1337.81849766
1337.90999903
1338.01474924
1338.12141091
1338.23823017
1338.33242392
1338.43923066
1338.56380817
1338.67052665
1338.77548191
1338.89217999
1339.00068876
1339.11447869
1339.23215005
1339.35976713
1339.46457634
1339.58116861
1339.68703717
1339.80274222
1339.92036556
1340.03620665
1340.15005363
1340.25866529
1340.37490013
1340.49042037
1340.60927519
1340.72474618
1340.83949354
1340.95622405
1341.06196729
1341.16861287
1341.27369978
1341.37909536
1341.48380534
1341.58950006
1341.68538659
1341.79013021
1341.88474064
1341.97954806
1342.09718018
1342.21285426
1342.34164894
1342.44837010
1342.56408368
1342.67969120
1342.78547955
1342.90622877
1343.00841654
1343.13312278
1343.22893080
1343.34608846
1343.46677087
1343.57853815
1343.68424190
1343.80000546
1343.92668826
1344.06546888
1344.18293642
1344.34254298
1344.43825713
1344.55445906
1344.66870881
1344.76446197
1344.87052144
1344.97608426
1345.09271871
1345.19752938
1345.30736643
1345.42583627
1345.51570753
1345.63037371
1345.74830571
1345.86278927
1345.98047575
1346.08586913
1346.21241565
1346.31971488
1346.43737162
1346.55209119
1346.64696639
1346.75251386
1346.87023301
1346.98509911
1347.09178395
1347.19644126
1347.31327953
1347.42984206
1347.54562854
1347.66229127
1347.79331582
1347.89596318
1347.99996172
1348.10670044
1348.21155792
1348.31821448
1348.42378998
1348.56045190
1348.64648633
1348.75490514
1348.86202078
1348.97347380
1349.08436532
1349.19666922
1349.31855288
1349.41908105
1349.51894825
1349.63065165
1349.74524956
1349.85217455
1349.96671297
1350.08753020
1350.18613618
1350.29787103
1350.40973535
1350.52100526
1350.63168784
1350.74253011
1350.86413510
1350.95480191
1351.05547319
1351.16521515
1351.26799294
1351.37676990
1351.47733634
1351.64626032
1351.76591825
1351.86571839
1351.97653360
1352.09334725
1352.20091004
1352.31072466
1352.43360428
1352.53734658
1352.64589851
1352.76158722
1352.86803848
1352.97956488
1353.08931318
1353.21202555
1353.31370766
1353.41374480
1353.52506737
1353.62601830
1353.78027081
1353.89432258
1354.01366917
1354.11538176
1354.22514078
1354.33591284
1354.45205137
1354.55982019
1354.67169694
1354.79364375
1354.89243891
1355.00412867
1355.11397424
1355.22651221
1355.33818563
1355.45294030
1355.57164298
1355.67238229
1355.78229345
1355.89397223
1355.99371387
1356.10450957
1356.21627539
1356.33926863
1356.43991431
1356.55077218
1356.65047871
1356.76319343
1356.91771243
1357.00665404
1357.13130884
1357.22904027
1357.33076822
1357.48548786
1357.58412285
1357.70079655
1357.79673817
1357.90924176
1358.05420099
1358.15183221
1358.26246140
1358.36339453
1358.47904277
1358.58673039
1358.70896879
1358.82071755
1358.91871960
1359.03142653
1359.14225539
1359.25401048
1359.36565342
1359.48835677
1359.58800575
1359.69965528
1359.80971370
1359.92319618
1360.03320121
1360.19749208
1360.29896988
1360.41400738
1360.52125736
1360.63214913
1360.74390715
1360.85537869
1360.97709997
1361.07880525
1361.18859085
1361.30428078
1361.41203179
1361.52271388
1361.63446653
1361.75599399
1361.85788066
1361.96646599
1362.06921062
1362.18208309
1362.28959883
1362.40131930
1362.52595898
1362.60203893
1362.70265291
1362.81422783
1362.92715686
1363.02687851
1363.13654757
1363.25966685
1363.36017698
1363.47197815
1363.58261855
1363.68340588
1363.83793121
1363.92674336
1364.03843360
1364.13877160
1364.23857930
1364.35125380
1364.46647952
1364.57420469
1364.68500380
1364.80782321
1364.90744562
1365.01908076
1365.12978966
1365.24264872
1365.35231559
1365.46511565
1365.58565226
1365.68635451
1365.79081532
1365.89766984
1366.00996131
1366.11981884
1366.23230219
1366.35509672
1366.45793157
1366.56661125
1366.67641538
1366.79200657
1366.89868531
1367.01070761
1367.13618917
1367.23406006
1367.34722973
1367.45571485
1367.56805850
1367.67869305
1367.79064075
1367.91238202
1368.01099629
1368.12580216
1368.23425632
1368.33498490
1368.44782177
1368.55708245
1368.67829271
1368.77996215
1368.89049746
1369.00651117
1369.11438238
1369.22412215
1369.33486397
1369.46147826
1369.55825834
1369.66998686
1369.78175317
1369.88550449
1369.98124887
1370.13708444
1370.23977348
1370.33745737
1370.44813433
1370.54975086
1370.66300441
1370.77127352
1370.88345991
1371.00726649
1371.10600607
1371.21865302
1371.32834573
1371.43912314
1371.54506363
1371.65063255
1371.77520762
1371.87386577
1371.98464904
1372.09635732
1372.20677561
1372.31932771
1372.43001687
1372.55170353
1372.64066490
1372.75613881
1372.86413217
1372.97572781
1373.08741976
1373.19811526
1373.34177864
1373.45351106
1373.56521593
1373.68015858
1373.78677613
1373.89746626
1374.02003868
1374.12087795
1374.23246676
1374.33138627
1374.44399665
1374.54876441
1374.65956645
1374.82341359
1374.92172236
1375.03550911
1375.13817865
1375.25003078
1375.35351684
1375.48347107
1375.60218448
1375.70575490
1375.82961366
1375.93145473
1376.04635082
1376.14894259
1376.26088541
1376.38634259
1376.49203292
1376.60383775
1376.71953914
1376.83029072
1376.93693337
1377.04760059
1377.18558468
1377.28786413
1377.40033309
1377.51102225
1377.62419924
1377.74375281
1377.84264404
1377.96619268
1378.05717303
1378.17068257
1378.28448615
1378.39763315
1378.51089742
1378.62563406
1378.79372445
1378.87463547
1378.98979098
1379.10142124
1379.21515118
1379.34044476
1379.44298801
1379.57055584
1379.65838593
1379.77203152
1379.88587654
1380.00153063
1380.11346615
1380.26970741
1380.38261450
1380.49783778
1380.60977109
1380.72729228
1380.82623836
1380.94386267
1381.06845359
1381.15722162
1381.27399894
1381.38383111
1381.49750985
1381.61203681
1381.72501095
1381.83829936
1381.93997245
1382.05567799
1382.16900077
1382.28635885
1382.38400884
1382.50863706
1382.63445483
1382.73698906
1382.84973670
1382.95244549
1383.06638146
1383.18005143
1383.28281630
1383.30390141
1383.41825844
1383.52489280
1383.63424735
1383.73661774
1383.83906956
1383.95334954
1384.06722358
1384.19173038
1384.29245579
1384.40817229
1384.52196343
1384.63476374
1384.73975264
1384.85431812
1384.96409445
1385.06834681
1385.18077627
1385.28446981
1385.39617249
1385.50176091
1385.61364522
1385.74123573
1385.84089301
1385.95398978
1386.06838313
1386.22795093
1386.33102763
1386.44452791
1386.54414837
1386.65840080
1386.77218487
1386.88685007
1386.99086934
1387.14536664
1387.24802618
1387.36064021
1387.47842520
1387.59920635
1387.70181933
1387.82054054
1387.94317416
1388.04292164
1388.15567465
1388.26909593
1388.38357194
1388.49843974
1388.60910476
1388.73586120
1388.83941284
1388.95316058
1389.05380992
1389.16743503
1389.27357349
1389.39517043
1389.51832263
1389.62214368
1389.73578196
1389.83748918
1389.95322154
1390.06588774
1390.17855785
1390.30433027
1390.39511436
1390.50970617
1390.61258100
1390.72920252
1390.83851391
1390.94163255
1391.07531536
1391.17011401
1391.28085071
1391.39655576
1391.51032252
1391.62491531
1391.74060377
1391.86057353
1391.95512130
1392.06671255
1392.17955552
1392.29408004
1392.40681476
1392.51030813
1392.62437795
1392.72635483
1392.83892693
1392.96366438
1393.07852804
1393.18014847
1393.30073067
1393.40647318
1393.51026303
1393.62314525
1393.74259618
1393.84147400
1393.94237812
1394.05690386
1394.17868122
1394.28726314
1394.40297062
1394.50979443
1394.61450977
1394.72821924
1394.84085692
1394.96457427
1395.05737393
1395.15918087
1395.27300200
1395.38673292
1395.48927032
1395.60790864
1395.72675029
1395.83038970
1395.94491691
1396.04655270
1396.15992498
1396.27401600
1396.39924936
1396.51198286
1396.61480405
1396.71841104
1396.83125425
1396.93402375
1397.04768495
1397.15960437
1397.27519799
1397.37798700
1397.49381517
1397.60349764
1397.71772544
1397.82044033
1397.94708096
1398.06905727
1398.17250797
1398.28636226
1398.39996518
1398.51472132
1398.62765060
1398.73922381
1398.88704000
1398.99958431
1399.11334522
1399.22843757
1399.34022143
1399.44712423
1399.56851320
1399.68237164
1399.77308794
1399.87980521
1399.99643673
1400.10515566
1400.21684176
1400.33177393
1400.43182033
1400.54664132
1400.65819722
1400.76979871
1400.88378247
1400.99622803
1401.11806975
1401.22085266
1401.33941247
1401.45020379
1401.56102802
1401.67266437
1401.78818998
1401.89725025
1401.99986005
1402.11356026
1402.22802383
1402.33890559
1402.45176514
1402.56470149
1402.68912174
1402.78082572
1402.93635335
1403.02779694
1403.12054759
1403.23076058
1403.34466169
1403.46953762
1403.55746743
1403.67122395
1403.77385546
1403.88462970
1403.99827334
1404.15489641
1404.24575193
1404.34698470
1404.46256199
1404.57428539
1404.68607949
1404.79843509
1404.93290833
1405.03677619
1405.14841157
1405.26015618
1405.37577248
1405.48655745
1405.60035226
1405.72699556
1405.82574806
1405.93845084
1406.08301486
1406.19674188
1406.30813516
1406.43312763
1406.52313031
1406.63585283
1406.73839998
1406.85116396
1406.96277398
1407.07749404
1407.19921484
1407.29090101
1407.40361988
1407.50639695
1407.61860967
1407.73234400
1407.84467766
1407.96886068
1408.07010199
1408.18189633
1408.29754604
1408.40724045
1408.52203292
1408.63454577
1408.75749439
1408.85930621
1408.97562395
1409.08538395
1409.19727216
1409.31084120
1409.42778431
1409.54642823
1409.64829442
1409.76097209
1409.87467351
1409.97619422
1410.07813209
1410.19170600
1410.35840887
1410.43902221
1410.54036494
1410.65401223
1410.76661066
1410.87954896
1410.99205645
1411.12074727
1411.20662566
1411.32322329
1411.43219287
1411.54665522
1411.65839081
1411.76029332
1411.89395614
1411.99594813
1412.10856851
1412.22171331
1412.33456067
1412.44737584
1412.55974485
1412.68355850
1412.78720011
1412.89802385
1413.01163507
1413.13032775
1413.22500912
1413.33874102
1413.46442201
1413.57600546
1413.68696086
1413.78945486
1413.94706560
1414.04291165
1414.14075742
1414.26239508
1414.36911454
1414.47703597
1414.59054747
1414.70422329
1414.81606664
1414.93182606
1415.05098052
1415.14289904
1415.24444292
1415.35903497
1415.46578978
1415.57358102
1415.68618335
1415.81115608
1415.91168449
1416.01549895
1416.12628125
1416.23976885
1416.35172630
1416.45634144
1416.57816122
1416.67983407
1416.79271264
1416.90508701
1417.00687542
1417.13183839
1417.23537004
1417.35702550
1417.45762095
1417.57127776
1417.67311201
1417.77557260
1417.88843215
1417.99267280
1418.11357196
1418.20916274
1418.31787558
1418.42100129
1418.52031992
1418.63316362
1418.74903153
1418.87056264
1418.97243956
1419.08519402
1419.18881515
1419.30030449
1419.41289098
1419.57862983
1419.66927201
1419.78299562
1419.89590247
1420.01041334
1420.12252634
1420.14360024
1420.26711815
1420.40158993
1420.50311917
1420.60624049
1420.71808311
1420.83377280
1420.94358595
1421.05621047
1421.17991977
1421.28755351
1421.39838213
1421.50795245
1421.62165972
1421.73274117
1421.83630695
1421.96205718
1422.05065674
1422.16362795
1422.27624564
1422.39082892
1422.50146907
1422.60431879
1422.71686650
1422.81974158
1422.93133795
1423.03614107
1423.14592715
1423.24687613
1423.35998705
1423.48367929
1423.59744824
1423.71008617
1423.82274628
1423.93655693
1424.04914244
1424.15101740
1424.27348206
1424.37737601
1424.47706108
1424.58985749
1424.70363961
1424.82026918
1424.91794868
1425.03181053
1425.13262882
1425.24100789
1425.35087980
1425.45056170
1425.56255646
1425.67691763
1425.79088968
1425.89350680
1426.00768609
1426.12157037
1426.24063047
1426.33712725
1426.45070994
1426.57635801
1426.67812741
1426.79182664
1426.89461930
1427.01928019
1427.12207334
1427.23440773
1427.36207186
1427.45079137
1427.60930298
1427.69120290
1427.79191758
1427.90758118
1428.04124765
1428.16487577
1428.25786145
1428.37367279
1428.46326392
1428.57811783
1428.69461111
1428.79326243
1428.91845580
1429.01989191
1429.13283704
1429.24929180
1429.36079113
1429.47481926
1429.59076056
1429.75423027
1429.84874708
1429.96071331
1430.07535144
1430.18816491
1430.30167129
1430.40549551
1430.52827541
1430.62071764
1430.73472895
1430.84883290
1430.96607540
1431.06427446
1431.16793655
1431.29260402
1431.39539864
1431.50801852
1431.62062402
1431.72447287
1431.83814966
1431.95284217
1432.07551090
1432.16765958
1432.27021867
1432.42762437
1432.52004173
1432.62179430
1432.73637393
1432.85851212
1432.96395524
1433.07669898
1433.18949416
1433.29298753
1433.40677161
1433.52151946
1433.64473627
1433.74750382
1433.84123556
1433.97581071
1434.11242411
1434.21321046
1434.32793296
1434.44875971
1434.55349090
1434.66787133
1434.78036955
1434.89400173
1435.00731867
1435.12156525
1435.24567586
1435.34902026
1435.49464217
1435.60949730
1435.72591329
1435.83583006
1435.96056775
1436.06237787
1436.17678877
1436.29349563
1436.39334284
1436.50604781
1436.60853571
1436.77704668
1436.85294011
1436.96068308
1437.07350532
1437.18196167
1437.29071791
1437.40347506
1437.52815595
1437.62005326
1437.73374883
1437.85852505
1437.96116801
1438.07493697
1438.18184587
1438.30064266
1438.40438593
1438.51816757
1438.62091537
1438.72449969
1438.83829400
1438.95015954
1439.07488845
1439.16653757
1439.28163577
1439.43797334
1439.52984359
1439.64218529
1439.75706017
1439.87986713
1439.98370233
1440.09830755
1440.21192925
1440.32459570
1440.43872964
1440.55128589
1440.67479429
1440.77862168
1440.89331931
1441.00671280
1441.12018943
1441.23407127
1441.34668067
1441.47538246
1441.57400452
1441.68864046
1441.80150318
1441.91463580
1442.01745845
1442.13176403
1442.25547138
1442.35765696
1442.47145079
1442.58604285
1442.69866785
1442.80349096
1442.91517437
1443.02786057
1443.14459888
1443.26027394
1443.35917029
1443.47277126
1443.57636069
1443.68831620
1443.81451748
1443.91496104
1444.02858615
1444.14221516
1444.27284377
1444.37163821
1444.48325286
1444.60717940
1444.71170287
1444.83647689
1444.93871952
1445.05047290
1445.15517264
1445.26783885
1445.39255509
1445.48538571
1445.59839105
1445.69986593
1445.80459468
1445.90840452
1446.02099198
1446.14695505
1446.24675545
1446.36029717
1446.50713301
1446.59882869
1446.70059760
1446.81838746
1446.94161475
1447.04260811
1447.15804130
1447.30273576
1447.41642085
1447.53017200
1447.65483655
1447.75574945
1447.85933913
1447.97699903
1448.09068241
1448.21333700
1448.32445112
1448.44764623
1448.55154749
1448.66516431
1448.78103369
1448.89270052
1449.00817200
1449.12290961
1449.21461505
1449.31846243
1449.42020745
1449.52285407
1449.62568916
1449.78093616
1449.87464986
1449.99948654
1450.09116613
1450.19376326
1450.30755904
1450.42208283
1450.53294680
1450.62667390
1450.74266981
1450.84141744
1450.95811918
1451.07735995
1451.18013725
1451.29355683
1451.43093993
1451.54463379
1451.65728342
1451.78127238
1451.88485011
1451.99947995
1452.11433484
1452.23814947
1452.34077781
1452.50932583
1452.62403589
1452.78162590
1452.87358222
1452.99900770
1453.10485992
1453.20410321
1453.31842050
1453.43304425
1453.54890728
1453.67328024
1453.79695102
1453.88888954
1454.00261193
1454.11646939
1454.23077887
1454.34373009
1454.46240132
1454.58579904
1454.68729683
1454.80060621
1454.91436419
1455.02784107
1455.13161263
1455.24565465
1455.37020851
1455.48500463
1455.59848736
1455.71425165
1455.81686780
1455.93260625
1456.04334831
1456.16711247
1456.27275356
1456.38544390
1456.50117772
1456.61290136
1456.72768237
1456.84121191
1456.96684926
1457.05860102
1457.17332083
1457.29707329
1457.41072936
1457.52459292
1457.63836066
1457.75327283
1457.84592986
1457.96063895
1458.07437596
1458.18706070
1458.30072360
1458.41465689
1458.52821251
1458.63299758
1458.74934921
1458.86026268
1458.97673255
1459.08880581
1459.20207521
1459.31581027
1459.41941044
1459.53422631
1459.63705652
1459.75151985
1459.86624088
1459.97926475
1460.10445544
1460.19520393
1460.29893648
1460.41381233
1460.52723337
1460.62996313
1460.76143752
1460.86928996
1460.97203410
1461.08960551
1461.20020958
1461.31299598
1461.43762591
1461.54140040
1461.66612955
1461.77375379
1461.88452901
1461.99956724
1462.11221687
1462.21405648
1462.32957014
1462.45441242
1462.55809572
1462.67079606
1462.77351364
1462.88933985
1463.00305761
1463.11677464
1463.24048394
1463.34298355
1463.44635185
1463.55031089
1463.66853156
1463.77820965
1463.89272368
1464.00569100
1464.10929993
1464.23417343
1464.34865601
1464.46342703
1464.57572508
1464.73425596
1464.83710787
1464.96079328
1465.07690329
1465.19540702
1465.30285742
1465.40590096
1465.53137179
1465.63428709
1465.75265405
1465.86665511
1465.98117159
1466.09685030
1466.21357154
1466.33808932
1466.43865332
1466.55201098
1466.66799201
1466.77079565
1466.87238048
1466.97599259
1467.09957999
1467.20421805
1467.31891640
1467.43066833
1467.54737445
1467.64895368
1467.82719531
1467.93308240
1468.04763838
1468.15935324
1468.27717723
1468.38669001
1468.51241050
1468.63620928
1468.74083832
1468.85365764
1468.95823791
1469.07248449
1469.18545180
1469.30428712
1469.42427565
1469.52656192
1469.63053584
1469.74504890
1469.85776558
1469.97347770
1470.08618877
1470.21200214
1470.31663191
1470.43130491
1470.54354616
1470.65725295
1470.76825833
1470.87301366
1470.99752607
1471.10188374
