1491.57293298
1491.68782907
1491.80235139
1491.92650248
1492.03967045
1492.15365054
1492.31932625
1492.40424038
1492.50681410
1492.61859528
1492.72128213
1492.80501525
1492.91998107
1493.04453152
1493.15708362
1493.25902247
1493.36376244
1493.48779454
1493.59172726
1493.70572686
1493.81878511
1493.93266915
1494.04688891
1494.16140587
1494.27515654
1494.37984507
1494.49160821
1494.59531247
1494.70995622
1494.84574993
1494.97949320
1495.08409371
1495.19784170
1495.30150160
1495.41522325
1495.52991552
1495.65380865
1495.77936579
1495.88091698
1495.99580721
1496.10935723
1496.22533120
1496.33806982
1496.45175490
1496.56566161
1496.68102484
1496.79462581
1496.90940097
1497.02213617
1497.12688394
1497.23155906
1497.35433848
1497.45906625
1497.56973859
1497.68538073
1497.79818347
1497.95714101
1498.05582793
1498.15051564
1498.26332716
1498.37702298
1498.49092774
1498.60458649
1498.70609184
1498.81001359
1498.91253343
1499.02722545
1499.15080773
1499.26416538
1499.36787282
1499.46984165
1499.58288820
1499.68606072
1499.80027950
1499.91310248
1500.01668606
1500.13055132
1500.24139896
1500.36591186
1500.45967529
1500.57333136
1500.67707196
1500.78758094
1500.93563948
1501.04922680
1501.17396497
1501.27684565
1501.38953088
1501.49237450
1501.60680174
1501.72290883
1501.83552579
1501.95790877
1502.04886279
1502.16531730
1502.27797449
1502.37988944
1502.49228697
1502.60784549
1502.72984106
1502.83545118
1502.93631117
1503.05104391
1503.16467974
1503.27834191
1503.39219254
1503.51688221
1503.61858212
1503.73136487
1503.84513504
1503.95775761
1504.07284216
1504.17668467
1504.29858101
1504.40302011
1504.50387718
1504.61943057
1504.72228517
1504.87784083
1504.97105887
1505.08387819
1505.18759684
1505.31134028
1505.42556101
1505.52872500
1505.64159649
1505.74307454
1505.86853561
1505.98229701
1506.08822238
1506.19797068
1506.30140529
1506.41426118
1506.52877132
1506.65479096
1506.75529304
1506.86919292
1506.98421359
1507.09584410
1507.20973886
1507.31326466
1507.43621548
1507.53891427
1507.65349853
1507.76616620
1507.86901518
1507.98406024
1508.09776361
1508.21050881
1508.31324613
1508.40496376
1508.51879708
1508.63132871
1508.74514887
1508.85869376
1508.97370566
1509.07613480
1509.17810388
1509.29176629
1509.40441007
1509.50724321
1509.62110798
1509.74578570
1509.84838502
1509.96258820
1510.07684721
1510.18955073
1510.30408719
1510.41685434
1510.54168980
1510.64328682
1510.75897846
1510.86166507
1510.97393435
1511.07577762
1511.19043648
1511.31307595
1511.40685597
1511.51958410
1511.63415348
1511.73699564
1511.85271117
1511.96377092
1512.08762968
1512.19135491
1512.31499571
1512.42971576
1512.54156594
1512.63417616
1512.74890572
1512.87385333
1512.97636464
1513.07807016
1513.18085185
1513.29466226
1513.41026588
1513.52192589
1513.64561618
1513.74915514
1513.86273710
1513.98745284
1514.09908725
1514.21302736
1514.32761259
1514.45127070
1514.55401923
1514.66856106
1514.78038516
1514.88614668
1514.99881509
1515.11199208
1515.23544294
1515.32793320
1515.44099316
1515.55447394
1515.66711284
1515.78078232
1515.88547962
1516.00916235
1516.11202499
1516.22550820
1516.33922230
1516.44304579
1516.59923707
1516.69202356
1516.80423775
1516.90690631
1517.01963981
1517.13416970
1517.24778725
1517.36148233
1517.47520521
1517.59984684
1517.70274239
1517.81527597
1517.92009347
1518.02075109
1518.13496915
1518.24911796
1518.36086159
1518.45366929
1518.56741558
1518.68104337
1518.78471716
1518.89744676
1519.01122449
1519.14576258
1519.24946197
1519.36414643
1519.47656859
1519.59019882
1519.70310445
1519.81755217
1519.94226767
1520.04402415
1520.14669808
1520.26051750
1520.37516930
1520.47917784
1520.58952225
1520.70368545
1520.81045342
1520.92115574
1521.03697782
1521.14878801
1521.25921800
1521.37470240
1521.49762518
1521.58963147
1521.70740646
1521.81756363
1521.93232245
1522.03497566
1522.14772988
1522.26601467
1522.36510339
1522.47857270
1522.59276077
1522.70386781
1522.81154276
1522.92210538
1523.03663746
1523.13792680
1523.25077489
1523.35442308
1523.51107223
1523.60388310
1523.69443020
1523.81907720
1523.91083871
1524.02561753
1524.12723649
1524.24003070
1524.35462934
1524.45798423
1524.58458755
1524.68411585
1524.79789505
1524.90029030
1525.01496404
1525.12784480
1525.24062925
1525.36627489
1525.46906633
1525.58519634
1525.70035623
1525.81204891
1525.92930702
1526.03959731
1526.15421838
1526.26147446
1526.38290975
1526.49522951
1526.61348748
1526.71464516
1526.82838486
1526.95307793
1527.04592099
1527.15857866
1527.26155759
1527.37606237
1527.49026433
1527.59390082
1527.71754381
1527.82140070
1527.92407682
1528.03876884
1528.15448193
1528.26731515
1528.37904440
1528.50384646
1528.59643010
1528.75551466
1528.84773161
1528.96398425
1529.07465805
1529.17749509
1529.30213428
1529.40703516
1529.52300816
1529.62334054
1529.74630233
1529.85092259
1529.96849375
1530.08785764
1530.19439692
1530.29511501
1530.40941426
1530.51418104
1530.62776861
1530.74157462
1530.86606412
1530.96877852
1531.07167163
1531.18622175
1531.31205537
1531.42524991
1531.53143055
1531.65276759
1531.74664098
1531.86021269
1531.97322877
1532.08865514
1532.20161026
1532.31516394
1532.41610682
1532.52308033
1532.63663180
1532.74041945
1532.85370518
1532.97807960
1533.09214283
1533.21510218
1533.31973438
1533.43323125
1533.54729107
1533.65080931
1533.76635832
1533.88001293
1534.00380416
1534.10748355
1534.22125739
1534.32292414
1534.43721192
1534.55643489
1534.66700288
1534.79097135
1534.88191684
1534.99689070
1535.11264402
1535.22545213
1535.32903790
1535.44479683
1535.55557839
1535.66128604
1535.77392323
1535.88773096
1536.00190147
1536.11666151
1536.20843424
1536.32315698
1536.42444193
1536.55007781
1536.66386432
1536.76754494
1536.88118419
1537.04779442
1537.13271952
1537.24433223
1537.35901961
1537.46144851
1537.57604106
1537.68998166
1537.80358068
1537.91033720
1538.02073330
1538.12529553
1538.24998324
1538.36358177
1538.46990821
1538.58396998
1538.68385424
1538.79844874
1538.95518640
1539.05891382
1539.16303574
1539.28472484
1539.38237557
1539.49456513
1539.60789693
1539.72541543
1539.83410487
1539.94700123
1540.07447373
1540.17835842
1540.28898345
1540.40658973
1540.50742533
1540.62447084
1540.73919431
1540.90317286
1540.99702675
1541.10221386
1541.21247196
1541.31627936
1541.43008611
1541.54553784
1541.66807003
1541.77161851
1541.89674873
1542.00050030
1542.11525059
1542.22889642
1542.34620549
1542.46730798
1542.57105906
1542.68488580
1542.79836975
1542.91272970
1543.01597243
1543.11899696
1543.21973114
1543.32451012
1543.43838367
1543.55781559
1543.67751277
1543.79116762
1543.89910344
1544.01892789
1544.12294057
1544.22658462
1544.33847551
1544.45389506
1544.56914784
1544.68283878
1544.80672363
1544.91441198
1545.02314530
1545.12773069
1545.24137214
1545.36617858
1545.48146038
1545.60518285
1545.70783557
1545.81054850
1545.92765277
1546.03894902
1546.15596112
1546.26676536
1546.39226349
1546.48527843
1546.59789710
1546.71152928
1546.82929744
1546.95079588
1547.06560663
1547.19650660
1547.29195671
1547.40765615
1547.52100429
1547.63513920
1547.73621204
1547.85115689
1547.97636440
1548.08054970
1548.19374888
1548.30743689
1548.42125071
1548.57972429
1548.69649697
1548.79706780
1548.92279877
1549.06741570
1549.18212844
1549.29917688
1549.40880303
1549.51236662
1549.62580667
1549.72956726
1549.84496389
1549.95880379
1550.06174933
1550.18506683
1550.27786941
1550.38077471
1550.49650292
1550.62097340
1550.72479494
1550.83755233
1550.95118792
1551.05588596
1551.17182506
1551.28350604
1551.40100381
1551.51084695
1551.60461843
1551.72812976
1551.83111162
1551.94653312
1552.06018846
1552.16491185
1552.25488307
1552.37947448
1552.51186973
1552.60807126
1552.72167199
1552.83540535
1552.95094655
1553.09758636
1553.17837158
1553.30320729
1553.40685401
1553.50971641
1553.61244398
1553.73009584
1553.85173155
1553.96514722
1554.07691304
1554.17954552
1554.29023858
1554.40197637
1554.51264188
1554.61658361
1554.72516016
1554.85091990
1554.94855113
1555.06131754
1555.17519987
1555.28467827
1555.39533939
1555.50836254
1555.63169564
1555.73148555
1555.84141476
1555.95406951
1556.07064446
1556.17749948
1556.27831119
1556.39832703
1556.50139544
1556.61305764
1556.72569752
1556.83839177
1556.93625168
1557.03798938
1557.15060854
1557.25126104
1557.36609033
1557.47299044
1557.58935573
1557.69726034
1557.80800948
1557.93391891
1558.03232960
1558.14319259
1558.25594754
1558.35573623
1558.46741014
1558.63300880
1558.72258481
1558.83542436
1558.94702269
1559.05871366
1559.17129770
1559.28036943
1559.40536044
1559.54882366
1559.63771115
1559.74956011
1559.86299041
1559.97378880
1560.08840646
1560.20714741
1560.30689295
1560.42274843
1560.53056673
1560.63618563
1560.74441915
1560.84435802
1560.96819947
1561.06718408
1561.17974545
1561.29149688
1561.40511956
1561.51496708
1561.62687090
1561.75041246
1561.84904989
1561.96180021
1562.07127642
1562.18403795
1562.29543538
1562.40841122
1562.53101363
1562.63074430
1562.73285795
1562.84460500
1562.95447325
1563.06727575
1563.17785861
1563.29141740
1563.38119553
1563.49513052
1563.60280205
1563.71545339
1563.82615498
1563.93839623
1564.06053711
1564.15098546
1564.26275104
1564.37345775
1564.48621100
1564.60164079
1564.70852286
1564.83513521
1564.93174487
1565.04442619
1565.17812753
1565.28852485
1565.44443453
1565.56665513
1565.66743930
1565.77915197
1565.89083514
1566.00168448
1566.10226774
1566.21495760
1566.32782251
1566.42750076
1566.52715487
1566.63190337
1566.74166264
1566.84128188
1566.95330126
1567.06384779
1567.15462846
1567.30920158
1567.41305969
1567.52589730
1567.63358029
1567.74519738
1567.86908662
1567.96620145
1568.07121010
1568.18590626
1568.29255940
1568.40428573
1568.51702898
1568.63876830
1568.74363481
1568.85015629
1568.96219469
1569.11861954
1569.20714888
1569.32115238
1569.44383061
1569.54207989
1569.65588908
1569.76441541
1569.87918081
1569.98883159
1570.10050110
1570.25502521
1570.36689880
1570.47953526
1570.59041825
1570.70291354
1570.81524183
1570.93631507
1571.03792039
1571.13867895
1571.25132419
1571.35097830
1571.46270608
1571.57540862
1571.69632021
1571.80300163
1571.90859591
1572.00942518
1572.12190950
1572.23181530
1572.34590048
1572.46678135
1572.56762696
1572.68481924
1572.78981058
1572.89530514
1572.99313043
1573.10396685
1573.22855070
1573.32730466
1573.44000427
1573.55174425
1573.66232759
1573.77514789
1573.88648607
1574.00795793
1574.10960006
1574.22145951
1574.33402770
1574.44476075
1574.55647537
1574.66820071
1574.78978351
1574.88980870
1575.04724975
1575.15785650
1575.26917054
1575.36902018
1575.49381419
1575.59352779
1575.70522705
1575.81996661
1575.92867848
1576.04036409
1576.15094426
1576.27786478
1576.36423396
1576.47600710
1576.58771904
1576.69881779
1576.81048073
1576.97608256
1577.05590863
1577.16762130
1577.27928984
1577.39120219
1577.50275200
1577.61361914
1577.72740126
1577.82612889
1577.93682878
1578.04907929
1578.16220337
1578.27308977
1578.38460008
1578.50713739
1578.60689366
1578.76346796
1578.86312792
1578.96397767
1579.07679285
1579.18936641
1579.31022704
1579.40094359
1579.51269649
1579.62454642
1579.72374071
1579.86845564
1579.98103091
1580.10266223
1580.19336341
1580.29341713
1580.40592535
1580.51758584
1580.63144939
1580.74015395
1580.86564940
1580.96240973
1581.06323266
1581.16594024
1581.27574144
1581.38925147
1581.49995941
1581.61576588
1581.71255644
1581.82423327
1581.93509773
1582.04671654
1582.16378399
1582.27021770
1582.39326896
1582.49417284
1582.60580822
1582.72344619
1582.82816933
1582.94493349
1583.05060432
1583.17815630
1583.28593608
1583.44568259
1583.54468987
1583.64617230
1583.75197016
1583.85754713
1583.97416500
1584.08094199
1584.19956178
1584.31861481
1584.43190932
1584.53973957
1584.65642570
1584.77113966
1584.87778890
1584.99591473
1585.11354587
1585.21821172
1585.33681786
1585.44074106
1585.54978085
1585.64549037
1585.88090430
1585.98506181
1586.10502864
1586.22943182
1586.33677397
1586.45491150
1586.56820357
1586.68772667
1586.80352387
1586.92949061
1587.02841085
1587.18658064
1587.28120594
1587.38642329
1587.49433083
1587.60913475
1587.72737663
1587.83476364
1587.95041042
1588.06735206
1588.18731816
1588.30147502
1588.42539351
1588.54040005
1588.65115577
1588.75726862
1588.86683407
1588.98052135
1589.09014165
1589.23491924
1589.35199888
1589.47097073
1589.59167923
1589.70436835
1589.80308185
1589.92879575
1590.03356376
1590.15019699
1590.31041697
1590.40425208
1590.51094448
1590.62858171
1590.73339921
1590.83758037
1590.95846490
1591.07303891
1591.19077635
1591.30834362
1591.41420560
1591.52003125
1591.62686432
1591.74580861
1591.86020124
1592.01969686
1592.12519995
1592.22079927
1592.32657421
1592.43321004
1592.55504859
1592.66670324
1592.77347682
1592.90390063
1593.00872959
1593.12465992
1593.24105470
1593.35779545
1593.47507038
1593.60040760
1593.70914116
1593.81307803
1593.92058816
1594.02630629
1594.13119596
1594.25128981
1594.37543163
1594.48311706
1594.60091960
1594.71666366
1594.82321878
1594.93149643
1595.04571155
1595.21622882
1595.30193314
1595.41875020
1595.52683133
1595.63024230
1595.73682546
1595.84148766
1595.96927565
1596.07593293
1596.19661169
1596.31002736
1596.42785794
1596.54274622
1596.67047887
1596.76696541
1596.88688372
1596.99958528
1597.11858907
1597.22352823
1597.34015853
1597.44507014
1597.54408279
1597.65124232
1597.76854017
1597.88163134
1597.99792006
1598.10488187
1598.21949148
1598.32031392
1598.43399486
1598.55084898
1598.71018808
1598.80596099
1598.92593392
1599.02029468
1599.12803009
1599.21828218
1599.36789281
1599.48575703
1599.60203722
1599.72760094
1599.82527434
1599.93117070
1600.04873528
1600.15453338
1600.27113710
1600.38784908
1600.51471767
1600.61139389
1600.72722889
1600.83334735
1600.94439954
1601.05651084
1601.17428485
1601.29491997
1601.40317030
1601.51343938
1601.63107905
1601.73685057
1601.85348868
1601.97125660
1602.09445853
1602.19218362
1602.30249097
1602.40394415
1602.50995802
1602.60421614
1602.72391162
1602.85057735
1602.95735703
1603.07518322
1603.19288750
1603.33034448
1603.44525763
1603.57086913
1603.67163404
1603.75914986
1603.90490781
1604.02181678
1604.14224954
1604.24689734
1604.36517019
1604.45739982
1604.56502356
1604.68469514
1604.79968875
1604.95808602
1605.06371955
1605.16252179
1605.26637868
1605.36114270
1605.45511947
1605.56089734
1605.66932272
1605.78616587
1605.89994946
1606.00851236
1606.11430071
1606.23098465
1606.35173703
1606.46541895
1606.58138999
1606.71287705
1606.82706780
1606.93435168
1607.03808569
1607.14771062
1607.26050531
1607.38026271
1607.50397275
1607.61270119
1607.72934856
1607.84800248
1607.95365771
1608.06843945
1608.18639340
1608.31174866
1608.40763786
1608.52532240
1608.63199918
1608.72579675
1608.82259463
1608.93881339
1609.06890879
1609.17465812
1609.28939598
1609.38415318
1609.49176132
1609.60745783
1609.72428196
1609.85293889
1609.95853292
1610.06347111
1610.17206960
1610.27675886
1610.38165608
1610.49222675
1610.61486768
1610.71274613
1610.82639245
1610.93888165
1611.05435532
1611.16806382
1611.26915591
1611.38360729
1611.48542423
1611.60194165
1611.71378695
1611.82634344
1611.93324649
1612.04885767
1612.16579249
1612.25785169
1612.37255956
1612.48580677
1612.60354031
1612.70246981
1612.81510920
1612.94180200
1613.04566840
1613.15825415
1613.27097205
1613.37687157
1613.48554491
1613.60101932
1613.72687317
1613.82767001
1613.94183077
1614.04609043
1614.15732060
1614.27114808
1614.38464957
1614.50748824
1614.60113659
1614.72018036
1614.82852578
1614.94121905
1615.04434037
1615.15911065
1615.28285238
1615.38965571
1615.49122786
1615.60147280
1615.71516618
1615.84112194
1615.95289020
1616.07741115
1616.16908708
1616.28387736
1616.39759073
1616.51025474
1616.62495797
1616.72762776
1616.84949435
1616.95316863
1617.07003153
1617.19568667
1617.29742852
1617.45162812
1617.55262513
1617.64556644
1617.75910207
1617.87562290
1617.98723488
1618.10200272
1618.21415205
1618.32886821
1618.42956680
1618.54543373
1618.66092325
1618.77067131
1618.87546150
1618.99186506
1619.11752118
1619.21439172
1619.32784031
1619.44238141
1619.55517586
1619.67187273
1619.77164264
1619.89436184
1619.99911156
1620.11676586
1620.22572495
1620.34021266
1620.45389530
1620.56675680
1620.69173440
1620.79505516
1620.90712696
1620.99883142
1621.11858712
1621.22851949
1621.32895062
1621.44289341
1621.52797260
1621.63746539
1621.75104076
1621.86363748
1621.97769535
1622.09403455
1622.25933869
1622.34112865
1622.44301410
1622.55678427
1622.68518081
1622.79600211
1622.90888775
1623.03440197
1623.12612619
1623.23799977
1623.35181139
1623.46823665
1623.57988934
1623.68187451
1623.80976271
1623.91010948
1624.03568270
1624.14749412
1624.26364558
1624.37583636
1624.48857668
1624.61968487
1624.71493456
1624.82855504
1624.94290499
1625.05715011
1625.16855924
1625.32701380
1625.42862155
1625.54337550
1625.65019126
1625.76010608
1625.87191408
1625.98744870
1626.11002941
1626.21632074
1626.32641183
1626.44226219
1626.55473871
1626.65847736
1626.75950045
1626.88336531
1626.99029005
1627.10127446
1627.20471322
1627.31545773
1627.43027604
1627.56173604
1627.67849117
1627.78323407
1627.89485726
1627.99963746
1628.11153274
1628.22522928
1628.34400681
1628.46305449
1628.55670406
1628.67154797
1628.77467295
1628.88497664
1628.99872049
1629.11226124
1629.28184740
1629.36515654
1629.45363711
1629.56712569
1629.68469807
1629.79704659
1629.89727853
1629.99900526
1630.11470616
1630.21637462
1630.32928878
1630.44383647
1630.55578124
1630.66328284
1630.77494211
1630.89776078
1631.00008485
1631.12581070
1631.23852518
1631.35422510
1631.46584976
1631.57880025
1631.69234198
1631.79465263
1631.90892310
1632.02358196
1632.13628425
1632.24993228
1632.36810395
1632.48898384
1632.59089685
1632.70372836
1632.80728999
1632.92094924
1633.03364885
1633.15128974
1633.27213867
1633.36287863
1633.52252639
1633.60912793
1633.82308932
1633.96189359
1634.06170154
1634.17718472
1634.28906318
1634.40281068
1634.51839480
1634.63092325
1634.75489636
1634.85955490
1634.97137606
1635.07396246
1635.18793768
1635.30241978
1635.41426801
1635.54115342
1635.63069115
1635.74355923
1635.85793893
1635.97070144
1636.06447219
1636.16624427
1636.29289781
1636.39903018
1636.50564138
1636.60885242
1636.72415153
1636.84380287
1636.95137249
1637.06529773
1637.19896737
1637.31253835
1637.42914964
1637.54091010
1637.65265080
1637.76746717
1637.86915927
1637.98326201
1638.09789454
1638.22065615
1638.33619248
1638.44998143
1638.57358444
1638.67841949
1638.78907305
1638.90368364
1639.01752135
1639.13217387
1639.24344866
1639.35664759
1639.45947244
1639.59006789
1639.69940952
1639.81310997
1639.93774184
1640.05862418
1640.16225018
1640.26398886
1640.37864309
1640.49038233
1640.60214620
1640.70572515
1640.82844703
1640.93039246
1641.04210878
1641.15567050
1641.26946018
1641.36911649
1641.46101429
1641.58592777
1641.67543380
1641.78834187
1641.89188888
1642.00764878
1642.12024380
1642.22987239
1642.35164877
1642.45828850
1642.56771985
1642.67961050
1642.79299009
1642.90648477
1643.01865263
1643.14299949
1643.24374465
1643.35739121
1643.50535100
1643.61498130
1643.73280407
1643.85201705
1643.94361545
1644.05646964
1644.16802359
1644.28142805
1644.38227950
1644.48546860
1644.60714795
1644.69998686
1644.81262088
1644.93028884
1645.02718107
1645.12985159
1645.24651261
1645.36749979
1645.46710782
1645.58077974
1645.69530816
1645.80542290
1645.91811081
1646.03285013
1646.15645557
1646.25723461
1646.36995348
1646.48470133
1646.59651250
1646.71307161
1646.88520899
1646.99917276
1647.11256161
1647.22452785
1647.33864472
1647.43863553
1647.55302181
1647.67451757
1647.77853367
1647.88124612
1647.98218510
1648.13970660
1648.23269326
1648.33120171
1648.44478293
1648.55754081
1648.67132854
1648.78296051
1648.89666413
1649.00831585
1649.12114979
1649.24262239
1649.39096033
1649.46901294
1649.57246974
1649.68637548
1649.79883883
1649.90969354
1650.02326696
1650.12708996
1650.23875436
1650.35145494
1650.46426768
1650.57787255
1650.67857358
1650.80343269
1650.89418215
1651.00666745
1651.12238030
1651.22127640
1651.35579694
1651.45756707
1651.58614159
1651.67123858
1651.78577334
1651.89800947
1652.01077296
1652.15691222
1652.24983695
1652.36036593
1652.44501870
1652.55478089
1652.65660734
1652.76824175
1652.88594676
1652.99435825
1653.10694084
1653.19874721
1653.31143317
1653.41255281
1653.52482210
1653.63751342
1653.75134479
1653.87395183
1653.97656262
1654.08918665
1654.20694432
1654.31564107
1654.46130979
1654.58400680
1654.68572158
1654.79771536
1654.91429641
1655.02468959
1655.13678894
1655.23881434
1655.36636486
1655.46417577
1655.57699021
1655.67877594
1655.79147409
1655.90709502
1656.02276423
1656.14051873
1656.24735644
1656.35596663
1656.46956883
1656.58647927
1656.69465694
1656.80690014
1656.92946598
1657.03420229
1657.15090696
1657.25953666
1657.38722786
1657.49521122
1657.60668691
1657.73372933
1657.83377182
1657.93763164
1658.05432070
1658.16036944
1658.27497978
1658.38669172
1658.51134310
1658.61320149
1658.72500437
1658.82855382
1658.93261551
1659.05802197
1659.16709687
1659.28867504
1659.38153369
1659.49533556
1659.59585324
1659.70775682
1659.82129464
1659.92246061
1660.04687891
1660.14762138
1660.27320046
1660.38374553
1660.49747109
1660.61035770
1660.72473374
1660.84989542
1660.93767553
1661.05148788
1661.15148747
1661.25319738
1661.36763071
1661.48134993
1661.60327797
1661.70577050
1661.81861152
1661.93227662
1662.04777369
1662.14683315
1662.26107290
1662.38287342
1662.49045255
1662.59921805
1662.71020125
1662.81370583
1662.92641105
1663.03727624
1663.16196639
1663.25403754
1663.34551380
1663.45823218
1663.56992535
1663.68194205
1663.79698588
1663.91791625
1664.02143035
1664.13332612
1664.24778798
1664.36038592
1664.47124599
1664.58498666
1664.75348007
1664.83833740
1664.93504629
1665.04690719
1665.16056083
1665.27220572
1665.41872094
1665.54152474
1665.64915629
1665.75675126
1665.86957594
1665.98434013
1666.09510755
1666.19690377
1666.30958802
1666.41326888
1666.52363012
1666.63094910
1666.74044920
1666.85242348
1666.96514698
1667.07584126
1667.17948799
1667.29314284
1667.40774172
1667.51767239
1667.63228200
1667.73393949
1667.85611109
1667.95885085
1668.07047331
1668.18254487
1668.29814117
1668.40983093
1668.51966114
1668.64336630
1668.74395176
1668.85991671
1668.96448845
1669.06709509
1669.17817020
1669.28955470
1669.41303604
1669.51583602
1669.61656460
1669.72823826
1669.84088935
1669.95164433
1670.06423252
1670.18803253
1670.28712392
1670.39950341
1670.51119950
1670.62458226
1670.73972338
1670.85142386
1670.97123514
1671.07203613
1671.18367005
1671.29265985
1671.39800276
1671.50970202
1671.62069521
1671.73457778
1671.83334370
1671.93803393
1672.04785342
1672.16051353
1672.26039974
1672.37413676
1672.49729043
1672.59802875
1672.70977946
1672.82242616
1672.96814730
1673.07769104
1673.20140814
1673.30217646
1673.41738682
1673.53005693
1673.63866469
1673.75063896
1673.85119053
1673.97995425
1674.10155582
1674.20940143
1674.32211421
1674.43897125
1674.53469320
1674.63635825
1674.75893823
1674.84870100
1674.96457256
1675.07427015
1675.18404259
1675.29633942
1675.41005255
1675.53315428
1675.63389480
1675.74568500
1675.85728016
1675.96924493
1676.06981673
1676.18672351
1676.30537475
1676.40602263
1676.51974989
1676.63535644
1676.74209028
1676.84406399
1676.95658708
1677.07736043
1677.17911423
1677.28187666
1677.39665767
1677.50617337
1677.62002839
1677.71756941
1677.83144564
1677.93412859
1678.04390395
1678.15572024
1678.26831818
1678.37907195
1678.49170646
1678.61451587
1678.71554335
1678.82790455
1678.94064561
1679.05141133
1679.16355846
1679.27659892
1679.40103868
1679.50163486
1679.61801916
1679.70387147
1679.81605226
1679.93121458
1680.02812072
1680.13970685
1680.24557200
1680.35326767
1680.46494962
1680.57968357
1680.69335939
1680.80154341
1680.92385788
1681.02549806
1681.13835468
1681.24786795
1681.35146933
1681.45219864
1681.56388814
1681.68760818
1681.78929736
1681.89914513
1682.01273391
1682.12586385
1682.23565335
1682.34850485
1682.47209762
1682.57195725
1682.68511498
1682.79739231
1682.90860883
1683.00930937
1683.13287483
1683.25377520
1683.35733831
1683.46907682
1683.58095187
1683.69365391
1683.79435689
1683.90603518
1684.02829601
1684.13066299
1684.24183099
1684.34423721
1684.45629219
1684.56783566
1684.68044701
1684.80501550
1684.90379945
1685.01448495
1685.12825074
1685.23902109
1685.34072807
1685.45830850
1685.56512962
1685.66651575
1685.77913271
1685.88984454
1686.00183223
1686.11630555
1686.23006817
1686.35169120
1686.46430962
1686.57420127
1686.68641302
1686.78533009
1686.88703049
1687.00029355
1687.12599136
1687.22392052
1687.32753433
1687.43813304
1687.54973672
1687.66753390
1687.77409536
1687.89945184
1687.99850618
1688.11443285
1688.21120757
1688.32265010
1688.42763363
1688.53636817
1688.64811473
1688.74979806
1688.86252132
1689.01608873
1689.11804269
1689.26179555
1689.38626310
1689.49095992
1689.59893134
1689.71028536
1689.82237618
1689.93684536
1690.04762253
1690.17540199
1690.27116222
1690.38373651
1690.49546064
1690.60727790
1690.71984585
1690.83069861
1690.94383951
1691.04551943
1691.15730305
1691.26890040
1691.38483341
1691.49142218
1691.60540155
1691.72672786
1691.81659302
1691.93319675
1692.04229091
1692.15460871
1692.26627506
1692.37905318
1692.50167777
1692.60240464
1692.72009722
1692.82576513
1692.93810073
1693.05012158
1693.16171015
1693.28451150
1693.38623190
1693.47589885
1693.58858480
1693.70043791
1693.80218877
1693.95697084
1694.06843701
1694.15856452
1694.31474068
1694.40419991
1694.55045620
1694.66221910
1694.78349324
1694.88529116
1694.99998488
1695.10063446
1695.21162838
1695.32324548
1695.42601767
1695.54959970
1695.64953663
1695.76107400
1695.87401205
1695.98727974
1696.09692149
1696.19936332
1696.32128672
1696.42306928
1696.52467216
1696.63540983
1696.74836739
1696.85994597
1696.97650849
1697.08539127
1697.18517874
1697.28610139
1697.39773311
1697.51098982
1697.61112497
1697.72377801
1697.85083213
1697.95264883
1698.05423049
1698.14647061
1698.25886960
1698.36248853
1698.47712886
1698.58997500
1698.69174562
1698.80543924
1698.92210099
1699.02196234
1699.12508975
1699.22704054
1699.35210006
1699.45583091
1699.55657435
1699.67251443
1699.78407375
1699.89778468
1700.00158915
1700.10336684
1700.19613699
1700.31169185
1700.43384882
1700.52666554
1700.63054462
1700.73030795
1700.84290736
1700.94761271
1701.04028729
1701.14113143
1701.24466625
1701.35148932
1701.46137562
1701.55294013
1701.66766263
1701.76888492
1701.88342285
1701.99651499
1702.11034514
1702.20170779
1702.31642150
1702.43802795
1702.54600937
1702.64545112
1702.73728407
1702.85122320
1702.98575057
1703.09944297
1703.21318950
1703.29729467
1703.40122446
1703.50016567
1703.59193913
1703.70467287
1703.80751064
1703.93297464
1704.04571009
1704.13663729
1704.24109712
1704.35401421
1704.46971048
1704.55953517
1704.65129644
1704.74389374
1704.86753112
1704.96038733
1705.07412752
1705.18676691
1705.30018868
1705.41386816
1705.52678257
1705.64137341
1705.73419988
1705.83705715
1705.94976895
1706.06637293
1706.16621623
1706.26849372
1706.39118074
1706.49681792
1706.59867412
1706.69036273
1706.82609866
1706.94088064
1707.06299641
1707.19281167
1707.27994691
1707.38347027
1707.48534987
1707.60313485
1707.69277059
1707.78328015
1707.87408227
1707.99789471
1708.09146212
1708.19286361
1708.29808729
1708.40975510
1708.56827842
1708.67133001
1708.78495926
1708.87469472
1708.98844832
1709.10198151
1709.20465276
1709.30749979
1709.41424265
1709.52345287
1709.61726360
1709.72089960
1709.80980830
1709.91338774
1710.02906182
1710.14094052
1710.26450744
1710.36818855
1710.47543951
1710.58913191
1710.68900155
1710.80055940
1710.89193033
1711.00588312
1711.10774419
1711.21153866
1711.32503480
1711.42690245
1711.54041004
1711.65709910
1711.76783581
1711.87156592
1711.97827635
1712.08798613
1712.20065331
1712.29150322
1712.38380673
1712.51073261
1712.65800437
1712.73607989
1712.83954035
1712.94136680
1713.05602883
1713.15805252
1713.28318445
1713.37378665
1713.47756406
1713.59125086
1713.70406286
1713.81931491
1713.93120337
1714.03405089
1714.13876355
1714.23973008
1714.34223066
1714.44501699
1714.54790450
1714.66248363
1714.77518202
1714.85590824
1714.95964030
1715.06253122
1715.22305012
1715.32087980
1715.42397771
1715.53833620
1715.64246860
1715.75479981
1715.85663162
1715.97021553
1716.06192316
1716.17966012
1716.30237370
1716.40411750
1716.51686685
1716.61870134
1716.73352428
1716.83607119
1716.94984478
1717.05454964
1717.14378163
1717.26756871
1717.38806754
1717.46776439
1717.58060907
1717.67236790
1717.76314516
1717.88705439
1717.98477045
1718.08202085
1718.18542255
1718.29834866
1718.40160675
1718.51666790
1718.64027066
1718.73135536
1718.84491269
1718.95956155
1719.07233967
1719.18692075
1719.28780147
1719.40039307
1719.49430620
1719.60077258
1719.71022563
1719.80207638
1719.91670915
1720.01878038
1720.12143456
1720.24619664
1720.33773287
1720.49628520
1720.57708871
1720.67990283
1720.78265990
1720.89625233
1721.00898388
1721.11287662
1721.20678365
1721.30728695
1721.42197580
1721.52624253
1721.61602943
1721.72792935
1721.83458810
1721.94537185
1722.05902256
1722.17266376
1722.27431760
1722.37721242
1722.49183276
1722.61769807
1722.71916660
1722.82407967
1722.93528888
1723.03782871
1723.15067241
1723.24137945
1723.38989245
1723.49166867
1723.60627292
1723.72403572
1723.82185053
1723.91320537
1724.02786179
1724.15066486
1724.24319925
1724.33354252
1724.43026824
1724.54061216
1724.65632257
1724.74606510
1724.84888849
1724.98558868
1725.08026810
1725.18296080
1725.29395277
1725.38844763
1725.48136188
1725.59591956
1725.70967340
1725.82423011
1725.91602843
1726.01877404
1726.11155566
1726.21422788
1726.32918077
1726.42286814
1726.53439332
1726.62641108
1726.72999417
1726.84452576
1726.97034889
1727.08325038
1727.18705485
1727.33035984
1727.42649163
1727.54021963
1727.65381670
1727.75566777
1727.86031802
1727.95222338
1728.05483612
1728.16848366
1728.28431719
1728.37401852
1728.46969317
1728.56959450
1728.72777697
1728.83433064
1728.93523597
1729.12564661
1729.22648222
1729.34021144
1729.45573216
1729.57960165
1729.67326878
1729.77502379
1729.86880014
1729.98258032
1730.09712166
1730.19912853
1730.31347873
1730.40524877
1730.51793181
1730.62175481
1730.72552149
1730.84020424
1730.94197388
1731.08869366
1731.19223311
1731.34968830
1731.44178140
1731.54342499
1731.66315801
1731.76112130
1731.88551863
1731.98023365
1732.09287450
1732.19582223
1732.28751304
1732.38510891
1732.51802128
1732.81901966
1732.91861866
1733.15320730
1733.41678071
1733.61817983
1733.68586811
1734.01917633
1734.18776799
1734.25343509
1734.85291865
1735.09628369
1735.11823530
1735.45308366
1735.68564722
1735.78409447
1736.11926954
1736.28515199
1736.35265961
1736.68480583
1736.95410656
1737.05161637
1737.38467005
1737.55193320
1737.61783387
1738.38580596
1738.48535279
1738.65108043
1738.81816559
1739.05345006
1739.21879589
1739.48627659
1739.65262667
1739.81738662
1740.18603231
1740.38386012
1740.68620237
1740.81683415
1740.91777899
1741.28576785
1741.35252990
1741.51609836
1741.89128643
1741.92040286
1742.21929692
1742.68617482
1742.72190434
1742.92062302
1743.31912169
1743.41848201
1743.48615468
1743.85124393
1744.01673043
1744.11850373
1744.45382801
1744.55207363
1744.75304877
1745.08722301
1745.15283208
1745.31762202
1745.85252344
1746.28507617
1746.58588071
1747.18513168
1747.21903165
1747.25111354
1747.68449400
1747.79133365
1747.85484036
1748.08890700
1748.38456741
1748.45165323
1748.85264022
1749.05334254
1749.11837208
1749.45675592
1749.65375648
1749.71974224
1750.05157005
1750.31958274
1750.35168510
1750.58588364
1750.85124271
1750.88615449
1751.35307213
