6433.18192559
6433.25519686
6433.31151874
6433.38089199
6433.45297395
6433.53462908
6433.57529598
6433.64417721
6433.71061085
6433.77885769
6433.84768309
6433.91676888
6433.98449300
6434.05305996
6434.11132111
6434.17779619
6434.24557395
6434.31258663
6434.37229576
6434.42860180
6434.49504275
6434.58119689
6434.63325797
6434.69896676
6434.75782524
6434.82793966
6434.88484645
6434.95317546
6435.02006745
6435.08680902
6435.15556591
6435.22438863
6435.29233827
6435.35900596
6435.42694195
6435.49503860
6435.58264390
6435.62155050
6435.68935994
6435.75569532
6435.81549491
6435.87335450
6435.94117858
6436.00787236
6436.07698667
6436.15375099
6436.21055416
6436.27728329
6436.34399511
6436.41390620
6436.48189997
6436.55037794
6436.62629697
6436.68712665
6436.74333541
6436.80205980
6436.87022667
6436.92589808
6436.99465473
6437.06370078
6437.12066827
6437.17982639
6437.24586432
6437.30363737
6437.37246521
6437.44030976
6437.49524194
6437.59701475
6437.67174838
6437.72172245
6437.77958449
6437.84729763
6437.91510708
6437.97380611
6438.03185319
6438.09788283
6438.16749720
6438.23433288
6438.30317340
6438.37012659
6438.43964685
6438.49638443
6438.56358753
6438.62261838
6438.70740914
6438.75806369
6438.82703928
6438.89398345
6438.96193796
6439.03055881
6439.09953708
6439.16811502
6439.23702721
6439.29091199
6439.36062705
6439.41750994
6439.47543146
6439.54330918
6439.61164501
6439.69051121
6439.76638148
6439.80524419
6439.86178478
6439.91968387
6439.98853316
6440.04640031
6440.11359610
6440.17117897
6440.23895379
6440.30774043
6440.36375293
6440.43343093
6440.50015323
6440.59931509
6440.65793464
6440.72661400
6440.81169514
6440.85242201
6440.90923445
6440.97803693
6441.03409794
6441.09176907
6441.15862255
6441.21842798
6441.27347524
6441.34306888
6441.40999745
6441.46879814
6441.53665904
6441.59456008
6441.65073910
6441.71873920
6441.77626649
6441.84296416
6441.93027397
6441.96923907
6442.03809251
6442.10691133
6442.16413800
6442.22170843
6442.28961736
6442.35645669
6442.42434026
6442.49413358
6442.56098096
6442.63082427
6442.69864615
6442.75542104
6442.81129066
6442.87990444
6442.94868083
6443.03544255
6443.08325355
6443.15374977
6443.22072101
6443.27947831
6443.34728142
6443.40512955
6443.47111458
6443.53986440
6443.59659223
6443.65450863
6443.72225542
6443.78108196
6443.83698986
6443.89389275
6443.95084488
6444.01862361
6444.10651539
6444.14624337
6444.20261086
6444.27146186
6444.33839335
6444.39712407
6444.45405232
6444.52278044
6444.57866274
6444.64664261
6444.71391739
6444.78370706
6444.85153040
6444.90936659
6444.96638553
6445.02421465
6445.09292668
6445.14807316
6445.22761837
6445.28471874
6445.34236549
6445.40930674
6445.46810695
6445.52597190
6445.58380907
6445.64062686
6445.69554173
6445.76444491
6445.83246866
6445.90041928
6445.95828009
6446.01489260
6446.08391817
6446.14187309
6446.21059122
6446.29539198
6446.33417423
6446.40211753
6446.47185137
6446.53963156
6446.59750749
6446.66451919
6446.73351356
6446.80066643
6446.85928622
6446.91519753
6446.97211602
6447.04084463
6447.10875404
6447.16652123
6447.22424649
6447.28135661
6447.33830972
6447.42488030
6447.46376714
6447.53167923
6447.60046197
6447.66910866
6447.72428440
6447.78203696
6447.85180932
6447.91966509
6447.97667136
6448.04427966
6448.11215153
6448.18094548
6448.24875810
6448.31652854
6448.38507770
6448.46181301
6448.51105760
6448.56867778
6448.62424581
6448.69108197
6448.76067269
6448.82873887
6448.89858023
6448.95625526
6449.03513803
6449.09197070
6449.14987321
6449.21666597
6449.28447859
6449.35227390
6449.42034081
6449.49510077
6449.53687773
6449.60382873
6449.67352112
6449.74027219
6449.79720702
6449.86506694
6449.96570335
6450.02367242
6450.09255633
6450.15974456
6450.22871064
6450.28554623
6450.34272462
6450.41154588
6450.49744183
6450.54724670
6450.61497423
6450.68286218
6450.75264064
6450.80948452
6450.87732713
6450.94436322
6451.00303104
6451.05991076
6451.12666062
6451.19454370
6451.25226529
6451.32116042
6451.38023785
6451.43601189
6451.50382866
6451.57971210
6451.61848094
6451.68491920
6451.75384091
6451.82270947
6451.88040546
6451.93912327
6452.00602209
6452.07388591
6452.14264768
6452.19848000
6452.26636161
6452.33512143
6452.39216280
6452.46189761
6452.51860447
6452.58738794
6452.66146792
6452.71205859
6452.77903713
6452.83578910
6452.90571018
6452.96238974
6453.01939551
6453.08879606
6453.15570366
6453.22448957
6453.29247822
6453.36033789
6453.41618143
6453.48522967
6453.54216425
6453.61136975
6453.69860763
6453.74667560
6453.81561779
6453.88426375
6453.94211091
6453.99788252
6454.06473136
6454.13471168
6454.20158222
6454.27123755
6454.32721616
6454.38521862
6454.44287049
6454.51175441
6454.57855132
6454.64544600
6454.73210970
6454.77295287
6454.82976482
6454.89870652
6454.96741806
6455.03523458
6455.10286020
6455.16995236
6455.23646938
6455.29547634
6455.35307311
6455.41012740
6455.47880335
6455.56882235
6455.62638475
6455.68344464
6455.74012713
6455.81683610
6455.86496307
6455.93455453
6456.00244589
6456.06939957
6456.12808105
6456.19612309
6456.26382526
6456.33173224
6456.38753554
6456.45712870
6456.52576783
6456.59403955
6456.66092788
6456.71907688
6456.77715493
6456.86275904
6456.90279349
6456.96949751
6457.03821978
6457.10711735
6457.17409444
6457.24289229
6457.29959867
6457.35745094
6457.41538978
6457.48323165
6457.53973128
6457.60712455
6457.66471278
6457.72252605
6457.78047561
6457.84825726
6457.90610857
6457.99140304
6458.03040058
6458.09743203
6458.16699349
6458.25628717
6458.32372310
6458.39297054
6458.44993804
6458.52974144
6458.58744207
6458.64527119
6458.70308616
6458.76784288
6458.83689624
6458.89456859
6458.96341715
6459.04821450
6459.09915601
6459.16782244
6459.22464097
6459.28348263
6459.34952300
6459.41818139
6459.48618784
6459.54438462
6459.60034762
6459.65719541
6459.72696923
6459.79427692
6459.86312646
6459.91906971
6459.98686892
6460.04552797
6460.13136687
6460.18226132
6460.24901239
6460.31791410
6460.38672073
6460.45270625
6460.51086475
6460.57881195
6460.64857895
6460.71644520
6460.77312086
6460.82998474
6460.88768463
6460.94561225
6461.01315692
6461.06914699
6461.13736921
6461.22406510
6461.26398203
6461.33109516
6461.38972641
6461.45678249
6461.51438755
6461.57137162
6461.62702353
6461.69581796
6461.76466628
6461.82258927
6461.89136201
6461.94831000
6462.00606451
6462.07405950
6462.14173827
6462.21054782
6462.26639453
6462.35423096
6462.40337510
6462.46017071
6462.52958930
6462.58692885
6462.64297792
6462.69972501
6462.75801297
6462.81480663
6462.88289817
6462.94045227
6463.00930010
6463.07644298
6463.14498020
6463.21381584
6463.28266246
6463.34961540
6463.43529461
6463.48605984
6463.55310836
6463.61102818
6463.67785215
6463.73750959
6463.79536699
6463.85218211
6463.90996661
6463.96595179
6464.03282623
6464.10258543
6464.15802985
6464.22731629
6464.28332367
6464.34127615
6464.41087784
6464.46774489
6464.54252923
6464.59342978
6464.68332201
6464.75020571
6464.80901251
6464.87678880
6464.96742269
6465.03229156
6465.10008321
6465.15789648
6465.22470948
6465.29260402
6465.36062949
6465.41838107
6465.47440039
6465.55144948
6465.58955516
6465.65818503
6465.72778087
6465.78231125
6465.85114006
6465.90998660
6465.97677497
6466.03356449
6466.10327468
6466.17201913
6466.23988490
6466.29577330
6466.36366028
6466.43262173
6466.50018200
6466.55725994
6466.64292135
6466.69372559
6466.75256579
6466.81855666
6466.87919836
6466.94307127
6467.01192520
6467.08127040
6467.13738432
6467.20674659
6467.26360047
6467.32112068
6467.38999997
6467.44594249
6467.50369261
6467.57066409
6467.63940782
6467.71404051
6467.76602138
6467.82250491
6467.91251758
6467.97036694
6468.02803489
6468.09490787
6468.16226774
6468.23124162
6468.28888179
6468.35694699
6468.41350342
6468.47337201
6468.53921904
6468.60777698
6468.67592630
6468.75088984
6468.79979067
6468.86918707
6468.93866100
6468.99810585
6469.06341259
6469.13137369
6469.18842091
6469.26818482
6469.32804170
6469.38688409
6469.44476367
6469.50550338
6469.58611111
6469.63427636
6469.69321189
6469.75283520
6469.83068227
6469.87282787
6469.93141329
6469.99231123
6470.06316025
6470.12129194
6470.18183758
6470.23893600
6470.29981834
6470.35856759
6470.41839180
6470.47744874
6470.53795220
6470.59683214
6470.65910614
6470.71544193
6470.77735802
6470.83511107
6470.89526978
6470.97291035
6471.02521963
6471.08431290
6471.14296585
6471.20581670
6471.26229097
6471.32102218
6471.37945059
6471.43949837
6471.50354291
6471.59280782
6471.65362043
6471.71197277
6471.77083222
6471.82868328
6471.88876373
6471.94946346
6472.00855551
6472.08496801
6472.12700877
6472.18775995
6472.24572023
6472.30465746
6472.36530014
6472.42510777
6472.48507436
6472.54398892
6472.60282936
6472.66262163
6472.72224494
6472.78179437
6472.84082791
6472.91146506
6472.97130853
6473.02902842
6473.09008094
6473.14804171
6473.23760187
6473.27938322
6473.34007515
6473.39886902
6473.45666083
6473.51653941
6473.57646334
6473.63448311
6473.69508751
6473.75421540
6473.83581007
6473.89558088
6473.96648525
6474.02523621
6474.08504213
6474.14501580
6474.20395498
6474.26385257
6474.34073002
6474.38128354
6474.44218515
6474.50051188
6474.56038217
6474.62027854
6474.68001620
6474.73719630
6474.80980099
6474.86758719
6474.92950889
6474.98829252
6475.04810430
6475.10646565
6475.16627109
6475.22689889
6475.28482212
6475.34468363
6475.40441787
6475.48030277
6475.52541894
6475.58226624
6475.64189150
6475.70102890
6475.76156503
6475.83236188
6475.89032631
6475.95203955
6476.00858745
6476.06850577
6476.12825683
6476.18803740
6476.24790257
6476.30570999
6476.36557540
6476.42634535
6476.48428101
6476.54595646
6476.62302603
6476.67563885
6476.73446880
6476.79436908
6476.85314515
6476.91078629
6476.97073728
6477.03175299
6477.09159182
6477.14967816
6477.20943191
6477.26842302
6477.32811557
6477.38886162
6477.44832621
6477.50713569
6477.56713715
6477.62683847
6477.68560162
6477.78863956
6477.81938976
6477.87418906
6477.93505604
6477.99382212
6478.05264817
6478.11251334
6478.17436409
6478.23237875
6478.29136596
6478.35189209
6478.40986360
6478.47058210
6478.52859358
6478.60026400
6478.65919221
6478.71804557
6478.77849856
6478.83655686
6478.92660269
6478.96651231
6479.02725422
6479.10903906
6479.16869943
6479.22756278
6479.28642297
6479.34549893
6479.40524487
6479.46513101
6479.53486143
6479.60567754
6479.66442825
6479.72343960
6479.78314337
6479.84315385
6479.90304681
6479.96182630
6480.03954513
6480.08063699
6480.14041950
6480.22116742
6480.27083698
6480.33071409
6480.41154686
6480.46949495
6480.54032910
6480.60116853
6480.66094471
6480.71972200
6480.77965300
6480.83863192
6480.89838664
6480.95807773
6481.01714052
6481.07592196
6481.15461578
6481.19441277
6481.25318762
6481.31405875
6481.37400901
6481.44296875
6481.50553630
6481.56358875
6481.62336956
6481.68313379
6481.74199446
6481.80101215
6481.86076248
6481.92059328
6481.97989183
6482.03873715
6482.09863864
6482.15841921
6482.26823065
6482.31019340
6482.36859766
6482.42917012
6482.48822657
6482.55802575
6482.61690447
6482.67768416
6482.73547061
6482.79623203
6482.85433421
6482.91411404
6482.97598918
6483.03473404
6483.09338041
6483.15416279
6483.21499734
6483.27357130
6483.33248634
6483.41039973
6483.46105671
6483.52111595
6483.58079973
6483.63971526
6483.69960140
6483.75929907
6483.81831773
6483.88894952
6483.94793356
6484.00825904
6484.06691126
6484.13059594
6484.18549959
6484.24449875
6484.30465941
6484.36378218
6484.43438959
6484.51213110
6484.55323587
6484.61211605
6484.67193222
6484.73279334
6484.79253929
6484.85230035
6484.91030257
6484.97102912
6485.02985176
6485.08881849
6485.14956625
6485.20826089
6485.26712157
6485.32618777
6485.39687295
6485.45587504
6485.51569607
6485.57591233
6485.65271029
6485.69442313
6485.75513090
6485.81416127
6485.87399231
6485.93261137
6485.99251969
6486.05037124
6486.11108364
6486.16915023
6486.22980290
6486.28876963
6486.34968074
6486.40951373
6486.46824128
6486.52819715
6486.58616548
6486.64681255
6486.70626836
6486.76559057
6486.84015524
6486.88324926
6486.94399238
6487.00260949
6487.07247986
6487.13231431
6487.19183936
6487.25344362
6487.32203058
6487.38095196
6487.44068596
6487.49946008
6487.56025807
6487.62003303
6487.67785190
6487.73794333
6487.79765782
6487.85673841
6487.91624031
6487.99304168
6488.03606012
6488.09537038
6488.15514656
6488.22427063
6488.28699178
6488.34389027
6488.40551063
6488.46336071
6488.52235499
6488.58215701
6488.64141461
6488.69839308
6488.75925031
6488.82014264
6488.87994515
6488.93873025
6488.99857469
6489.05744487
6489.13523100
6489.18806495
6489.24595258
6489.30580605
6489.36548592
6489.42455871
6489.48432879
6489.54414203
6489.60405450
6489.66193799
6489.72376972
6489.78176268
6489.84095079
6489.90383432
6489.96065406
6490.01984217
6490.09074849
6490.14873754
6490.20884993
6490.28585684
6490.32800610
6490.38899791
6490.44690456
6490.50759185
6490.56633648
6490.62722589
6490.68528638
6490.74406977
6490.82575903
6490.87464791
6490.93261283
6490.99328842
6491.06309589
6491.12213235
6491.18105032
6491.24361567
6491.30246318
6491.36044785
6491.43715853
6491.47940921
6491.53878969
6491.59747165
6491.65823062
6491.71686894
6491.77651371
6491.83562502
6491.89815673
6491.95506474
6492.01396369
6492.07478508
6492.13477849
6492.19449713
6492.25247107
6492.31235477
6492.37203830
6492.45377364
6492.50269885
6492.57940075
6492.63235441
6492.69027764
6492.75103345
6492.80883818
6492.86860802
6492.92942258
6492.98943355
6493.04818866
6493.10712223
6493.16646930
6493.22591488
6493.28491867
6493.34372326
6493.40540164
6493.46424574
6493.52309910
6493.58205608
6493.64276141
6493.71857707
6493.76148555
6493.82033964
6493.89119256
6493.95084732
6494.00887514
6494.06959462
6494.12866156
6494.18910431
6494.24789135
6494.30693879
6494.36567731
6494.42539010
6494.48684929
6494.54548469
6494.60537302
6494.66364465
6494.72330185
6494.78262918
6494.87030420
6494.91442003
6494.97265655
6495.03145895
6495.09123196
6495.14928416
6495.20994513
6495.28888642
6495.34759008
6495.40746037
6495.46716828
6495.52512223
6495.58514734
6495.64581854
6495.70570370
6495.75553026
6495.82547158
6495.88631004
6495.94401847
6496.02113631
6496.06574658
6496.12584580
6496.18239005
6496.24096742
6496.31178279
6496.39244781
6496.44228559
6496.50038534
6496.56103289
6496.61905828
6496.67973070
6496.73960294
6496.81035833
6496.86929776
6496.92905370
6496.98891619
6497.04769153
6497.12472282
6497.16642688
6497.22545993
6497.28513102
6497.34502984
6497.40391343
6497.46359599
6497.52273460
6497.58237644
6497.64528411
6497.70243275
6497.76174569
6497.82051640
6497.88193781
6497.93887848
6498.02094492
6498.06812031
6498.12701560
6498.18747201
6498.26355976
6498.30636437
6498.36614689
6498.42714967
6498.48592087
6498.54567559
6498.60345278
6498.67445710
6498.73427863
6498.79405773
6498.85300984
6498.91189831
6498.97164962
6499.03248880
6499.09031743
6499.14914495
6499.20877021
6499.26912080
6499.32971545
6499.40613331
6499.44793417
6499.50789442
6499.56665782
6499.62748896
6499.68536611
6499.74521762
6499.80423385
6499.86322349
6499.92374817
6499.99262038
6500.05359878
6500.11429778
6500.17223222
6500.23210300
6500.29057529
6500.35012545
6500.40989042
6500.47262766
6500.55840634
6500.59849321
6500.66216132
6500.72118290
6500.80984731
6500.86978513
6500.92858754
6500.98937723
6501.04909636
6501.10724072
6501.16787974
6501.22684355
6501.29751020
6501.35560507
6501.41623336
6501.47508282
6501.54579067
6501.60436389
6501.69703872
6501.75788863
6501.81579772
6501.87562339
6501.93832577
6501.99436508
6502.05407592
6502.11383454
6502.17295244
6502.23139205
6502.29201766
6502.35116749
6502.41084103
6502.47365287
6502.54064142
6502.60126581
6502.66017817
6502.71901349
6502.79685276
6502.83785392
6502.90059604
6502.95738580
6503.01719197
6503.07599339
6503.13386713
6503.19386469
6503.25468998
6503.31345532
6503.37420942
6503.43411384
6503.49304205
6503.55274289
6503.61126930
6503.67123273
6503.74152952
6503.80048138
6503.85831001
6503.93623047
6503.97813421
6504.03696587
6504.09768657
6504.15770290
6504.21740935
6504.27636584
6504.33607399
6504.39584530
6504.45579190
6504.51358639
6504.57428149
6504.63327601
6504.69217107
6504.75192554
6504.81087009
6504.86959350
6504.92987534
6504.99063309
6505.05006306
6505.12609230
6505.16876501
6505.22861360
6505.28663923
6505.34630277
6505.40826421
6505.46516197
6505.52576174
6505.58387709
6505.64378175
6505.70264999
6505.76338165
6505.82178836
6505.88342065
6505.94041472
6506.00108739
6506.06097913
6506.11876802
6506.17875485
6506.26854907
6506.30944173
6506.36988912
6506.42667595
6506.48655404
6506.54569510
6506.60656256
6506.66503241
6506.72438875
6506.78612613
6506.84505410
6506.90393915
6506.96364438
6507.02247068
6507.08531495
6507.14030443
6507.20095393
6507.25983069
6507.31872160
6507.38065988
6507.46748718
6507.50919076
6507.56809337
6507.62778640
6507.68669170
6507.74882892
6507.80741604
6507.86627842
6507.92386446
6507.98450690
6508.04308670
6508.11478564
6508.17370312
6508.23299315
6508.29367751
6508.35270569
6508.41248138
6508.47134083
6508.53115675
6508.63011356
6508.66379971
6508.71887354
6508.78044928
6508.83839615
6508.89822304
6508.99089763
6509.05000601
6509.10963249
6509.16948961
6509.22855801
6509.28817011
6509.34793019
6509.40595338
6509.48850598
6509.53743679
6509.59723710
6509.65563893
6509.73144630
6509.77441939
6509.83510570
6509.89521200
6509.95401270
6510.02368924
6510.08358659
6510.14322648
6510.20110290
6510.28303719
6510.33176588
6510.38990586
6510.45053781
6510.50944627
6510.56848834
6510.62915734
6510.68999068
6510.74687625
6510.80762206
6510.88547597
6510.92720368
6510.99871269
6511.05655546
6511.11474054
6511.17458303
6511.23521766
6511.29305799
6511.35308066
6511.41370896
6511.47350244
6511.53438162
6511.59223999
6511.65125841
6511.71024270
6511.77092121
6511.82867475
6511.90051656
6511.95930263
6512.03608499
6512.07719147
6512.13687817
6512.19671189
6512.26743413
6512.32835377
6512.38546365
6512.44608073
6512.50530614
6512.56468711
6512.62344343
6512.68340832
6512.74317060
6512.80295653
6512.87210595
6512.93283860
6512.99075914
6513.05137329
6513.14339349
6513.18217233
6513.23984711
6513.29979761
6513.36062120
6513.41848884
6513.47949601
6513.53732196
6513.59749896
6513.65660125
6513.71615409
6513.77510766
6513.84587330
6513.90565825
6513.96559071
6514.02453404
6514.08431899
6514.14322502
6514.20283857
6514.27890414
6514.32067817
6514.38137887
6514.44019834
6514.50014616
6514.56009081
6514.61799551
6514.67777291
6514.74943918
6514.81042904
6514.86825279
6514.92722781
6514.99801027
6515.05678878
6515.11670515
6515.17655057
6515.23538735
6515.29536516
6515.35638306
6515.42972820
6515.47175506
6515.53226706
6515.59464712
6515.65433699
6515.71225997
6515.77031364
6515.83021952
6515.88908386
6515.94895268
6516.00868522
6516.06745495
6516.12740716
6516.18818198
6516.24513826
6516.30495540
6516.36569950
6516.42556467
6516.48399916
6516.54473863
6516.62166435
6516.67442712
6516.73327438
6516.79313150
6516.86379108
6516.92275099
6516.98165262
6517.04147586
6517.10050915
6517.16025826
6517.22053547
6517.27942223
6517.33970895
6517.39768922
6517.45842918
6517.51641970
6517.60880073
6517.65745702
6517.73448514
6517.77541803
6517.83541949
6517.89432478
6517.95385447
6518.01560330
6518.07450567
6518.13425796
6518.19227505
6518.25211852
6518.31095262
6518.37092726
6518.43295038
6518.50047726
6518.56126817
6518.61950006
6518.68057355
6518.75170612
6518.80814016
6518.88701367
6518.92808919
6518.98677627
6519.04761180
6519.10649564
6519.16595267
6519.22484382
6519.28353993
6519.34535727
6519.42522772
6519.48419689
6519.54379899
6519.60367733
6519.66259871
6519.72432292
6519.78425904
6519.84300634
6519.90175779
6519.96085204
6520.03756808
6520.07848781
6520.14040926
6520.19819840
6520.25786242
6520.31725094
6520.38700989
6520.44692845
6520.50780738
6520.56656273
6520.62643765
6520.68463248
6520.74514862
6520.80495771
6520.88582705
6520.93370680
6520.99249141
6521.05237779
6521.11122018
6521.19024314
6521.23156150
6521.36673423
6521.42128216
6521.48301588
6521.54205088
6521.60080672
6521.65974200
6521.72342912
6521.77938822
6521.83849831
6521.89833593
6521.95820549
6522.01802799
6522.08039391
6522.13579078
6522.19666362
6522.27342208
6522.32622800
6522.38501504
6522.44518229
6522.50472490
6522.56380769
6522.62349049
6522.68230484
6522.74121232
6522.80015418
6522.86005397
6522.92086195
6522.98169431
6523.04059546
6523.09854941
6523.15925401
6523.21710361
6523.28797238
6523.34788777
6523.42465819
6523.46676941
6523.52540602
6523.58625130
6523.64614402
6523.70308104
6523.76395070
6523.82469310
6523.88255635
6523.94206921
6524.00264826
6524.06163474
6524.12134167
6524.19036602
6524.26917615
6524.33733376
6524.40624717
6524.47352707
6524.55884690
6524.60869712
6524.67512075
6524.74410341
6524.81262308
6524.87968793
6524.94753176
6525.00333141
6525.07304038
6525.13995310
6525.20788421
6525.26651448
6525.33355544
6525.40030579
6525.46917117
6525.53599246
6525.62204640
6525.67199634
6525.74065083
6525.79860014
6525.86571669
6525.93367194
6526.00201435
6526.05800003
6526.12572853
6526.18253146
6526.24966092
6526.30841627
6526.36603206
6526.43208778
6526.50067962
6526.57082476
6526.63647162
6526.72523136
6526.76072535
6526.82872790
6526.88732038
6526.94418255
6527.01018391
6527.07939746
6527.14619510
6527.21411646
6527.27151184
6527.34029994
6527.40846901
6527.47638598
6527.54244902
6527.63299003
6527.70002709
6527.78664057
6527.82662480
6527.89421702
6527.96119288
6528.02990589
6528.09767901
6528.16463049
6528.23330937
6528.30009774
6528.35722883
6528.42579604
6528.49467118
6528.56124915
6528.62822941
6528.69556660
6528.76497275
6528.85172009
6528.90025349
6528.96899770
6529.03682202
6529.10410923
6529.16009174
6529.22790119
6529.29763917
6529.35458277
6529.42221863
6529.49119081
6529.54682515
6529.61484160
6529.68366212
6529.75052437
6529.81731470
6529.89425042
6529.94297180
6530.00115224
6530.06870740
6530.13749672
6530.20437750
6530.27112418
6530.32983540
6530.40118082
6530.46519221
6530.53332982
6530.60014087
6530.66819950
6530.73680132
6530.80764132
6530.87337644
6530.95818671
6531.00812226
6531.07599754
6531.14290928
6531.21065242
6531.27953048
6531.34831517
6531.41518059
6531.48316753
6531.55401533
6531.61868964
6531.68740923
6531.75518137
6531.82213456
6531.89011492
6531.96885532
6532.01575861
6532.08274277
6532.14951993
6532.22020243
6532.28614113
6532.35400811
6532.42176002
6532.49165477
6532.55762273
6532.62534758
6532.69311388
6532.76093820
6532.82973922
6532.89745358
6533.00432688
6533.04397441
6533.10193714
6533.16883596
6533.23574697
6533.30304003
6533.37191005
6533.44276566
6533.49897003
6533.56682702
6533.63503632
6533.70097819
6533.76966535
6533.83571401
6533.90544492
6533.96213593
6534.01925240
6534.10509520
6534.15378537
6534.22249643
6534.29050019
6534.35710157
6534.42702606
6534.49398096
6534.55061127
6534.60952070
6534.67550890
6534.75413397
6534.82231450
6534.89111503
6534.95745382
6535.02690533
6535.11077083
6535.16495427
6535.22826520
6535.29719861
6535.36498319
6535.43371960
6535.50069278
6535.56855026
6535.63824046
6535.70505809
6535.77295702
6535.84072258
6535.90855909
6535.97737499
6536.04334051
6536.11990564
6536.16978121
6536.23661737
6536.31541018
6536.38357072
6536.45072359
6536.51885316
6536.58569932
6536.64552011
6536.71140396
6536.78026593
6536.84609151
6536.91670306
6536.98257544
6537.05167732
6537.13742869
6537.18902458
6537.25417456
6537.32275494
6537.38955136
6537.45837335
6537.52968975
6537.59493579
6537.66338085
6537.73029332
6537.78614832
6537.85403579
6537.92195714
6537.98056060
6538.04738994
6538.11618998
6538.19310693
6538.22957421
6538.30018259
6538.36561246
6538.43448784
6538.50220855
6538.56900497
6538.63707993
6538.70667357
6538.77238553
6538.84160395
6538.90811219
6538.97703487
6539.04403000
6539.11260404
6539.19744746
6539.24756392
6539.30527625
6539.37315884
6539.44248162
6539.50944285
6539.57741273
6539.64429717
6539.71306186
6539.77998068
6539.84762141
6539.91559640
6539.98299625
6540.05092541
6540.10873356
6540.17580159
6540.26538589
6540.31220482
6540.38005548
6540.44784469
6540.51667960
6540.57363515
6540.64075072
6540.70868841
6540.76724115
6540.83213708
6540.90453063
6540.97093013
6541.03763952
6541.10562475
6541.17352100
6541.24232202
6541.32698600
6541.37605603
6541.44480731
6541.51257020
6541.58138877
6541.64815301
6541.70516781
6541.76283430
6541.82972703
6541.89867360
6541.96563801
6542.03323486
6542.10125423
6542.17007451
6542.22776734
6542.28469948
6542.36999469
6542.41897548
6542.48770823
6542.55372934
6542.62337687
6542.67936279
6542.74918708
6542.81607054
6542.88401725
6542.95189717
6543.01971442
6543.08844717
6543.15626369
6543.22323176
6543.29193062
6543.34787436
6543.43279703
6543.48353983
6543.55213727
6543.60830921
6543.66568997
6543.73354233
6543.79166767
6543.85956075
6543.92683674
6543.99464546
6544.06170008
6544.13037139
6544.19808722
6544.26698869
6544.32283027
6544.38986368
6544.47536685
6544.52726994
6544.59425800
6544.66295808
6544.72973573
6544.79865817
6544.85554180
6544.92241916
6544.99022764
6545.05815046
6545.12630855
6545.19316373
6545.26185870
6545.33122633
6545.39695048
6545.46687083
6545.55171304
6545.60151571
6545.66934516
6545.73756128
6545.80522737
6545.86186670
6545.92984023
6545.99762457
6546.06529602
6546.13330174
6546.20175167
6546.26930512
6546.33820659
6546.39590649
6546.46094871
6546.53016859
6546.61550817
6546.66636264
6546.73379955
6546.80186646
6546.86975734
6546.94766634
6547.03773070
6547.10616942
6547.17333546
6547.24178418
6547.30966482
6547.37648440
6547.43616379
6547.50126939
6547.58878960
6547.63892288
6547.70661042
6547.77358848
6547.84141646
6547.91023992
6547.97099426
6548.03438466
6548.10130689
6548.17109241
6548.23746315
6548.30478376
6548.36345207
6548.43045231
6548.49926943
6548.60494465
6548.65577034
6548.72448652
6548.79237472
6548.86119768
6548.91707925
6548.98405268
6549.07379716
6549.14240460
6549.20875168
6549.27845309
6549.34591462
6549.47879408
6549.56925122
6549.61427645
6549.68109189
6549.74908492
6549.81805978
6549.88563834
6549.95445253
6550.02237852
6550.09034157
6550.15590432
6550.22557939
6550.28248691
6550.34949496
6550.41841033
6550.48603522
6550.57374438
6550.62119624
6550.68893937
6550.75780988
6550.82783873
6550.89340513
6550.98209879
6551.04027534
6551.09770705
6551.16432403
6551.23204205
6551.30087745
6551.36824072
6551.43798553
6551.50480804
6551.59154903
6551.64141559
6551.70618815
6551.76509003
6551.83297262
6551.90077036
6551.96856372
6552.03644388
6552.10339634
6552.17119262
6552.24100618
6552.30800277
6552.37499692
6552.44457009
6552.53245503
6552.61028919
6552.64915507
6552.71509279
6552.78604129
6552.85057857
6552.91868596
6552.98726414
6553.05421343
6553.12212942
6553.19175549
6553.25758716
6553.32563676
6553.39418227
6553.46159017
6553.53049676
6553.61631152
6553.66621464
6553.73280651
6553.80076663
6553.87009550
6553.93553049
6554.00543426
6554.07321616
6554.14320746
6554.20900500
6554.27583531
6554.34434010
6554.40133417
6554.51105078
6554.60570436
6554.66673054
6554.73438371
6554.80313914
6554.86829058
6554.93900429
6555.00425862
6555.07395076
6555.14134110
6555.21024379
6555.27805495
6555.34573713
6555.41268447
6555.48052610
6555.54904650
6555.63385969
6555.68576108
6555.75260455
6555.82134170
6555.87627119
6555.94515560
6556.00299934
6556.07080757
6556.13755401
6556.20633943
6556.27392701
6556.34184959
6556.40952056
6556.47804656
6556.54583309
6556.61205193
6556.70118835
6556.75024497
6556.81615344
6556.88485937
6556.95180305
6557.01178720
6557.06743959
6557.13514225
6557.20308702
6557.27187902
6557.33965823
6557.40550404
6557.47440990
6557.53045141
6557.59826720
6557.66613077
6557.75176634
6557.80152391
6557.86946891
6557.94027697
6558.02797053
6558.09485814
6558.16358601
6558.23467567
