2030.92340415
2031.02428511
2031.12669841
2031.25232039
2031.35524593
2031.46059469
2031.57271014
2031.68813846
2031.79110935
2031.90737028
2032.04042236
2032.14512697
2032.25640712
2032.36076431
2032.47425167
2032.59038290
2032.70389415
2032.81960992
2032.94422595
2033.04758425
2033.16090533
2033.27710848
2033.39146916
2033.50596248
2033.62063012
2033.72257457
2033.83691111
2033.95080612
2034.06605670
2034.19182498
2034.30491322
2034.42085891
2034.52345238
2034.62595296
2034.74092268
2034.85580316
2034.96979764
2035.08524693
2035.20015277
2035.30423860
2035.41522545
2035.57445459
2035.67771708
2035.79284649
2035.90860469
2036.02145717
2036.12525286
2036.23944044
2036.35331253
2036.47825160
2036.59436430
2036.70775706
2036.81156031
2036.90323186
2037.01806724
2037.13211170
2037.24682786
2037.35051384
2037.45441364
2037.55860065
2037.70554864
2037.81937318
2037.93320553
2038.04774760
2038.15064486
2038.27576997
2038.38055699
2038.52739331
2038.63012258
2038.74439062
2038.85949785
2038.97363544
2039.07777393
2039.19249326
2039.33880661
2039.43191639
2039.53422095
2039.64875303
2039.76270801
2039.87849912
2039.99429828
2040.11788178
2040.22198443
2040.33586822
2040.45075650
2040.56520154
2040.66833895
2040.78372900
2040.89729340
2041.00043593
2041.11377188
2041.22838369
2041.33276550
2041.44708815
2041.55190126
2041.66639458
2041.76821347
2041.89404879
2042.00763781
2042.11156907
2042.22523806
2042.34072392
2042.45544544
2042.54835408
2042.66113317
2042.77724904
2042.88055346
2042.99430535
2043.10906198
2043.22376838
2043.32751873
2043.44096537
2043.55455927
2043.66946023
2043.78459403
2043.89873285
2044.01393004
2044.11747998
2044.23121041
2044.34456416
2044.44966302
2044.56347147
2044.67882470
2044.79253344
2044.89640545
2045.01025754
2045.12440123
2045.23795588
2045.36504438
2045.47858245
2045.58284261
2045.68698159
2045.79970143
2045.91463263
2046.01756548
2046.13138735
2046.23613560
2046.35180603
2046.45472669
2046.56806118
2046.68212734
2046.79591702
2046.91165645
2047.02622851
2047.14037781
2047.24346987
2047.35814409
2047.47146591
2047.58584877
2047.70025432
2047.82294279
2047.93745610
2048.05464326
2048.15878712
2048.25100675
2048.36658111
2048.48183121
2048.59764427
2048.71210442
2048.82703513
2048.95306818
2049.05838647
2049.17239679
2049.28774954
2049.40294624
2049.51851670
2049.62352633
2049.72859202
2049.83309355
2049.93565874
2050.05032930
2050.16514518
2050.27989839
2050.39548324
2050.51112099
2050.62800583
2050.74226363
2050.85873692
2050.97377441
2051.08731882
2051.19301062
2051.28586830
2051.40029798
2051.51590014
2051.63084987
2051.74812724
2051.86252644
2051.97688810
2052.09248660
2052.20690507
2052.33466770
2052.45005482
2052.56517838
2052.66963383
2052.77358385
2052.87763140
2052.99081205
2053.10680942
2053.22238939
2053.33668937
2053.45306879
2053.55675282
2053.67386904
2053.78729495
2053.90373825
2054.01881622
2054.14393255
2054.24940882
2054.34310960
2054.45803445
2054.56145663
2054.67588412
2054.79107205
2054.90765042
2055.02235755
2055.12764585
2055.24192705
2055.35702818
2055.47374894
2055.58771026
2055.69245462
2055.79815105
2055.90044659
2056.01439572
2056.17506431
2056.26904571
2056.38255233
2056.49947520
2056.61395974
2056.72994809
2056.83384131
2056.94704390
2057.06429323
2057.18003241
2057.28378227
2057.38718812
2057.49101843
2057.60584406
2057.73276726
2057.87023959
2057.98475534
2058.10055645
2058.20498068
2058.31875598
2058.44639719
2058.56187940
2058.67706806
2058.82402823
2058.92996603
2059.02276374
2059.13718318
2059.25214973
2059.36648603
2059.48226592
2059.62033218
2059.73588338
2059.84995149
2059.96560973
2060.08096783
2060.19667117
2060.30024866
2060.40589609
2060.50865901
2060.61432228
2060.72700897
2060.88747764
2060.98004738
2061.09596503
2061.21071215
2061.33658087
2061.45186267
2061.56765817
2061.68230679
2061.79880714
2061.91351866
2062.04039066
2062.14503798
2062.25772223
2062.37424526
2062.48904919
2062.60357176
2062.72015183
2062.83595416
2062.94987794
2063.06542353
2063.18093426
2063.29541807
2063.41166145
2063.51577361
2063.61980214
2063.72412178
2063.82717727
2063.94371712
2064.05908230
2064.17467056
2064.28939281
2064.40445518
2064.51891289
2064.63532523
2064.75094348
2064.86479704
2064.99044585
2065.09635976
2065.19018244
2065.29441162
2065.41877799
2065.53457544
2065.64931159
2065.75375753
2065.86941942
2065.98409413
2066.10099945
2066.21534306
2066.33038714
2066.44598247
2066.54950559
2066.67579367
2066.77071105
2066.88319781
2067.04279364
2067.13693791
2067.25153947
2067.36697560
2067.48158838
2067.59920611
2067.70186102
2067.81863956
2067.93333840
2068.04808918
2068.15269189
2068.25636324
2068.37003638
2068.49705174
2068.65689333
2068.74920341
2068.86548361
2068.97982405
2069.09634318
2069.21144894
2069.32524911
2069.44043996
2069.55704198
2069.67114520
2069.77518739
2069.87043879
2069.98477241
2070.09863230
2070.21542645
2070.40616086
2070.52148776
2070.63592866
2070.75149693
2070.86708348
2070.98239429
2071.09860719
2071.21222499
2071.31726045
2071.42307269
2071.51584309
2071.62824013
2071.77667487
2071.88171253
2071.99651767
2072.12212649
2072.23929171
2072.34183082
2072.45805298
2072.57335428
2072.68936190
2072.80407756
2072.90881046
2073.01360821
2073.12723454
2073.24201580
2073.35793929
2073.47182016
2073.57750684
2073.69239561
2073.80831058
2073.92408657
2074.03834388
2074.14317187
2074.24785356
2074.35141081
2074.45585334
2074.55081338
2074.65352072
2074.76825467
2074.87220031
2074.98811601
2075.10325566
2075.20855200
2075.32303507
2075.43839976
2075.55455610
2075.66942805
2075.79505370
2075.90092153
2076.00373491
2076.11822725
2076.22309864
2076.33768192
2076.45338599
2076.57580676
2076.69149961
2076.80805726
2076.92274075
2077.02650329
2077.14229196
2077.25764592
2077.36248999
2077.46510760
2077.55977167
2077.67354989
2077.79087602
2077.90403156
2078.02038075
2078.13522856
2078.25151534
2078.36505755
2078.48144599
2078.59636329
2078.71227119
2078.81593547
2078.94176860
2079.03587799
2079.14964086
2079.27510461
2079.43438301
2079.57116268
2079.67656995
2079.79057906
2079.89607387
2080.01084878
2080.11638137
2080.23197012
2080.34493865
2080.44979078
2080.55447125
2080.67043108
2080.77422629
2080.88972751
2081.00415939
2081.11889553
2081.22460830
2081.33873200
2081.45440291
2081.56975980
2081.67345163
2081.79033184
2081.90494023
2082.00888538
2082.11369996
2082.20656837
2082.37619354
2082.53507891
2082.62763719
2082.74214514
2082.85822224
2082.97432396
2083.07864141
2083.18528236
2083.29983833
2083.40313519
2083.55060810
2083.64309884
2083.74795657
2083.85261023
2083.96834088
2084.08206108
2084.19750427
2084.31324150
2084.41779227
2084.53380257
2084.64851214
2084.76463142
2084.87890409
2084.99423464
2085.09929327
2085.20210324
2085.29592982
2085.40946034
2085.56837570
2085.66326309
2085.77782930
2085.89346486
2086.00916211
2086.12329166
2086.23962232
2086.35565188
2086.46994966
2086.58417332
2086.69087985
2086.79312248
2086.90744025
2087.02295781
2087.13805845
2087.25353164
2087.36825535
2087.47408929
2087.59035998
2087.70427741
2087.81949362
2087.93560169
2088.05011963
2088.15480279
2088.25924433
2088.35101926
2088.46798187
2088.57135383
2088.68642399
2088.80227069
2088.91679448
2089.02130527
2089.13626109
2089.24269846
2089.35730539
2089.47143202
2089.59832791
2089.70342603
2089.79665235
2089.91049592
2090.02420051
2090.14101732
2090.25579565
2090.35957745
2090.47623116
2090.59140567
2090.70668015
2090.82110618
2090.93779475
2091.05324794
2091.17874217
2091.28279826
2091.37628984
2091.48961531
2091.64844826
2091.75404449
2091.86879746
2091.98380790
2092.08837671
2092.20430777
2092.31905757
2092.43379128
2092.54991836
2092.65447913
2092.74892279
2092.85284453
2092.96556657
2093.07108259
2093.22962980
2093.32270130
2093.43786265
2093.55422379
2093.66908720
2093.78452796
2093.90019888
2094.01455736
2094.12932569
2094.23481074
2094.33971528
2094.43354796
2094.54635606
2094.66214449
2094.77664951
2094.89275513
2094.99686437
2095.11264158
2095.22723730
2095.34281776
2095.44776423
2095.55098259
2095.66579724
2095.77059475
2095.87528718
2095.96998659
2096.08423707
2096.24238541
2096.33595404
2096.45281620
2096.57828654
2096.71467027
2096.83044090
2096.95129106
2097.06676473
2097.18133338
2097.28409703
2097.39985693
2097.55624838
2097.66105028
2097.77501038
2097.88066756
2097.99423123
2098.10947474
2098.22507325
2098.33963166
2098.51068677
2098.62318231
2098.73693566
2098.84244607
2098.95608215
2099.07153778
2099.18715993
2099.30196678
2099.40581344
2099.49952933
2099.61210752
2099.72781890
2099.84243876
2099.95774079
2100.07257421
2100.18718578
2100.30178515
2100.43953128
2100.54312803
2100.64587851
2100.75978035
2100.87485758
2100.99084033
2101.10546530
2101.20899524
2101.32470931
2101.43881692
2101.54451677
2101.65693478
2101.77157706
2101.88610816
2102.00197266
2102.11659885
2102.23248383
2102.34767078
2102.46164259
2102.56672803
2102.66785670
2102.78345983
2102.89849831
2103.01523369
2103.11786861
2103.23241727
2103.34705272
2103.46190590
2103.58844388
2103.69095616
2103.80551433
2103.92089219
2104.03558616
2104.14084836
2104.25517784
2104.37047865
2104.48576020
2104.63204673
2104.73709780
2104.85079239
2104.96536080
2105.07919339
2105.18283037
2105.30912161
2105.42386264
2105.52777877
2105.64342384
2105.74692380
2105.84968720
2106.00835607
2106.14570504
2106.23870852
2106.35261913
2106.45807590
2106.57188801
2106.68677459
2106.79070804
2106.88231669
2107.01000520
2107.12476159
2107.24053782
2107.34247886
2107.45752538
2107.57224519
2107.68841957
2107.79136291
2107.88513512
2107.99791129
2108.11477955
2108.22868138
2108.33241880
2108.43845560
2108.55303473
2108.66664082
2108.78131626
2108.87383651
2108.97813933
2109.13704518
2109.22861019
2109.34468241
2109.45958606
2109.57376022
2109.68812920
2109.80401612
2109.90859469
2110.02128430
2110.13577421
2110.25076416
2110.37831809
2110.49297525
2110.61773781
2110.73251077
2110.84806831
2110.95281925
2111.06546108
2111.18101984
2111.29568553
2111.41113531
2111.51574703
2111.62964496
2111.74509596
2111.85099402
2111.95302698
2112.05676928
2112.17056774
2112.28540726
2112.40129224
2112.51489809
2112.62967885
2112.74522786
2112.85994255
2112.96362146
2113.05635773
2113.15979259
2113.27447534
2113.39031034
2113.50481779
2113.62078762
2113.72419663
2113.84995198
2113.97559957
2114.10137369
2114.20415149
2114.36197653
2114.45604716
2114.57104273
2114.68449132
2114.80067204
2114.91538088
2115.03103765
2115.13580054
2115.23750191
2115.35279785
2115.46750108
2115.58186103
2115.69677467
2115.81331257
2115.93795347
2116.05275106
2116.15713628
2116.24926815
2116.36393335
2116.47835522
2116.59453424
2116.69718256
2116.80063863
2116.91668721
2117.03111030
2117.13459441
2117.22812159
2117.34255396
2117.50077056
2117.59467760
2117.71029609
2117.83612312
2117.94996425
2118.06443830
2118.17980079
2118.28445519
2118.39730035
2118.51200553
2118.62680727
2118.74224534
2118.84691558
2118.96175925
2119.07664705
2119.19243572
2119.29519742
2119.42045735
2119.53419291
2119.64950957
2119.75383896
2119.86831277
2119.98280998
2120.09965460
2120.21340649
2120.30737033
2120.41186234
2120.52601530
2120.63950729
2120.75407497
2120.86779516
2120.97219770
2121.09804204
2121.21365737
2121.31824666
2121.41170167
2121.51450799
2121.62973176
2121.74435380
2121.85995865
2121.97353865
2122.09034254
2122.20398838
2122.31782170
2122.42381802
2122.53625870
2122.69340645
2122.79828612
2122.92454250
2123.04012198
2123.15459018
2123.26918151
2123.38582547
2123.48756439
2123.59016200
2123.70570882
2123.82113202
2123.92522468
2124.03020090
2124.14475614
2124.25847438
2124.37424526
2124.47848761
2124.57105223
2124.69554490
2124.81078963
2124.92577812
2125.03957414
2125.15621859
2125.25876281
2125.37504568
2125.47872630
2125.57260457
2125.69297222
2125.85069828
2125.94529286
2126.06122904
2126.16376912
2126.27900824
2126.39407329
2126.50878384
2126.61235620
2126.71587713
2126.81876951
2126.93346470
2127.05032321
2127.15359910
2127.26832574
2127.38391595
2127.48755171
2127.59156659
2127.71618043
2127.83106262
2127.94574976
2128.06089551
2128.18694684
2128.30226423
2128.41629065
2128.53099096
2128.63576921
2128.73867597
2128.85349770
2128.96843036
2129.08326086
2129.19744893
2129.30130582
2129.41692041
2129.53294314
2129.63752341
2129.73999157
2129.85288403
2130.01269929
2130.10528049
2130.21968969
2130.33534183
2130.43961686
2130.55445346
2130.70122395
2130.79595408
2130.89773543
2131.01273440
2131.12823977
2131.24282597
2131.35755968
2131.47253696
2131.58806524
2131.70353063
2131.82762393
2131.94223208
2132.05692507
2132.17261037
2132.27449875
2132.39040591
2132.50589811
2132.62060013
2132.73614621
2132.83997336
2132.93286761
2133.04736044
2133.16236234
2133.27633292
2133.38067256
2133.49664433
2133.61026944
2133.72487759
2133.83083831
2133.92270223
2134.02515965
2134.13991262
2134.25447104
2134.37126250
2134.48408157
2134.60060801
2134.71555164
2134.86305966
2134.96607394
2135.08072500
2135.19551211
2135.31020924
2135.43703833
2135.54059851
2135.65447791
2135.76859771
2135.88578048
2135.98820012
2136.10195299
2136.21704046
2136.33221181
2136.44725492
2136.55303254
2136.66602033
2136.77066594
2136.88651654
2136.98920827
2137.10422504
2137.21776823
2137.33304710
2137.44757211
2137.56361459
2137.67714461
2137.79209629
2137.90770259
2138.01280754
2138.10515932
2138.21804349
2138.33433100
2138.44795245
2138.56434504
2138.67846655
2138.79377418
2138.90872562
2139.01137882
2139.11600908
2139.22996284
2139.34665044
2139.46018900
2139.57488150
2139.68983074
2139.80343951
2139.91997619
2140.03361154
2140.13984728
2140.24038983
2140.35710108
2140.47095147
2140.59761623
2140.71201885
2140.82782142
2140.94251782
2141.05640820
2141.14960185
2141.25380300
2141.35666832
2141.47205373
2141.58682694
2141.71284219
2141.82790699
2141.94234838
2142.05822531
2142.16251082
2142.25361526
2142.41135376
2142.50507550
2142.62007959
2142.73597676
2142.84977449
2142.96444700
2143.07926434
2143.18328385
2143.27633658
2143.39000436
2143.54999419
2143.64251443
2143.74658880
2143.83057207
2143.94600015
2144.07118353
2144.17603540
2144.29210397
2144.40672821
2144.51059095
2144.60432708
2144.71821648
2144.83266079
2144.94713630
2145.06150479
2145.16648881
2145.28018584
2145.39708336
2145.54434391
2145.64807182
2145.76068464
2145.88651947
2146.02433899
2146.13770737
2146.25413921
2146.36950219
2146.48325945
2146.59723052
2146.70174789
2146.81644528
2146.93050558
2147.04567791
2147.16637495
2147.28243937
2147.39816026
2147.50093854
2147.62612850
2147.73093089
2147.82288818
2147.93791422
2148.05146594
2148.15618202
2148.27199921
2148.38750897
2148.51303173
2148.62680946
2148.73251833
2148.82430520
2148.93806513
2149.05362536
2149.16865261
2149.28336219
2149.40796286
2149.52370813
2149.63878391
2149.75418956
2149.85720677
2149.97137070
2150.07559501
2150.19149267
2150.29512477
2150.40950105
2150.52399583
2150.63968137
2150.75456795
2150.85851188
2150.97192561
2151.13247571
2151.22584710
2151.33950732
2151.45507071
2151.57028960
2151.68388838
2151.78898894
2151.91449707
2152.00611303
2152.11998390
2152.23612000
2152.35178311
2152.46628423
2152.58205705
2152.68470636
2152.80061498
2152.90464401
2153.00834559
2153.12265532
2153.23647304
2153.35209909
2153.45559929
2153.57068945
2153.68630136
2153.80021928
2153.89368844
2153.98749551
2154.10130762
2154.24889073
2154.35211811
2154.46769003
2154.57045417
2154.68512449
2154.78994053
2154.90495267
2154.99828724
2155.10054035
2155.21690978
2155.33186048
2155.43646343
2155.55037818
2155.66511604
2155.77961691
2155.89523638
2155.98881208
2156.10257641
2156.21681933
2156.33098594
2156.44572526
2156.56246088
2156.67718630
2156.79118371
2156.90570896
2157.01035287
2157.11379700
2157.22760862
2157.34284165
2157.45748954
2157.57337403
2157.68725441
2157.80180794
2157.90709331
2158.02163173
2158.13719561
2158.25197955
2158.36572291
2158.48227129
2158.58593411
2158.68923390
2158.80401734
2158.92039701
2159.02393500
2159.11650401
2159.22017829
2159.37905001
2159.48176197
2159.58685278
2159.70117323
2159.82691371
2159.94130024
2160.04563158
2160.13790997
2160.31756180
2160.43310447
2160.54734520
2160.66247071
2160.77703010
2160.89284827
2161.00747056
2161.11219687
2161.21626637
2161.30895704
2161.42258581
2161.53751871
2161.65220146
2161.76669234
2161.88203899
2161.99649573
2162.11226880
2162.20516281
2162.31968538
2162.43363549
2162.59222439
2162.69587916
2162.81204574
2162.92624892
2163.04115963
2163.14578599
2163.26170510
2163.38615705
2163.49837465
2163.60488345
2163.71889890
2163.82291719
2163.93862858
2164.04271489
2164.15594162
2164.27151233
2164.37594266
2164.48970966
2164.60331990
2164.71918025
2164.82383294
2164.92772006
2165.05329500
2165.16895860
2165.28364769
2165.38665929
2165.49129881
2165.60451481
2165.73015777
2165.84610955
2165.94885491
2166.06545840
2166.18022722
2166.29602418
2166.39863935
2166.50260108
2166.60524307
2166.71986341
2166.84663423
2166.96134014
2167.07582151
2167.17949920
2167.29482829
2167.44281442
2167.54601132
2167.66137210
2167.77516349
2167.88978017
2168.00470308
2168.10915535
2168.22408728
2168.33968847
2168.45433099
2168.55880423
2168.68300676
2168.79816982
2168.91269971
2169.01713930
2169.13103699
2169.24639900
2169.36226130
2169.47597979
2169.58113667
2169.68485849
2169.79822785
2169.91344723
2170.02856664
2170.14337593
2170.25760910
2170.37292064
2170.48765898
2170.58141974
2170.67493180
2170.78760337
2170.94536235
2171.05081960
2171.15455605
2171.25822107
2171.36323556
2171.47701574
2171.59258352
2171.69692486
2171.80953938
2171.91425472
2172.02935927
2172.13281558
2172.24796084
2172.36320070
2172.47772668
2172.58140340
2172.68701816
2172.79982212
2172.91478354
2173.03024137
2173.13354359
2173.24932690
2173.35318160
2173.45597061
2173.57236710
2173.67608014
2173.76962439
2173.89260105
2174.00820808
2174.11239558
2174.22696691
2174.34176791
2174.45754537
2174.57207306
2174.67746717
2174.77052112
2174.87280837
2174.98735727
2175.10202174
2175.21685297
2175.33244221
2175.44702281
2175.56173506
2175.67368155
2175.77843176
2175.88017970
2176.00681618
2176.12166277
2176.23633041
2176.35071791
2176.46655559
2176.57134139
2176.67424572
2176.77883453
2176.89145295
2177.00724674
2177.12144895
2177.23778302
2177.35127745
2177.46701151
2177.58213410
2177.69714185
2177.80051746
2177.90445237
2178.01876502
2178.13281046
2178.24854988
2178.36421178
2178.47769206
2178.59482096
2178.70800111
2178.81128261
2178.90509188
2179.01866555
2179.14641550
2179.25896907
2179.37577492
2179.48909063
2179.59415389
2179.70852896
2179.81415006
2179.91754030
2180.02984640
2180.13536241
2180.25011587
2180.36484787
2180.46950787
2180.58427986
2180.69763678
2180.81376362
2180.93826945
2181.05400156
2181.16872356
2181.28347775
2181.38602588
2181.50263716
2181.61715535
2181.72024083
2181.83571425
2181.93963917
2182.04193763
2182.15657430
2182.27200458
2182.38738780
2182.50129548
2182.62857171
2182.74318913
2182.85824662
2182.96151447
2183.06650263
2183.16845537
2183.28425843
2183.39844064
2183.51339695
2183.62867338
2183.74324667
2183.85925867
2183.96264330
2184.06675961
2184.17050508
2184.28514321
2184.40010903
2184.51564975
2184.62810970
2184.74406952
2184.85975701
2184.97386852
2185.07883231
2185.19066225
2185.30747175
2185.42216207
2185.53691382
2185.65169678
2185.76644268
2185.88042278
2185.99539201
2186.12118344
2186.22450663
2186.33980623
2186.45525600
2186.56880163
2186.68411244
2186.78898309
2186.90390819
2187.01849756
2187.12257876
2187.22591146
2187.33996982
2187.45547665
2187.56922415
2187.67398875
2187.78947924
2187.90388356
2188.01998919
2188.12325996
2188.21600354
2188.33139383
2188.48915939
2188.59281538
2188.69699093
2188.81269525
2188.92605412
2189.04050549
2189.15618202
2189.26113849
2189.37431596
2189.47787321
2189.59266714
2189.70803013
2189.82280480
2189.93755752
2190.05291831
2190.15703047
2190.24987426
2190.36370807
2190.47916053
2190.59322644
2190.71015663
2190.81308778
2190.92778614
2191.04247474
2191.15776824
2191.26256526
2191.40972438
2191.52168208
2191.63939538
2191.75331306
2191.85782434
2191.97167302
2192.08632018
2192.20092418
2192.30586432
2192.39805665
2192.50142104
2192.61627617
2192.73163086
2192.84621073
2192.96217689
2193.08880021
2193.20139132
2193.31713391
2193.42182220
2193.53426678
2193.65017200
2193.76534871
2193.87965039
2193.98385495
2194.08729907
2194.20357853
2194.31780463
2194.42173491
2194.53523568
2194.65040508
2194.76595750
2194.89093047
2195.00625980
2195.12068290
2195.23680974
2195.35049336
2195.45517286
2195.54802567
2195.66273280
2195.77716809
2195.89096801
2196.01211903
2196.12568270
2196.23897281
2196.34998014
2196.50741046
2196.63148865
2196.74452862
2196.87922299
2196.99310971
2197.09653432
2197.22990579
2197.33299980
2197.44567893
2197.55960027
2197.67139876
2197.78488514
2197.89962909
2198.01097239
2198.12386632
2198.24818441
2198.36153816
2198.47517498
2198.58793383
2198.70094088
2198.81507190
2198.92946354
2199.04088974
2199.15465406
2199.26867390
2199.38204325
2199.49346969
2199.60764191
2199.72147499
2199.83357409
2199.94556641
2200.07134956
2200.20586230
2200.30842773
2200.42154011
2200.52288698
2200.63994956
2200.73946982
2200.85280431
2200.96553317
2201.06890098
2201.18131314
2201.29302703
2201.40664629
2201.52118520
2201.63392186
2201.73540162
2201.84944778
2201.95121109
2202.05400204
2202.15521702
2202.26990855
2202.38287074
2202.49668017
2202.60869297
2202.72246753
2202.82454291
2202.93880290
2203.04964980
2203.20826845
2203.30006483
2203.41288903
2203.51569681
2203.62808678
2203.74082491
2203.85473137
2203.95697888
2204.06859256
2204.17123163
2204.27477815
2204.42189412
2204.53428799
2204.63595109
2204.73873254
2204.85131756
2204.96305948
2205.08781595
2205.20302362
2205.31566131
2205.42809346
2205.54212792
2205.65496163
2205.76773584
2205.88071900
2205.99425122
2206.09698586
2206.20980469
2206.31142707
2206.42557491
2206.53808752
2206.65161705
2206.76365228
2206.88803572
2206.99147106
2207.10446373
2207.20526594
2207.31936209
2207.43313763
2207.54659012
2207.64918213
2207.76116445
2207.87482199
2207.98915756
2208.13363600
2208.24722746
2208.34885569
2208.46242546
2208.57697558
2208.68754942
2208.80215537
2208.91567662
2209.02945435
2209.14243507
2209.25482090
2209.36756805
2209.48216718
2209.59381402
2209.70655020
2209.82046423
2209.92301601
2210.03633392
2210.16035530
2210.26290513
2210.37542846
2210.48816928
2210.64571541
2210.73716826
2210.84001968
2210.95204028
2211.06576023
2211.16806382
2211.28201831
2211.38386085
2211.49742940
2211.59978467
2211.71384425
2211.81534911
2211.92722416
2212.05271619
2212.15455434
2212.26903059
2212.37999355
2212.48379534
2212.59725051
2212.71110627
2212.82316198
2212.93580356
2213.05067429
2213.16352945
2213.27517117
2213.39009310
2213.50204154
2213.61631201
2213.72703018
2213.85170229
2213.95495990
2214.07095313
2214.18064462
2214.29354001
2214.40811768
2214.52147240
2214.63238270
2214.73604625
2214.84967428
2214.95270759
2215.05523694
2215.15700219
2215.25890958
2215.37147632
2215.48708164
2215.59768986
2215.71093072
2215.81550880
2215.92728535
2216.03910554
2216.15411549
2216.25587903
2216.36827608
2216.48155571
2216.59560578
2216.70834171
2216.81220592
2216.92402465
2217.03692418
2217.13885181
2217.25207049
2217.36584383
2217.47863877
2217.59334835
2217.69636727
2217.79734721
2217.91031940
2218.01384690
2218.12619665
2218.23802781
2218.35227975
2218.46605822
2218.57947682
2218.68115966
2218.79374225
2218.91795209
2219.03254829
2219.13442960
2219.24685370
2219.34900198
2219.46306473
2219.60863080
2219.72059240
2219.83434770
2219.94777338
2220.05067673
2220.16263565
2220.27685199
2220.40090434
2220.51434488
2220.62702548
2220.73972484
2220.85353793
2220.96725812
2221.07949937
2221.19359040
2221.30675520
2221.41916638
2221.52062931
2221.63421931
2221.74724343
2221.86073567
2221.97443050
2222.13208537
2222.22294845
2222.32572258
2222.42727523
2222.55011950
2222.66383141
2222.77752235
2222.87976449
2222.99201452
2223.09590457
2223.20973667
2223.35335617
2223.46738673
2223.58027505
2223.69380605
2223.79643634
2223.90919056
2224.02322088
2224.12489763
2224.23850543
2224.35314137
2224.46546015
2224.57743516
2224.69090058
2224.80337076
2224.91827904
2225.02705210
2225.14155687
2225.25297258
2225.36615298
2225.48095057
2225.59310307
2225.70569760
2225.82057199
2225.93241534
2226.04599852
2226.15785625
2226.27253584
2226.37521245
2226.48817050
2226.59198375
2226.70346650
2226.81653817
2226.93101027
2227.03281429
2227.14476028
2227.25884375
2227.37256566
2227.48513556
2227.59723247
2227.71100777
2227.82443515
2227.93906768
2228.05057384
2228.16327491
2228.27704338
2228.39059559
2228.50320963
2228.61611526
2228.73121370
2228.83306210
2228.94423326
2229.05863637
2229.17236510
2229.28538239
2229.39923424
2229.52216970
2229.63654135
2229.74942455
2229.86208076
2230.01933407
2230.11015132
2230.21259753
2230.31480944
2230.47033829
2230.56251282
2230.66561512
2230.76888760
2230.88054761
2230.99339886
2231.10835005
2231.20993269
2231.33342306
2231.44591665
2231.55911948
2231.67341555
2231.78584234
2231.90012646
2232.01207831
2232.12579924
2232.30395968
2232.41689408
2232.51926861
2232.63413032
2232.73554449
2232.84836064
2232.96128797
2233.07491064
2233.18807934
2233.30154426
2233.41341517
2233.52737893
2233.66374583
2233.77540950
2233.87933246
2234.02382626
2234.13778905
2234.25032823
2234.36305636
2234.47749823
2234.58845778
2234.70262366
2234.86992142
2234.98310768
2235.09687615
2235.20893917
2235.32262157
2235.43624498
2235.53870338
2235.65157512
2235.75438899
2235.86765010
2235.96837111
2236.08417466
2236.19611895
2236.30855866
2236.42134555
2236.53605000
2236.64862820
2236.76349795
2236.87386796
2236.98864215
2237.10245840
2237.21550398
2237.31723510
2237.42957387
2237.54346375
2237.65595344
2237.75970184
2237.87100345
2237.97443392
2238.08812924
2238.20194916
2238.31417870
2238.42786940
2238.53972738
2238.65443256
2238.76615742
2238.87946217
2238.99239876
2239.10645687
2239.21916721
2239.33308343
2239.44663442
2239.55934134
2239.67287186
2239.78484345
2239.90049925
2240.01237600
2240.12557615
2240.24943467
2240.36265871
2240.47523788
2240.58873353
2240.69144500
2240.80431820
2240.91977139
2241.02122286
2241.13249912
2241.24659551
2241.35931852
2241.46184373
2241.57591623
2241.68708691
2241.80095681
2241.91546719
2242.02839208
2242.14123188
2242.25390296
2242.36708653
2242.48031350
2242.59374966
2242.69554295
2242.80973540
2242.92294774
2243.03614545
2243.14799051
2243.25170916
2243.35310139
2243.46626277
2243.58064540
2243.70453293
2243.81809928
2243.92972905
2244.04270734
2244.15727818
2244.26816361
2244.42706336
2244.51709847
2244.61997646
2244.72303951
2244.83480265
2244.95031314
2245.06262728
2245.16685403
2245.27853915
2245.39021135
2245.49394756
2245.60785232
2245.72040101
2245.83400442
2245.95244988
2246.06994985
2246.18781115
2246.30664987
2246.42671374
2246.53295753
2246.65023124
2246.76864891
2246.88577171
2247.00519460
2247.13419847
2247.24074847
2247.35923002
2247.47832962
2247.63973793
2247.72648722
2247.84305194
2247.96214422
2248.07985314
2248.19711661
2248.31594583
2248.43615477
2248.54167834
2248.65864802
2248.77803752
2248.89594757
2249.01483360
2249.13449348
2249.25188714
2249.36864862
2249.48701167
2249.60569924
2249.72350836
2249.83081198
2249.95013369
2250.06794013
2250.18471306
2250.30451947
2250.46708343
2250.56215417
2250.66954313
2250.78660229
2250.90611783
2251.02537908
2251.14204644
2251.25971391
2251.37934258
2251.49600848
2251.61463338
2251.73325878
2251.84106270
2251.95793559
2252.07632351
2252.19517614
2252.31406411
2252.43233208
2252.53841251
2252.65759867
2252.77460371
2252.89315132
2253.01190082
2253.11994172
2253.23683485
2253.35620020
2253.47463421
2253.59184746
2253.75496585
2253.83992801
2253.94644145
2254.08767113
2254.20642940
2254.33392920
2254.49725239
2254.58223479
2254.68991364
2254.80700815
2254.93747902
2255.05576332
2255.22918192
2255.33735643
2255.45444168
2255.57418470
2255.73480233
2255.82064270
2255.92935042
2256.04474802
2256.16510495
2256.28179376
2256.41157124
2256.51885097
2256.62887428
2256.74577424
2256.86230336
2256.98277805
2257.10001519
2257.21621688
2257.33359250
2257.45109613
2257.56980637
2257.68673851
2257.83059694
2257.93639699
2258.05498898
2258.17303679
2258.29252747
2258.40956639
2258.52902147
2258.63584381
2258.75325991
2258.87203817
2258.98960592
2259.11147544
2259.21731060
2259.33570487
2259.45477667
2259.61512125
2259.71213002
2259.79852042
2259.91808180
2260.03631880
2260.15413938
2260.27173931
2260.39057804
2260.49746280
2260.61582171
2260.73431033
2260.85074924
2260.97054297
2261.07752671
2261.19575835
2261.31364842
2261.43227137
2261.55212069
2261.67064295
2261.78750097
2261.90492414
2262.02154299
2262.14004623
2262.26042022
2262.36682322
2262.48555491
2262.60338134
2262.72269257
2262.84084961
2263.00164742
2263.08763797
2263.19411215
2263.31208414
2263.43116058
2263.54901724
2263.66749099
2263.77412023
2263.89180940
2264.01079661
2264.17340324
2264.26952528
2264.37701786
2264.49479796
2264.61331754
2264.73216627
2264.84879389
2264.96738881
2265.07366014
2265.19359333
2265.31050011
2265.43030847
2265.54773919
2265.68910078
2265.79605697
2265.91456192
2266.03235861
2266.14993879
2266.26967474
2266.38809143
2266.54861374
2266.66645992
2266.78453381
2266.91313320
2267.03365445
2267.14090493
2267.25778001
2267.37648806
2267.49408653
2267.61172498
2267.72054656
2267.82731673
2267.94569466
2268.06250635
2268.18168495
2268.30161643
2268.41900766
2268.53670707
2268.65436454
2268.77396127
2268.89049405
2269.01058742
2269.11604906
2269.23595640
2269.35390450
2269.47127013
2269.58881813
2269.70881885
2269.81586891
2269.93289053
2270.05090201
2270.16935869
2270.28823301
2270.39486152
2270.52576979
2270.64290745
2270.76074559
2270.87738467
2271.04173307
2271.12753808
2271.23425218
2271.35093344
2271.46903269
2271.58804671
2271.70655459
2271.81417517
2271.93114339
2272.04958056
2272.21053173
2272.35193817
2272.44940385
2272.56613338
2272.68402345
2272.80276977
2272.91955904
2273.03954854
2273.14629116
2273.26528763
2273.38259548
2273.50142080
2273.62028196
2273.73781484
2273.89800118
2274.01938698
