2333.92028486
2334.03074654
2334.13291115
2334.23635040
2334.35146860
2334.44268154
2334.55250518
2334.66544104
2334.76707122
2334.86662610
2334.95533756
2335.06474233
2335.17227001
2335.25768859
2335.36604327
2335.45142893
2335.54745979
2335.63308170
2335.74081345
2335.83755818
2335.94478696
2336.04092338
2336.14770818
2336.23300119
2336.34277680
2336.45050440
2336.55322490
2336.66041467
2336.77596197
2336.86722709
2336.97516973
2337.07286045
2337.18131826
2337.27814101
2337.38491606
2337.49322027
2337.60136406
2337.68760427
2337.80675971
2337.90245899
2337.99998610
2338.10868919
2338.21636950
2338.31206951
2338.43032553
2338.52669650
2338.63327918
2338.74098899
2338.83764790
2338.94742400
2339.04405706
2339.14474712
2339.25010173
2339.34741722
2339.44297606
2339.54872126
2339.65647495
2339.76415843
2339.85978335
2339.96751120
2340.08477662
2340.18107640
2340.32859856
2340.40455879
2340.50022199
2340.60746710
2340.71475707
2340.83300846
2340.90729397
2341.00397604
2341.11074158
2341.21840263
2341.31515906
2341.41287708
2341.52050472
2341.61990795
2341.71606779
2341.82392632
2341.92061327
2342.01597536
2342.12350207
2342.21985012
2342.31658632
2342.43377933
2342.51921839
2342.65178114
2342.73878593
2342.84726813
2342.94395727
2343.05673027
2343.15265726
2343.26964036
2343.35486657
2343.46217531
2343.55818423
2343.66642359
2343.77506670
2343.87691704
2343.98450080
2344.09188098
2344.18892316
2344.30761511
2344.41530761
2344.51210452
2344.62473733
2344.73237887
2344.85081750
2344.93907670
2345.04662194
2345.15344038
2345.29391498
2345.36777163
2345.47656591
2345.63007870
2345.72675809
2345.83244721
2345.93828115
2346.04504522
2346.15124146
2346.25691400
2346.37462682
2346.46202147
2346.56900326
2346.68186695
2346.78051608
2346.89022147
2346.98700424
2347.10613163
2347.20335959
2347.31172159
2347.40943400
2347.51799568
2347.62546266
2347.73192246
2347.85023358
2347.93604420
2348.04461831
2348.15331482
2348.25004809
2348.34581539
2348.44151540
2348.54924984
2348.66941001
2348.75384530
2348.85049519
2348.95823230
2349.06540549
2349.17475150
2349.26005817
2349.36739227
2349.47408417
2349.57023620
2349.67904974
2349.77582812
2349.87244217
2349.98325079
2350.08094150
2350.18769095
2350.30705655
2350.40413115
2350.50394861
2350.61170718
2350.71981684
2350.81736712
2350.92494039
2351.04620478
2351.13251057
2351.24036521
2351.34825739
2351.45656063
2351.55923261
2351.66953167
2351.78580162
2351.87105123
2351.97793258
2352.12951952
2352.21434442
2352.31165186
2352.40726191
2352.51305172
2352.60924252
2352.71686724
2352.82373371
2352.92432063
2353.03107763
2353.14174875
2353.22782293
2353.34459074
2353.43993064
2353.54610835
2353.65280416
2353.76107376
2353.85729040
2353.96453794
2354.06121563
2354.17938242
2354.27561027
2354.38250673
2354.47905861
2354.58608088
2354.69362149
2354.79042839
2354.89672386
2355.01494819
2355.10048940
2355.20807023
2355.31561913
2355.42275306
2355.51905284
2355.64741671
2355.75401938
2355.85036183
2355.94706072
2356.05483441
2356.15249659
2356.26047191
2356.36817465
2356.47380721
2356.59169118
2356.66984009
2356.77800972
2356.88560494
2356.97458679
2357.07092460
2357.17969303
2357.27838214
2357.39680420
2357.49703345
2357.59460494
2357.70640514
2357.80297140
2357.91175495
2358.01055085
2358.10826033
2358.21560248
2358.31137075
2358.40865503
2358.51581505
2358.61211873
2358.72029129
2358.82808546
2358.93572310
2359.05293294
2359.13819011
2359.24496150
2359.35568187
2359.46334559
2359.56003352
2359.66887802
2359.78808343
2359.88520095
2359.98256715
2360.09101497
2360.19941500
2360.29669026
2360.44961816
2360.56885064
2360.66620660
2360.76280578
2360.87368779
2360.98148074
2361.07803359
2361.18591431
2361.30394627
2361.40020046
2361.49993576
2361.60820608
2361.71642082
2361.81417151
2361.92485116
2362.04310791
2362.14030369
2362.22612943
2362.33391628
2362.44272982
2362.53929657
2362.64809303
2362.75472838
2362.87158664
2362.96769113
2363.07691280
2363.17376432
2363.28102333
2363.39070287
2363.53040826
2363.63849646
2363.72381531
2363.83342562
2363.93037905
2364.03795306
2364.14588473
2364.25447079
2364.35039462
2364.47981052
2364.56348025
2364.71564551
2364.79040425
2364.89716247
2364.99390452
2365.10178890
2365.21985963
2365.31610211
2365.48916597
2365.59633989
2365.70253393
2365.80981171
2365.97390583
2366.02821653
2366.13691450
2366.24312464
2366.34934624
2366.45768312
2366.59818796
2366.71644569
2366.81355931
2366.91055199
2367.00641682
2367.11283614
2367.22053035
2367.31735993
2367.42429003
2367.53054040
2367.61670162
2367.72437973
2367.83179258
2367.93947460
2368.03606475
2368.14701966
2368.26900889
2368.35423632
2368.45103030
2368.55873085
2368.65642668
2368.75734201
2368.86683236
2368.96358538
2369.08180995
2369.17804293
2369.28536996
2369.39383046
2369.48978232
2369.58493351
2369.69132992
2369.78697605
2369.90424367
2370.00153624
2370.10823449
2370.20490144
2370.31267903
2370.42054732
2370.52913508
2370.63669812
2370.73266461
2370.84129773
2370.94906386
2371.04692914
2371.15541499
2371.26328059
2371.38253307
2371.46990821
2371.57700313
2371.68687455
2371.78354029
2371.89114551
2371.99847424
2372.11814509
2372.20345419
2372.31030921
2372.41669513
2372.52331609
2372.62916832
2372.73677085
2372.85702172
2372.95622356
2373.05190041
2373.15875152
2373.26609489
2373.37374618
2373.48147111
2373.59972152
2373.68611387
2373.79373274
2373.90043098
2374.01859484
2374.12686346
2374.23566871
2374.35476490
2374.42908064
2374.52589047
2374.63249022
2374.74118014
2374.83710397
2374.94472552
2375.04198395
2375.16192519
2375.26826844
2375.37591511
2375.48352910
2375.59037899
2375.68920610
2375.79667210
2375.90743903
2376.00515242
2376.11194307
2376.20867512
2376.30539109
2376.41320963
2376.52332438
2376.61998841
2376.74022465
2376.83753161
2376.93506189
2377.03398140
2377.13163579
2377.23937632
2377.34700274
2377.45393821
2377.56192938
2377.70308860
2377.78881291
2377.88665235
2377.99849692
2378.09499272
2378.20175387
2378.31998892
2378.42832751
2378.52488305
2378.63169832
2378.73934255
2378.83602852
2378.94397629
2379.04475143
2379.15189097
2379.23711279
2379.34475482
2379.44355852
2379.54993762
2379.65766084
2379.75427489
2379.86205004
2379.97025942
2380.06770778
2380.16422675
2380.27191632
2380.37955494
2380.48649285
2380.58420428
2380.69084669
2380.80670558
2380.90295733
2381.00009411
2381.10785561
2381.21853379
2381.31549162
2381.42296688
2381.52982409
2381.64697151
2381.73425693
2381.88679254
2381.98338074
2382.08970523
2382.19721243
2382.29285124
2382.41033634
2382.50601319
2382.60075527
2382.70839779
2382.81521599
2382.92401294
2383.01954887
2383.12642363
2383.24447364
2383.34079755
2383.43741404
2383.54518675
2383.65305894
2383.74945454
2383.85654263
2383.96633238
2384.08754678
2384.17394011
2384.28253055
2384.37908804
2384.47596345
2384.58363913
2384.68141079
2384.78902673
2384.90630581
2385.00257901
2385.10128909
2385.20787153
2385.31513297
2385.42303929
2385.51936394
2385.62669585
2385.73388439
2385.82018238
2385.92789122
2386.02378213
2386.12232520
2386.22003444
2386.31712733
2386.42928398
2386.53633428
2386.63552028
2386.73458364
2386.88498493
2386.94780263
2387.05553755
2387.16344265
2387.28161700
2387.36770215
2387.47348879
2387.58121664
2387.68705595
2387.78362636
2387.89239283
2388.00108300
2388.11880849
2388.19292407
2388.30038958
2388.40662947
2388.51541594
2388.60227128
2388.71112163
2388.81871758
2388.93685023
2389.02221492
2389.13073296
2389.23401349
2389.33301784
2389.44046800
2389.54929031
2389.64654777
2389.76461801
2389.86079272
2389.95756427
2390.05437775
2390.16100115
2390.26871876
2390.37638956
2390.48415715
2390.60299807
2390.69001604
2390.79779192
2390.90569946
2391.01327419
2391.10952887
2391.21814077
2391.32875143
2391.44597175
2391.53127329
2391.63988422
2391.73767953
2391.84641431
2391.95525491
2392.05186603
2392.15860377
2392.27607546
2392.37530193
2392.45941515
2392.56672438
2392.67508955
2392.77185281
2392.88155966
2392.98936553
2393.10741870
2393.19283215
2393.30034716
2393.39897946
2393.49486111
2393.60096275
2393.70874668
2393.80563477
2393.95722562
2394.06431542
2394.17172583
2394.25794068
2394.36467501
2394.47229998
2394.57908087
2394.69631314
2394.78163297
2394.89020221
2394.99795273
2395.09663112
2395.20454499
2395.31302939
2395.41005596
2395.52895759
2395.62590785
2395.72256286
2395.83129497
2395.93899819
2396.03673255
2396.14445455
2396.25110330
2396.36847990
2396.45649967
2396.56423435
2396.65202787
2396.75866053
2396.86674069
2396.96701212
2397.07549724
2397.19358236
2397.26683997
2397.37447200
2397.48223325
2397.59005156
2397.68659564
2397.79439053
2397.90019010
2398.01835737
2398.10358066
2398.21025915
2398.30700754
2398.41485388
2398.51725426
2398.62432261
2398.72359223
2398.84183094
2398.93813779
2399.07985826
2399.16654293
2399.27712335
2399.37295819
2399.48082184
2399.59881309
2399.67404312
2399.78180266
2399.88893123
2399.98576300
2400.09338090
2400.20136889
2400.30898386
2400.42704362
2400.51738909
2400.61524827
2400.72378410
2400.83103311
2400.92771299
2401.03450608
2401.14234194
2401.25955202
2401.33373489
2401.44105094
2401.54855571
2401.65642570
2401.75416006
2401.86072031
2401.97043301
2402.13156143
2402.19346533
2402.30117489
2402.40878133
2402.50648520
2402.61437568
2402.72800127
2402.82439833
2402.94202216
2403.02836599
2403.13603435
2403.24378512
2403.35163488
2403.44914322
2403.55581611
2403.66367976
2403.78161859
2403.86682651
2403.97450974
2404.07136882
2404.16905100
2404.27767899
2404.38888966
2404.48483909
2404.61392414
2404.69914889
2404.79590532
2404.90455697
2405.01234211
2405.10909465
2405.21874054
2405.32735001
2405.43742258
2405.54651966
2405.64224015
2405.74996020
2405.84757679
2405.95530025
2406.06304590
2406.18221743
2406.27142163
2406.37813645
2406.47299142
2406.57563682
2406.67348772
2406.77012737
2406.87789057
2406.99464839
2407.09044641
2407.18722308
2407.29433872
2407.40556329
2407.50132644
2407.61102696
2407.71877870
2407.83688917
2407.92405634
2408.03197022
2408.12906482
2408.23678292
2408.34474336
2408.44733050
2408.55498106
2408.67173375
2408.75648039
2408.85285282
2408.96053850
2409.06915625
2409.18112224
2409.27857499
2409.37545626
2409.49367059
2409.58983091
2409.67777413
2409.78532181
2409.89316961
2409.98785903
2410.09406161
2410.21174883
2410.30703339
2410.40326270
2410.51090303
2410.61686082
2410.72436071
2410.82014996
2410.91786286
2411.02620145
2411.14731150
2411.22160238
2411.32928415
2411.43724996
2411.53535466
2411.64253199
2411.74969079
2411.85645852
2411.97380123
2412.06907945
2412.17670368
2412.27342135
2412.37014804
2412.47787443
2412.57352056
2412.68030024
2412.79758370
2412.88271361
2412.99146302
2413.10234284
2413.19911902
2413.30687930
2413.41899230
2413.50325888
2413.63126532
2413.71731414
2413.82499591
2413.93280714
2414.02963453
2414.12629612
2414.23403811
2414.34168380
2414.46016559
2414.54628804
2414.65518203
2414.80730023
2414.91420669
2415.01191276
2415.11966743
2415.23768379
2415.32500408
2415.42263408
2415.53044385
2415.63826045
2415.73607234
2415.84415761
2415.95303795
2416.07109137
2416.15792428
2416.26606173
2416.37432060
2416.47155831
2416.57987642
2416.68741654
2416.80573790
2416.90298342
2416.99964867
2417.10643469
2417.21308661
2417.31982533
2417.42679225
2417.54507728
2417.63203478
2417.73991818
2417.84720474
2417.95798094
2418.05461547
2418.16323834
2418.28064981
2418.37174963
2418.47948650
2418.57704287
2418.68499576
2418.79252296
2418.90041587
2419.06249733
2419.12675985
2419.23859101
2419.33578020
2419.44298362
2419.55152896
2419.64637979
2419.75408277
2419.86632329
2419.96166733
2420.06828293
2420.21881808
2420.28188617
2420.38931925
2420.49704418
2420.61726847
2420.71350584
2420.81003504
2420.92025560
2421.02883118
2421.11471981
2421.22240670
2421.38948699
2421.44285148
2421.54850475
2421.65629526
2421.76390853
2421.85931060
2421.95750990
2422.06425910
2422.18344769
2422.28070223
2422.37734066
2422.48515384
2422.59282538
2422.70376834
2422.79923819
2422.91852529
2423.01473412
2423.12238176
2423.22925896
2423.32676828
2423.43380713
2423.54131116
2423.65943821
2423.74527882
2423.84191725
2423.94856161
2424.04438109
2424.15211845
2424.25999941
2424.35753603
2424.47494604
2424.57294566
2424.67061613
2424.77962033
2424.88817152
2424.98487773
2425.08155322
2425.17843302
2425.29868316
2425.39454238
2425.49068149
2425.59842299
2425.70616572
2425.81486100
2425.91147286
2426.03970287
2426.12691954
2426.23460180
2426.34257931
2426.43936281
2426.54622075
2426.65478535
2426.77257814
2426.86880526
2426.96538347
2427.06211772
2427.17078887
2427.26760553
2427.41031976
2427.52944423
2427.62601220
2427.72343131
2427.83112771
2427.93884971
2428.04623184
2428.15485106
2428.27386996
2428.36014357
2428.46864479
2428.56550460
2428.67520218
2428.78289151
2428.87952848
2429.00882663
2429.09348451
2429.20066892
2429.30645092
2429.41442990
2429.51088791
2429.61836952
2429.73677621
2429.81075282
2429.91847750
2430.02616366
2430.11102171
2430.20765064
2430.31536386
2430.42217694
2430.54224812
2430.62880406
2430.73647218
2430.84500509
2430.94159915
2431.04944427
2431.15708899
2431.27526845
2431.37163260
2431.46823226
2431.57508630
2431.68273297
2431.79234449
2431.88853285
2431.97460434
2432.09279868
2432.18900264
2432.29679705
2432.39747150
2432.50487777
2432.61354941
2432.71085441
2432.83991045
2432.92524272
2433.03288572
2433.14054287
2433.23755969
2433.34504934
2433.44192549
2433.54853011
2433.66679808
2433.75198113
2433.90452454
2433.97866181
2434.07451932
2434.17134207
2434.27899020
2434.39911063
2434.49540456
2434.60327016
2434.70383904
2434.81325991
2434.91079483
2435.06247588
2435.14787519
2435.24657430
2435.34326978
2435.45055024
2435.55770880
2435.66451651
2435.76116104
2435.88840216
2435.97363569
2436.08129503
2436.18813590
2436.29612950
2436.38197816
2436.49055788
2436.59819796
2436.71582837
2436.81163589
2436.92287265
2437.01969784
2437.12736035
2437.23505992
2437.37654389
2437.46194272
2437.56016054
2437.65778713
2437.76653094
2437.87428878
2437.98014612
2438.08684510
2438.16233722
2438.27958119
2438.36445193
2438.47242334
2438.57924642
2438.68689747
2438.79757956
2438.89452446
2439.01151974
2439.11786715
2439.21349718
2439.36505804
2439.44997266
2439.55657094
2439.66447409
2439.78253116
2439.86837299
2439.97607451
2440.08375506
2440.19152119
2440.28830957
2440.39088280
2440.48873808
2440.60885876
2440.70811058
2440.80498795
2440.91545036
2441.00136484
2441.09898388
2441.20630432
2441.31370961
2441.43143169
2441.51772627
2441.61432813
2441.72229589
2441.82996279
2441.93067942
2442.03843921
2442.13516468
2442.25166235
2442.34692984
2442.43624327
2442.54290299
2442.64019118
2442.74938018
2442.84553440
2442.95303039
2443.07119401
2443.15738253
2443.26642281
2443.37480626
2443.47165535
2443.57942757
2443.68309575
2443.78365147
2443.88998132
2443.97630125
2444.08291490
2444.18915722
2444.29709669
2444.39378535
2444.49058153
2444.57752976
2444.69653647
2444.78192018
2444.88947883
2444.98732801
2445.08395352
2445.19219435
2445.27894778
2445.37578979
2445.49491694
2445.58029870
2445.68742702
2445.78570166
2445.89239430
2446.00232204
2446.09794793
2446.20550243
2446.32280882
2446.40902465
2446.50376088
2446.60072358
2446.70826955
2446.82000245
2446.91601308
2447.02335254
2447.14056116
2447.22537971
2447.33495418
2447.42982182
2447.53646814
2447.64220065
2447.74891279
2447.84467302
2447.96292198
2448.06003852
2448.15602842
2448.25262077
2448.36048052
2448.45674080
2448.56205957
2448.66922374
2448.78601983
2448.87117753
2448.97787212
2449.09689906
2449.19527854
2449.30301833
2449.39507973
2449.48068360
2449.61137146
2449.69528646
2449.79280894
2449.89960666
2450.00748909
2450.10757206
2450.21394628
2450.31017852
2450.42823828
2450.52535458
2450.61131685
2450.70824785
2450.80473731
2450.90165003
2451.00925256
2451.09488179
2451.20220979
2451.29847300
2451.39736862
2451.50399079
2451.60364709
2451.70996622
2451.80669803
2451.91431397
2452.03261680
2452.12383487
2452.23162269
2452.32828990
2452.43605968
2452.53377575
2452.64251882
2452.74124646
2452.85846166
2452.99905987
2453.09677935
2453.20408688
2453.30175296
2453.41151589
2453.50833937
2453.62640449
2453.72572605
2453.82741352
2453.92529050
2454.03280112
2454.13075905
2454.23925344
2454.34606920
2454.45330212
2454.53911249
2454.64675184
2454.73247469
2454.82924331
2454.92605363
2455.03369639
2455.14438360
2455.25161286
2455.34785827
2455.44462348
2455.55091725
2455.65772959
2455.75446994
2455.86239747
2455.97082359
2456.08860223
2456.17635991
2456.27305735
2456.37999477
2456.48772603
2456.58437885
2456.69304585
2456.77884818
2456.89698766
2456.99529643
2457.09291790
2457.20159588
2457.29853590
2457.40809037
2457.50483925
2457.61183275
2457.73086725
2457.82021993
2457.92747552
2458.02379261
2458.13155484
2458.22826690
2458.33404209
2458.43160943
2458.53691187
2458.62120648
2458.72794008
2458.83554871
2458.94740303
2459.05405373
2459.15282818
2459.27102544
2459.35620776
2459.46303864
2459.56992340
2459.67840755
2459.77212100
2459.87987323
2459.98671532
2460.10498451
2460.19007248
2460.29739000
2460.39600840
2460.50470564
2460.60538838
2460.71306747
2460.78791179
2460.91864597
2460.99140865
2461.09913504
2461.20682144
2461.30345158
2461.40030286
2461.50818187
2461.60577774
2461.72296856
2461.81899430
2461.91659944
2462.02415248
2462.12093402
2462.22863506
2462.33629757
2462.43407654
2462.55129369
2462.63661937
2462.73305934
2462.84069186
2462.93700456
2463.03363154
2463.12994838
2463.29218516
2463.37749572
2463.48570632
2463.58260757
2463.69022498
2463.83085075
2463.92760864
2464.05818532
2464.13194591
2464.24499636
2464.34148095
2464.44818529
2464.54487614
2464.65155829
2464.74841615
2464.86721343
2464.95146562
2465.05999731
2465.15778067
2465.26568114
2465.36231787
2465.48594159
2465.59335176
2465.69255458
2465.78915254
2465.89882135
2465.99561387
2466.10390492
2466.21218329
2466.31033212
2466.42816855
2466.51523113
2466.62298799
2466.73175545
2466.82852261
2466.93513211
2467.03192048
2467.16210609
2467.24732425
2467.34312715
2467.45085013
2467.55898709
2467.65667341
2467.76425254
2467.86001277
2467.97819297
2468.07443716
2468.17123382
2468.27933324
2468.38679071
2468.48339452
2468.59111408
2468.68690332
2468.81520502
2468.89001862
2468.99739636
2469.09556177
2469.20286637
2469.28822423
2469.39493028
2469.55694519
2469.64239350
2469.74992021
2469.85784726
2469.95435306
2470.06215454
2470.17113240
2470.26696163
2470.38604124
2470.47228120
2470.57920985
2470.68709227
2470.78384700
2470.89058279
2470.98737556
2471.09507171
2471.21324460
2471.28951740
2471.38725809
2471.47297533
2471.58094699
2471.68859097
2471.79609744
2471.90301707
2472.01434769
2472.11042097
2472.20817848
2472.31399950
2472.42279378
2472.51952242
2472.62913369
2472.72556001
2472.84452820
2472.93188969
2473.04250790
2473.14190113
2473.24944027
2473.34713221
2473.44332057
2473.55015022
2473.67876936
2473.76418427
2473.86290679
2473.97152162
2474.07831202
2474.17498824
2474.28865846
2474.38556069
2474.50368725
2474.58902268
2474.69204112
2474.79833025
2474.88459557
2474.98036580
2475.09213674
2475.18882417
2475.29700844
2475.38232851
2475.46816717
2475.57575995
2475.67274239
2475.75953386
2475.86782808
2475.97554764
2476.07175014
2476.15697683
2476.26685630
2476.35210982
2476.45935785
2476.55554133
2476.65632525
2476.76413064
2476.88224159
2476.96757873
2477.07625134
2477.18598185
2477.28267367
2477.37961199
2477.48712504
2477.58492449
2477.70284747
2477.78813073
2477.88738353
2477.99391696
2478.10070078
2478.20830161
2478.31514492
2478.44442307
2478.53060452
2478.63813050
2478.74595027
2478.84261527
2478.95249133
2479.05015571
2479.13573666
2479.25255104
2479.34921507
2479.44499797
2479.55171865
2479.65835497
2479.76823516
2479.87586184
2480.01608970
2480.10117011
2480.21943443
2480.31700884
2480.43479821
2480.54252143
2480.65047578
2480.76757322
2480.86281390
2480.97058588
2481.06725917
2481.17518231
2481.27293300
2481.38149761
2481.47928072
2481.59749042
2481.70674354
2481.80344683
2481.91267825
2482.02122823
2482.11699992
2482.21491225
2482.33401088
2482.43119252
2482.53886649
2482.63568314
2482.74365749
2482.85134633
2482.96614294
2483.08430729
2483.18109420
2483.28824374
2483.39654332
2483.49351260
2483.60129238
2483.70911069
2483.82724724
2483.92457151
2484.02318870
2484.13111867
2484.23970010
2484.34842318
2484.45616517
2484.57434463
2484.67260464
2484.78343301
2484.88096013
2484.98778174
2485.10597998
2485.20672075
2485.32491362
2485.41212907
2485.51983474
2485.61666163
2485.72444141
2485.83297140
2485.93372484
2486.03051127
2486.14876363
2486.24531819
2486.35261938
2486.46136928
2486.56898741
2486.67772195
2486.79532701
2486.91265607
2486.99794761
2487.11558997
2487.21229008
2487.31856751
2487.42672764
2487.51263676
2487.60825241
2487.73738062
2487.80118160
2487.90848108
2488.01627866
2488.12488471
2488.23358585
2488.35228609
2488.47057161
2488.55670577
2488.66587648
2488.77624869
2488.88507222
2488.99270352
2489.08952749
2489.20632627
2489.29109533
2489.41315283
2489.50849370
2489.61515001
2489.71352144
2489.80122768
2489.90908865
2490.04911513
2490.13059570
2490.23805950
2490.33379633
2490.43063493
2490.53830231
2490.63619734
2490.74478730
2490.86269004
2490.95934895
2491.05628239
2491.16399781
2491.26054164
2491.36836604
2491.48103834
2491.61014559
2491.70743255
2491.81504996
2491.92384057
2492.00973189
2492.11634992
2492.22310668
2492.32442381
2492.44262303
2492.52809621
2492.63758339
2492.74542803
2492.85404530
2492.95073346
2493.05840304
2493.15631123
2493.29146982
2493.37761982
2493.49643904
2493.59410733
2493.70135609
2493.80869994
2493.89495234
2494.00422448
2494.11247921
2494.20964622
2494.31722095
2494.42597159
2494.53363580
2494.65344782
2494.76110155
2494.86833617
2494.97502857
2495.07289726
2495.18053442
2495.28831883
2495.39629293
2495.50376600
2495.62097340
2495.70625324
2495.81491805
2495.92368722
2496.02132526
2496.12808836
2496.23575551
2496.36398674
2496.44922416
2496.55696299
2496.66868638
2496.78195699
2496.88991232
2496.98614871
2497.10436865
2497.19081171
2497.29947310
2497.41193061
2497.49789971
2497.59352438
2497.71621870
2497.81392112
2497.92234383
2498.02063211
2498.12803302
2498.23519889
2498.34327075
2498.45357689
2498.56127305
2498.68077932
2498.77860632
2498.88633125
2498.98310061
2499.09078384
2499.19946718
2499.30721283
2499.42542692
2499.51059315
2499.60785817
2499.71915856
2499.82731283
2499.94398507
2500.05160954
2500.13739456
2500.26667930
2500.35582157
2500.45462990
2500.55133611
2500.66017817
2500.76684545
2500.86245867
2500.97110446
2501.08951408
2501.16641810
2501.27349596
2501.37021558
2501.47991926
2501.59858366
2501.70725847
2501.81459549
2501.91174032
2502.00855063
2502.10620746
2502.21301054
2502.31073246
2502.40748451
2502.51617735
2502.63461672
2502.72211328
2502.83232165
2502.94008119
2503.04782952
2503.20045753
2503.26632358
2503.37461487
2503.47556946
2503.57230029
2503.66908525
2503.78085107
2503.87760044
2503.97436663
2504.08207765
2504.21036594
2504.29659079
2504.40445713
2504.49008123
2504.59790100
2504.70652485
2504.81426611
2504.90968062
2505.03280454
2505.11811632
2505.22589488
2505.33554712
2505.43634104
2505.54404938
2505.65139957
2505.77560381
2505.86211392
2505.96251189
2506.04930116
2506.15703096
2506.26987685
2506.36536060
2506.48411083
2506.60157935
2506.69956287
2506.80758378
2506.92812016
2507.02468983
2507.13249058
2507.21813443
2507.34641272
2507.42369758
2507.52138780
2507.61818763
2507.72548004
2507.82182127
2507.92030802
2508.02801368
2508.14602273
2508.24223620
2508.32751531
2508.42734545
2508.52504738
2508.63274622
2508.74145052
2508.84020863
2508.95835153
2509.09852795
2509.18428152
2509.28094360
2509.38886260
2509.49648561
2509.59338931
2509.71241991
2509.79781264
2509.89644226
2510.00414988
2510.14583134
2510.24644678
2510.35416391
2510.47339297
2510.53766280
2510.64578440
2510.73261049
2510.82958611
2510.93862687
2511.03646850
2511.14418441
2511.26634723
2511.34056057
2511.44834182
2511.55495839
2511.64074633
2511.74741727
2511.85625494
2511.95398417
2512.07336025
2512.17146886
2512.27215428
2512.38035268
2512.47653714
2512.58273314
2512.68973322
2512.78651111
2512.89360725
2512.98090632
2513.08844156
2513.18630343
2513.28197735
2513.39370806
2513.49050643
2513.59812872
2513.72178609
2513.79507515
2513.89199104
2513.99259454
2514.09031109
2514.19810794
2514.29571332
2514.39257581
2514.49977167
2514.57606934
2514.68370674
2514.79047545
2514.89124961
2514.99940949
2515.10721658
2515.20399106
2515.32203741
2515.41926366
2515.51711895
2515.61566738
2515.70554790
2515.81418565
2515.90009794
2516.00877762
2516.12828414
2516.21521604
2516.32246261
2516.43045426
2516.52858724
2516.62473074
2516.73246981
2516.82915798
2516.93650866
2517.01066032
2517.11751801
2517.22425283
2517.32083323
2517.43162504
2517.54231517
2517.64003831
2517.75780939
2517.85404310
2517.95072493
2518.10259957
2518.17724787
2518.27822561
2518.38673609
2518.50399250
2518.58815082
2518.69776283
2518.79575562
2518.89448618
2519.00410648
2519.13382227
2519.25266660
2519.34822155
2519.44467176
2519.54078063
2519.64855066
2519.75745758
2519.85492837
2519.96274131
2520.06994985
2520.17011913
2520.27948928
2520.37615575
2520.48478618
2520.58151238
2520.68921951
2520.77849027
2520.89617212
2520.99584890
2521.09632904
2521.20279737
2521.28860969
2521.38551315
2521.49308691
2521.59085954
2521.71115795
