2782.87312264
2783.03792136
2783.13969368
2783.24338844
2783.34526585
2783.45693170
2783.56075885
2783.67419330
2783.83788976
2783.91269507
2784.02530472
2784.13998772
2784.25300891
2784.36669936
2784.47862731
2784.59220659
2784.72897797
2784.84258455
2784.95532195
2785.07010808
2785.18287693
2785.29572405
2785.38829233
2785.50496262
2785.61559375
2785.72907111
2785.83226045
2785.93582111
2786.05965622
2786.16186301
2786.27487933
2786.38947578
2786.50314672
2786.61773927
2786.71938457
2786.84319968
2786.94599601
2787.05887067
2787.17452500
2787.28740869
2787.38994779
2787.50438674
2787.62763232
2787.71986926
2787.83200079
2787.93610588
2788.06060318
2788.17543661
2788.27720308
2788.40179717
2788.50351756
2788.61831929
2788.72017158
2788.83270638
2788.94668355
2789.06015823
2789.18582630
2789.28999087
2789.40038112
2789.50405711
2789.61874011
2789.74245234
2789.85700563
2789.97892610
2790.07149487
2790.18729842
2790.28809379
2790.40219019
2790.51692780
2790.61922553
2790.78626730
2790.86814040
2790.97075898
2791.07350191
2791.18709825
2791.30094644
2791.41463129
2791.54920863
2791.64072829
2791.75533449
2791.86990728
2791.97095695
2792.08359756
2792.17648694
2792.29904619
2792.40375764
2792.51652917
2792.61917726
2792.73297108
2792.84866443
2792.95131129
2793.07703007
2793.17773158
2793.30127802
2793.41607025
2793.53018517
2793.63063556
2793.74402686
2793.86868994
2793.97426959
2794.08088201
2794.19567302
2794.31036967
2794.42594989
2794.52868550
2794.65448571
2794.76039694
2794.86394761
2794.95725877
2795.08305460
2795.19781196
2795.36620223
2795.45522236
2795.56677948
2795.68160364
2795.79811082
2795.91181541
2796.01778930
2796.14127991
2796.24648067
2796.35101755
2796.44479683
2796.54861691
2796.66433609
2796.79003415
2796.91569271
2797.02031638
2797.12503124
2797.23997974
2797.35645596
2797.47027368
2797.57346253
2797.69914035
2797.80533586
2797.90880973
2798.01503962
2798.10865384
2798.22154460
2798.33731279
2798.46372179
2798.56733609
2798.68323692
2798.79986771
2798.91350623
2799.04108015
2799.16638031
2799.27000485
2799.38578646
2799.48956728
2799.58329560
2799.68797730
2799.80283779
2799.92848953
2800.03322535
2800.14832404
2800.27501294
2800.37982337
2800.49412871
2800.60876587
2800.73402239
2800.83874748
2800.94395898
2801.04859606
2801.14162807
2801.24614568
2801.34994308
2801.47665734
2801.57962506
2801.68608412
2801.80182160
2801.92663219
2802.03111226
2802.14553803
2802.27202262
2802.37569446
2802.47963449
2802.57346497
2802.68999336
2802.80476901
2802.91925037
2803.04423553
2803.15166789
2803.26617193
2803.38074082
2803.49657606
2803.61125687
2803.72665081
2803.85264486
2803.94607719
2804.04990020
2804.15420472
2804.25978510
2804.37355698
2804.48944757
2804.60306268
2804.71077249
2804.82466896
2804.94012898
2805.04477191
2805.14837695
2805.27406208
2805.40080218
2805.49355527
2805.59823282
2805.71300579
2805.83964275
2805.99820386
2806.10194372
2806.20678316
2806.31148168
2806.42716747
2806.54206405
2806.65783078
2806.77178600
2806.89732583
2806.98007761
2807.09488325
2807.18952025
2807.30669449
2807.41900961
2807.53567722
2807.66038468
2807.76711047
2807.86986193
2807.97562273
2808.09003193
2808.20338812
2808.30939248
2808.43313251
2808.52787922
2808.63285325
2808.73649681
2808.84110658
2808.95756792
2809.07226726
2809.19709589
2809.31293528
2809.42935200
2809.54476301
2809.64822274
2809.76323951
2809.87904647
2810.02577893
2810.13151876
2810.22539483
2810.32907277
2810.44460251
2810.57148378
2810.69594791
2810.80069739
2810.91686665
2811.03125415
2811.14775841
2811.26147348
2811.37717146
2811.50191890
2811.59581228
2811.70179592
2811.79320123
2811.89895886
2812.01459247
2812.12878980
2812.25516614
2812.37126981
2812.48534719
2812.60180463
2812.71760988
2812.83010810
2812.95797314
2813.06153502
2813.16544750
2813.27108517
2813.37403656
2813.48976794
2813.60510654
2813.72950192
2813.83705837
2813.93936537
2814.05699456
2814.17163343
2814.27342452
2814.37920068
2814.50488070
2814.60210232
2814.70332339
2814.81793593
2814.93715231
2815.04861630
2815.16517882
2815.28892592
2815.38357316
2815.49999208
2815.61375104
2815.72910207
2815.84379531
2815.95863898
2816.07372865
2816.18950562
2816.28416920
2816.40087142
2816.51372585
2816.67226843
2816.77593515
2816.88062075
2816.99644209
2817.10420822
2817.21644898
2817.33083014
2817.44451669
2817.57023279
2817.66497682
2817.76954442
2817.86338173
2817.96799028
2818.08382504
2818.19847805
2818.32510136
2818.42994153
2818.54462892
2818.64874693
2818.76400069
2818.87973279
2818.99307411
2819.11959088
2819.21368784
2819.32923344
2819.43372521
2819.54942855
2819.67519780
2819.79096014
2819.91553106
2820.01040212
2820.12604719
2820.22972049
2820.34794482
2820.45946732
2820.57413081
2820.69073113
2820.78347934
2820.88940666
2821.01384666
2821.14266986
2821.25845659
2821.37506178
2821.49930307
2821.60502584
2821.70994305
2821.82556204
2821.93034053
2822.04791023
2822.14998828
2822.26542100
2822.37229454
2822.48600108
2822.60162787
2822.71752113
2822.83358433
2822.93842207
2823.06515022
2823.16962858
2823.27344110
2823.37903075
2823.49472921
2823.60041370
2823.70517512
2823.82985674
2823.92362017
2824.04028412
2824.15708801
2824.27292349
2824.38745606
2824.50333543
2824.62802022
2824.72385505
2824.83990119
2824.95564963
2825.06023137
2825.17514404
2825.29083445
2825.41674194
2825.52214946
2825.63730057
2825.75414738
2825.86793048
2826.00720017
2826.12203994
2826.23650424
2826.34313568
2826.44689530
2826.55174010
2826.66738859
2826.78219471
2826.90681878
2827.01445496
2827.12915673
2827.24586067
2827.36065143
2827.46592802
2827.58250298
2827.69578212
2827.80243721
2827.92910149
2828.03391167
2828.14853226
2828.26526325
2828.38099244
2828.49659728
2828.59954013
2828.71612240
2828.83235554
2828.94815372
2829.05236950
2829.15799376
2829.26082665
2829.35543903
2829.46132612
2829.61989747
2829.71366968
2829.83032973
2829.96695214
2830.09468576
2830.21137458
2830.32496751
2830.42970845
2830.53545950
2830.63973208
2830.76348113
2830.86112186
2830.97500297
2831.08056384
2831.19539386
2831.30918720
2831.42676762
2831.54345083
2831.64813594
2831.76185321
2831.85926940
2831.96196649
2832.06673986
2832.17179239
2832.26562043
2832.38150468
2832.48510850
2832.58990308
2832.75028081
2832.84417248
2832.95988533
2833.08264085
2833.19025899
2833.37169623
2833.47551826
2833.62605975
2833.74068326
2833.86040506
2833.96116557
2834.07801214
2834.19164236
2834.30874249
2834.42132239
2834.54725548
2834.65252378
2834.79031356
2834.89657806
2834.99989687
2835.12733133
2835.23209642
2835.35189990
2835.44173580
2835.55928990
2835.67196610
2835.83466514
2835.92637229
2836.05195185
2836.21081309
2836.32029612
2836.42302637
2836.53977492
2836.65241650
2836.76834025
2836.86588419
2836.98817866
2837.10474460
2837.23056042
2837.34710222
2837.47290755
2837.57668155
2837.69224567
2837.80035557
2837.90136136
2838.00672060
2838.10133883
2838.19422479
2838.31179157
2838.40441056
2838.51849525
2838.64693250
2838.76187077
2838.87730372
2838.99321528
2839.12070801
2839.22448664
2839.32833427
2839.44798976
2839.56169240
2839.66653257
2839.77120696
2839.89496917
2840.00175933
2840.11925369
2840.22068249
2840.33623076
2840.45297907
2840.56772960
2840.68282683
2840.77907687
2840.88245858
2840.98736117
2841.09197217
2841.19724071
2841.30476767
2841.40656827
2841.51038054
2841.62695233
2841.74356557
2841.85907191
2841.96209010
2842.07989069
2842.20361218
2842.30931178
2842.41496067
2842.52141194
2842.62521763
2842.72902722
2842.84472179
2842.97038595
2843.06595894
2843.18003046
2843.29546537
2843.39026304
2843.49489061
2843.59974615
2843.71567208
2843.81977571
2843.91451292
2844.02909888
2844.14505432
2844.26454865
2844.43084631
2844.51456431
2844.63440973
2844.74497893
2844.86458029
2844.97746130
2845.08205522
2845.19593658
2845.29483658
2845.40725606
2845.52292941
2845.65128864
2845.76547232
2845.87851765
2846.00722114
2846.10002640
2846.21482424
2846.31880986
2846.42826144
2846.52999939
2846.62582813
2846.73940643
2846.83220462
2846.93993735
2847.05576869
2847.15932642
2847.28793532
2847.40610089
2847.52626886
2847.63271696
2847.74745725
2847.86646933
2847.96792982
2848.08449502
2848.20023469
2848.31316689
2848.42094107
2848.53703621
2848.65090610
2848.76609086
2848.87616684
2849.00607987
2849.11582524
2849.23232072
2849.35307237
2849.46585561
2849.58474286
2849.69651672
2849.82491545
2849.92967249
2850.04439645
2850.16260176
2850.27689052
2850.39494101
2850.51015307
2850.62596612
2850.74166093
2850.85829001
2850.97712533
2851.08893162
2851.21048126
2851.33209259
2851.46993137
2851.61844510
2851.72716671
2851.86738191
2851.95819817
2852.07280047
2852.16666752
2852.26045046
2852.36598183
2852.45988228
2852.57765825
2852.68231703
2852.77608509
2852.88276408
2852.97658285
2853.08514551
2853.17931147
2853.28098871
2853.38605733
2853.48965164
2853.59652372
2853.71009934
2853.80679214
2853.91248272
2854.01721074
2854.13730460
2854.23807218
2854.34389783
2854.44928121
2854.53399688
2854.63796471
2854.74143468
2854.85213773
2854.94108276
2855.03959243
2855.13448787
2855.24723380
2855.32908057
2855.43475530
2855.54097105
2855.63480835
2855.73952419
2855.84579552
2855.95154340
2856.06981161
2856.16146585
2856.26841400
2856.37197027
2856.47583594
2856.58150629
2856.68616702
2856.80604023
2856.89762132
2857.00148967
2857.10741651
2857.21285304
2857.31761081
2857.42230421
2857.53970227
2857.63343766
2857.74202250
2857.84400182
2857.94950223
2858.05331377
2858.16107551
2858.27376927
2858.37351237
2858.47842495
2858.59107702
2858.69576140
2858.81133723
2858.93947265
2859.05790641
2859.18251195
2859.31909951
2859.43679525
2859.55234719
2859.66804882
2859.78198503
2859.88948273
2860.00444757
2860.12040740
2860.23912958
2860.35485535
2860.45919694
2860.58724458
2860.69229126
2860.81774624
2860.92317765
2861.08589839
2861.17660177
2861.34533338
2861.43025361
2861.54577043
2861.66243048
2861.77832058
2861.89493650
2862.01067129
2862.12434638
2862.23177995
2862.34847291
2862.46419381
2862.57887900
2862.69565412
2862.81214789
2862.92890376
2863.04448958
2863.16134858
2863.27714944
2863.39279841
2863.50948723
2863.63378923
2863.74135471
2863.85801792
2863.97206190
2864.08937901
2864.20465203
2864.32132573
2864.43877742
2864.55362280
2864.66774187
2864.78637335
2864.90116655
2865.01597097
2865.14748900
2865.24916696
2865.36890388
2865.47968277
2865.59757722
2865.71332444
2865.82915822
2865.94835193
2866.06146017
2866.16534217
2866.27191876
2866.38764989
2866.50438235
2866.62897010
2866.72577749
2866.84144840
2866.94623543
2867.06297569
2867.16776686
2867.28350287
2867.40794530
2867.50501796
2867.61162795
2867.72638994
2867.84203159
2867.95796509
2868.07366843
2868.20126942
2868.29501408
2868.41174312
2868.51746442
2868.63315801
2868.74973663
2868.86558357
2868.97919868
2869.07492649
2869.19467633
2869.30662817
2869.42334088
2869.52809719
2869.63481128
2869.74875871
2869.85465994
2869.97126854
2870.08696237
2870.20407079
2870.30701705
2870.41477903
2870.53022735
2870.63502827
2870.75062702
2870.85643706
2870.97313393
2871.07800750
2871.19260395
2871.31743648
2871.42698339
2871.54134456
2871.66796641
2871.77415412
2871.89100190
2871.99488683
2872.12048078
2872.22624816
2872.34481602
2872.44756723
2872.56432188
2872.68081492
2872.79659116
2872.92340318
2873.02964257
2873.14809242
2873.26091272
2873.38163853
2873.49254590
2873.60913012
2873.72497414
2873.84150692
2873.95729973
2874.06396238
2874.17964622
2874.28298160
2874.40838879
2874.51621709
2874.63182194
2874.74821891
2874.86566720
2874.98041578
2875.08513478
2875.21160742
2875.31764689
2875.43237646
2875.53707766
2875.65497991
2875.76747546
2875.88231352
2876.01286386
2876.11651644
2876.22094556
2876.33864521
2876.45247000
2876.57183559
2876.67681059
2876.80542997
2876.89831764
2877.01685551
2877.13460173
2877.24743714
2877.36408231
2877.53380964
2877.63037980
2877.74711104
2877.85386146
2877.95707397
2878.06387973
2878.16731971
2878.29603759
2878.39117513
2878.49487501
2878.60051171
2878.71925047
2878.86692476
2878.98354873
2879.09914674
2879.21689052
2879.33455043
2879.44936265
2879.56991633
2879.67287429
2879.79855016
2879.89860558
2880.00943615
2880.12324875
2880.23392133
2880.33748979
2880.45526259
2880.58090725
2880.68719809
2880.80808116
2880.92152999
2881.03726722
2881.15387777
2881.26983565
2881.38861611
2881.49529582
2881.59887818
2881.70353672
2881.82432153
2881.91404822
2882.03066511
2882.13562987
2882.24283524
2882.34772393
2882.45154815
2882.57018159
2882.68603829
2882.80168604
2882.89942088
2883.00333531
2883.12002681
2883.23586449
2883.35256330
2883.46825981
2883.59517375
2883.70266364
2883.81930711
2883.93682780
2884.04064300
2884.15738180
2884.27613861
2884.39933616
2884.50558579
2884.66613053
2884.76085628
2884.86645372
2884.97152600
2885.07796947
2885.19473362
2885.28848291
2885.39528502
2885.49998257
2885.59469881
2885.71052820
2885.85007998
2885.97529286
2886.08118946
2886.19738042
2886.30654650
2886.40992796
2886.52659996
2886.64523486
2886.77096607
2886.87750316
2886.99321820
2887.10905954
2887.21471087
2887.32043972
2887.43628423
2887.55586048
2887.64672380
2887.76336020
2887.87985738
2887.99776354
2888.11324184
2888.23007963
2888.34572201
2888.45242245
2888.55712609
2888.66297978
2888.76860649
2888.87527864
2888.96955627
2889.09426495
2889.18290887
2889.28637811
2889.39309976
2889.50763208
2889.61346066
2889.73340409
2889.85729088
2889.96364658
2890.07218607
2890.18819636
2890.30274868
2890.42040396
2890.53518667
2890.64954614
2890.75639944
2890.87417346
2890.98890546
2891.10937844
2891.22418651
2891.33995080
2891.45959459
2891.57149402
2891.73504200
2891.82977701
2891.93352394
2892.03721748
2892.16488576
2892.26010888
2892.36563587
2892.47144469
2892.57746198
2892.70485280
2892.80954328
2892.91545695
2893.01008639
2893.13030971
2893.23216249
2893.41547974
2893.52029480
2893.63568168
2893.73056200
2893.85123734
2893.95502963
2894.05896527
2894.17449965
2894.28215338
2894.40612502
2894.51460917
2894.61947739
2894.72581089
2894.84209694
2894.95785635
2895.04381155
2895.16424844
2895.25595973
2895.36588967
2895.47837180
2895.58408043
2895.69970136
2895.81852399
2895.94323925
2896.05175705
2896.15622322
2896.27203725
2896.38233119
2896.48298345
2896.58834221
2896.71592784
2896.82814471
2896.95236065
2897.06806155
2897.18274308
2897.30031742
2897.40606383
2897.51077917
2897.62663953
2897.74236920
2897.85908995
2897.96364853
2898.09029476
2898.21700974
2898.32175044
2898.42757317
2898.54455699
2898.66107124
2898.76467067
2898.87057215
2898.99641820
2899.10206221
2899.21843530
2899.32286197
2899.44452888
2899.55520268
2899.67201316
2899.79765197
2899.89338782
2900.00914675
2900.11401008
2900.23055798
2900.34051254
2900.44074496
2900.56937995
2900.67360962
2900.78861737
2900.90412786
2901.02512991
2901.13584515
2901.24242174
2901.36818904
2901.46290479
2901.58941253
2901.70514294
2901.81097371
2901.91762368
2902.02148350
2902.14942314
2902.24322143
2902.35942482
2902.47439552
2902.59096974
2902.69588379
2902.81144743
2902.94057735
2903.04406657
2903.16055156
2903.27561954
2903.39230031
2903.49709099
2903.61765540
2903.74080150
2903.84954775
2903.96935952
2904.07913683
2904.18379049
2904.29953479
2904.40423477
2904.52948983
2904.63627511
2904.75239927
2904.86809163
2904.98581128
2905.09942225
2905.20612561
2905.33488152
2905.43848485
2905.55241497
2905.66852498
2905.78625072
2905.90009282
2906.00552399
2906.12512535
2906.22686354
2906.34277972
2906.44932144
2906.56411074
2906.68081175
2906.80864679
2906.91344991
2907.02906426
2907.14488658
2907.25055887
2907.37083827
2907.48256410
2907.59998776
2907.70338141
2907.80898691
2907.92716052
2908.04055669
2908.15726087
2908.27387630
2908.39954461
2908.49426841
2908.61425207
2908.72682709
2908.84458160
2908.95784733
2909.06370541
2909.18562369
2909.26269301
2909.36918500
2909.47400932
2909.61268364
2909.71635012
2909.82201924
2909.92982706
2910.02062066
2910.12928132
2910.23444064
2910.34787119
2910.45301418
2910.55763005
2910.67419452
2910.77143053
2910.87369730
2910.98187034
2911.08558266
2911.18906871
2911.29447794
2911.42240295
2911.51601059
2911.62172214
2911.72602203
2911.83561965
2911.96000187
2912.06273895
2912.17936998
2912.27714993
2912.37904611
2912.49400046
2912.60280181
2912.70525216
2912.81277424
2912.92159948
2912.99943607
2913.09408575
2913.20141912
2913.30787965
2913.39768191
2913.51436293
2913.62117552
2913.73885274
2913.82979627
2913.93484466
2914.04227067
2914.15688760
2914.26163098
2914.36741226
2914.48272550
2914.58200805
2914.68291631
2914.78771894
2914.89730462
2914.99898868
2915.10382422
2915.21867228
2915.31719316
2915.41899913
2915.52479699
2915.63044734
2915.73332095
2915.83913563
2915.95578397
2916.05109364
2916.15559151
2916.25967588
2916.38111215
2916.49187932
2916.60848110
2916.73426351
2916.84450016
2916.96770088
2917.08357440
2917.18824683
2917.30800667
2917.42111027
2917.52699468
2917.64265584
2917.75934807
2917.86416826
2917.96814900
2918.07361065
2918.19923312
2918.31985775
2918.47861147
2918.57418055
2918.68992266
2918.79253466
2918.91898999
2919.01366770
2919.12956243
2919.24397895
2919.36445875
2919.46443225
2919.58010804
2919.70875131
2919.81242218
2919.92615091
2920.04272050
2920.15839556
2920.27327214
2920.43176474
2920.54863470
2920.65202421
2920.75775795
2920.85149237
2920.95710566
2921.07280096
2921.18756758
2921.33625612
2921.43087483
2921.54662084
2921.66320067
2921.77786978
2921.90174755
2922.00799207
2922.12593455
2922.22863871
2922.34445225
2922.46100966
2922.57672519
2922.69351616
2922.79610695
2922.91102961
2923.02657131
2923.14457718
2923.24803788
2923.35274177
2923.46711732
2923.56293461
2923.66614979
2923.77077029
2923.88139728
2924.01607654
2924.11797808
2924.28846146
2924.37127859
2924.49017924
2924.60283131
2924.70945568
2924.81315214
2924.91806254
2925.04455102
2925.15026038
2925.26595762
2925.38071961
2925.48646749
2925.60607690
2925.70570614
2925.84191725
2925.93672687
2926.06241834
2926.15731158
2926.26180287
2926.36810248
2926.47074911
2926.58739769
2926.68011348
2926.79666040
2926.91135656
2927.07115500
2927.16587928
2927.28960541
2927.39729133
2927.51281620
2927.62782931
2927.74433869
2927.85194317
2927.96471617
2928.08439311
2928.18480620
2928.30005313
2928.41679948
2928.53471222
2928.64620449
2928.75188483
2928.86757598
2928.97235569
2929.08003965
2929.20466349
2929.30843309
2929.41706499
2929.51793912
2929.62373625
2929.72736493
2929.84384675
2930.00332800
2930.10820425
2930.22582077
2930.35149980
2930.45509314
2930.56195791
2930.67475138
2930.78133650
2930.89598902
2931.01047014
2931.13921021
2931.24206602
2931.35799196
2931.47768231
2931.58862966
2931.70520462
2931.81890824
2931.94459093
2932.04031362
2932.14506846
2932.25069199
2932.35365727
2932.46030139
2932.56391838
2932.73101793
2932.81771625
2932.93240632
2933.05912155
2933.17570529
2933.29461911
2933.40718755
2933.53277369
2933.62752504
2933.74241138
2933.86121231
2933.97384634
2934.08878192
2934.20467568
2934.32995316
2934.44618996
2934.55277605
2934.65747530
2934.77212734
2934.88900096
2934.99263062
2935.10722999
2935.20311408
2935.30695147
2935.40153751
2935.51730302
2935.62091098
2935.73677499
2935.86223704
2935.96800150
2936.08358586
2936.20014448
2936.30404745
2936.41967399
2936.53451864
2936.66029691
2936.76782630
2936.88352671
2936.99725568
2937.10355774
2937.21915721
2937.32175142
2937.43757788
2937.54247169
2937.66221252
2937.79666991
2937.91124904
2938.01622185
2938.12082797
2938.23907814
2938.34386370
2938.45844795
2938.57236515
2938.69004115
2938.80390592
2938.92042188
2939.04609555
2939.15100375
2939.25567180
2939.37126079
2939.48611421
2939.60392357
2939.71949672
2939.84517503
2939.94688884
2940.05378188
2940.16495403
2940.27867739
2940.38237605
2940.49517221
2940.61079071
2940.71269225
2940.82826076
2940.92991288
2941.04276366
2941.15742179
2941.26107436
2941.39573753
2941.49966879
2941.61421842
2941.72805272
2941.83171651
2941.93449333
2942.04713077
2942.17282858
2942.27567464
2942.38018640
2942.51397600
2942.62877139
2942.74300749
2942.85851724
2942.97238690
2943.07367136
2943.20128917
2943.31397171
2943.42673251
2943.54120096
2943.65608096
2943.77976588
2943.87392916
2943.98577251
2944.10480141
2944.21364615
2944.31723290
2944.41990074
2944.54664863
2944.64834172
2944.76705683
2944.87470642
2945.00236836
2945.10415702
2945.21802740
2945.34364915
2945.43442982
2945.55231354
2945.66385847
2945.76572125
2945.88324511
2945.99515234
2946.12166301
2946.21157645
2946.32519376
2946.43981044
2946.58388318
2946.66742979
2946.78198454
2946.90854788
2946.99818703
2947.11275666
2947.22549065
2947.34041599
2947.45802348
2947.57092911
2947.68332493
2947.78524622
2947.89908199
2948.01371134
2948.12684762
2948.23967425
2948.34477043
2948.47982588
2948.57269551
2948.68628185
2948.80100898
2948.90568580
2949.01843832
2949.13313692
2949.25589561
2949.35951796
2949.47433481
2949.57695608
2949.69236977
2949.80532587
2949.91783799
2950.04407218
2950.14676903
2950.27051954
2950.43011391
2950.52397169
2950.62556579
2950.75019986
2950.84012330
2950.95980707
2951.06920648
2951.18383852
2951.29675682
2951.41123527
2951.52408482
2951.63078209
2951.74549605
2951.85607745
2951.95879648
2952.08771452
2952.19749086
2952.31319444
2952.41583229
2952.52964367
2952.64790213
2952.74664586
2952.86162825
2952.97910067
2953.09991230
2953.20283979
2953.31640956
2953.42024061
2953.53685969
2953.64665700
2953.76147726
2953.88755225
2953.98952278
2954.10264614
2954.21833119
2954.32197816
2954.42296517
2954.53752700
2954.65047188
2954.75800103
2954.87455136
2954.97332873
2955.08519061
2955.19901613
2955.30233762
2955.42826047
2955.53119649
2955.63479665
2955.74745555
2955.86602681
2955.96502727
2956.08065893
2956.19424893
2956.29592885
2956.40975632
2956.51338866
2956.62822429
2956.74167166
2956.85851432
2956.97921331
2957.07585540
2957.18758440
2957.30131143
2957.41702062
2957.53080957
2957.64240618
2957.76732941
2957.87071429
2958.02839768
2958.12004461
2958.23441943
2958.35031245
2958.45196824
2958.57674664
2958.67855042
2958.78250898
2958.89883671
2959.01014783
2959.11309751
2959.22701494
2959.35175580
2959.44396763
2959.55800088
2959.67295768
2959.77551580
2959.89022976
2960.00410282
2960.11698529
2960.22038577
2960.34495133
2960.45872882
2960.57259238
2960.68814821
2960.82393583
2960.92607533
2961.02972522
2961.13237599
2961.24921524
2961.36265140
2961.48133847
2961.62085881
2961.72971062
2961.84921226
2961.96886483
2962.09880394
2962.21657771
2962.34520953
2962.45642092
2962.58670771
2962.71636694
2962.84711282
2962.96538859
2963.10301429
2963.21455068
2963.33434027
2963.45163227
2963.57327090
2963.68899082
2963.81861932
2963.93228417
2964.05021447
2964.15590310
2964.27565830
2964.39914672
2964.52283432
2964.63252142
2964.75261114
2964.86996580
2964.99014572
2965.09882296
2965.22667239
2965.33540279
2965.44396642
2965.56272420
2965.68250281
2965.80107213
2965.93077938
2966.03921891
2966.16071589
2966.27785332
2966.38622702
2966.50645692
2966.63330088
2966.74377866
2966.85549791
2966.95943258
2967.07908246
2967.19855972
2967.30731352
2967.42902091
2967.54563975
2967.66394454
2967.78238244
2967.89209734
2968.00990109
2968.13771151
2968.24833874
2968.37107988
2968.48743517
2968.60736933
2968.72482200
2968.84344764
2968.95575130
2969.07069688
2969.18986402
2969.30998713
2969.42962482
2969.55724068
2969.66635167
2969.78693997
2969.90743806
2970.02719180
2970.14285126
2970.27260581
2970.38222904
2970.50004986
2970.61955053
2970.74034729
2970.85867987
2971.02908986
2971.11677927
2971.22738236
2971.34705150
2971.50762745
2971.59447231
2971.70314516
2971.83578374
2971.94144189
2972.14696676
2972.24480546
2972.36488518
2972.50154148
2972.65525152
2972.74202591
2972.85060637
2972.98029777
2973.09947345
2973.28312155
2973.39241344
2973.52202902
2973.62875262
2973.74906249
2973.86864337
2973.99678757
2974.10580615
2974.22523538
2974.34424038
2974.46299914
2974.57088596
2974.69842355
2974.81213936
2974.94375296
2975.05844839
2975.17836671
2975.29893916
2975.42575728
2975.53640328
2975.65423995
2975.77472049
2975.89190546
2976.01055231
2976.14098636
2976.24990327
2976.35950162
2976.47726003
2976.59700622
2976.71572548
2976.82454584
2976.95293433
2977.06166521
2977.18119611
2977.30076822
2977.41887674
2977.53888038
2977.66976987
2977.76621959
2977.88371737
2978.00545645
2978.12236031
2978.24210454
2978.34957444
2978.47020492
2978.58808889
2978.70158405
2978.80975515
2978.92446667
2979.04293895
2979.17543514
2979.27213014
2979.39090109
2979.50952453
2979.62834497
2979.76243275
2979.88654092
2979.99726422
2980.11510284
2980.23563067
2980.35526471
2980.47218002
2980.60182462
2980.71246916
2980.83506889
2980.95097215
2981.07157289
2981.17725421
2981.30475084
2981.41494873
2981.53251989
2981.65548606
2981.77283780
2981.89195081
2982.02069697
2982.12958023
2982.24925303
2982.41165072
2982.51144209
2982.61805427
2982.74489506
2982.89789829
2982.98544434
2983.09328776
2983.21235177
2983.34387467
2983.47149394
2983.57015526
2983.67797259
2983.78486710
2983.90117948
2984.00508879
2984.11598201
2984.22846683
2984.33420398
2984.44903862
2984.56768864
2984.68343757
2984.79970582
2984.91546889
2985.03222012
2985.13981169
2985.24460919
2985.34932527
2985.45605911
2985.56070570
2985.66646747
2985.76120273
2985.86702472
2985.96174023
2986.06790892
2986.17277957
2986.28831030
2986.40412043
2986.51062972
2986.63833798
2986.73534042
2986.85169619
2986.95462076
2987.07222484
2987.17803196
2987.28378520
2987.40865113
2987.50612559
2987.62382329
2987.73848605
2987.84615051
2987.95973441
2988.13120034
2988.22509129
2988.24704070
2988.35462690
2988.47036852
2988.58710366
2988.70288014
2988.82051201
2988.94517559
2989.04263858
2989.14706672
2989.25272365
2989.35844300
2989.46419844
2989.58111717
2989.68588127
2989.76977677
2989.87639139
2989.98022975
2990.09697684
2990.21439172
2990.33111662
2990.46032577
2990.56424459
2990.67096600
2990.78752487
2990.89336832
2991.00903728
2991.12465967
2991.25057374
2991.34539945
2991.46304498
2991.58253858
2991.69668154
2991.81166832
2991.93265574
2992.05571066
2992.16239769
2992.27907627
2992.44066207
2992.53344685
2992.63825411
2992.74884282
2992.86067301
2992.95564622
2993.07214072
2993.17693750
2993.28879304
2993.38837669
2993.49376007
2993.61567225
2993.71566038
2993.83221145
2993.93893822
2994.05660203
2994.17149372
2994.27806153
2994.40028726
2994.50994656
2994.62758160
2994.74324910
2994.85919918
2994.97589848
2995.09255585
2995.20931756
2995.32657982
2995.44225317
2995.55904317
2995.67484232
2995.79055541
2995.91704268
2996.02678001
2996.12877152
2996.23997853
2996.33977819
2996.44463982
2996.56312356
2996.67738013
2996.76324293
2996.87075696
2996.97460215
2997.08023592
2997.18589993
2997.28971634
2997.41651008
2997.52405264
2997.64183689
2997.76070146
2997.87410226
2997.97994693
2998.09663575
2998.21150282
2998.31723290
2998.43474189
2998.54340426
2998.65533100
2998.77302797
2998.88172350
2999.00841166
2999.11135403
2999.22798774
2999.34450687
2999.50406320
2999.59827549
2999.71270200
2999.81018913
2999.91595554
3000.02167318
3000.13840783
3000.24406014
3000.34982849
3000.46359184
3000.56223829
3000.66601155
3000.78208646
3000.89705764
3001.00403602
3001.12160864
3001.24938786
3001.35411173
3001.47179432
3001.58747815
3001.70425401
3001.81997905
3001.93557682
3002.04284289
3002.14854055
3002.25240816
3002.35957501
3002.47532394
3002.59083419
3002.71736241
3002.82474332
3002.94367250
3003.05830576
3003.17499848
3003.29454060
3003.39628659
3003.51224642
3003.60578701
3003.71263324
3003.80665048
3003.91711265
3004.01904760
3004.12472331
3004.22117498
3004.37952373
3004.48341939
3004.60104809
3004.71849393
3004.83628599
3004.95185913
3005.06962632
3005.18358179
3005.30224717
3005.41381233
3005.51765459
3005.63324042
3005.74870580
3005.87155738
3005.97738645
3006.09296520
3006.21176102
3006.32252088
3006.43518782
3006.54389213
3006.66471741
3006.77029487
3006.88398385
3007.00070339
3007.10656439
3007.23063868
3007.34374594
3007.45743029
3007.54125021
3007.63408863
3007.74874505
3007.86350192
3007.97901680
3008.09362885
3008.21756100
3008.31022217
3008.42684345
3008.53073886
3008.62548850
