2543.45248731
2543.54355323
2543.64417965
2543.74290338
2543.83627111
2543.93670492
2544.03597089
2544.14585011
2544.24944149
2544.34755838
2544.44101608
2544.52756885
2544.63639872
2544.73619083
2544.85091259
2544.92851366
2545.02820337
2545.12754125
2545.21478962
2545.31272316
2545.42444705
2545.49804185
2545.60446312
2545.70102890
2545.80980684
2545.96100320
2546.01425870
2546.12303249
2546.22072978
2546.31837685
2546.42711261
2546.51302685
2546.62055990
2546.73712925
2546.81238975
2546.91989208
2547.00517168
2547.14393767
2547.26112215
2547.36897240
2547.48624245
2547.57233418
2547.66924276
2547.76689202
2547.86350388
2547.94947590
2548.05805050
2548.15574852
2548.30685784
2548.36034447
2548.46739258
2548.54287520
2548.65091001
2548.73581122
2548.82053908
2548.91818493
2549.02505798
2549.13325224
2549.20835622
2549.31708637
2549.45644604
2549.55311909
2549.63790132
2549.74546777
2549.84229223
2549.94845555
2550.04401220
2550.15142383
2550.24787551
2550.34558865
2550.45233688
2550.55195002
2550.66073893
2550.76806937
2550.86520957
2550.96199453
2551.05760847
2551.14558387
2551.25320713
2551.34846950
2551.44427800
2551.56429092
2551.65042995
2551.74723148
2551.83260544
2551.94271287
2552.07197200
2552.14686948
2552.25344435
2552.37068077
2552.45495417
2552.53992462
2552.63753609
2552.74429675
2552.85296888
2552.94982357
2553.04655660
2553.15385900
2553.24911796
2553.38817628
2553.49549696
2553.60210354
2553.68680092
2553.79339847
2553.89978269
2553.98499330
2554.09283940
2554.17949701
2554.28824496
2554.38495239
2554.49263026
2554.61076364
2554.71758525
2554.79237789
2554.88782409
2554.97358400
2555.07027777
2555.17797905
2555.27371978
2555.38242384
2555.48982621
2555.57680662
2555.66265674
2555.77127059
2555.85820395
2555.96583867
2556.06368103
2556.14958673
2556.26709304
2556.34173622
2556.43848827
2556.54635533
2556.64292769
2556.72963041
2556.82648193
2556.92317180
2557.04149658
2557.12753589
2557.23431142
2557.33284888
2557.43053691
2557.53731025
2557.63356663
2557.74190791
2557.84870465
2557.93659618
2558.04439791
2558.14122578
2558.24899605
2558.34560572
2558.43237865
2558.53919880
2558.64526485
2558.75259797
2558.84929906
2558.95687648
2559.05253090
2559.16143245
2559.29053628
2559.38630943
2559.48158789
2559.58920652
2559.69693778
2559.79384977
2559.89047089
2559.98730680
2560.08408762
2560.20232828
2560.28835174
2560.39509607
2560.49206096
2560.59833108
2560.71668511
2560.80367211
2560.90051241
2560.99570628
2561.09183441
2561.18761683
2561.30642289
2561.40522464
2561.51252924
2561.61007586
2561.76117713
2561.85811179
2561.95453177
2562.06226767
2562.16190129
2562.25762910
2562.35456400
2562.45209185
2562.55827590
2562.64359743
2562.74041677
2562.84896772
2562.94589604
2563.04371183
2563.15142554
2563.24845431
2563.36597452
2563.46622986
2563.57297516
2563.68063499
2563.77630184
2563.88404310
2563.98584273
2564.10494233
2564.19031604
2564.28708077
2564.38369238
2564.49042378
2564.58720825
2564.69490051
2564.80226045
2564.92055524
2565.02724934
2565.10116499
2565.18638023
2565.27237639
2565.38097878
2565.47774497
2565.58560716
2565.69278303
2565.78002797
2565.89058353
2565.98861947
2566.08530228
2566.19192884
2566.28951179
2566.39721477
2566.50445403
2566.57816342
2566.68591053
2566.78283910
2566.90141158
2566.99805001
2567.10583565
2567.20151469
2567.31973975
2567.40601263
2567.50891793
2567.60459259
2567.70121883
2567.78699385
2567.88428886
2567.98046503
2568.11218078
2568.19622110
2568.29268619
2568.40050303
2568.49729872
2568.59486435
2568.70163013
2568.79941081
2568.91870985
2569.00790844
2569.09261192
2569.19946230
2569.29533493
2569.40209900
2569.49853117
2569.60578335
2569.71181795
2569.79810594
2569.90589670
2570.00268093
2570.11140059
2570.20817897
2570.30486616
2570.41257987
2570.53108702
2570.61627739
2570.71289046
2570.80985901
2570.90995246
2571.00583704
2571.12337675
2571.22017951
2571.34039746
2571.42557369
2571.52240302
2571.63015769
2571.71578326
2571.82165329
2571.92834860
2572.03437442
2572.15099424
2572.23727980
2572.33291398
2572.43969853
2572.53641815
2572.64415015
2572.74097534
2572.83955547
2572.94698904
2573.03218355
2573.13883742
2573.24649482
2573.34227772
2573.43788289
2573.53398957
2573.62963716
2573.75787547
2573.84812219
2573.94514511
2574.06259998
2574.15946881
2574.26614438
2574.36391262
2574.46054935
2574.57979450
2574.66599327
2574.77472464
2574.86243258
2574.96077962
2575.05718083
2575.16478678
2575.26149225
2575.39084599
2575.47702573
2575.58455244
2575.67042937
2575.76781508
2575.87547198
2575.97132389
2576.08004575
2576.19811331
2576.28433986
2576.39460333
2576.49090823
2576.58682889
2576.69330429
2576.79002050
2576.88676718
2577.00522044
2577.10416190
2577.18990839
2577.29671391
2577.39454433
2577.49230184
2577.58986773
2577.69751341
2577.80342220
2577.90061311
2577.99815314
2578.10606020
2578.20273886
2578.29942337
2578.39618517
2578.49388465
2578.61237912
2578.69958409
2578.80801996
2578.90390819
2578.99968792
2579.10735165
2579.21365639
2579.32176653
2579.46073220
2579.52515587
2579.63172978
2579.72955873
2579.88213285
2579.97994011
2580.08752801
2580.20576331
2580.29198597
2580.39967091
2580.49724166
2580.61728798
2580.70268461
2580.78794446
2580.89578568
2581.00287792
2581.10014051
2581.19682429
2581.30466088
2581.40324856
2581.51009553
2581.61767100
2581.71438233
2581.82072388
2581.90701286
2582.01365649
2582.12136898
2582.21764243
2582.31311838
2582.41980004
2582.56995265
2582.63323652
2582.73994354
2582.83600268
2582.94335506
2583.05129917
2583.15193656
2583.24856622
2583.36592185
2583.50893671
2583.59474367
2583.70241471
2583.79948590
2583.90708892
2584.01569059
2584.12282940
2584.21928595
2584.31586026
2584.42272210
2584.52043183
2584.61695420
2584.71382181
2584.81165296
2584.92984389
2585.01599901
2585.11287930
2585.21058049
2585.31818327
2585.42599962
2585.52259636
2585.63045490
2585.73764247
2585.82314296
2585.93153348
2586.01686063
2586.12507269
2586.21088135
2586.31951886
2586.41832231
2586.57936930
2586.65465809
2586.74056062
2586.84924640
2586.94873837
2587.04464343
2587.13027874
2587.22648856
2587.32372652
2587.44150955
2587.52775927
2587.62447694
2587.73209678
2587.87290370
2587.94774631
2588.05551659
2588.13014928
2588.24866642
2588.33482276
2588.43154555
2588.52834368
2588.60299393
2588.69976426
2588.79066415
2588.90128383
2588.99810341
2589.11639868
2589.20156443
2589.30845674
2589.40605846
2589.51393090
2589.60056925
2589.68638279
2589.78402962
2589.87939756
2589.97513658
2590.07199370
2590.16933991
2590.27806104
2590.37565643
2590.48347156
2590.58118227
2590.69443240
2590.78057996
2590.88828440
2590.99600275
2591.09272115
2591.17847106
2591.27543107
2591.36136067
2591.47864560
2591.56292144
2591.65974712
2591.75539739
2591.85219795
2591.94191147
2592.04958666
2592.14633334
2592.26431166
2592.35346808
2592.46020411
2592.55699858
2592.66465402
2592.77157462
2592.86936627
2592.97782433
2593.09608401
2593.18530162
2593.28110354
2593.36731010
2593.45303563
2593.56078421
2593.65771862
2593.75445750
2593.88301812
2593.94737475
2594.05446065
2594.16230260
2594.26014618
2594.36884391
2594.45473450
2594.56233240
2594.68147491
2594.76762710
2594.85443783
2594.96234781
2595.07093679
2595.16768469
2595.27502562
2595.37233257
2595.49059274
2595.58682328
2595.68366188
2595.79043375
2595.89814015
2595.99470178
2596.09162084
2596.18937421
2596.30950781
2596.38492995
2596.49259417
2596.59030439
2596.69822631
2596.79541575
2596.90316969
2597.01077613
2597.11803976
2597.21436417
2597.31102966
2597.41083566
2597.50761136
2597.60524965
2597.70150603
2597.80928167
2597.91651142
2598.00270823
2598.15495882
2598.22074368
2598.31647563
2598.42423566
2598.52105183
2598.62882284
2598.74689673
2598.82414355
2598.92385813
2599.03153868
2599.11859541
2599.22918728
2599.32513159
2599.48699972
2599.55045889
2599.64617986
2599.75373241
2599.85060539
2599.95829399
2600.05606223
2600.16278583
2600.27001729
2600.35526519
2600.46398511
2600.56172263
2600.67047814
2600.77336881
2600.86106822
2600.97173324
2601.07848708
2601.16364307
2601.25952032
2601.34439179
2601.45308391
2601.52781388
2601.62466955
2601.72129530
2601.81808953
2601.93630849
2602.02149861
2602.12921915
2602.22569374
2602.31137538
2602.41902985
2602.51648528
2602.63482323
2602.75256408
2602.82882274
2602.94748275
2603.03329654
2603.14315577
2603.23974861
2603.33632560
2603.43229624
2603.53975590
2603.62562211
2603.73350405
2603.83154633
2603.92954839
2604.03721163
2604.13885083
2604.23556850
2604.36480253
2604.45503194
2604.55065783
2604.64818812
2604.75584405
2604.84147522
2604.94919868
2605.04576812
2605.15387802
2605.24067363
2605.34091531
2605.43706661
2605.53478707
2605.64249517
2605.73940326
2605.84796079
2605.97618130
2606.07269197
2606.18008605
2606.28777197
2606.43241620
2606.53036413
2606.62698647
2606.75481883
2606.84291028
2606.94038791
2607.03696465
2607.14466569
2607.22966296
2607.33817246
2607.43408385
2607.55114887
2607.63639702
2607.73424864
2607.84380531
2607.95172772
2608.03827269
2608.14514184
2608.24139945
2608.37064322
2608.47843446
2608.57520650
2608.68389057
2608.77975661
2608.87830822
2608.98742066
2609.10552455
2609.19151485
2609.29830087
2609.39506242
2609.49784777
2609.59351950
2609.70239423
2609.81045464
2609.91927183
2610.01550676
2610.11243727
2610.22080488
2610.31765884
2610.41438626
2610.52114107
2610.61796552
2610.73608160
2610.85431641
2610.96204451
2611.05918055
2611.14445040
2611.25194176
2611.34911754
2611.47934119
2611.56567356
2611.66325407
2611.77091463
2611.88044594
2611.98825449
2612.08497557
2612.19167065
2612.29816994
2612.44909787
2612.54782550
2612.65558359
2612.76282114
2612.89239064
2612.95641544
2613.08444187
2613.18070728
2613.28839417
2613.38515572
2613.49400778
2613.60059411
2613.69723791
2613.82565615
2613.92285412
2614.02053630
2614.12843798
2614.24200458
2614.33891949
2614.43649391
2614.54440632
2614.66743174
2614.75379264
2614.85036085
2614.95803263
2615.06602086
2615.17358366
2615.27134532
2615.36818416
2615.48641653
2615.58339874
2615.68023855
2615.80196349
2615.88872399
2615.98653125
2616.08412638
2616.19214291
2616.30001192
2616.39142333
2616.48797033
2616.60772651
2616.70502883
2616.80684724
2616.90330281
2617.02195527
2617.11708013
2617.21323436
2617.32103681
2617.42981890
2617.53752334
2617.63832043
2617.74691136
2617.87620390
2617.96239852
2618.06209017
2618.15878395
2618.26661030
2618.36420373
2618.47306261
2618.58076779
2618.68697403
2618.78329746
2618.88278456
2618.98568523
2619.08243240
2619.18041056
2619.29757066
2619.40586683
2619.52345969
2619.60884047
2619.70535432
2619.82713070
2619.92298358
2620.01853974
2620.13737847
2620.23617461
2620.35428045
2620.44049116
2620.54821730
2620.65659149
2620.75335207
2620.85681472
2620.94368957
2621.04132713
2621.16159507
2621.25783707
2621.35753238
2621.46531704
2621.56202520
2621.66970136
2621.77747042
2621.87418223
2621.99339155
2622.08011085
2622.17671734
2622.28441179
2622.37220969
2622.46794140
2622.57578847
2622.67238911
2622.77974101
2622.86617456
2622.96270840
2623.06984550
2623.17560069
2623.28279558
2623.38304848
2623.47936508
2623.60742321
2623.68078200
2623.78861201
2623.88529945
2623.98307988
2624.09074776
2624.18733182
2624.28477384
2624.41381916
2624.48823072
2624.59590956
2624.69227273
2624.77698987
2624.88487351
2624.98250352
2625.10134029
2625.22543482
2625.31068638
2625.40834442
2625.52707075
2625.62586519
2625.71056940
2625.81833870
2625.92603680
2626.04277097
2626.12811981
2626.23630749
2626.33312902
2626.41988635
2626.51656111
2626.62531174
2626.72105710
2626.84026958
2626.92652003
2627.03431591
2627.14194502
2627.24367297
2627.34040990
2627.44122112
2627.59219586
2627.67736063
2627.77347438
2627.88132170
2627.96802637
2628.06393751
2628.17250163
2628.27031181
2628.38955989
2628.46483478
2628.55055129
2628.64654899
2628.75613028
2628.83014882
2628.93682878
2629.04396490
2629.14170682
2629.24014724
2629.32587448
2629.43206097
2629.51797837
2629.60363856
2629.69547834
2629.79227134
2629.86708446
2630.04231822
2630.09647313
2630.19398001
2630.29582913
2630.39289252
2630.49031943
2630.57623952
2630.67241813
2630.75810026
2630.86640155
2630.94158550
2631.03838192
2631.13525806
2631.23580305
2631.33248927
2631.42843845
2631.51416885
2631.59502868
2631.70330291
2631.77747822
2631.87824556
2631.97402627
2632.11565336
2632.19059667
2632.30108858
2632.39781430
2632.50425898
2632.59029269
2632.67614695
2632.76285771
2632.85950272
2632.95502158
2633.05098661
2633.15951172
2633.25721438
2633.36609667
2633.45112929
2633.54843819
2633.64478259
2633.71957571
2633.82131780
2633.91834950
2633.99260746
2634.08784838
2634.19430818
2634.29142789
2634.38810313
2634.47381988
2634.56062012
2634.65738241
2634.75415079
2634.85086480
2634.93659716
2635.05499020
2635.15205579
2635.25977852
2635.34559791
2635.44348904
2635.53027952
2635.62761940
2635.70199755
2635.78777038
2635.89508620
2635.98022975
2636.07707006
2636.17580013
2636.28257810
2636.39019185
2636.48591185
2636.57476813
2636.68193156
2636.78107343
2636.86193155
2636.95866799
2637.04736263
2637.14514623
2637.25303232
2637.35061990
2637.45882318
2637.54418811
2637.64192417
2637.71759281
2637.80362408
2637.90034516
2637.99650792
2638.09198509
2638.17760992
2638.29456205
2638.39055927
2638.49839147
2638.60612346
2638.73586729
2638.84438825
2638.92917561
2639.03556909
2639.11017618
2639.20590521
2639.28047597
2639.38816287
2639.49672381
2639.60350032
2639.70670844
2639.81786278
2639.88333337
2639.96994978
2640.06677375
2640.15357960
2640.23914007
2640.32614803
2640.42383630
2640.52068441
2640.63770530
2640.71707959
2640.80298920
2640.88948078
2640.99832308
2641.08402008
2641.18179223
2641.28263612
2641.37028872
2641.49454440
2641.56968276
2641.66552028
2641.77216927
2641.86889937
2641.96463595
2642.05948019
2642.13482140
2642.23654252
2642.33404891
2642.41122747
2642.55278141
2642.61701028
2642.72473447
2642.83335491
2642.93029128
2643.00503320
2643.11232926
2643.20070061
2643.30920646
2643.40594266
2643.50266618
2643.64529167
2643.69903893
2643.79482037
2643.90107708
2643.96341935
2644.07074443
2644.16639909
2644.26408785
2644.37179327
2644.45771141
2644.56533856
2644.67251321
2644.73882640
2644.83672606
2644.93527961
2645.03191366
2645.10693401
2645.20348711
2645.30238029
2645.38866365
2645.51708603
2645.60297150
2645.72178755
2645.81843890
2645.91612059
2646.00207092
2646.08878558
2646.19739675
2646.29388743
2646.35698478
2646.46371350
2646.57043540
2646.67821103
2646.76415843
2646.87285932
2646.98058132
2647.07687428
2647.16301965
2647.26480270
2647.36171395
2647.44937313
2647.54622977
2647.65297141
2647.76152992
2647.85681082
2647.93598252
2648.02090128
2648.11878460
2648.20553120
2648.30158595
2648.39782551
2648.49459877
2648.59734097
2648.70484427
2648.79092357
2648.88770755
2648.98345705
2649.06813493
2649.16388395
2649.25878256
2649.34335097
2649.43931917
2649.55650682
2649.63170588
2649.71658149
2649.81231027
2649.89757329
2650.00427641
2650.10014416
2650.19569691
2650.30255363
2650.44277687
2650.50717397
2650.58274484
2650.67963439
2650.77632159
2650.87397134
2650.97072046
2651.05652523
2651.15427323
2651.27148819
2651.35783129
2651.48230737
2651.60099542
2651.69970965
2651.79648778
2651.88740425
2651.97246833
2652.06782676
2652.15310417
2652.23886919
2652.33465380
2652.41908178
2652.52564227
2652.61152847
2652.71916806
2652.80593783
2652.91321902
2652.98649102
2653.07128300
2653.16800238
2653.26488510
2653.36143893
2653.46892395
2653.56597296
2653.68423434
2653.75858276
2653.86529344
2653.96361805
2654.10478532
2654.16839174
2654.26421121
2654.35001111
2654.43574882
2654.54205600
2654.60638044
2654.69109635
2654.79878373
2654.88470382
2654.99344153
2655.06825391
2655.16581565
2655.25250520
2655.36000924
2655.47021541
2655.57839748
2655.67496788
2655.76074193
2655.85764855
2655.93339741
2656.04102749
2656.13736750
2656.22355700
2656.30985670
2656.40617354
2656.51374438
2656.63241707
2656.70623496
2656.79105010
2656.88091186
2656.98716076
2657.06155794
2657.15828194
2657.24298347
2657.34092068
2657.43862699
2657.53921708
2657.63507167
2657.75231905
2657.83945721
2657.94752250
2658.02312921
2658.12129047
2658.20742975
2658.29306580
2658.41136595
2658.48609105
2658.60530743
2658.66863104
2658.76531726
2658.85715508
2658.95482995
2659.06173153
2659.14636065
2659.24304418
2659.32788590
2659.43421307
2659.50851589
2659.60432050
2659.71121647
2659.80690526
2659.91503881
2659.99987688
2660.10770176
2660.21505586
2660.31099114
2660.40790044
2660.51667472
2660.60815440
2660.70514854
2660.80064424
2660.88599699
2660.99085325
2661.06522727
2661.16085706
2661.25775539
2661.35458107
2661.45201310
2661.55097747
2661.63783647
2661.74531953
2661.85255367
2661.93684048
2662.02247482
2662.11823993
2662.20405348
2662.29927635
2662.38523837
2662.48299979
2662.60063142
2662.71892011
2662.79410869
2662.89188157
2662.98777784
2663.08464887
2663.16106747
2663.24782821
2663.34467241
2663.43141585
2663.54870346
2663.62607389
2663.73280480
2663.82940813
2663.93663617
2664.02207547
2664.13064617
2664.22752329
2664.36755294
2664.40975486
2664.50568210
2664.59131059
2664.67719703
2664.77339929
2664.86910466
2664.95388933
2665.06166765
2665.20084982
2665.29722079
2665.39502707
2665.50360484
2665.59238457
2665.67845606
2665.77513302
2665.87162809
2665.97914187
2666.05440994
2666.16296576
2666.24868715
2666.35643987
2666.44303165
2666.64948299
2666.75684196
2666.83200908
2666.92976977
2667.04839809
2667.13418433
2667.21989791
2667.32765599
2667.41359071
2667.53023735
2667.60552272
2667.70126905
2667.79795088
2667.95060059
2668.03626614
2668.13249643
2668.20594885
2668.32321720
2668.40857311
2668.49503836
2668.58008781
2668.67888907
2668.75261723
2668.84813633
2668.92307794
2669.02069965
2669.10662340
2669.21381048
2669.30024013
2669.39727987
2669.49407288
2669.58082777
2669.67743523
2669.76314784
2669.86112600
2669.93666689
2670.04207685
2670.11731126
2670.22619843
2670.32277493
2670.46353601
2670.56016249
2670.65584251
2670.74040604
2670.85811667
2670.93238974
2671.01673360
2671.11408006
2671.20026956
2671.29300241
2671.38974031
2671.47580669
2671.56242626
2671.66956093
2671.74382132
2671.86263884
2671.95819768
2672.05515404
2672.12982965
2672.22622183
2672.33386459
2672.44212054
2672.52809109
2672.63824997
2672.74953548
2672.84589256
2672.95208685
2673.03686640
2673.16638836
2673.24070483
2673.31413482
2673.42282669
2673.51944172
2673.62915929
2673.71501087
2673.81299537
2673.91041985
2674.02883825
2674.11658471
2674.21321558
2674.30986352
2674.39468891
2674.49136806
2674.58716315
2674.68493286
2674.78275230
2674.89997847
2674.98707592
2675.07495233
2675.17265401
2675.27920085
2675.36410279
2675.47153612
2675.55712341
2675.67443297
2675.74867922
2675.85740596
2675.95521736
2676.05189602
2676.14861369
2676.25627303
2676.35321452
2676.47240994
2676.55856213
2676.65530881
2676.75254945
2676.84968745
2676.94622494
2677.06522361
2677.16275072
2677.28104673
2677.35819773
2677.44400250
2677.54687196
2677.64544258
2677.74245234
2677.84075989
2677.93858128
2678.02323502
2678.13055059
2678.20638283
2678.33692903
2678.41125599
2678.50846177
2678.60534937
2678.70294646
2678.78871661
2678.90720864
2678.99323283
2679.10103139
2679.19666922
2679.33526284
2679.44141300
2679.55122737
2679.64775073
2679.72250411
2679.83171481
2679.92944501
2680.03710070
2680.13399708
2680.23177703
2680.32853297
2680.45962921
2680.54503657
2680.64224356
2680.75099346
2680.83665828
2680.93337156
2681.03020821
2681.11691044
2681.20284906
2681.31995942
2681.40727434
2681.50486314
2681.59080273
2681.68754649
2681.79612353
2681.89182281
2681.97786383
2682.09592261
2682.17022031
2682.26705476
2682.35338664
2682.45048295
2682.55662604
2682.66334477
2682.77114137
2682.88036402
2682.96973766
2683.06637805
2683.17414905
2683.27083624
2683.37860896
2683.46528632
2683.56097804
2683.68339905
2683.76848799
2683.85383684
2683.96053411
2684.05720814
2684.16493574
2684.25072612
2684.34842610
2684.46684182
2684.54098860
2684.64865306
2684.73344066
2684.83020855
2684.92696474
2685.02567653
2685.12299860
2685.21974406
2685.36085867
2685.46775391
2685.56445061
2685.65002595
2685.74688089
2685.87645454
2685.95140101
2686.05851251
2686.13275000
2686.24046224
2686.33726232
2686.43492719
2686.51977232
2686.62701060
2686.73374542
2686.84065675
2686.92790292
2687.02469666
2687.16574909
2687.27406233
2687.37171062
2687.46955542
2687.59911663
2687.67848118
2687.77469050
2687.87233392
2687.98002885
2688.06593846
2688.16361917
2688.27147527
2688.37768394
2688.46394780
2688.56174652
2688.67138706
2688.78198259
2688.87979911
2688.97598284
2689.06268141
2689.21394774
2689.28915022
2689.38615241
2689.48270478
2689.56794489
2689.70868256
2689.78252092
2689.89010590
2689.99737564
2690.08258502
2690.19036066
2690.27589114
2690.38372383
2690.48127996
2690.58899635
2690.68536074
2690.79355988
2690.89021806
2691.02843133
2691.11368460
2691.22046550
2691.31618794
2691.42586529
2691.51273160
2691.62985171
2691.71531442
2691.81178072
2691.91859502
2692.01528513
2692.12103057
2692.20512258
2692.31235696
2692.41971739
2692.51584480
2692.61253638
2692.70932012
2692.81594498
2692.90174365
2693.01058742
2693.10730923
2693.22563913
2693.32363168
2693.41247333
2693.50785566
2693.60407669
2693.68879455
2693.79647705
2693.89339855
2694.01047380
2694.08374409
2694.18955999
2694.27420666
2694.37191493
2694.46676234
2694.56347513
2694.67141900
2694.79943227
2694.87392038
2695.00326509
2695.08964696
2695.18660527
2695.27150355
2695.37938573
2695.46498716
2695.57227250
2695.65779786
2695.76541527
2695.86207881
2695.95399124
2696.05073524
2696.15844603
2696.25489039
2696.36037080
2696.43464217
2696.54078795
2696.64801087
2696.74488921
2696.84422905
2696.92945769
2697.03526555
2697.13062252
2697.22773906
2697.32459570
2697.42329480
2697.53104826
2697.62774154
2697.71241260
2697.81921202
2697.93636213
2698.02161320
2698.11782814
2698.21415449
2698.31043111
2698.41766842
2698.50332154
2698.58911436
2698.70640124
2698.79375980
2698.89228166
2698.98917243
2699.08502555
2699.19371450
2699.29040803
2699.38671391
2699.49405605
2699.57832068
2699.68591126
2699.78266770
2699.88530286
2699.98297504
2700.08978276
2700.18642997
2700.30478059
2700.40106452
2700.48766240
2700.58555523
2700.68210516
2700.76888930
2700.86571961
2700.96244216
2701.08065308
2701.15489031
2701.25167357
2701.35936143
2701.46931600
2701.56582594
2701.67461119
2701.77023269
2701.88745033
2701.97209944
2702.06805399
2702.15272773
2702.24844041
2702.34424160
2702.44102120
2702.54785695
2702.66747563
2702.74230020
2702.83794413
2702.93470179
2703.05164782
2703.14815947
2703.25501863
2703.36269870
2703.48106248
2703.56710691
2703.65267543
2703.75987275
2703.85131805
2703.94842142
2704.05756337
2704.14346054
2704.26309091
2704.38284880
2704.44649935
2704.53134326
2704.62830621
2704.72379191
2704.82024163
2704.91605111
2705.03419449
2705.11892455
2705.25756790
2705.37532606
2705.47195621
2705.57973599
2705.67643123
2705.78268476
2705.86794827
2705.97461507
2706.05949750
2706.15719407
2706.29695187
2706.36059633
2706.45563537
2706.56286097
2706.71340124
2706.80923852
2706.90595351
2707.01477338
2707.11141181
2707.21927522
2707.32845008
2707.41962133
2707.51637362
2707.62507330
2707.73292939
2707.82968070
2707.93738222
2708.04490552
2708.15185074
2708.22693839
2708.32218247
2708.41914761
2708.51686660
2708.61465679
2708.72246534
2708.81898162
2708.93721351
2709.02252749
2709.11822116
2709.21917501
2709.31490696
2709.41279760
2709.51033446
2709.60714893
2709.72546761
2709.81053193
2709.90619805
2710.00598991
2710.10267783
2710.19850730
2710.30619224
2710.40143706
2710.51963579
2710.59395470
2710.69067822
2710.78696581
2710.88391997
2710.99204036
2711.08875364
2711.18454703
2711.27032888
2711.37747549
2711.45178513
2711.54845014
2711.65621018
2711.74198325
2711.82791528
2711.93564655
2712.02026689
2712.12906262
2712.22620720
2712.31136661
2712.42023987
2712.52743573
2712.63428807
2712.73185444
2712.81756460
2712.91529896
2713.01075028
2713.10686428
2713.19261736
2713.27758830
2713.38523984
2713.48202333
2713.58956882
2713.67440103
2713.79162232
2713.86577569
2713.95129301
2714.05834551
2714.15411232
2714.25111012
2714.33668815
2714.44466566
2714.54013283
2714.65747311
2714.73469091
2714.83454226
2714.93227369
2715.03984672
2715.12572707
2715.22331733
2715.33018015
2715.43683475
2715.52152531
2715.61764857
2715.72442557
2715.80911954
2715.91891026
2716.01554796
2716.12333164
2716.24161887
2716.32781179
2716.42450922
2716.53183527
2716.67328438
2716.76907850
2716.87690753
2716.99601835
2717.08078010
2717.17768477
2717.28024752
2717.36591868
2717.46392367
2717.56150564
2717.66116950
2717.74801582
2717.86929971
2717.95446131
2718.05124773
2718.14819556
2718.24732596
2718.34460610
2718.45133774
2718.58098088
2718.69928103
2718.78435193
2718.88216333
2718.98980121
2719.11955382
2719.18834168
2719.27426420
2719.37091360
2719.48117683
2719.54533670
2719.62015347
2719.70507418
2719.80123743
2719.94062879
2720.02682194
2720.11268352
2720.20932512
2720.30567951
2720.36991838
2720.46684353
2720.55255199
2720.63844331
2720.73598773
2720.83288509
2720.90662691
2720.99220956
2721.06524872
2721.17152566
2721.25664143
2721.33034350
2721.43962564
2721.56879919
2721.63165468
2721.71658320
2721.80231555
2721.90986104
2722.05008622
2722.14740171
2722.24407720
2722.34188689
2722.41770060
2722.50459276
2722.58930331
2722.68620140
2722.79338336
2722.86860144
2722.95335807
2723.02815412
2723.11486171
2723.19072467
2723.28740284
2723.41602587
2723.50203959
2723.60915938
2723.68333688
2723.76935815
2723.84515650
2723.93080425
2724.00499394
2724.08977032
2724.17553194
2724.27353814
2724.36009164
2724.47640670
2724.53963229
2724.62435893
2724.72119631
2724.80695207
2724.90272303
2725.02231513
2725.08532544
2725.17130575
2725.24692441
2725.35442795
2725.42956216
2725.52644928
2725.61306520
2725.69984935
2725.78561925
2725.88255928
2725.96826823
2726.13237965
2726.19660510
2726.28144755
2726.36827925
2726.45310585
2726.53936191
2726.62548826
2726.71319425
2726.80988924
2726.88486547
2726.99200330
2727.06732963
2727.15198703
2727.23778522
2727.31256688
2727.40945643
2727.50607756
2727.60396429
2727.73553303
2727.81082718
2727.87501582
2727.95980317
2728.04429332
2728.12893292
2728.20372701
2728.29959379
2728.39513922
2728.48103932
2728.56685774
2728.66312119
2728.78493951
2728.88693882
2728.97285403
2729.06940128
2729.15832534
2729.24398504
2729.31984702
2729.43885861
2729.51371074
2729.59036193
2729.68719029
2729.81793227
2729.88159550
2729.96733980
2730.04231797
2730.14307117
2730.23832769
2730.32345443
2730.39731181
2730.49296354
2730.56767865
2730.65359240
2730.75034664
2730.84713184
2730.94334580
2731.04615821
2731.12090842
2731.21068021
2731.28510006
2731.37194077
2731.45864983
2731.54533231
2731.63132505
2731.72795056
2731.81471886
2731.90629728
2731.97066341
2732.05549781
2732.14122871
2732.23784617
2732.33423372
2732.40801869
2732.49405020
2732.56843007
2732.65424654
2732.76046106
2732.83574107
2732.92267858
2733.01040554
2733.10615114
2733.18074190
2733.27762511
2733.35284905
2733.45067458
2733.58977874
2733.65213710
2733.74936750
2733.83609947
2733.91296131
2733.99761262
2734.08344299
2734.18430468
2734.25899345
2734.35600564
2734.45607935
2734.54324920
2734.63109928
2734.70695712
2734.80354703
2734.89528929
2734.98713614
2735.07256690
2735.18008995
2735.28767200
2735.35191843
2735.43886885
2735.53532248
2735.61014266
2735.69594206
2735.79278676
2735.87952068
2735.97634246
2736.05205986
2736.16031751
2736.23454207
2736.32036244
2736.40622304
2736.49200440
2736.56727685
2736.66520552
2736.75264527
2736.84941633
2736.92378815
2737.04208172
2737.11717619
2737.22495256
2737.31073392
2737.39656331
2737.48424029
2737.58002880
2737.66505899
2737.76066489
2737.90082985
2737.94408552
2738.02862589
2738.11398400
2738.19987044
2738.32950041
2738.40431547
2738.49017729
2738.58771075
2738.67259806
2738.76899536
2738.84712501
2738.93285713
2739.01863263
2739.10447080
2739.19109111
2739.26585425
2739.35167998
2739.43919580
2739.53878018
2739.64133732
2739.70381564
2739.78914035
2739.86479582
2739.96253749
2740.06134095
2740.13632838
2740.22196005
2740.31961394
2740.40629886
2740.51275890
2740.58686351
2740.67161721
2740.76839998
2740.85426594
2740.95099361
2741.03562614
2741.13259908
2741.24113759
2741.34771637
2741.41188624
2741.48776967
2741.58453879
2741.67025334
2741.77692989
2741.86270150
2741.95940698
2742.04521930
2742.12002778
2742.22961883
2742.28058081
2742.37639273
2742.46814327
2742.54488175
2742.64138292
2742.74850856
2742.84424563
2742.94094745
2743.03125927
2743.10669483
