6870.35101048
6870.41735683
6870.48475546
6870.57008797
6870.62195644
6870.68064815
6870.73761126
6870.81494219
6870.87016816
6870.92986534
6870.99855177
6871.06712020
6871.13421261
6871.19107941
6871.26138425
6871.31749719
6871.38505088
6871.45407670
6871.52067978
6871.60750416
6871.64844509
6871.71537147
6871.77326129
6871.84111707
6871.90155348
6871.96550733
6872.03218916
6872.09206384
6872.14892918
6872.21726184
6872.28675845
6872.35183797
6872.42098008
6872.48971040
6872.55654363
6872.64219212
6872.69303756
6872.74933556
6872.80817770
6872.87559291
6872.94385073
6873.00087942
6873.06882711
6873.13756425
6873.20528105
6873.27301029
6873.34293064
6873.41222123
6873.46779536
6873.53540610
6873.59152539
6873.64966950
6873.72838162
6873.76357695
6873.83230287
6873.90020814
6873.96894870
6874.03723699
6874.10593975
6874.16579103
6874.23355513
6874.29113995
6874.35557361
6874.42428638
6874.48162471
6874.54846501
6874.61839780
6874.67538212
6874.73198707
6874.80788586
6874.84766773
6874.90349786
6874.97479451
6875.03834364
6875.10911537
6875.17597274
6875.24566123
6875.30255120
6875.37136319
6875.43927821
6875.50611193
6875.57287032
6875.66370292
6875.73174448
6875.81840038
6875.86857852
6875.95066081
6875.99467009
6876.05043170
6876.11230025
6876.17680048
6876.24542254
6876.31326783
6876.38036609
6876.43888665
6876.50681215
6876.56366530
6876.62251574
6876.68938969
6876.75900772
6876.82407260
6876.90084009
6876.95781295
6877.01552407
6877.07324761
6877.13104772
6877.19888106
6877.25927822
6877.32604709
6877.39247171
6877.45930909
6877.53106093
6877.60085572
6877.65771009
6877.72211401
6877.79084823
6877.85971020
6877.94692443
6877.99350175
6878.06133095
6878.12106080
6878.19037821
6878.24613178
6878.30265945
6878.36156888
6878.41735049
6878.48515945
6878.55198586
6878.62428165
6878.68959888
6878.75751341
6878.81559414
6878.90604786
6878.98005006
6879.01996700
6879.09106032
6879.14542613
6879.21427176
6879.28021315
6879.34907780
6879.40600653
6879.46477871
6879.53355291
6879.60321701
6879.65739484
6879.72654476
6879.79436493
6879.86221973
6879.93013304
6880.01685697
6880.05685339
6880.11505408
6880.18188536
6880.24975796
6880.31659046
6880.38639379
6880.45416008
6880.51103712
6880.57130970
6880.62587128
6880.69449725
6880.76246517
6880.83033363
6880.89803141
6880.96496242
6881.05166440
6881.09064560
6881.15047761
6881.22030507
6881.28554794
6881.34269561
6881.40145681
6881.45619881
6881.52398193
6881.59539098
6881.66786353
6881.73486060
6881.80075249
6881.87087423
6881.93588450
6882.00558299
6882.08795565
6882.13780197
6882.20364997
6882.26961866
6882.33635901
6882.40336876
6882.47235264
6882.53869021
6882.60452846
6882.67152871
6882.73921552
6882.80751040
6882.87104782
6882.93784132
6883.00902460
6883.09121636
6883.13855680
6883.20759188
6883.27258070
6883.34313471
6883.40655072
6883.47403687
6883.54324140
6883.60854864
6883.67539382
6883.74040580
6883.83005837
6883.89771641
6883.98666485
6884.05852471
6884.10841832
6884.17535786
6884.24440415
6884.30980745
6884.37805015
6884.44218953
6884.50998045
6884.57936394
6884.64280896
6884.70955320
6884.77525248
6884.84349738
6884.91121150
6884.98149317
6885.08549537
6885.14344713
6885.21115418
6885.27893924
6885.34475336
6885.41160683
6885.47839082
6885.54540716
6885.61313396
6885.67884396
6885.74476072
6885.81256261
6885.87938561
6885.94617838
6886.01215901
6886.09776117
6886.14788689
6886.21363103
6886.27941882
6886.34630325
6886.41418268
6886.48231054
6886.54982303
6886.61366668
6886.68194327
6886.74824134
6886.81512139
6886.88139314
6886.95046137
6887.01614919
6887.10080538
6887.15169251
6887.21655382
6887.28238939
6887.35110605
6887.41801853
6887.48377291
6887.55055446
6887.61842535
6887.68484265
6887.75258919
6887.81835625
6887.88534821
6887.95210270
6888.01983583
6888.10367135
6888.15179125
6888.21947904
6888.28647173
6888.35466518
6888.42100763
6888.48924789
6888.55457024
6888.62056502
6888.68834033
6888.75329575
6888.82008584
6888.88877787
6888.95559136
6889.02244142
6889.10618039
6889.15699926
6889.22530828
6889.31162309
6889.36813125
6889.43497497
6889.50074667
6889.56855270
6889.63537448
6889.70049642
6889.82205362
6889.87898552
6889.94568856
6890.01171308
6890.09829316
6890.14626190
6890.21741495
6890.28330684
6890.35012545
6890.41245285
6890.48124217
6890.54710821
6890.61585633
6890.68147442
6890.75073112
6890.81560023
6890.88203484
6890.94996376
6891.01573569
6891.10144854
6891.14927856
6891.21625345
6891.28224749
6891.34901758
6891.41679314
6891.48695121
6891.55124103
6891.61816252
6891.68497796
6891.75099712
6891.81955701
6891.88556106
6891.95146806
6892.01822572
6892.10648369
6892.15542962
6892.22130469
6892.28606871
6892.35289366
6892.42076577
6892.48681053
6892.55337631
6892.62033803
6892.68637426
6892.75495097
6892.82186101
6892.88765294
6892.95457639
6893.02240924
6893.10797020
6893.15412963
6893.22108380
6893.28856191
6893.35890990
6893.42232298
6893.48901847
6893.55604797
6893.62378403
6893.69010381
6893.76043034
6893.82595749
6893.89014150
6893.95770007
6894.02727031
6894.11442139
6894.15685176
6894.22390540
6894.29344273
6894.35837011
6894.42440682
6894.49190444
6894.55980653
6894.62676046
6894.69354542
6894.76270484
6894.82701368
6894.89299968
6894.95974343
6895.03010557
6895.11328890
6895.16377424
6895.23035586
6895.29833354
6895.36166348
6895.44048970
6895.50538124
6895.57538448
6895.64058444
6895.70938010
6895.77298701
6895.84165003
6895.90848815
6895.97674352
6896.04143295
6896.12900143
6896.17577477
6896.24174907
6896.30862839
6896.37748938
6896.44303726
6896.51005750
6896.57773578
6896.64346407
6896.71144419
6896.77628209
6896.84509408
6896.91014142
6896.98053768
6897.04865336
6897.13000056
6897.17874412
6897.24465454
6897.31266806
6897.38170021
6897.44614729
6897.51189021
6897.57899725
6897.64663286
6897.71685212
6897.78119509
6897.84947143
6897.91301837
6897.98160459
6898.04940892
6898.13319739
6898.19208878
6898.25997771
6898.32594616
6898.39369417
6898.45865007
6898.52516319
6898.59399566
6898.66085791
6898.72686049
6898.79448001
6898.86024000
6898.93058799
6898.99488366
6899.06280673
6899.13866676
6899.19537265
6899.26568480
6899.32914445
6899.39835872
6899.46193686
6899.52962807
6899.59738632
6899.66674883
6899.73027845
6899.79692859
6899.86281706
6899.93054606
6899.99833917
6900.06423082
6900.14991612
6900.19800335
6900.26565603
6900.33156889
6900.40927285
6900.47620239
6900.54393162
6900.61187931
6900.67956491
6900.76597652
6900.83419727
6900.89953303
6900.96664202
6901.03326680
6901.11735344
6901.16788071
6901.23818994
6901.30301443
6901.36987351
6901.43511614
6901.50342686
6901.57235808
6901.63477812
6901.70163964
6901.76851823
6901.83629647
6901.90295294
6901.96895918
6902.03557665
6902.12061049
6902.16859118
6902.23513964
6902.30315901
6902.37085460
6902.43690643
6902.50550046
6902.57121022
6902.63840527
6902.70413674
6902.77084368
6902.83858535
6902.90639431
6902.97219282
6903.04006103
6903.12481474
6903.18288961
6903.24972212
6903.31765177
6903.38516352
6903.45211476
6903.51793961
6903.58405531
6903.65164875
6903.71843859
6903.78424075
6903.86294897
6903.92899665
6903.99662690
6904.06449486
6904.14929562
6904.19817792
6904.26413807
6904.33177247
6904.39762583
6904.46546527
6904.53219465
6904.59906665
6904.66496780
6904.73293280
6904.79970509
6904.86984194
6904.93415834
6905.00069144
6905.06666111
6905.13322884
6905.22049353
6905.26746582
6905.33535939
6905.40121495
6905.47059087
6905.53513864
6905.60617515
6905.66758875
6905.73552962
6905.80318790
6905.87005771
6905.93778622
6906.00180833
6906.06866278
6906.13984655
6906.22223945
6906.27101106
6906.33617225
6906.40381274
6906.47121088
6906.54146744
6906.60457259
6906.67165988
6906.73925965
6906.80959229
6906.87488611
6906.93787569
6907.00656847
6907.07330954
6907.14020666
6907.22602532
6907.27310343
6907.34169477
6907.40841366
6907.47487241
6907.54088157
6907.60850768
6907.67440615
6907.74189499
6907.80978611
6907.87556293
6907.94485010
6908.00985331
6908.07755109
6908.14238266
6908.23893673
6908.28673578
6908.35534199
6908.42223545
6908.48799349
6908.55483429
6908.62177602
6908.68962423
6908.75627218
6908.82462971
6908.89001057
6908.95677823
6909.02472616
6909.09203556
6909.15636755
6909.24127242
6909.29019567
6909.35775863
6909.42483836
6909.49055885
6909.55831149
6909.62521105
6909.69202137
6909.75771894
6909.82560470
6909.89489017
6909.95924338
6910.02606370
6910.09286719
6910.16070029
6910.26757456
6910.31448468
6910.38118529
6910.45246073
6910.51492466
6910.58379273
6910.65152660
6910.71629843
6910.78323602
6910.85388877
6910.91785652
6910.98354751
6911.06146553
6911.13165700
6911.19599241
6911.28173208
6911.32784982
6911.41839521
6911.48525015
6911.57421127
6911.62898717
6911.69666496
6911.76356378
6911.83045821
6911.89754404
6911.96289735
6912.03048298
6912.13125057
6912.21396261
6912.26378796
6912.33123097
6912.40059567
6912.46572444
6912.53160024
6912.60175416
6912.66520137
6912.72897456
6912.79488864
6912.86252230
6912.92841833
6912.99619926
6913.06331604
6913.12978064
6913.21581337
6913.26361827
6913.33134897
6913.39726500
6913.46510590
6913.53086150
6913.59874531
6913.66542007
6913.73587022
6913.80258009
6913.86493552
6913.93241022
6914.00160817
6914.06615618
6914.13473265
6914.21650043
6914.26733246
6914.33668303
6914.40354016
6914.46679476
6914.53468735
6914.59972908
6914.66826337
6914.73610476
6914.80289363
6914.86704789
6914.93673540
6915.00355011
6915.07283533
6915.13627913
6915.22015781
6915.27105006
6915.33980988
6915.40763542
6915.47056942
6915.54036469
6915.60402914
6915.67181275
6915.73844850
6915.80777103
6915.86210953
6915.92892399
6915.99477882
6916.06161523
6916.12941566
6916.19864530
6916.28098554
6916.37175694
6916.44965278
6916.51631949
6916.58532580
6916.65020759
6916.71790148
6916.78539958
6916.85129074
6916.93892212
6916.99577381
6917.09532698
6917.16213559
6917.24797352
6917.29690433
6917.36272015
6917.43067320
6917.49638321
6917.56519179
6917.63109343
6917.69735908
6917.76530872
6917.83546947
6917.92063424
6917.97685738
6918.06433322
6918.12051613
6918.18901922
6918.27484666
6918.32584278
6918.38905886
6918.45895142
6918.52254833
6918.59019297
6918.65633135
6918.72383847
6918.79308615
6918.85995669
6918.92426821
6919.01125155
6919.08133452
6919.14601249
6919.21289327
6919.30043420
6919.34548137
6919.41650862
6919.48002239
6919.54781209
6919.61360378
6919.68017199
6919.74684041
6919.81562803
6919.88113933
6919.94913456
6920.01385373
6920.08171438
6920.15053003
6920.21655236
6920.30117197
6920.34905513
6920.41786176
6920.48296858
6920.54860862
6920.61649535
6920.68335639
6920.75007479
6920.81703968
6920.88376613
6920.95143149
6921.01830398
6921.08506090
6921.15189975
6921.22123983
6921.30801911
6921.35361826
6921.42007457
6921.48618589
6921.55208314
6921.61937913
6921.68824476
6921.75212449
6921.82060783
6921.88764367
6921.95784002
6922.02364730
6922.09148845
6922.15726112
6922.22515248
6922.31096774
6922.35666710
6922.42127899
6922.48900774
6922.55927454
6922.62378062
6922.68878675
6922.75875879
6922.82562445
6922.89053354
6922.96069770
6923.02454842
6923.11581891
6923.17917567
6923.28943158
6923.32683850
6923.38988440
6923.45772433
6923.52448735
6923.59465931
6923.65806849
6923.75778843
6923.81379970
6923.88238056
6923.94831097
6924.01552041
6924.08140840
6924.14920688
6924.21660526
6924.30006605
6924.34890909
6924.41626871
6924.48376779
6924.54990373
6924.61794309
6924.68609314
6924.75145475
6924.81832821
6924.88422498
6924.94997449
6925.01693914
6925.08561581
6925.15239054
6925.22068322
6925.30654455
6925.35101706
6925.41974543
6925.48571558
6925.55327903
6925.61921456
6925.68639961
6925.75366317
6925.81975230
6925.88654580
6925.95424432
6926.02103026
6926.08816728
6926.15722942
6926.22153411
6926.30624783
6926.35627188
6926.42212574
6926.49125566
6926.55470629
6926.62493140
6926.68949745
6926.75711771
6926.82541794
6926.88989184
6926.95776127
6927.02370899
6927.09028184
6927.15901557
6927.22435864
6927.30975795
6927.35859807
6927.42397966
6927.49431742
6927.56109385
6927.62654322
6927.69318239
6927.75925006
6927.82688811
6927.89684308
6927.96051436
6928.02559558
6928.09322535
6928.16252715
6928.22798360
6928.31186983
6928.37055984
6928.43830931
6928.50539001
6928.59404881
6928.64999109
6928.71686455
6928.78495024
6928.85143629
6928.91742180
6928.98443741
6929.05373751
6929.11732638
6929.18592138
6929.25078391
6929.35295583
6929.40837124
6929.47661613
6929.54193409
6929.60887558
6929.67480185
6929.74143126
6929.80925315
6929.87708113
6929.94256951
6930.04475631
6930.10012490
6930.16489771
6930.23139425
6930.30818270
6930.36466014
6930.43335486
6930.50023345
6930.56747945
6930.66441606
6930.72458624
6930.78815316
6930.85830099
6930.92180745
6930.98852951
6931.05535080
6931.12408989
6931.18897509
6931.27472232
6931.32366361
6931.38938801
6931.45819854
6931.52331243
6931.59334152
6931.66007260
6931.72784280
6931.79113812
6931.86171407
6931.92770227
6931.98164482
6932.04735215
6932.11513356
6932.18090086
6932.24885830
6932.33348133
6932.38243896
6932.44833694
6932.55810499
6932.61585657
6932.68252085
6932.77146174
6932.83721514
6932.90421661
6932.97431786
6933.03779092
6933.10556673
6933.17158003
6933.23919955
6933.32576452
6933.37278582
6933.44054480
6933.50879042
6933.57445996
6933.64103549
6933.70676719
6933.77385229
6933.86174309
6933.93033272
6934.01893862
6934.07497183
6934.13903979
6934.20834744
6934.29656422
6934.34138270
6934.40817156
6934.47386036
6934.54166688
6934.60891069
6934.67571321
6934.77521372
6934.84207231
6934.90992345
6934.97676400
6935.04462075
6935.11194624
6935.17628019
6935.26102000
6935.32192891
6935.39018185
6935.45371196
6935.52140609
6935.58824103
6935.65845980
6935.72186313
6935.78844622
6935.85720433
6935.92355068
6935.98893228
6936.05824042
6936.12256243
6936.19083658
6936.27664988
6936.32700624
6936.39132751
6936.45748783
6936.52498496
6936.59170068
6936.66008113
6936.72533571
6936.79343334
6936.86009445
6936.92591905
6936.99272278
6937.05854031
6937.12751346
6937.19672408
6937.28248618
6937.32804218
6937.37309033
6937.44202277
6937.51089718
6937.57420883
6937.64160234
6937.70952858
6937.77770862
6937.84619391
6937.90905549
6937.97919527
6938.04362406
6938.10954106
6938.17722275
6938.24319559
6938.33014114
6938.37710685
6938.44374601
6938.51052147
6938.57962384
6938.64858187
6938.71281098
6938.77891596
6938.84606615
6938.91199583
6938.98127618
6939.04626451
6939.11636162
6939.17971717
6939.24576022
6939.33049564
6939.38134450
6939.44958914
6939.51395284
6939.58167354
6939.64779095
6939.71632720
6939.78147669
6939.86926728
6939.93709989
6940.03692394
6940.09385072
6940.15903556
6940.22524659
6940.30985280
6940.36077967
6940.42588016
6940.49512857
6940.59244601
6940.64876180
6940.71570378
6940.78337206
6940.85028332
6940.91720969
6940.98331516
6941.05069038
6941.11754532
6941.18435466
6941.25118132
6941.33591552
6941.38281613
6941.45071603
6941.51770116
6941.58537066
6941.65214100
6941.71803313
6941.78491854
6941.85374078
6941.91815860
6941.98593538
6942.05282249
6942.12013872
6942.18703705
6942.25397952
6942.33966213
6942.38746972
6942.45880392
6942.52226551
6942.58817862
6942.65491238
6942.72078598
6942.78864688
6942.85641878
6942.92309842
6942.99134794
6943.05592131
6943.12378805
6943.19038285
6943.25874647
6943.34097090
6943.39000923
6943.45755561
6943.52505811
6943.59087978
6943.65924877
6943.72352250
6943.79476454
6943.85814568
6943.92533171
6943.99517380
6944.06564613
6944.13365770
6944.19921094
6944.26703599
6944.35080422
6944.40265757
6944.46762323
6944.53772814
6944.60512312
6944.67241715
6944.73672355
6944.80070202
6944.86900153
6944.93543029
6945.00327216
6945.07060253
6945.13911610
6945.20351709
6945.27057147
6945.35517937
6945.40498180
6945.50266154
6945.57303562
6945.63661596
6945.70433008
6945.77090585
6945.83784295
6945.90803734
6945.97152284
6946.03851138
6946.10623891
6946.18212503
6946.25071052
6946.33552103
6946.38454400
6946.44986075
6946.51752367
6946.58537383
6946.65223633
6946.71791391
6946.78573506
6946.85262852
6946.91861623
6946.98628451
6947.05213739
6947.11895429
6947.18599306
6947.25461927
6947.33940126
6947.38640524
6947.45397966
6947.51985010
6947.59964667
6947.65482217
6947.71377354
6947.77251646
6947.83195349
6947.89009664
6947.95201736
6948.01851853
6948.07912927
6948.13732605
6948.19595121
6948.25478847
6948.33452873
6948.38340932
6948.46309081
6948.50453229
6948.55901050
6948.62218001
6948.67782801
6948.73553791
6948.79534992
6948.85516365
6948.91295327
6948.98314571
6949.04271148
6949.10050890
6949.15943760
6949.21735083
6949.27720625
6949.33604035
6949.39777139
6949.45710822
6949.51408523
6949.57516140
6949.64769489
6949.69049512
6949.74856585
6949.80723270
6949.86629062
6949.92600487
6949.98396223
6950.04279340
6950.10245791
6950.16042966
6950.21925547
6950.27960216
6950.33838335
6950.39732961
6950.46710148
6950.54702483
6950.59480828
6950.65381304
6950.71597611
6950.80475828
6950.84215813
6950.89997872
6950.95810235
6951.01874820
6951.08078400
6951.13548456
6951.19781196
6951.25520636
6951.31302061
6951.37192688
6951.43086167
6951.48876612
6951.55842072
6951.61723824
6951.68805873
6951.74681067
6951.80666828
6951.86653540
6951.94197949
6951.98382374
6952.04554333
6952.10053499
6952.16028411
6952.21914795
6952.27677958
6952.34758862
6952.40679257
6952.46560424
6952.52690740
6952.58631421
6952.65234214
6952.71101386
6952.79174203
6952.84055996
6952.89867702
6952.95829131
6953.01717173
6953.09207262
6953.13385933
6953.19363965
6953.25150022
6953.31130175
6953.37020388
6953.42811150
6953.48722403
6953.55704466
6953.61853262
6953.67416990
6953.73368910
6953.82439468
6953.88805596
6953.94190391
6954.00153795
6954.06234885
6954.12123683
6954.19717537
6954.24920792
6954.30701364
6954.36693951
6954.42571095
6954.48450848
6954.55759494
6954.61400387
6954.67289697
6954.73268534
6954.78967551
6954.84949094
6954.90825287
6954.96706795
6955.02586207
6955.08375677
6955.14380577
6955.20219809
6955.26110679
6955.33802593
6955.37964588
6955.43848632
6955.50834352
6955.56719566
6955.62423800
6955.68386838
6955.74281537
6955.80252230
6955.85961585
6955.92025414
6955.97732671
6956.04787756
6956.10780270
6956.16689573
6956.22351409
6956.28535411
6956.34664629
6956.41654275
6956.48999346
6956.53183405
6956.59077275
6956.64967706
6956.70839925
6956.76723018
6956.82606965
6956.88795014
6956.94191049
6957.00067218
6957.06063414
6957.12035693
6957.18162814
6957.23728882
6957.29710352
6957.36666889
6957.42550396
6957.48680638
6957.54344010
6957.60100006
6957.67978653
6957.71974882
6957.77757818
6957.83610167
6957.90678806
6957.96537982
6958.02496753
6958.08605126
6958.14351686
6958.20383112
6958.27117514
6958.33034277
6958.38889941
6958.44869729
6958.50784761
6958.56755333
6958.62546315
6958.68417437
6958.74326983
6958.82120711
6958.86462808
6958.91964583
6958.97849822
6959.04061009
6959.09619909
6959.15594991
6959.22501205
6959.28473825
6959.34598460
6959.40229454
6959.46035869
6959.52203316
6959.57711699
6959.63969966
6959.69525062
6959.75491830
6959.81472666
6959.87364975
6959.93049047
6960.00923428
6960.05127577
6960.10792973
6960.19964565
6960.25848560
6960.31742356
6960.37546382
6960.43442250
6960.52930282
6960.58587486
6960.64282041
6960.70334241
6960.76334947
6960.82143946
6960.88016702
6960.93931831
6960.99830894
6961.07418945
6961.11500946
6961.18626686
6961.24530015
6961.30407769
6961.36193850
6961.42097984
6961.48306489
6961.54193288
6961.60835895
6961.67164208
6961.72611102
6961.81021741
6961.85567297
6961.91450511
6961.97331483
6962.03209871
6962.10199175
6962.17786275
6962.21978210
6962.27770045
6962.34039527
6962.39548616
6962.45822487
6962.51412862
6962.57626707
6962.63562000
6962.69154886
6962.74925681
6962.81909475
6962.87797225
6962.93693971
6963.00014360
6963.06743618
6963.12442830
6963.18464089
6963.24399723
6963.31987409
6963.36467477
6963.42065118
6963.47901595
6963.53783737
6963.59676728
6963.65553141
6963.71407684
6963.77292459
6963.83270028
6963.89204199
6963.96085301
6964.04074955
6964.08959722
6964.14658422
6964.20589302
6964.26621289
6964.32503504
6964.38296144
6964.46217604
6964.50306432
6964.56052431
6964.61919603
6964.67807353
6964.73690860
6964.79583632
6964.85370835
6964.92694914
6965.01628524
6965.07700618
6965.13292798
6965.19275072
6965.25271220
6965.31158677
6965.37033821
6965.42843674
6965.48721793
6965.56314672
6965.60567242
6965.66552735
6965.72229833
6965.78330404
6965.84411421
6965.91160062
6965.96975156
6966.03064707
6966.08804562
6966.14616316
6966.20819019
6966.28566594
6966.33345304
6966.39186145
6966.45464941
6966.51342085
6966.56874190
6966.62675485
6966.70350454
6966.74445669
6966.80525565
6966.87402205
6966.93302316
6966.99270157
6967.04970076
6967.10959421
6967.16827203
6967.22822692
6967.28635129
6967.34510420
6967.40762543
6967.46299548
6967.52373105
6967.58092846
6967.64142192
6967.70036525
6967.77020124
6967.84691436
6967.88704049
6967.94573635
6968.00454704
6968.06450949
6968.12239444
6968.18133118
6968.24081089
6968.29974129
6968.35894476
6968.41662516
6968.47534345
6968.54950291
6968.60402866
6968.68495577
6968.75549199
6968.81438509
6968.87321919
6968.95066252
6969.00095963
6969.05999488
6969.11781448
6969.17843522
6969.23736684
6969.29864952
6969.35501505
6969.41395374
6969.47262278
6969.52968951
6969.58952810
6969.64982554
6969.71929801
6969.77920999
6969.83814113
6970.01414411
6970.05263062
6970.11647231
6970.17183042
6970.22916461
6970.28816206
6970.34775294
6970.40903781
6970.46460341
6970.52429669
6970.58308130
6970.64545282
6970.71183428
6970.77070861
6970.82870888
6970.88849091
6970.95816014
6971.01900810
6971.07800092
6971.15174859
6971.19355578
6971.25268026
6971.31054814
6971.36934494
6971.43188713
6971.48747491
6971.54675298
6971.62010617
6971.67738403
6971.73496885
6971.79610744
6971.85245030
6971.90957188
6971.99037368
6972.05089860
6972.10975147
6972.16871381
6972.22748379
6972.30625246
6972.34862164
6972.40500472
6972.46292600
6972.52182081
6972.59256791
6972.65041532
6972.70937254
6972.76806840
6972.82772219
6972.88468383
6972.94453583
6973.00430031
6973.06233764
6973.14400838
6973.19188179
6973.25068736
6973.31205781
6973.37090117
6973.44434310
6973.49624643
6973.55685327
6973.61720679
6973.67364424
6973.73350868
6973.79373127
6973.84928102
6973.91603746
6973.97412379
6974.03391850
6974.09255609
6974.15237713
6974.21034132
6974.27248610
6974.32869437
6974.39921962
6974.46191760
6974.51649455
6974.59371016
6974.65559529
6974.72664667
6974.78534375
6974.84716719
6974.90392526
6974.96193114
6975.02159955
6975.08193966
6975.13742821
6975.19729898
6975.25950545
6975.31504691
6975.38471613
6975.44289561
6975.50529298
6975.56149930
6975.62143371
6975.69691145
6975.73734453
6975.79718556
6975.85806888
6975.91495397
6975.97428861
6976.03243907
6976.08924418
6976.14996147
6976.20889138
6976.26868195
6976.33674934
6976.39629464
6976.46516100
6976.52500715
6976.58593606
6976.64297133
6976.70270387
6976.76483549
6976.84163882
6976.88271092
6976.93833503
6976.99788057
6977.05586085
6977.11383015
6977.17359512
6977.23331156
6977.30225911
6977.36203919
6977.42087524
6977.47971397
6977.54162811
6977.61830125
6977.66969770
6977.72612614
6977.78405717
6977.84173220
6977.90178461
6977.97940958
6978.01939039
6978.07830105
6978.13705347
6978.20788762
6978.26496727
6978.32552217
6978.38340030
6978.44244212
6978.52403825
6978.58290307
6978.67323074
6978.73218236
6978.79099159
6978.84987567
6978.91402481
6978.96942778
6979.04611481
6979.08699578
6979.14609514
6979.21574437
6979.27467063
6979.33664061
6979.39219035
6979.45209648
6979.50994339
6979.56789344
6979.62682580
6979.68751211
6979.74634646
6979.80316889
6979.86204687
6979.92297968
6979.98077662
6980.04057181
6980.09903873
6980.18573901
6980.22771394
6980.28644808
6980.34634007
6980.40341265
6980.46235427
6980.52429523
6980.57980377
6980.64049057
6980.69928859
6980.75828360
6980.81598935
6980.87411153
6980.93460061
6980.99499777
6981.05228563
6981.11430485
6981.17010962
6981.22992432
6981.28868893
6981.36550738
6981.40639126
6981.46551306
6981.52329829
6981.58194344
6981.64174790
6981.69983984
6981.75950387
6981.81832114
6981.87725618
6981.93602299
6982.00583045
6982.06583679
6982.12342088
6982.18147503
6982.24120708
6982.29901401
6982.36246001
6982.41891623
6982.47580254
6982.55339947
6982.59974956
6982.65320474
6982.71035119
6982.76995207
6982.83456250
6982.88841094
6982.95788561
6983.01756768
6983.07635960
6983.13525440
6983.19207098
6983.25548772
6983.31671359
6983.37290772
6983.43300061
6983.48929811
6983.54714308
6983.60827337
6983.66584088
6983.74412560
6983.78352566
6983.85639245
6983.91081823
6983.97151845
6984.03044373
6984.08844595
6984.14724763
6984.20568334
6984.26535883
6984.32440796
6984.38401299
6984.44210298
6984.50421705
6984.55957418
6984.61946836
6984.67820153
6984.73617620
6984.80523590
6984.88180395
6984.92264810
6984.98487383
6985.04330833
6985.10425991
6985.15996155
6985.21870982
6985.30913600
6985.38003500
6985.43943546
6985.49710367
6985.56011934
6985.62699841
6985.68687455
6985.74520250
6985.81456039
6985.87449772
6985.95263420
6985.99107097
6986.05181776
6986.11071622
6986.16966418
6986.22642371
6986.28629351
6986.34414774
6986.40191444
6986.46210899
6986.52100868
6986.60053316
6986.65169824
6986.73114446
6986.79898536
6986.86116672
6986.91852992
6986.97556251
6987.05139207
6987.09427202
6987.15294520
6987.21087989
6987.27043201
6987.38350294
6987.44193305
6987.50150272
6987.57134188
6987.66218326
6987.72445287
6987.77983439
6987.84984617
6987.91042692
6987.97234325
6988.02815265
6988.10391955
6988.14511210
6988.20381259
6988.26352904
6988.32350465
6988.38126501
6988.44350318
6988.49896149
6988.55694909
6988.61901659
6988.67551914
6988.74624211
6988.80423068
6988.86262251
6988.94293571
6988.99095858
6989.05054873
6989.11037318
6989.17172851
6989.24404721
6989.28486649
6989.34420162
6989.40269682
6989.46493231
6989.52371179
6989.57934833
6989.63904527
6989.71221414
6989.76813106
6989.82697369
6989.88486888
