3028.91674255
3029.00954026
3029.12477816
3029.23951334
3029.35475393
3029.47064817
3029.58380175
3029.68788222
3029.80371965
3029.90492219
3030.02239607
3030.14814679
3030.26121724
3030.37508494
3030.48869591
3030.60363734
3030.69770115
3030.79125929
3030.90500460
3031.02086251
3031.13471778
3031.23931634
3031.35372920
3031.47007961
3031.58302181
3031.67667552
3031.77071495
3031.88242421
3032.04193934
3032.14559289
3032.26063039
3032.37599361
3032.50287512
3032.61651388
3032.73247786
3032.83597488
3032.93785473
3033.05318553
3033.16706883
3033.27230300
3033.38695235
3033.50178846
3033.61748912
3033.72219837
3033.81499412
3033.92785928
3034.04330442
3034.15715872
3034.27436173
3034.38836523
3034.50306017
3034.61678817
3034.73396290
3034.83594855
3034.94146774
3035.05410103
3035.16943159
3035.28457124
3035.39913867
3035.51389871
3035.62899058
3035.73345334
3035.85039498
3035.94276480
3036.05619877
3036.17206790
3036.28596851
3036.40070222
3036.51594013
3036.63000873
3036.74654321
3036.86145125
3036.96424220
3037.08920420
3037.20500043
3037.31956030
3037.43297306
3037.54803518
3037.66362003
3037.77974979
3037.89420653
3037.99818874
3038.11213422
3038.22650709
3038.34279264
3038.45656209
3038.57020573
3038.68562503
3038.80109553
3038.91617009
3039.02038782
3039.12472453
3039.23764966
3039.39694683
3039.50082347
3039.61559887
3039.73024749
3039.84593352
3039.94907678
3040.05223979
3040.14694213
3040.25931138
3040.41858368
3040.52273899
3040.63784646
3040.75251678
3040.86696524
3040.98417239
3041.09850479
3041.20125650
3041.31483065
3041.42964189
3041.54442997
3041.65991364
3041.77479802
3041.89052428
3042.00454265
3042.11918030
3042.22319080
3042.32698186
3042.44121527
3042.55689228
3042.67171547
3042.77530807
3042.89119476
3043.01595098
3043.13201345
3043.23643232
3043.34053765
3043.45209185
3043.56872873
3043.68223486
3043.79680693
3043.91337335
3044.03718237
3044.15370833
3044.25703908
3044.35071084
3044.46558961
3044.57882512
3044.69480128
3044.81995393
3044.92349948
3045.03105910
3045.14527813
3045.24815296
3045.36186657
3045.47499236
3045.58907583
3045.70390390
3045.80698011
3045.91906508
3046.03602916
3046.14832429
3046.26330961
3046.36691269
3046.49108865
3046.60448604
3046.71855488
3046.83322252
3046.93599788
3047.03964582
3047.14246750
3047.25561621
3047.36916086
3047.48505803
3047.59747872
3047.71393250
3047.82573636
3047.93954847
3048.05436166
3048.17956722
3048.29289196
3048.39633803
3048.51004799
3048.62335030
3048.72623634
3048.84131260
3048.95501792
3049.05998732
3049.17282005
3049.28537776
3049.40021753
3049.51464648
3049.62848931
3049.74182843
3049.86578300
3050.00334067
3050.11703381
3050.22982168
3050.33450654
3050.44829062
3050.56142323
3050.67512587
3050.78875878
3050.90494950
3051.00843580
3051.12146431
3051.23502018
3051.34794190
3051.46365279
3051.57745272
3051.67910435
3051.79430154
3051.90786082
3052.02148642
3052.12554787
3052.22793142
3052.34082340
3052.45522065
3052.57010845
3052.68433723
3052.79771634
3052.90247362
3053.01542752
3053.12917136
3053.23180750
3053.34581832
3053.46160211
3053.57344083
3053.68819697
3053.80163240
3053.91726674
3054.03113932
3054.13381520
3054.25785096
3054.37118691
3054.48601157
3054.60007724
3054.71462882
3054.81808319
3054.93071282
3055.04470267
3055.17045900
3055.28410337
3055.39803885
3055.51260116
3055.62545876
3055.73917725
3055.85444197
3055.97006242
3056.11665858
3056.22849413
3056.34322224
3056.44606659
3056.56167631
3056.67657703
3056.77909175
3056.89104091
3057.00563638
3057.11933585
3057.23439139
3057.33864691
3057.44019322
3057.55385759
3057.66720402
3057.78181266
3057.89606168
3057.99994612
3058.11261403
3058.27076700
3058.37392636
3058.47850029
3058.59107897
3058.69381336
3058.81817071
3058.93149521
3059.03541744
3059.15084430
3059.26457327
3059.36715114
3059.48216743
3059.59470076
3059.70962732
3059.82333484
3059.97015190
3060.07354506
3060.22986922
3060.33334942
3060.44872777
3060.56259157
3060.66624829
3060.77897472
3060.89287338
3061.00822369
3061.12201434
3061.23577769
3061.33976795
3061.45149866
3061.56596613
3061.68047700
3061.79435177
3061.90758361
3062.01027973
3062.16794557
3062.27347012
3062.39674056
3062.51074065
3062.61447418
3062.72688731
3062.84361611
3062.95649199
3063.07100896
3063.18534697
3063.28800651
3063.40234257
3063.51522723
3063.61837610
3063.73342822
3063.91379807
3064.02543784
3064.18222670
3064.28679380
3064.39031570
3064.50345441
3064.60692340
3064.71990339
3064.83410828
3064.93783400
3065.05207693
3065.16569789
3065.26956868
3065.38305189
3065.49673747
3065.61100745
3065.72422930
3065.83868239
3065.94262583
3066.06719505
3066.18227887
3066.29497458
3066.40953397
3066.51252777
3066.62702962
3066.73980384
3066.84340010
3066.95836786
3067.07206807
3067.17536054
3067.30201750
3067.41718592
3067.53410099
3067.64912849
3067.76486182
3067.88096549
3067.98537900
3068.10145440
3068.22641176
3068.34233380
3068.44885138
3068.55271461
3068.66989202
3068.78387309
3068.90060701
3069.00553130
3069.10889862
3069.22497475
3069.32937265
3069.43571859
3069.55036063
3069.64393852
3069.73739305
3069.83107846
3069.94619739
3070.06305493
3070.17840255
3070.29363046
3070.40917995
3070.52462315
3070.63031154
3070.74533050
3070.85091966
3070.95509838
3071.07058449
3071.19743259
3071.31309985
3071.41668611
3071.53249453
3071.64915287
3071.75497950
3071.85918699
3071.96363219
3072.06826537
3072.17420757
3072.27784771
3072.37141780
3072.47685702
3072.57076161
3072.68516691
3072.80141809
3072.92728950
3073.04404487
3073.15972993
3073.27551226
3073.39091450
3073.50660443
3073.62138568
3073.73729528
3073.84169051
3073.95652783
3074.07206100
3074.16694985
3074.27260435
3074.38827819
3074.49325270
3074.59701426
3074.72361417
3074.85026064
3074.95510545
3075.04896885
3075.15560614
3075.24867983
3075.35289903
3075.44762941
3075.56126963
3075.67705611
3075.79212530
3075.90775647
3076.02318285
3076.13967076
3076.25575469
3076.37162797
3076.48702094
3076.60212158
3076.70816642
3076.82268021
3076.93943437
3077.04200468
3077.14807146
3077.26361266
3077.37954226
3077.48435049
3077.58942424
3077.69406400
3077.79942910
3077.90479078
3077.99710647
3078.11305850
3078.20736367
3078.30147307
3078.41606659
3078.53155416
3078.69135187
3078.78479981
3078.90051046
3079.01635692
3079.13132200
3079.24740812
3079.36382558
3079.46718730
3079.58248128
3079.69849182
3079.82501005
3079.93089909
3080.03585020
3080.14957869
3080.26638404
3080.38292219
3080.49759568
3080.64723580
3080.74114796
3080.84571458
3080.93837502
3081.04311499
3081.14822408
3081.26226269
3081.37887251
3081.49426012
3081.60838992
3081.72495561
3081.84197186
3081.95707031
3082.07235454
3082.18807763
3082.30356422
3082.41929341
3082.53600100
3082.65182941
3082.75560731
3082.87270109
3082.97717458
3083.09315269
3083.19567326
3083.31232210
3083.42890924
3083.53256499
3083.63858082
3083.74282488
3083.83569548
3083.94047885
3084.04738335
3084.15944248
3084.27610033
3084.39136701
3084.50742631
3084.62347976
3084.73986869
3084.85433933
3084.97134949
3085.08662348
3085.20318259
3085.31788924
3085.43352211
3085.53732269
3085.65435015
3085.76797283
3085.87286006
3085.97824295
3086.08415588
3086.18817662
3086.28255347
3086.37542115
3086.47052456
3086.57588356
3086.69170661
3086.79512684
3086.89999408
3087.01512544
3087.12949344
3087.28890105
3087.38392644
3087.48774164
3087.60344376
3087.71926754
3087.83520201
3087.95078661
3088.06629003
3088.18196509
3088.29869340
3088.42960727
3088.54354836
3088.64936230
3088.76592751
3088.88319854
3088.99947557
3089.10411777
3089.22187349
3089.33882611
3089.45412814
3089.56992705
3089.68772081
3089.80243965
3089.91903533
3090.02514600
3090.13110745
3090.25925043
3090.36597695
3090.47094196
3090.56505063
3090.66012112
3090.76622788
3090.85987282
3090.96537689
3091.05956626
3091.17671514
3091.29234022
3091.42078259
3091.52541748
3091.64370886
3091.74848686
3091.86594977
3091.97077849
3092.08626362
3092.20283272
3092.30849283
3092.42463917
3092.53119576
3092.63622099
3092.75316166
3092.86903493
3092.98549823
3093.10130909
3093.26189942
3093.35725541
3093.46264367
3093.56846859
3093.69675809
3093.80061352
3093.90635116
3094.01227921
3094.11906181
3094.22410581
3094.31867381
3094.41348685
3094.53030854
3094.63582138
3094.74091268
3094.85695516
3094.97385024
3095.09030085
3095.20610903
3095.32285051
3095.43964465
3095.55589193
3095.67208703
3095.77898252
3095.89436647
3096.01132811
3096.12697050
3096.23310701
3096.34872647
3096.46543894
3096.58158870
3096.69809587
3096.81403888
3096.91961584
3097.02779426
3097.13226116
3097.24902044
3097.36476059
3097.47199765
3097.56632404
3097.67106840
3097.77756331
3097.87166880
3097.97770925
3098.08403179
3098.19856606
3098.31622621
3098.42191801
3098.53803583
3098.64378809
3098.76043717
3098.87681562
3098.98276317
3099.08725129
3099.19323883
3099.30987815
3099.41566699
3099.53220830
3099.64870499
3099.75362709
3099.86943039
3099.98605362
3100.10247157
3100.26224075
3100.35779447
3100.46428621
3100.57030667
3100.67620058
3100.84761848
3100.92943087
3101.03498395
3101.14079741
3101.24670059
3101.34139684
3101.44723517
3101.56264959
3101.66849207
3101.78610833
3101.90220908
3101.99766870
3102.11269961
3102.23008231
3102.34564058
3102.46312031
3102.57778405
3102.69461672
3102.81214716
3102.92903273
3103.02265866
3103.14028053
3103.25465755
3103.36088207
3103.47622823
3103.59485021
3103.70947787
3103.82768415
3103.93234610
3104.03790381
3104.14563751
3104.25159433
3104.36613543
3104.47166583
3104.56671877
3104.67338483
3104.77879869
3104.87389746
3105.02293660
3105.13942915
3105.24491493
3105.34987262
3105.46851557
3105.58342434
3105.68908590
3105.79349210
3105.91038303
3106.02693336
3106.14273886
3106.25960395
3106.37668896
3106.49247739
3106.60812197
3106.72459770
3106.84205476
3106.95843881
3107.07404950
3107.19042307
3107.35102462
3107.44576841
3107.55042695
3107.65810409
3107.76310859
3107.89050990
3107.99739782
3108.10143928
3108.20784495
3108.31261515
3108.41897207
3108.52556694
3108.62972786
3108.74563502
3108.86232359
3108.97817420
3109.08423147
3109.19086681
3109.29455937
3109.40910145
3109.52563618
3109.64163575
3109.75941610
3109.87525963
3109.99204645
3110.10852413
3110.21667719
3110.37764201
3110.46054057
3110.56606950
3110.66200723
3110.76784190
3110.87320090
3110.96970060
3111.07482555
3111.19215680
3111.30942198
3111.41448915
3111.52125224
3111.63807004
3111.75466206
3111.86250718
3111.96736979
3112.06199826
3112.15881954
3112.30785819
3112.42442925
3112.54070603
3112.65741752
3112.76322854
3112.86901933
3112.98701691
3113.10262956
3113.22065225
3113.38024418
3113.47502040
3113.58162258
3113.69964870
3113.80499160
3113.91069706
3114.01613920
3114.13383568
3114.23960208
3114.35630285
3114.46267853
3114.57862568
3114.68534879
3114.80194009
3114.91878860
3115.02556169
3115.14139474
3115.24827072
3115.35424729
3115.46165039
3115.56711520
3115.67279116
3115.78908232
3115.89508888
3116.01332149
3116.11794005
3116.23522303
3116.35199742
3116.46986457
3116.58627544
3116.70288136
3116.81088618
3116.92760084
3117.03209846
3117.13870650
3117.24415742
3117.36131142
3117.47814384
3117.59485777
3117.71232848
3117.82789188
3117.93426488
3118.05130210
3118.16792777
3118.28564619
3118.40175499
3118.51042102
3118.61468044
3118.71984342
3118.82708926
3118.93349298
3119.04942087
3119.15643533
3119.27185390
3119.38972910
3119.50611535
3119.62250964
3119.73858698
3119.85603258
3119.97272750
3120.10036164
3120.20862977
3120.31392100
3120.40932624
3120.50412294
3120.65369772
3120.76028771
3120.87726447
3120.99300170
3121.09856891
3121.20434824
3121.32327498
3121.43892078
3121.55593118
3121.71573523
3121.82237399
3121.98259226
3122.07936869
3122.18542474
3122.29086054
3122.39641727
3122.50230461
3122.61831490
3122.73574392
3122.84256993
3122.94711509
3123.06402992
3123.16973952
3123.28669579
3123.40540676
3123.51050342
3123.62757015
3123.74576302
3123.84056362
3123.94678351
3124.04105090
3124.15849577
3124.26379698
3124.36942588
3124.48622514
3124.60274597
3124.70842144
3124.82526678
3124.94326851
3125.05945264
3125.16653513
3125.27439025
3125.37985750
3125.47373699
3125.57948608
3125.69826020
3125.80215098
3125.91958098
3126.01545799
3126.12145773
3126.22691376
3126.34313227
3126.46169549
3126.57733886
3126.69457210
3126.80159315
3126.90674662
3127.01302258
3127.11909814
3127.21498930
3127.33005093
3127.43741989
3127.55292721
3127.66048781
3127.76497227
3127.86126010
3127.97731306
3128.08274447
3128.24321314
3128.33893973
3128.44662784
3128.55243228
3128.64685863
3128.75209767
3128.85868279
3128.97529310
3129.09304712
3129.19860897
3129.30445145
3129.41085444
3129.51757170
3129.63284301
3129.74942382
3129.91100377
3130.00498541
3130.11192942
3130.22957957
3130.32541026
3130.44207080
3130.55844510
3130.67513319
3130.78089179
3130.88758735
3130.99440921
3131.10896079
3131.22666849
3131.34245156
3131.45967675
3131.57607349
3131.69359442
3131.80049332
3131.90712428
3132.00152746
3132.09677618
3132.20193331
3132.31945522
3132.41466981
3132.53089904
3132.64735258
3132.76451464
3132.88305665
3132.99876389
3133.11699748
3133.24301761
3133.34998331
3133.45580433
3133.57371658
3133.66825972
3133.77444938
3133.89201591
3134.00724504
3134.12436905
3134.23069402
3134.34715098
3134.46445688
3134.57095447
3134.68721028
3134.79255197
3134.91066756
3135.01759742
3135.12168788
3135.22991627
3135.33385777
3135.44110141
3135.54623318
3135.66374656
3135.76943958
3135.88930670
3136.00776045
3136.22620452
3136.33479034
3136.45512727
3136.57634777
3136.68312013
3136.78968965
3136.90806099
3137.01294408
3137.12975212
3137.24545204
3137.36230446
3137.47911664
3137.59660027
3137.71368577
3137.87275912
3137.96671199
3138.07210512
3138.17942581
3138.28383128
3138.39054854
3138.49484843
3138.58950884
3138.68608193
3138.79086261
3138.89672337
3138.99233634
3139.10801920
3139.22453565
3139.32944653
3139.43512833
3139.53970665
3139.64589534
3139.76275336
3139.87873391
3139.98484189
3140.10033921
3140.20632310
3140.31288359
3140.42895264
3140.54433952
3140.66116584
3140.77792341
3140.86458151
3140.97111860
3141.07629328
3141.18224937
3141.27793304
3141.37169843
3141.51166347
3141.62618970
3141.74292191
3141.84895358
3141.96552245
3142.08155103
3142.19861970
3142.31494158
3142.40925359
3142.52703052
3142.62046798
3142.73745205
3142.85387829
3142.96945850
3143.08537127
3143.20291659
3143.31871087
3143.43511590
3143.54028521
3143.64715778
3143.80685284
3143.90035662
3144.00748397
3144.11288076
3144.21860377
3144.32586009
3144.43004125
3144.53607195
3144.63067481
3144.73622082
3144.84215277
3144.94638049
3145.06385584
3145.18121001
3145.29531981
3145.41223098
3145.51909819
3145.63529305
3145.75057947
3145.86775542
3145.98348631
3146.10120205
3146.21704144
3146.32279785
3146.42885707
3146.53404467
3146.63856229
3146.75667275
3146.87192870
3146.98947817
3147.10558379
3147.22197906
3147.32784007
3147.44308529
3147.56091611
3147.66570021
3147.77112211
3147.87831261
3147.98303234
3148.07803969
3148.18293862
3148.27909358
3148.38370969
3148.52208290
3148.63895458
3148.75528889
3148.86185207
3148.96766212
3149.08362682
3149.19894153
3149.30350473
3149.39960483
3149.51628926
3149.63187923
3149.74849125
3149.85489107
3149.97131852
3150.07567693
3150.19332660
3150.30935713
3150.42578556
3150.54267576
3150.65758404
3150.81817242
3150.91199242
3151.01754598
3151.12465919
3151.23129136
3151.33681444
3151.46472214
3151.56981905
3151.67455609
3151.78026057
3151.87574188
3151.97070388
3152.06456971
3152.16998040
3152.27616299
3152.39252339
3152.50829549
3152.62546729
3152.71995313
3152.82521314
3152.94076874
3153.05764577
3153.17403739
3153.29080008
3153.39643361
3153.51402257
3153.62889354
3153.73506223
3153.84980887
3153.96809732
3154.08330670
3154.20102488
3154.30682761
3154.42258312
3154.52875328
3154.63637068
3154.74089927
3154.84588866
3154.97477257
3155.06843531
3155.17410200
3155.28099870
3155.38455132
3155.49115253
3155.60680418
3155.71182892
3155.81821387
3155.93477298
3156.05079083
3156.15692246
3156.26280517
3156.36744834
3156.47331861
3156.59085930
3156.70535237
3156.81206841
3156.92769081
3157.03345014
3157.13857435
3157.25619623
3157.37181984
3157.48940905
3157.60529134
3157.76589338
3157.85956075
3157.96516039
3158.07204515
3158.17759481
3158.28324833
3158.38838766
3158.49405337
3158.58974728
3158.69477861
3158.80021416
3158.90614709
3159.02297829
3159.13886132
3159.24373660
3159.36119171
3159.47727344
3159.58358476
3159.68819990
3159.79324756
3159.91033671
3160.02690606
3160.14310189
3160.25919265
3160.37544480
3160.47037608
3160.58702686
3160.70281115
3160.81920178
3160.93605029
3161.05240534
3161.16828202
3161.28538093
3161.39113929
3161.48612981
3161.59342320
3161.69802517
3161.80314841
3161.90898015
3162.00484035
3162.11065088
3162.20381503
3162.30947660
3162.41479903
3162.53296947
3162.64841194
3162.76636661
3162.87305047
3162.98805042
3163.09274212
3163.19528585
3163.31060056
3163.42475156
3163.54028936
3163.65416437
3163.76900390
3163.88373297
3163.99937609
3164.14707769
3164.25109452
3164.36410084
3164.46971536
3164.58372471
3164.69889289
3164.80182135
3164.91758930
3165.03268044
3165.14715205
3165.26300558
3165.37639736
3165.49245520
3165.60504485
3165.72101785
3165.83544972
3165.95008786
3166.06466529
3166.17964890
3166.28476165
3166.38753701
3166.50263424
3166.61859894
3166.73227281
3166.83672167
3166.94132535
3167.06602452
3167.19105454
3167.29607928
3167.39974332
3167.51286886
3167.62848882
3167.74293337
3167.85814885
3167.97427910
3168.08919347
3168.20374725
3168.30783405
3168.40182691
3168.51415447
3168.61798771
3168.73299741
3168.84862785
3168.96342495
3169.07824156
3169.19316764
3169.30874639
3169.41242042
3169.52558376
3169.64122103
3169.75541714
3169.86944087
3169.98624965
3170.10014319
3170.21506975
3170.32968790
3170.43527120
3170.55788922
3170.67389805
3170.78929541
3170.90523110
3171.02022812
3171.12264435
3171.23811095
3171.35284295
3171.45742249
3171.56174482
3171.67527338
3171.79082287
3171.90569409
3172.02151860
3172.13513591
3172.25007979
3172.36591332
3172.46912729
3172.56304676
3172.67623740
3172.83450008
3172.92812503
3173.04291067
3173.15918209
3173.26348369
3173.37719925
3173.48076333
3173.58458048
3173.70013388
3173.80357142
3173.93005137
3174.04263127
3174.15853258
3174.27421081
3174.38939776
3174.50474758
3174.60827898
3174.71208565
3174.82649826
3174.94022724
3175.05447674
3175.16998211
3175.27492273
3175.38848981
3175.50467443
3175.61058566
3175.72489588
3175.83987851
3175.95358140
3176.05835575
3176.17182530
3176.28741308
3176.40321004
3176.51640117
3176.62110213
3176.71430383
3176.82814446
3176.98625550
3177.07987069
3177.19364672
3177.30952073
3177.43601433
3177.56043897
3177.67609599
3177.77893790
3177.89333760
3178.00928962
3178.12419034
3178.23850421
3178.35375528
3178.46846461
3178.58359134
3178.69888313
3178.80172846
3178.91541233
3179.02040293
3179.13487845
3179.26025443
3179.36495783
3179.47907470
3179.59417340
3179.70965170
3179.81424026
3179.91717824
3180.03270799
3180.14654643
3180.26157393
3180.37556817
3180.49049790
3180.60539911
3180.72234222
3180.84623657
3180.94123563
3181.06500662
3181.22249643
3181.31616234
3181.43084850
3181.54579945
3181.66126922
3181.77594880
3181.89092559
3181.99446065
3182.10913366
3182.22301257
3182.33881246
3182.45353983
3182.56824258
3182.68347536
3182.80948598
3182.92423140
3183.02715669
3183.14305118
3183.24620541
3183.36063387
3183.47574451
3183.59098681
3183.70585267
3183.82171253
3183.93629459
3184.03981161
3184.14376481
3184.31088118
3184.42579287
3184.54187582
3184.65601415
3184.77076932
3184.88530286
3185.00038278
3185.10453809
3185.19935283
3185.31115888
3185.46998452
3185.56285415
3185.67805183
3185.79216773
3185.90890530
3186.02372581
3186.17088249
3186.27483862
3186.38845007
3186.51389262
3186.64129051
3186.75650721
3186.87069966
3186.97479866
3187.09070875
3187.20449136
3187.30920719
3187.42372562
3187.52676428
3187.64175765
3187.75639481
3187.88214041
3187.99783887
3188.11284394
3188.22799725
3188.33071165
3188.43529022
3188.54943586
3188.66313509
3188.77896350
3188.88275652
3188.98764814
3189.10232162
3189.21667255
3189.32014398
3189.42470378
3189.53959670
3189.65457592
3189.76994914
3189.87368121
3189.99926223
3190.11425779
3190.23093271
3190.37743672
3190.48031082
3190.59404759
3190.69801542
3190.81405570
3190.91954441
3191.03238275
3191.14797637
3191.26294926
3191.37729165
3191.48635339
3191.57872735
3191.68399322
3191.78700141
3191.90278691
3192.01902566
3192.13442277
3192.24908309
3192.36608618
3192.48285984
3192.59826549
3192.71304236
3192.82998669
3192.94384098
3193.04950254
3193.16570740
3193.28056375
3193.38546463
3193.51085378
3193.62763207
3193.74224095
3193.85807302
3193.97571221
3194.12313270
3194.22729362
3194.33093523
3194.43746378
3194.53016981
3194.62592980
3194.72783378
3194.84471520
3194.95957764
3195.11921395
3195.21305223
3195.32971886
3195.44510330
3195.55965537
3195.67449684
3195.79111813
3195.89691086
3196.01100848
3196.12726185
3196.24402235
3196.35952308
3196.47563943
3196.59054771
3196.70688885
3196.82203192
3196.93685828
3197.04194665
3197.15771582
3197.25056253
3197.34555988
3197.45029180
3197.54469938
3197.65936434
3197.77384985
3197.88970289
3198.04964030
3198.15380146
3198.27066704
3198.38452109
3198.50095122
3198.60559659
3198.71049211
3198.82759223
3198.94292523
3199.05722398
3199.17393109
3199.28838222
3199.40409531
3199.52005124
3199.63637117
3199.74090659
3199.85663869
3199.96170829
3200.05522353
3200.14954187
3200.24388923
3200.34968464
3200.44222781
3200.55707026
3200.68359410
3200.79972337
3200.91442539
3201.02936244
3201.14586303
3201.26066842
3201.37624181
3201.49312787
3201.60877538
3201.73453902
3201.85125075
3201.96638260
3202.08168244
3202.19718708
3202.31306035
3202.42888925
3202.55406044
3202.67179763
3202.78653061
3202.89139565
3202.99652255
3203.10158556
3203.19641420
3203.29923368
3203.39407792
3203.50763013
3203.62341198
3203.78240950
3203.87646990
3203.99265378
3204.10880427
3204.22359771
3204.34032091
3204.45515287
3204.56071789
3204.67571735
3204.79255051
3204.90688047
3205.02401667
3205.13821157
3205.25502009
3205.37075025
3205.48634997
3205.60019475
3205.74877041
3205.85376735
3205.95938479
3206.07422675
3206.17908668
3206.28386444
3206.39817245
3206.51379704
3206.63023791
3206.78824947
3206.88264241
3206.99926833
3207.10532414
3207.20929732
3207.32521083
3207.44002841
3207.55636248
3207.67113667
3207.78696386
3207.90393598
3208.01859533
3208.13374352
3208.24947831
3208.36521017
3208.47071814
3208.57574093
3208.67945568
3208.77391153
3208.86700498
3208.97208457
3209.08730907
3209.20273910
3209.31856117
3209.43406288
3209.56161657
3209.67609501
3209.79161135
3209.90747024
3210.02305802
3210.13964151
3210.25441788
3210.36919597
3210.47601539
3210.59170020
3210.70700905
3210.82191050
3210.93652328
3211.05218542
3211.16852949
3211.29578037
3211.41090027
3211.50609170
3211.61057567
3211.71539536
3211.81965015
3211.92360798
3212.01826375
3212.12239956
3212.23810485
3212.35289610
3212.51161081
3212.60741663
3212.72304097
3212.83906541
3212.95394931
3213.06962534
3213.17397156
3213.28895517
3213.40622864
3213.52098137
3213.62472733
3213.74091512
3213.85683667
3213.97338603
3214.08778986
3214.20467007
3214.32024931
3214.43728872
3214.53974201
3214.64500690
3214.77111577
3214.87674052
3214.98066763
3215.09528675
3215.21093328
3215.37121812
3215.46440860
3215.58070732
3215.69522429
3215.81297685
3215.92730266
3216.04283095
3216.15737887
3216.27309806
3216.38969764
3216.50492556
3216.63230297
3216.74754600
3216.86312231
3216.98010516
3217.09452558
3217.20949993
3217.31603994
3217.42108857
3217.52550598
3217.63022060
3217.73310249
3217.84964454
3217.95483385
3218.06933618
3218.17383454
3218.29009961
3218.40604189
3218.52135245
3218.63694998
3218.74183818
3218.85776899
3218.97225378
3219.08913886
3219.21501928
3219.33178514
3219.44690480
3219.56182064
3219.67755519
3219.79360474
3219.91706901
3220.03367957
3220.14917689
3220.25877500
3220.36558662
3220.50540123
3220.62201617
3220.72867443
3220.84547638
3220.95107016
3221.06749859
3221.17361316
3221.27966043
3221.38656494
3221.50225268
3221.61885835
3221.73767319
3221.84276302
3221.94938691
3222.05446162
3222.17307848
3222.28846853
3222.40523927
3222.52215117
3222.63905088
3222.75595669
3222.87207328
3222.98910514
3223.09508390
3223.21239126
3223.31820692
3223.42551688
3223.55274533
3223.65865046
3223.76511611
3223.88146920
3223.99949507
3224.11501458
3224.23163830
3224.34926724
3224.46472824
3224.58273582
3224.69876854
3224.81503947
3224.93413517
3225.04052939
3225.14517964
3225.27401064
3225.37966489
3225.47423631
3225.59167021
3225.70824175
3225.81400670
3225.93029640
3226.04688403
3226.15368955
3226.27050710
3226.38714130
3226.49515027
3226.61121688
3226.71767741
3226.82241251
3226.93095858
3227.04757426
3227.19559232
3227.31128444
3227.41798951
3227.53581229
3227.64154651
3227.75827848
3227.86394980
3227.98191594
3228.09838094
3228.25722876
3228.36492029
3228.48300784
3228.58649706
3228.68329958
3228.78815706
3228.93806221
3229.05453184
3229.17113947
3229.27702729
3229.39444242
3229.51093667
3229.62777104
3229.74449546
3229.86165239
3229.97914870
3230.09600087
3230.20252796
3230.30927692
3230.40337071
3230.50903155
3230.62669999
3230.73273800
3230.87204183
3230.96636042
3231.07197322
3231.18973212
3231.29468737
3231.41156977
3231.52817691
3231.64524875
3231.75281886
3231.87000139
3231.97499395
3232.08143717
3232.19730752
3232.31484747
3232.43118301
3232.54887705
3232.65452131
3232.75961724
3232.87730445
3232.99400668
3233.11140084
3233.22752499
3233.34511566
3233.45142015
3233.55700590
3233.66355273
3233.76955905
3233.91787919
3234.03427349
3234.15149917
3234.26906278
3234.38581620
3234.49135635
3234.59736608
3234.71565258
3234.83122646
3234.95005129
3235.06545376
3235.18318608
3235.28986190
3235.38347929
3235.48972576
3235.58527899
3235.70205826
3235.81978644
3235.92532098
3236.04253569
3236.15961948
3236.26583279
3236.38130500
3236.49834661
3236.65968251
3236.75335427
3236.86092779
3236.96581477
3237.06154794
3237.16831616
3237.28408069
3237.39092644
3237.50723541
3237.62446694
3237.74114284
3237.85839436
3237.97398506
3238.09088892
3238.20871462
3238.32531201
3238.44296460
3238.56078153
3238.66655744
3238.77169336
3238.87656181
3238.99473933
3239.11109169
3239.22788827
3239.33484227
3239.44153759
3239.55608405
3239.67347406
3239.79000050
3239.90598374
3240.02346981
3240.13138369
3240.23630993
3240.34368572
3240.43931429
3240.54485225
3240.69310632
3240.80979635
3240.92787610
3241.03417279
3241.15108908
3241.26685801
3241.37254371
3241.49084606
3241.60582650
3241.72277839
3241.82950297
3241.98969296
3242.08580087
3242.19250886
3242.29747216
3242.41512914
3242.53192841
3242.64867281
3242.76453121
3242.88212773
3242.99816265
3243.11655813
3243.24307344
3243.40315372
3243.49780803
3243.60443874
3243.72355127
3243.82740792
3243.93485929
3244.05058408
3244.16745624
3244.27446754
3244.39216621
3244.50893281
3244.61256125
3244.73107083
3244.84789911
3244.96367949
3245.12413670
3245.23059772
3245.33643434
3245.44311601
3245.54892386
3245.65488385
3245.77154146
3245.88910165
3246.00505904
3246.12249367
3246.23949310
3246.35608391
3246.46227625
3246.57898213
3246.69608786
3246.81129359
3246.91803718
3247.02489293
3247.13090290
3247.23717277
3247.34403973
3247.46080486
3247.57618442
3247.69435340
3247.81456916
3247.94495616
3248.05560094
3248.17488365
3248.30469794
3248.42418861
3248.53360923
3248.65308820
3248.77377159
3248.89227532
3249.01082733
3249.13050281
3249.25120302
3249.36913989
3249.48982035
3249.61051106
3249.72953142
3249.84789350
3250.01022950
3250.15179272
3250.27162131
3250.39070677
3250.51220448
3250.63017208
3250.74998287
3250.87916082
3250.98899177
3251.18465309
3251.30351571
3251.42426736
3251.53304774
3251.65213612
3251.78209426
3251.89186060
3252.00975359
3252.13033823
3252.24965507
3252.36918963
3252.48875174
3252.59813213
3252.71785832
3252.84807758
3252.96777744
3253.08695774
3253.23795466
3253.36845942
3253.47754529
3253.59816602
3253.71805898
3253.84800687
3254.02177363
3254.17322989
3254.27151623
3254.39001313
3254.51097739
3254.62931387
3254.75918545
3254.92334101
3255.03167350
3255.15071996
3255.27182684
3255.39074212
3255.50957988
3255.62959742
3255.74895448
3255.86739629
3255.98720684
3256.10680016
3256.22657072
3256.34736358
3256.46752717
3256.57561074
3256.69429562
3256.85731551
3256.95648907
3257.07673506
3257.19831933
3257.28351408
3257.40433230
3257.59910225
3257.70918408
3257.82779752
3257.95835860
3258.07953351
3258.19921508
3258.31715488
3258.43761055
3258.55786898
3258.67535383
3258.79499323
3258.91524288
3259.03424399
3259.15497370
3259.26378382
3259.38304507
3259.50181699
3259.62125305
3259.74198617
3259.89471439
3260.01256642
3260.12214185
3260.22970513
3260.35071011
3260.48123437
3260.64382540
3260.74146125
3260.86109480
3260.97022309
3261.09013141
3261.20980542
3261.33873200
3261.50190842
3261.59995631
3261.71854123
3261.83913514
3261.95981463
3262.07849707
3262.18666159
3262.30621077
3262.43776683
3262.58046498
3262.70008170
3262.80878016
3262.93792836
3263.04697132
3263.16758741
3263.28559280
3263.40516295
3263.52689448
3263.64544843
3263.76423864
3263.88467383
3264.00447878
3264.12299567
3264.28557768
3264.38562701
3264.49156359
3264.61126882
3264.73123077
3264.85084871
3264.97161670
3265.09012238
3265.27486251
3265.39554931
3265.51528721
3265.63422199
3265.74349633
3265.86136664
3265.98112721
3266.10071663
3266.22003395
3266.36364638
3266.47265399
3266.59055941
3266.70915774
3266.81956116
3266.93843329
3267.05840743
3267.17590131
3267.29848933
3267.41716885
3267.53549314
3267.64503762
3267.75455552
3267.88508002
3268.00343771
3268.16685379
3268.26279468
3268.38348734
3268.50447378
3268.62426507
3268.75280496
3268.88277651
3268.99275106
3269.11319137
3269.23101000
3269.35044240
3269.47147639
3269.58932818
3269.71983830
3269.82939545
3269.94956562
3270.06905068
3270.18954707
3270.30793548
3270.42756073
3270.53608219
3270.65543218
3270.77538414
3270.90567215
3271.02462181
3271.13409777
3271.25333318
3271.37339900
3271.49318273
3271.61279214
3271.74112138
3271.86228142
3271.98130032
3272.09947783
3272.22157263
3272.33923864
3272.46078365
3272.57757413
3272.69923666
3272.82897805
3272.94812324
3273.06816395
3273.18814053
3273.31837417
3273.43846632
3273.55643026
3273.67613719
3273.79516487
3273.91663845
3274.03512292
3274.15495614
3274.27704095
3274.39447289
3274.51323482
3274.67585413
3274.76413332
3274.87312410
3274.99106610
3275.11265548
3275.23086542
3275.36102738
3275.49154701
3275.60140356
3275.79732551
3275.92690623
3276.04687087
3276.16549041
3276.29558240
3276.41547828
3276.53015250
3276.64391999
3276.75863542
3276.87374143
3276.97718335
3277.08999487
3277.24856841
3277.34105624
3277.45649797
3277.55925723
3277.67473675
3277.77740361
3277.89184378
3278.00634952
3278.13027753
3278.23404250
3278.34883814
3278.45262457
3278.54510288
3278.65871166
3278.77236188
3278.88800744
3278.99284127
3279.10633643
3279.21043933
3279.30483569
3279.41594737
3279.53170532
3279.65597978
3279.77069106
3279.88547475
3280.00031793
3280.10333343
3280.21697829
3280.37551453
3280.46743769
3280.58206412
3280.69678686
3280.80204395
3280.90385918
3281.01792217
3281.13198931
3281.24619639
3281.36186731
3281.47663247
3281.57997053
3281.69341181
3281.80815235
3281.92233017
3282.03683860
3282.15187366
3282.26630919
3282.38162024
3282.48463087
3282.59692381
3282.71109432
3282.82569589
3282.92946428
3283.03472795
3283.14915836
3283.25387395
3283.35546756
3283.47962669
3283.59459226
3283.71036631
3283.82360766
3283.93806294
3284.03056393
3284.14364583
3284.30328921
3284.39485177
3284.49920579
3284.61449685
3284.72949997
3284.86443669
3284.97757564
3285.08136524
3285.19633740
3285.31079585
3285.42678371
3285.54010796
3285.63211914
3285.73581170
3285.84891092
3285.96441238
3286.06803936
3286.17164562
3286.28668970
3286.40157676
3286.50302823
3286.60756974
3286.72140014
3286.84708869
3286.96166026
3287.06539379
3287.16814695
3287.26287612
3287.37568251
3287.49038428
3287.60399379
3287.69063312
