7010.21921158
7010.27075042
7010.33036764
7010.38482609
7010.45622734
7010.51891679
7010.57482908
7010.63466597
7010.69201283
7010.75260772
7010.81179876
7010.87031201
7010.92897056
7010.98762619
7011.04717733
7011.10564548
7011.17566286
7011.23573137
7011.29165000
7011.35095001
7011.41352976
7011.48191630
7011.54021061
7011.59980564
7011.65565892
7011.71806434
7011.77483142
7011.83245794
7011.89276586
7011.95259422
7012.01110819
7012.07117597
7012.12924256
7012.18584166
7012.24758391
7012.31868820
7012.37579881
7012.43573542
7012.49358574
7012.55080729
7012.60761436
7012.66760314
7012.72666739
7012.78652500
7012.84356003
7012.90253067
7012.96376458
7013.02041000
7013.07920363
7013.13948645
7013.20812460
7013.26789834
7013.32571112
7013.38428922
7013.50796878
7013.56832937
7013.62689455
7013.68488336
7013.74477876
7013.81379995
7013.87494146
7013.93216081
7013.99144327
7014.05091079
7014.10858240
7014.16872795
7014.23825333
7014.30709166
7014.36797863
7014.42553517
7014.48432172
7014.54425979
7014.60336037
7014.66222007
7014.71982903
7014.77904957
7014.83877138
7014.89742018
7014.95514300
7015.01490187
7015.07370890
7015.14376627
7015.20180068
7015.26116677
7015.31934478
7015.37920239
7015.43881765
7015.49618792
7015.55562837
7015.61411797
7015.67500153
7015.73200438
7015.79220113
7015.85000318
7015.90878803
7015.96778183
7016.02676148
7016.09634757
7016.15524579
7016.21439976
7016.27167617
7016.33033424
7016.39114733
7016.44800780
7016.50927609
7016.56796927
7016.62771546
7016.68596271
7016.75505727
7016.81492708
7016.87474007
7016.93204231
7016.99178875
7017.06053296
7017.12105349
7017.17815947
7017.23687581
7017.29772621
7017.35420877
7017.41313649
7017.47167607
7017.53183820
7017.58980555
7017.65015590
7017.71888695
7017.77738655
7017.83765522
7017.89604046
7017.96639796
7018.02537713
7018.08276398
7018.14312408
7018.20206228
7018.26098294
7018.31924847
7018.37885496
7018.43644856
7018.49505494
7018.55407531
7018.61412967
7018.67268242
7018.76258464
7018.82331485
7018.89468293
7018.97124977
7019.07297967
7019.13110087
7019.19177500
7019.25043892
7019.30898654
7019.36986279
7019.42789768
7019.48471474
7019.54476253
7019.60293688
7019.66161421
7019.72016622
7019.77935238
7019.83769618
7019.91853431
7019.97858014
7020.03737669
7020.09528139
7020.15413767
7020.21332725
7020.27123926
7020.32997535
7020.38971130
7020.44802657
7020.50757381
7020.56748652
7020.62647983
7020.68564039
7020.74247087
7020.80210783
7020.87316335
7020.92957448
7020.99047510
7021.04961006
7021.10833811
7021.16720951
7021.22696179
7021.28435961
7021.34308400
7021.40222359
7021.46098674
7021.52193832
7021.57987545
7021.63888777
7021.69674737
7021.76805353
7021.82644560
7021.88631174
7021.94340748
7022.00183662
7022.06417742
7022.12059903
7022.17995951
7022.23707622
7022.29662419
7022.35512964
7022.41515328
7022.47269568
7022.53226462
7022.59158146
7022.64968048
7022.71232848
7022.77865435
7022.83865825
7022.89615871
7022.95499501
7023.01347339
7023.07322470
7023.13257470
7023.19227212
7023.28114035
7023.34326198
7023.40086289
7023.45958508
7023.51786646
7023.57822827
7023.63813781
7023.70795771
7023.76584266
7023.82389682
7023.88277797
7023.94155648
7024.00053931
7024.05982884
7024.11823189
7024.17840864
7024.23635552
7024.29582328
7024.35374285
7024.41256768
7024.47037266
7024.54748856
7024.60694656
7024.67775389
7024.73686618
7024.79573344
7024.85422133
7024.91426838
7024.97314417
7025.03137581
7025.09061537
7025.15085746
7025.20883433
7025.26912738
7025.32955843
7025.38858978
7025.44733781
7025.50541854
7025.56528078
7025.63454748
7025.69534473
7025.77414096
7025.82401043
7025.88415549
7025.94103351
7026.00086260
7026.05970620
7026.11965159
7026.17758310
7026.23682510
7026.30868739
7026.36817343
7026.42617370
7026.48538473
7026.54434391
7026.61497008
7026.67364571
7026.73344310
7026.79132512
7026.85211871
7026.91237593
7026.96980374
7027.02874024
7027.08812632
7027.14642136
7027.20584133
7027.26580841
7027.32416489
7027.38389645
7027.44259060
7027.51481665
7027.57217766
7027.63237441
7027.69289762
7027.75127092
7027.80892278
7027.86846222
7027.92854682
7027.98602973
7028.04493039
7028.10430258
7028.16454955
7028.22357845
7028.28298428
7028.34136782
7028.40114985
7028.47170216
7028.53107849
7028.59012202
7028.64883080
7028.70954394
7028.76762564
7028.82671452
7028.88505661
7028.94436126
7029.00260193
7029.06187538
7029.12319438
7029.18233348
7029.24148185
7029.29971521
7029.36998786
7029.43092360
7029.48736349
7029.54788085
7029.60658231
7029.66484566
7029.73474723
7029.79355646
7029.85234643
7029.91450902
7029.97232643
7030.03159670
7030.09144773
7030.15040325
7030.20799221
7030.26802342
7030.33899458
7030.39729962
7030.45624051
7030.51696266
7030.57511337
7030.63448823
7030.69469254
7030.75228687
7030.81228906
7030.87035662
7030.93064407
7030.98852536
7031.04848683
7031.10876331
7031.16776978
7031.22613065
7031.28681940
7031.34361648
7031.40368401
7031.46386978
7031.52150946
7031.58249688
7031.64096308
7031.69946389
7031.75915059
7031.81685000
7031.87588963
7031.93678489
7031.99657448
7032.05582062
7032.11340300
7032.18360763
7032.25492159
7032.31434108
7032.37302646
7032.43229575
7032.49136586
7032.55111985
7032.61027066
7032.66839625
7032.72892287
7032.78747562
7032.84544590
7032.92709640
7032.97506587
7033.03349378
7033.10562329
7033.16370134
7033.22247619
7033.28282751
7033.34094579
7033.39961288
7033.45993860
7033.51930640
7033.57864957
7033.63645187
7033.69766409
7033.75580455
7033.81404692
7033.87413884
7033.93313824
7033.99334815
7034.06315928
7034.12034791
7034.17940704
7034.23921540
7034.29814191
7034.35894696
7034.41748020
7034.47657054
7034.53620507
7034.59533783
7034.65467808
7034.71477170
7034.77178771
7034.83176844
7034.89168725
7034.95071055
7035.02042756
7035.08009890
7035.13921460
7035.19637543
7035.25627839
7035.31515540
7035.37436643
7035.43479139
7035.49202878
7035.55215531
7035.61185640
7035.67095308
7035.73049910
7035.78837674
7035.85026771
7035.90812804
7035.98905199
7036.04738165
7036.10636228
7036.16707224
7036.22452516
7036.28467827
7036.34467607
7036.40446980
7036.46222480
7036.52153092
7036.58027261
7036.63983058
7036.69894628
7036.75771577
7036.81650355
7036.88666575
7036.94556154
7037.00535527
7037.06498760
7037.13727802
7037.19396855
7037.25370572
7037.31151655
7037.37161017
7037.43028506
7037.49148362
7037.55010317
7037.60874417
7037.66808832
7037.72637165
7037.78569313
7037.85720726
7037.91494568
7037.97479012
7038.03348281
7038.09250196
7038.15100716
7038.21052466
7038.27072897
7038.33047174
7038.38912104
7038.44788833
7038.50717909
7038.56793586
7038.62436235
7038.68374307
7038.74463248
7038.81356491
7038.89417215
7038.94366080
7039.00179858
7039.06155525
7039.12089014
7039.17874681
7039.23883335
7039.29840254
7039.35667929
7039.45022573
7039.51028960
7039.56934508
7039.62853027
7039.68609071
7039.74488214
7039.81540323
7039.87616806
7039.93346884
7039.99376433
7040.05088836
7040.11082252
7040.17063381
7040.22946913
7040.28764835
7040.34709905
7040.40597752
7040.46411798
7040.52579587
7040.58274143
7040.64500690
7040.70304447
7040.77420849
7040.83378280
7040.90299756
7040.96149789
7041.02025031
7041.07988630
7041.13872113
7041.19880719
7041.25614015
7041.31488575
7041.37512760
7041.43450710
7041.49393195
7041.55373081
7041.61197391
7041.67113374
7041.74111772
7041.80001887
7041.86118013
7041.91859258
7041.97825685
7042.03712410
7042.09745349
7042.15614301
7042.21501197
7042.27434856
7042.33266042
7042.39310732
7042.45186632
7042.51004653
7042.56966447
7042.63944585
7042.69839088
7042.75782134
7042.81623316
7042.87576919
7042.93565094
7042.99452941
7043.05491901
7043.11441334
7043.17199207
7043.23257136
7043.29226659
7043.35092173
7043.41099682
7043.46949812
7043.52760786
7043.59766280
7043.65704132
7043.71585128
7043.77519007
7043.83404392
7043.89256423
7043.95177038
7044.01146586
7044.06963070
7044.13053938
7044.18945442
7044.25029288
7044.30837507
7044.36751173
7044.42654015
7044.49704515
7044.56560261
7044.62601123
7044.68478803
7044.74466003
7044.80302601
7044.86363334
7044.92097435
7044.97927792
7045.03976870
7045.09983477
7045.15800985
7045.21678958
7045.27640241
7045.33447241
7045.39448289
7045.46631690
7045.52611112
7045.58524900
7045.64392341
7045.70237838
7045.76096916
7045.82009169
7045.88026015
7045.93803880
7045.99833186
7046.07864141
7046.12801327
7046.18530503
7046.24603767
7046.30447631
7046.37565374
7046.43418381
7046.49310325
7046.55173450
7046.64450465
7046.70397070
7046.76205777
7046.82179445
7046.88207141
7046.94071071
7046.99962600
7047.05828431
7047.11743585
7047.17846423
7047.23664663
7047.30563660
7047.36455628
7047.42523577
7047.48389701
7047.54298613
7047.60164664
7047.66052974
7047.71907615
7047.77867654
7047.83918585
7047.89980707
7047.95648249
7048.01649004
7048.07542678
7048.13421188
7048.19398196
7048.26370019
7048.32263084
7048.38179896
7048.43985140
7048.49984067
7048.55952859
7048.61992770
7048.67861186
7048.73716533
7048.79678425
7048.85512488
7048.91439028
7048.97384097
7049.03424033
7049.09206945
7049.15194144
7049.22166187
7049.28064762
7049.34002809
7049.39985718
7049.45769068
7049.51735763
7049.57647211
7049.63564218
7049.69564071
7049.75423686
7049.81370364
7049.87256212
7049.93232928
7049.99114777
7050.04901054
7050.10976732
7050.17987125
7050.23906131
7050.29793369
7050.35881481
7050.41632137
7050.47556751
7050.53499967
7050.61059639
7050.67711755
7050.74329909
7050.81186581
7050.86898715
7050.94413428
7051.01155412
7051.08058871
7051.14718619
7051.20403031
7051.28082608
7051.34927090
7051.43750279
7051.49322564
7051.60224860
7051.66986642
7051.73647608
7051.80497722
7051.87398402
7051.93985128
7052.00479914
7052.07253301
7052.14107754
7052.20802976
7052.27497905
7052.33223400
7052.40950934
7052.47587861
7052.54403817
7052.60995346
7052.67696566
7052.74328031
7052.81195943
7052.88033452
7052.94592945
7053.01201443
7053.08107048
7053.14693945
7053.21405136
7053.28169746
7053.34902368
7053.41499334
7053.48358688
7053.54971917
7053.61777779
7053.68497699
7053.75012916
7053.81762507
7053.88599430
7053.95342926
7054.01141612
7054.08703649
7054.15422374
7054.24296763
7054.29875216
7054.36843528
7054.43307472
7054.50043020
7054.56762038
7054.63353177
7054.72354395
7054.78976572
7054.85766026
7054.92397784
7054.99321845
7055.05922176
7055.11670515
7055.21543961
7055.28394684
7055.35014227
7055.41787590
7055.48370318
7055.55157285
7055.61776999
7055.68455105
7055.75184558
7055.81856910
7055.90830090
7055.97468138
7056.04182840
7056.10964273
7056.17555217
7056.24346183
7056.31033505
7056.37970488
7056.44389986
7056.52176424
7056.61198830
7056.67901341
7056.74543681
7056.81289224
7056.87967550
7056.94645900
7057.01359919
7057.08060724
7057.14755239
7057.21637267
7057.28313886
7057.34909146
7057.41682313
7057.48476156
7057.55333559
7057.61856944
7057.68714591
7057.75203843
7057.82032087
7057.88660505
7057.95333393
7058.02129869
7058.08861272
7058.15497613
7058.22325492
7058.28211388
7058.35691018
7058.42364321
7058.49104184
7058.55893370
7058.62583569
7058.69271890
7058.75878853
7058.82598699
7058.89393200
7058.96148058
7059.02722569
7059.09533600
7059.16226335
7059.22983070
7059.29663102
7059.35441528
7059.43097772
7059.49828102
7059.56596954
7059.63335428
7059.72113414
7059.77675484
7059.84314434
7059.91239641
7059.97818346
7060.03642681
7060.11326573
7060.17896282
7060.24769923
7060.31413433
7060.38065330
7060.48160544
7060.54845209
7060.61440103
7060.68167361
7060.74895522
7060.81613930
7060.88300691
7060.95107504
7061.01819353
7061.08369021
7061.15239736
7061.21901069
7061.28586513
7061.35322232
7061.42079844
7061.48938028
7061.55417941
7061.62072691
7061.68940554
7061.75639823
7061.82270215
7061.89042212
7061.95706251
7062.02474786
7062.09186928
7062.15920135
7062.22514956
7062.29370311
7062.36017186
7062.42867519
7062.49502568
7062.56098633
7062.62859195
7062.69600789
7062.76279066
7062.82453974
7062.89743652
7062.96329574
7063.03059319
7063.09930083
7063.15681031
7063.23174972
7063.29900182
7063.36790378
7063.43574005
7063.50191524
7063.56784931
7063.63544640
7063.70339361
7063.77004472
7063.83763352
7063.90182021
7063.97110690
7064.03753370
7064.10538875
7064.17346273
7064.23004305
7064.30606083
7064.37471679
7064.44114652
7064.50944042
7064.56607024
7064.64288381
7064.70877667
7064.77645324
7064.84332013
7064.90994564
7064.97714556
7065.04573179
7065.11220833
7065.18054222
7065.24426713
7065.31287871
7065.38081177
7065.44801072
7065.51568681
7065.58087531
7065.64902390
7065.71744775
7065.78248435
7065.84952215
7065.91622568
7065.98316936
7066.05210058
7066.11899452
7066.18576120
7066.25356967
7066.31968245
7066.38695162
7066.45374024
7066.51006091
7066.57868273
7066.64578830
7066.71127376
7066.77960497
7066.84613612
7066.91292401
7066.97565589
7067.04784464
7067.11479613
7067.18188658
7067.24938079
7067.30843066
7067.38275932
7067.44998509
7067.51719940
7067.58498154
7067.65149490
7067.71793098
7067.78574043
7067.85209238
7067.92075395
7067.98650223
7068.05426658
7068.12168593
7068.20995585
7068.28887569
7068.35480781
7068.42193020
7068.48895678
7068.55628593
7068.62448815
7068.69174489
7068.78892116
7068.85660627
7068.92448496
7068.99159394
7069.05859931
7069.12635512
7069.19195761
7069.26054432
7069.32776741
7069.39463649
7069.46134392
7069.52728116
7069.59460031
7069.66269843
7069.73014216
7069.79626591
7069.86352167
7069.93055971
7069.99827383
7070.06656749
7070.13177110
7070.19952252
7070.26678511
7070.33465161
7070.40269097
7070.45937687
7070.53527469
7070.60261407
7070.69092471
7070.74704838
7070.80638132
7070.88221258
7070.94893683
7071.01588588
7071.08396181
7071.15160645
7071.20912690
7071.30532965
7071.37296209
7071.44115115
7071.50726174
7071.56570306
7071.64206266
7071.70902950
7071.77642399
7071.84354199
7071.90213375
7071.97914090
7072.04481117
7072.11215567
7072.17933219
7072.23719276
7072.31252982
7072.37654365
7072.44754188
7072.51471962
7072.58127711
7072.64831636
7072.71500136
7072.78156202
7072.82933181
7072.89678798
7072.96334694
7073.05289149
7073.12074215
7073.18793793
7073.25613040
7073.32131012
7073.38862415
7073.45668009
7073.52362134
7073.59172409
7073.64933232
7073.72447433
7073.79114373
7073.85834195
7073.92562306
7073.99359025
7074.05960161
7074.12742130
7074.19379203
7074.26112483
7074.32809534
7074.39551664
7074.46256419
7074.52911363
7074.59748530
7074.66359443
7074.72283934
7074.79746351
7074.86533927
7074.94268946
7075.01138711
7075.06748372
7075.14492680
7075.21224937
7075.27857060
7075.34625766
7075.41271495
7075.47920246
7075.54748149
7075.61623716
7075.68248330
7075.74871189
7075.81458672
7075.88126416
7075.94960121
7076.01656562
7076.08347468
7076.15125853
7076.21857085
7076.28651342
7076.35404152
7076.42082428
7076.48779601
7076.55465167
7076.62231728
7076.68813675
7076.75559049
7076.82044667
7076.88856503
7076.95774249
7077.02385283
7077.09130169
7077.15729744
7077.22613479
7077.29164512
7077.35933998
7077.42799740
7077.49328708
7077.56043288
7077.62786125
7077.69466328
7077.76241690
7077.82796136
7077.89653125
7077.96270035
7078.03048030
7078.09910334
7078.15674131
7078.23178800
7078.30000534
7078.38931243
7078.44485388
7078.50308675
7078.57930786
7078.64633785
7078.71262349
7078.78016475
7078.84667519
7078.91291792
7078.97998302
7079.04884255
7079.11644940
7079.18321461
7079.24041811
7079.34882449
7079.41501577
7079.48350667
7079.55079900
7079.60784256
7079.68461444
7079.74793707
7079.81975157
7079.87699628
7079.94124246
7080.00886295
7080.07641543
7080.14357781
7080.21103032
7080.32071011
7080.38808216
7080.44755066
7080.51509533
7080.58293696
7080.65130156
7080.70800599
7080.77856000
7080.84348616
7080.90148741
7080.97052687
7081.03864499
7081.09469381
7081.15361178
7081.20975008
7081.27962630
7081.34659729
7081.41346563
7081.47045922
7081.52876523
7081.59690357
7081.65400760
7081.72300708
7081.79147311
7081.85888198
7081.91597724
7081.98380814
7082.05149788
7082.11017594
7082.16762423
7082.22473362
7082.29192550
7082.34944035
7082.40707247
7082.46446224
7082.53230192
7082.58842876
7082.64988503
7082.71529174
7082.78427928
7082.85130585
7082.90947728
7082.97776630
7083.03449316
7083.10136857
7083.17037269
7083.23806316
7083.30693391
7083.37566106
7083.46462486
7083.52197709
7083.57893824
7083.63648406
7083.69334915
7083.75246217
7083.82940349
7083.89794535
7083.95622137
7084.02428608
7084.08146252
7084.13885839
7084.19764471
7084.25236306
7084.31892664
7084.41037511
7084.47920904
7084.53576938
7084.60500852
7084.66246754
7084.71832229
7084.78739882
7084.85387609
7084.92271125
7084.99057433
7085.04760693
7085.11675269
7085.17523498
7085.24263239
7085.31161627
7085.36869226
7085.43624717
7085.50442624
7085.56399639
7085.62924121
7085.69643626
7085.75428245
7085.81215448
7085.87055996
7085.93762798
7085.99481954
7086.06160792
7086.11914203
7086.18711727
7086.24770557
7086.31371010
7086.37121959
7086.43900100
7086.50743777
7086.56590908
7086.62482924
7086.70100062
7086.76990063
7086.83689429
7086.90565996
7086.97278577
7087.02994587
7087.09930107
7087.15658284
7087.21377001
7087.28057082
7087.33968822
7087.40769199
7087.47548315
7087.54368635
7087.61093821
7087.67935304
7087.74873189
7087.81676247
7087.88431153
7087.95111454
7088.01012979
7088.07689256
7088.14592082
7088.20356147
7088.27035740
7088.32798708
7088.38802072
7088.45404037
7088.50995534
7088.57918035
7088.63557635
7088.69281180
7088.75003578
7088.80719101
7088.87694069
7088.94497176
7089.01218266
7089.07093923
7089.14874803
7089.21691344
7089.27533794
7089.33150208
7089.40098577
7089.47051895
7089.53664904
7089.60399501
7089.67247689
7089.72958896
7089.79702246
7089.85627786
7089.93443165
7089.99162442
7090.04907563
7090.11736514
7090.18597819
7090.25213851
7090.31995089
7090.38942409
7090.45747564
7090.52600018
7090.59403296
7090.66262870
7090.71842201
7090.78702384
7090.91054004
7090.96688095
7091.03520313
7091.09887294
7091.17200694
7091.23877703
7091.30851233
7091.36571754
7091.42344109
7091.48932079
7091.55813766
7091.62669902
7091.68430919
7091.75269062
7091.80965885
7091.87792909
7091.94543524
7092.00401408
7092.07081562
7092.13942281
7092.19698106
7092.26493240
7092.32327425
7092.39084087
7092.44849590
7092.50579986
7092.56293729
7092.63136455
7092.72148084
7092.78917716
7092.85702026
7092.92075346
7092.99286346
7093.06225035
7093.12936836
7093.19770249
7093.25514322
7093.32265278
7093.37974901
7093.44981784
7093.50537612
7093.57509240
7093.63173611
7093.69959896
7093.75679198
7093.81398036
7093.88301642
7093.94956952
7094.01008785
7094.08610807
7094.14455475
7094.20107120
7094.26950383
7094.33993374
7094.39481154
7094.46103770
7094.52985700
7094.58798284
7094.65486459
7094.71355533
7094.78174244
7094.85036207
7094.90721814
7094.97623347
7095.04381813
7095.11152396
7095.17000454
7095.24777725
7095.31564985
7095.37299525
7095.44128720
7095.50005644
7095.55569762
7095.61352429
7095.69123898
7095.75206964
7095.81759069
7095.87539762
7095.93321967
7096.00011800
7096.06809983
7096.13806089
7096.20492924
7096.27256534
7096.33076017
7096.39818977
7096.46739453
7096.53398250
7096.60406962
7096.66151668
7096.71822672
7096.78549442
7096.85330192
7096.91002097
7096.98023682
7097.03590993
7097.10401537
7097.17327378
7097.24169714
7097.30988961
7097.36826072
7097.43454319
7097.49094968
7097.55955395
7097.62746189
7097.68557700
7097.74306283
7097.81139306
7097.86742750
7097.93694581
7098.00400847
7098.07180841
7098.14030174
7098.20906814
7098.26706086
7098.32335325
7098.38166779
7098.43860334
7098.50582594
7098.56373576
7098.63181803
7098.68840665
7098.75809124
7098.81547589
7098.87210717
7098.95207076
7099.02045779
7099.09059245
7099.15576096
7099.23240483
7099.29027077
7099.34861432
7099.40663117
7099.49598068
7099.55450100
7099.61264975
7099.66897725
7099.72656304
7099.79333070
7099.85044253
7099.91969874
7099.98635668
7100.05462717
7100.12356570
7100.19164139
7100.26105072
7100.32890283
7100.39416935
7100.48603717
7100.54384093
7100.60969917
7100.67989478
7100.74695354
7100.81576651
7100.88361790
7100.94117565
7101.00902216
7101.06474599
7101.12408501
7101.17952212
7101.24449095
7101.31682330
7101.38559336
7101.45392968
7101.51069067
7101.62069594
7101.67868476
7101.73687179
7101.80555578
7101.86228410
7101.91986624
7101.97612815
7102.04616016
7102.11225393
7102.16964077
7102.23790810
7102.30481862
7102.37463413
7102.44207616
7102.53307943
7102.57887193
7102.63578335
7102.69207452
7102.76125393
7102.82874643
7102.89759694
7102.96552854
7103.02269157
7103.08102391
7103.13818499
7103.19588977
7103.26440943
7103.32011936
7103.38838449
7103.47733269
7103.53473221
7103.59281270
7103.64983651
7103.70734575
7103.77573596
7103.84344520
7103.91212676
7103.97831877
7104.03671816
7104.10528439
7104.17287734
7104.23114312
7104.29904790
7104.35652959
7104.42436561
7104.49284993
7104.55940693
7104.62806508
7104.68509475
7104.75366878
