3857.59464322
3857.69997223
3857.79240910
3857.89507059
3857.98923119
3858.09116491
3858.18988962
3858.28796775
3858.40818838
3858.49461072
3858.58834367
3858.69176342
3858.79485402
3858.89207539
3858.97969752
3859.08132428
3859.18399017
3859.27391336
3859.35776668
3859.46238401
3859.57418689
3859.66802468
3859.77166946
3859.89128326
3859.98209977
3860.09153697
3860.19529024
3860.28925262
3860.39121316
3860.50159585
3860.59469149
3860.69225713
3860.79420012
3860.89663268
3860.98821377
3861.08164831
3861.18716359
3861.27038520
3861.38029807
3861.47481901
3861.58355892
3861.68160705
3861.78458428
3861.88776095
3861.99489220
3862.10769957
3862.21020698
3862.29064160
3862.36090572
3862.45399283
3862.55818032
3862.64843802
3862.73170791
3862.82667502
3862.93772941
3863.04236454
3863.14640697
3863.24447827
3863.35180481
3863.46001126
3863.56940750
3863.66104247
3863.76320319
3863.85805913
3863.96953750
3864.06635391
3864.16814500
3864.27057854
3864.37394562
3864.47841569
3864.58169500
3864.68639961
3864.78932271
3864.89095485
3865.00211163
3865.10121497
3865.20107876
3865.30498197
3865.40950422
3865.51073285
3865.61489011
3865.69662278
3865.76697150
3865.86089950
3865.96421733
3866.05417466
3866.13977804
3866.21970725
3866.32328693
3866.41766866
3866.51997224
3866.62591297
3866.73640416
3866.84036418
3866.93134770
3867.02558437
3867.12729306
3867.22171819
3867.32162513
3867.41814604
3867.52003393
3867.62276662
3867.71420484
3867.82064977
3867.92314230
3868.00852991
3868.06677326
3868.16693230
3868.26724908
3868.36614567
3868.46690789
3868.57028326
3868.67443443
3868.77680969
3868.88165401
3869.00431128
3869.09017188
3869.17258550
3869.31924847
3869.42017575
3869.50168582
3869.58216823
3869.67476455
3869.77862900
3869.88122052
3869.98212756
3870.08966134
3870.19218313
3870.29553900
3870.38776668
3870.49060542
3870.59514425
3870.69670080
3870.79032063
3870.89439938
3870.99125554
3871.09990255
3871.19779465
3871.30726013
3871.39307538
3871.46218482
3871.56259181
3871.66346935
3871.75904843
3871.86301260
3871.96473738
3872.06811299
3872.17250431
3872.27621419
3872.37781146
3872.48206966
3872.57457845
3872.66158300
3872.76030600
3872.86416289
3872.96672223
3873.05975887
3873.16251082
3873.26682802
3873.34627985
3873.42034081
3873.52374422
3873.62531540
3873.71758574
3873.82201168
3873.92494454
3874.02748047
3874.12015115
3874.22704956
3874.34164357
3874.44096707
3874.54592598
3874.64898708
3874.74052234
3874.84517649
3874.93690753
3875.03756637
3875.13330856
3875.24007556
3875.35065354
3875.43988822
3875.53657712
3875.63875441
3875.74462711
3875.84664032
3875.94848725
3876.04750818
3876.14470957
3876.24806397
3876.35186357
3876.44380087
3876.54838431
3876.65228850
3876.73296937
3876.79356280
3876.88511245
3876.98809577
3877.07884474
3877.19413605
3877.29702550
3877.38170436
3877.48704971
3877.58212556
3877.67766027
3877.78746196
3877.88039254
3877.97538941
3878.08156736
3878.18476231
3878.27803081
3878.38043460
3878.48852621
3878.60787865
3878.68930143
3878.78196626
3878.87466961
3878.98068153
3879.07329199
3879.16968905
3879.27244734
3879.37272169
3879.47153832
3879.57723597
3879.67019946
3879.76616644
3879.86780077
3879.97525263
3880.06719944
3880.16394003
3880.25675650
3880.35530884
3880.41112214
3880.50579986
3880.60014039
3880.69406010
3880.78799810
3880.88215577
3880.96028835
3881.03826001
3881.13183157
3881.22651465
3881.33051831
3881.43299451
3881.53002109
3881.62172970
3881.71727927
3881.81465133
3881.90614173
3881.99902696
3882.09230253
3882.18760757
3882.28117083
3882.37589341
3882.46882399
3882.55979190
3882.65873458
3882.75234733
3882.84579284
3882.94057223
3883.03239689
3883.12796743
3883.23150469
3883.32999924
3883.43147119
3883.52407409
3883.62833595
3883.72454113
3883.81880242
3883.91261852
3884.00509610
3884.10092435
3884.18988353
3884.28852704
3884.39248731
3884.48625221
3884.58111571
3884.68436283
3884.78778623
3884.88760125
3884.98886694
3885.08283078
3885.17739123
3885.27042469
3885.36603157
3885.45964920
3885.55287138
3885.65780201
3885.75307315
3885.85292377
3885.96171853
3886.05752265
3886.14912520
3886.25434962
3886.35051018
3886.44377234
3886.54474448
3886.65344148
3886.74695842
3886.85083213
3886.94441344
3887.04331637
3887.13219728
3887.22666410
3887.32148396
3887.42711188
3887.51476253
3887.61403117
3887.70757640
3887.80636815
3887.89675019
3888.00094135
3888.09438368
3888.18715896
3888.29426290
3888.38676803
3888.47693577
3888.57552565
3888.66840698
3888.76385635
3888.86765400
3888.96182898
3889.05670345
3889.15815614
3889.26550999
3889.36511582
3889.46908925
3889.56266593
3889.66340230
3889.75802614
3889.84950215
3889.95740482
3890.05360439
3890.15991157
3890.25980753
3890.35578110
3890.44828501
3890.54346254
3890.62408172
3890.70017264
3890.80677409
3890.91133316
3891.00134339
3891.09560956
3891.18894730
3891.28410824
3891.37740673
3891.46271145
3891.52162430
3891.61704271
3891.72659279
3891.80868263
3891.91023675
3892.00401993
3892.10785024
3892.21262581
3892.31387735
3892.43034430
3892.52764590
3892.62248307
3892.72678491
3892.81829603
3892.91643487
3893.00819955
3893.10243841
3893.19696570
3893.29122309
3893.37993699
3893.47939970
3893.57311194
3893.66743686
3893.76122467
3893.87086277
3893.92860534
3894.01767081
3894.12502782
3894.22100334
3894.31381177
3894.41682581
3894.51443363
3894.60737494
3894.70131342
3894.80731121
3894.91393631
3895.01983535
3895.11967987
3895.21338308
3895.31382445
3895.41720299
3895.51779673
3895.61139730
3895.70514464
3895.80089341
3895.89758256
3895.99935805
3896.09114321
3896.19757741
3896.29224245
3896.37809111
3896.44688749
3896.54013381
3896.63053609
3896.73925405
3896.83812553
3896.93976570
3897.04367087
3897.13646467
3897.23155516
3897.32275786
3897.43055715
3897.53908177
3897.64488450
3897.73467604
3897.83926850
3897.94460044
3898.03851357
3898.13324347
3898.23678779
3898.32515768
3898.45878051
3898.56156562
3898.65575401
3898.74960594
3898.85526507
3898.95199883
3899.05275691
3899.15916965
3899.25254762
3899.34771589
3899.43986384
3899.53556409
3899.62896059
3899.71512522
3899.78318994
3899.87828091
3899.98738677
3900.09106763
3900.19282362
3900.28630350
3900.39344402
3900.49501495
3900.59177407
3900.68267274
3900.77886208
3900.87337327
3900.96698506
3901.05801392
3901.17609855
3901.25211706
3901.35266716
3901.45099251
3901.54274110
3901.64318028
3901.74058866
3901.83436940
3901.92823962
3902.02296122
3902.12619470
3902.22097433
3902.30423129
3902.36513923
3902.45963335
3902.55376860
3902.65793171
3902.75284544
3902.84731323
3902.94523240
3903.04617211
3903.13878964
3903.22863042
3903.32786030
3903.43226772
3903.52757739
3903.62166240
3903.72398647
3903.82915603
3903.92329688
3904.01804042
3904.11276422
3904.20642038
3904.30057537
3904.40500180
3904.50479268
3904.60420225
3904.70259099
3904.80300627
3904.90314677
3905.00034913
3905.09565539
3905.18900020
3905.29355707
3905.38673317
3905.48267869
3905.58462510
3905.69325090
3905.78611516
3905.89071299
3905.98382691
3906.08467349
3906.18279014
3906.27680396
3906.37164211
3906.47592542
3906.57660328
3906.67601724
3906.77958668
3906.87425489
3906.96810000
3907.07108917
3907.16603727
3907.25916241
3907.35502943
3907.44875971
3907.53748360
3907.63843599
3907.74182940
3907.83663951
3907.94046885
3908.03404991
3908.12877566
3908.23017934
3908.33824463
3908.43291162
3908.53785102
3908.64138389
3908.73524143
3908.83015004
3908.92396004
3909.02840427
3909.12341259
3909.22137856
3909.32094124
3909.41695064
3909.51025181
3909.60556441
3909.69292395
3909.76063587
3909.85053688
3909.94713801
3910.04099994
3910.13567888
3910.22815963
3910.32460862
3910.41858807
3910.50402809
3910.56056307
3910.66005505
3910.76398923
3910.85462434
3910.94976944
3911.04231334
3911.14746535
3911.25319177
3911.34562937
3911.43681866
3911.53437893
3911.62761379
3911.72211352
3911.81479542
3911.91261657
3912.00437760
3912.11395450
3912.20769818
3912.30954243
3912.39644165
3912.49548039
3912.58900805
3912.68415315
3912.77777737
3912.87206109
3912.96758605
3913.04809381
3913.11140986
3913.20543100
3913.29987368
3913.40055155
3913.50152344
3913.59420899
3913.69672664
3913.79161842
3913.88425765
3913.97284623
3914.08403593
3914.19130249
3914.26360949
3914.35595152
3914.44369359
3914.51109954
3914.60048806
3914.69827922
3914.79132488
3914.88712948
3914.97884443
3915.07373865
3915.16733751
3915.26237557
3915.36688856
3915.46058884
3915.54867030
3915.66043783
3915.75338986
3915.84784303
3915.95248377
3916.04443936
3916.13961493
3916.24365883
3916.34977485
3916.44842813
3916.54844185
3916.65102533
3916.74787002
3916.85132243
3916.94563980
3917.04137077
3917.14436799
3917.23412905
3917.33261288
3917.43767029
3917.53236190
3917.62722906
3917.73002196
3917.83618846
3917.93380481
3918.02681268
3918.13266637
3918.21793573
3918.28179303
3918.37861749
3918.47273542
3918.56541536
3918.66025131
3918.75323309
3918.83406805
3918.91048543
3919.00364787
3919.09788137
3919.20386233
3919.30848186
3919.41412343
3919.53166168
3919.63341767
3919.72624243
3919.82103645
3919.91308468
3920.03050785
3920.10633741
3920.20846520
3920.31304109
3920.40630910
3920.50718445
3920.60577311
3920.69858325
3920.79436201
3920.88730112
3920.98121962
3921.08263915
3921.18353790
3921.27340794
3921.36834337
3921.46384101
3921.56691065
3921.66353835
3921.75614735
3921.84991468
3921.94556739
3922.03799353
3922.12709508
3922.22693400
3922.32331716
3922.42624807
3922.52368229
3922.58262001
3922.67326366
3922.76821395
3922.86249572
3922.96811438
3923.06201557
3923.15454069
3923.24870105
3923.34441081
3923.43723509
3923.53091123
3923.62590517
3923.72545810
3923.83540461
3923.92894179
3924.02709379
3924.11719058
3924.21037155
3924.30436855
3924.40694983
3924.51499634
3924.60884584
3924.69654013
3924.79508612
3924.89041725
3924.99487269
3925.08889310
3925.18367736
3925.29625994
3925.38813897
3925.48713553
3925.59411342
3925.70161965
3925.78584648
3925.85440443
3925.94591165
3926.04897713
3926.14573771
3926.23824309
3926.32679949
3926.42672715
3926.52144875
3926.61501714
3926.71962764
3926.81301683
3926.90728300
3927.01619210
3927.11636065
3927.21226790
3927.31594705
3927.42246732
3927.51539838
3927.62008154
3927.73098769
3927.82754079
3927.92140028
3928.00795940
3928.10734580
3928.20469713
3928.31314227
3928.41256744
3928.50041825
3928.55742744
3928.64816179
3928.74390885
3928.83861851
3928.93317871
3929.02315798
3929.13179475
3929.22568643
3929.35152906
3929.43800382
3929.53967691
3929.62863096
3929.73808766
3929.83309233
3929.92748357
3930.03708973
3930.14776718
3930.24140774
3930.33222156
3930.43054082
3930.52347188
3930.61710536
3930.70894807
3930.80517885
3930.91175982
3931.01717978
3931.11014815
3931.20362486
3931.29343590
3931.39119780
3931.49613477
3931.58991210
3931.68484704
3931.77824744
3931.87184752
3931.95385666
3932.03730989
3932.13327199
3932.22597827
3932.32884895
3932.42580872
3932.51948121
3932.62349512
3932.71924998
3932.81201355
3932.90067455
3933.00161426
3933.10868480
3933.20006549
3933.29402762
3933.38216833
3933.45031813
3933.54099421
3933.63685075
3933.74138835
3933.83600097
3933.92811089
3934.03678692
3934.13764422
3934.23391182
3934.33865886
3934.43655169
3934.52160772
3934.63129775
3934.72386090
3934.81988177
3934.92253570
3935.01496574
3935.11173120
3935.21359081
3935.32156344
3935.43012805
3935.52999500
3935.63456698
3935.73373445
3935.82450780
3935.91834877
3936.01513885
3936.11983274
3936.23572698
3936.33778090
3936.44313234
3936.53701207
3936.62380159
3936.69355761
3936.78542664
3936.87667128
3936.97422302
3937.07160532
3937.15415547
3937.23271959
3937.30686857
3937.40093579
3937.49801454
3937.58924016
3937.68078127
3937.78223786
3937.89109065
3937.98574789
3938.07942720
3938.18650189
3938.28808867
3938.38153808
3938.47581302
3938.57196237
3938.66606982
3938.75873294
3938.85301203
3938.95091291
3939.04133518
3939.13509520
3939.22933479
3939.32327474
3939.42405403
3939.52272753
3939.61550671
3939.71030340
3939.80360043
3939.90208450
3940.00366202
3940.08734345
3940.14677902
3940.24161375
3940.33543570
3940.44204276
3940.54645554
3940.64000417
3940.74374062
3940.87370412
3940.97430372
3941.07740578
3941.17589765
3941.26884554
3941.36252096
3941.45730961
3941.56110165
3941.66707578
3941.75777014
3941.85343260
3941.94868132
3942.04556819
3942.11000844
3942.21907432
3942.31348555
3942.40724752
3942.50089905
3942.59489288
3942.69595108
3942.80488652
3942.89994288
3942.99279909
3943.09831072
3943.19218167
3943.28590878
3943.38862171
3943.49579661
3943.59350853
3943.68750651
3943.78781744
3943.88365886
3943.98817135
3944.07983412
3944.17570138
3944.27955242
3944.37037893
3944.46817619
3944.57407254
3944.67747619
3944.77353924
3944.87708673
3944.96988273
3945.06298008
3945.16344826
3945.26217590
3945.35208958
3945.45098105
3945.54564975
3945.63922740
3945.74360409
3945.84247265
3945.90608882
3946.01253570
3946.11990295
3946.21395433
3946.30806177
3946.41288000
3946.50775374
3946.60087864
3946.69860739
3946.79254904
3946.87781499
3946.94530529
3947.03944127
3947.13282728
3947.22756498
3947.32028052
3947.40921409
3947.46604529
3947.55575540
3947.65223682
3947.74818112
3947.84180607
3947.93211716
3948.04087999
3948.14048167
3948.24148112
3948.34314202
3948.44256695
3948.53672023
3948.64631493
3948.74491213
3948.85155576
3948.95531976
3949.05731322
3949.15096498
3949.24123512
3949.33926643
3949.43145998
3949.52791336
3949.62016834
3949.72565583
3949.81847645
3949.91313125
3950.00780580
3950.10259177
3950.20124089
3950.30103885
3950.40438228
3950.49823982
3950.59320986
3950.68698451
3950.78014013
3950.86237065
3950.92509156
3951.02363268
3951.10887107
3951.17200548
3951.26861246
3951.36294153
3951.46665506
3951.56135277
3951.65561723
3951.74379792
3951.85500005
3951.96242826
3952.06273017
3952.15886952
3952.26147543
3952.36707044
3952.46101453
3952.55957784
3952.64857992
3952.74331615
3952.83615140
3952.94274603
3953.03615984
3953.13041235
3953.23593812
3953.32773620
3953.41985661
3953.52800381
3953.62084881
3953.71585299
3953.82159331
3953.92482873
3953.99316603
3954.10372353
3954.19722584
3954.29235924
3954.38694553
3954.49126102
3954.58852458
3954.69685903
3954.79086847
3954.88865816
3954.98299699
3955.07750404
3955.17059894
3955.27464040
3955.37025946
3955.45522065
3955.51302929
3955.60844843
3955.70222137
3955.80622942
3955.90764920
3956.01117744
3956.09720846
3956.17385550
3956.26694724
3956.36690002
3956.46449418
3956.56784151
3956.67061272
3956.77354679
3956.87738247
3956.98791950
3957.09385608
3957.19981900
3957.30397480
3957.40681330
3957.49856628
3957.60660596
3957.70614914
3957.80073226
3957.88667258
3957.95320618
3958.05149203
3958.14793517
3958.23359560
3958.29946530
3958.40807599
3958.47330593
3958.57052439
3958.65243162
3958.72240683
3958.81437119
3958.91179615
3959.01027388
3959.11417612
3959.20786933
3959.29972642
3959.40440251
3959.50657078
3959.60783915
3959.71475317
3959.81853058
3959.92587321
3960.02876559
3960.13840954
3960.24207967
3960.34581685
3960.44323743
3960.54252972
3960.63012210
3960.72827458
3960.83203615
3960.91700830
3960.98337099
3961.07624769
3961.17051946
3961.25090508
3961.31881205
3961.42731863
3961.53123282
3961.62217001
3961.74914344
3961.85010753
3961.95304551
3962.04950401
3962.13519882
3962.19816207
3962.30508120
3962.40906780
3962.51189192
3962.61535335
3962.72973329
3962.83287631
3962.92877942
3963.02943412
3963.11529374
3963.18494907
3963.27195996
3963.37871526
3963.46077365
3963.52955200
3963.61668357
3963.70908850
3963.80357410
3963.90246752
3964.00489252
3964.10985241
3964.20071938
3964.28877402
3964.35452743
3964.45428174
3964.55185591
3964.65394641
3964.74149490
3964.79928549
3964.91201509
3965.00581802
3965.10647955
3965.21008263
3965.31282483
3965.41289512
3965.51141308
3965.61356379
3965.70668771
3965.80058695
3965.91259975
3965.99631409
3966.09591871
3966.19062861
3966.29631626
3966.40022606
3966.49022483
3966.58410066
3966.68955572
3966.79076875
3966.90726057
3966.97810276
3967.07470876
3967.17481684
3967.25762568
3967.31405143
3967.42382485
3967.53172946
3967.62519032
3967.72709674
3967.83272491
3967.92436500
3968.01838590
3968.10916974
3968.19352092
3968.30014260
3968.40385614
3968.50454595
3968.60812416
3968.70722141
3968.81427269
3968.91778142
3969.02605931
3969.11616511
3969.22614698
3969.32105290
3969.42350546
3969.51764679
3969.62236067
3969.72397111
3969.81511140
3969.92110576
3970.02448747
3970.12815297
3970.22134613
3970.30884952
3970.37319371
3970.48034519
3970.58010877
3970.68620920
3970.77712811
3970.87820752
3970.97328582
3971.07468268
3971.17051532
3971.27391434
3971.37656803
3971.51212207
3971.61691593
3971.72113951
3971.82342870
3971.92648444
3972.02986420
3972.12660844
3972.22756083
3972.33008141
3972.42217816
3972.51631511
3972.61816789
3972.70107449
3972.76798843
3972.87687998
3972.98033020
3973.08348029
3973.18601817
3973.28091312
3973.37297745
3973.47510013
3973.57873101
3973.69009430
3973.78228150
3973.87906866
3973.98294091
3974.08524132
3974.18943443
3974.29302264
3974.39542814
3974.49811426
3974.60396770
3974.71157706
3974.79660335
3974.85755395
3974.96324819
3975.06735548
3975.16168967
3975.25597461
3975.36521627
3975.45638777
3975.55086458
3975.64520536
3975.73155406
3975.79566761
3975.88961926
3975.99607394
3976.09727843
3976.18993180
3976.29361461
3976.39099349
3976.48979646
3976.57367099
3976.66674737
3976.77286193
3976.88282673
3976.98566255
3977.08620218
3977.19414946
3977.29695846
3977.40188835
3977.49246544
3977.59649446
3977.70251979
3977.80329079
3977.89814015
3978.00028453
3978.09632172
3978.20631091
3978.30074262
3978.39849745
3978.49617159
3978.59999556
3978.69353835
3978.79274897
3978.88922258
3978.99195015
3979.09547229
3979.19055741
3979.29074888
3979.37443567
3979.44383451
3979.54135212
3979.62577595
3979.70673355
3979.81653500
3979.92432868
3980.02394621
3980.11610246
3980.20392182
3980.26939557
3980.36909942
3980.46541358
3980.55091920
3980.61949591
3980.71018906
3980.81433706
3980.91816811
3981.01948548
3981.12472111
3981.22885253
3981.32556630
3981.42678128
3981.53171897
3981.64191320
3981.73571711
3981.82307859
3981.88621739
3981.97675303
3982.07380057
3982.17756774
3982.30308051
3982.37437691
3982.47604147
3982.56957280
3982.65464614
3982.71133057
3982.80478534
3982.89288850
3982.98959983
3983.09305029
3983.19755523
3983.29051799
3983.39407914
3983.49660630
3983.57780283
3983.63805589
3983.73215383
3983.81885484
3983.87476031
3983.97551765
3984.07016928
3984.17330425
3984.26539710
3984.36002289
3984.42984450
3984.52271607
3984.62583374
3984.71148149
3984.77637888
3984.87152325
3984.96398767
3985.06476769
3985.16035822
3985.26327743
3985.36928228
3985.45826144
3985.54266552
3985.63633509
3985.74776713
3985.83475706
3985.93388624
3986.03272749
3986.14271545
3986.24592357
3986.34854118
3986.44232558
3986.54275476
3986.63751391
3986.73811277
3986.83378206
3986.93713037
3987.04057864
3987.13268465
3987.22694985
3987.33521310
3987.44725540
3987.54900139
3987.65210223
3987.75073892
3987.84716890
3987.95088511
3988.05552146
3988.14730443
3988.24997617
3988.35376650
3988.45568267
3988.55225332
3988.65424824
3988.75753048
3988.86111016
3988.95709469
3989.05774183
3989.16159239
3989.26563652
3989.35859490
3989.45571339
3989.55336119
3989.65829474
3989.75091252
3989.84165930
3989.94455070
3990.03926426
3990.14025396
3990.24590455
3990.35073595
3990.45408840
3990.54638508
3990.66020718
3990.76268972
3990.85611646
3990.94363301
3991.01160703
3991.10847805
3991.20716521
3991.31101625
3991.40157603
3991.48453433
3991.58642099
3991.68053771
3991.78322163
3991.88901266
3991.98489675
3992.09632855
3992.18575486
3992.27357885
3992.33864569
3992.41543001
3992.52944350
3992.63009577
3992.72928420
3992.83671485
3992.94122880
3993.02711598
3993.09029159
3993.18601549
3993.27818563
3993.38101121
3993.47939995
3993.57967942
3993.67161453
3993.76336727
3993.86734387
3993.95271368
3994.03068632
3994.12535721
3994.21698780
3994.31662996
3994.41394131
3994.51719818
3994.62008764
3994.71279782
3994.79472577
3994.88939666
3994.98966736
3995.08493120
3995.18788843
3995.28505910
3995.39512898
3995.49770441
3995.60133213
3995.70413869
3995.80760329
3995.90002041
3996.00082920
3996.09928644
3996.19066591
3996.28425941
3996.37637615
3996.48358054
3996.58268437
3996.68449278
3996.78926469
3996.88252392
3996.97998302
3997.07772298
3997.18346939
3997.28790167
3997.39001460
3997.50477391
3997.60329698
3997.71099924
3997.81612784
3997.91873252
3998.00195072
3998.07262956
3998.17417343
3998.27587017
3998.37081998
3998.47354194
3998.57842576
3998.66997979
3998.77359531
3998.87751876
3998.98135615
3999.08438531
3999.18817223
3999.28732775
3999.38355804
3999.49101087
3999.60381532
3999.69404547
3999.79886053
3999.90251701
4000.00402724
4000.09889757
4000.20354635
4000.30455336
4000.40733773
4000.51301320
4000.61583951
4000.70238375
4000.76976897
4000.86050429
4000.95826595
4001.06394605
4001.14335911
4001.20441748
4001.29348417
4001.39620516
4001.47838277
4001.53588763
4001.64578904
4001.75809026
4001.85441174
4001.95148488
4002.05527741
4002.15796962
4002.25204294
4002.33996397
4002.40670602
4002.50516473
4002.60188387
4002.72611419
4002.81350201
4002.87738028
4002.97128171
4003.06574268
4003.16756961
4003.27156377
4003.36424786
4003.46292673
4003.56158805
4003.66423881
4003.76807742
4003.86564574
4003.96443335
4004.06813835
4004.16734458
4004.27504147
4004.36900019
4004.47163316
4004.56456301
4004.66808222
4004.77069715
4004.87479736
4004.96840135
4005.07028631
4005.15788795
4005.25701933
4005.36326311
4005.45364077
4005.55707489
4005.66046367
4005.75267599
4005.85144946
4005.94801206
4006.05174193
4006.15598160
4006.24633780
4006.34215216
4006.44397422
4006.54685953
4006.64171450
4006.74518666
4006.84186434
4006.95305160
4007.05596154
4007.15858695
4007.25104844
4007.36591356
4007.46870647
4007.57065897
4007.66668495
4007.76906875
4007.86190717
4007.95464026
4008.05788202
4008.14190942
4008.22172209
4008.32576476
4008.42614250
4008.53212443
4008.63282277
4008.73731942
4008.83933384
4008.93204963
4009.02083009
4009.08592155
4009.18561321
4009.28254665
4009.38596688
4009.48956509
4009.59008910
4009.68617823
4009.78819949
4009.91247296
4009.98594586
4010.09194096
4010.18780700
4010.28487917
4010.38759406
4010.49308837
4010.58596556
4010.68582690
4010.78030421
4010.88124173
4010.98791633
4011.08168390
4011.18484277
4011.27549910
4011.37989042
4011.47258889
4011.56990560
4011.66990835
4011.77250305
4011.87167246
4011.97022650
4012.07383593
4012.17642989
4012.28051767
4012.38297899
4012.47804437
4012.55742305
4012.64057054
4012.73289550
4012.83607607
4012.92659171
4013.02456890
4013.13586758
4013.23966426
4013.34283141
4013.43074610
4013.50470613
4013.61138048
4013.71405831
4013.79990989
4013.86591807
4013.95840126
4014.05305899
4014.15390289
4014.24891584
4014.35256476
4014.44443843
4014.52736503
4014.63083475
4014.73292476
4014.83720612
4014.94202045
4015.02969914
4015.10669605
4015.20769818
4015.30117343
4015.40497571
4015.49772709
4015.59965740
4015.69287665
4015.79507076
4015.88963218
4015.97567247
4016.04305379
4016.13420797
4016.23895575
4016.34201172
4016.44567503
4016.55189858
4016.65297385
4016.74897911
4016.84975157
4016.95163263
4017.04526636
4017.13887570
4017.24074921
4017.32385866
4017.39274892
4017.46876352
4017.58359890
4017.68400711
4017.78563217
4017.87947728
4017.97441100
4018.05820020
4018.11751045
4018.21834631
4018.32800854
4018.42597354
4018.52988821
4018.63116706
4018.73511685
4018.83927972
4018.94259023
4019.04582297
4019.14348370
4019.25789119
4019.35748459
4019.46018802
4019.56442989
4019.66808978
4019.76445539
4019.86813333
4019.95949646
4020.06769364
4020.16251155
4020.25732653
4020.34398219
4020.40699762
4020.50338078
4020.59562065
4020.69175269
4020.78072429
4020.88539380
4020.98110234
4021.07963591
4021.18228740
4021.26810558
4021.33011529
4021.44082176
4021.54423395
4021.64338849
4021.75255506
4021.85504126
4021.95860997
4022.05151665
4022.15195948
4022.25240231
4022.35029173
4022.44320793
4022.54772627
4022.65446791
4022.76441492
4022.86805238
4022.95467342
4023.02162734
4023.12495200
4023.22942500
4023.32820212
4023.42559490
4023.52834051
4023.63094593
4023.72713721
4023.78652622
4023.88804547
4023.99074403
4024.08501751
4024.18687833
4024.29617485
4024.38848006
4024.49824933
4024.59229046
4024.68359044
4024.77153707
4024.83661683
4024.93660959
4025.03384024
4025.12868082
4025.24050588
4025.32943141
4025.42723427
4025.52871963
4025.63533913
4025.73631858
4025.83941138
4025.93714329
4026.03618812
4026.13905490
4026.23166024
4026.32547634
4026.41362192
4026.47468565
4026.57425418
4026.67521145
4026.77704692
4026.88147920
4026.98630060
4027.07719464
4027.18092549
4027.26661444
4027.32150176
4027.41512914
4027.52493498
4027.62361166
4027.72729740
4027.82995085
4027.93276716
4028.03822515
4028.14830186
4028.24697975
4028.36267943
4028.46272656
4028.54922862
4028.61101257
4028.70815910
4028.80078053
4028.90542395
4028.99764236
4029.09956073
4029.19773638
4029.30749418
4029.41046629
4029.49581026
4029.56118649
4029.65852368
4029.76113910
4029.86175186
4029.95577251
4030.06082748
4030.16411606
4030.25586075
4030.33815198
4030.43174962
4030.54526404
4030.63742784
4030.72549930
4030.79141996
4030.88287330
4030.98675799
4031.08467374
4031.16786511
4031.23361974
4031.32437773
4031.42115148
4031.52281043
4031.62561675
4031.72953898
4031.82000904
4031.92476705
4032.02857615
4032.13139661
4032.22368158
4032.32727833
4032.42822609
4032.51706506
4032.62792659
4032.73084043
4032.82423718
4032.92691257
4033.03156013
4033.13235283
4033.22838491
4033.31406362
4033.37826518
4033.48300857
4033.57654891
4033.67953541
4033.78455600
4033.88628176
4033.98199395
4034.08781717
4034.18766852
4034.29110533
4034.40025044
4034.48569681
4034.59008667
4034.69351494
4034.79518072
4034.90092860
4035.00495859
4035.09361276
4035.15525749
4035.25148291
4035.35354731
4035.45839310
4035.56434724
4035.67133171
4035.77458859
4035.87230783
4035.96476737
4036.05070452
4036.11401447
4036.20947823
4036.30318876
4036.38618484
4036.45896824
4036.56277662
4036.65135033
4036.75523721
4036.85553302
4036.95110649
4037.04899615
4037.14997000
4037.25239744
4037.35669952
4037.46594484
4037.56238482
4037.66891971
4037.80603023
4037.91110715
4038.01660024
4038.10979901
4038.20560215
4038.30100106
4038.38849981
4038.48938954
4038.58401874
4038.69609639
4038.79746082
4038.89114477
4038.99509919
4039.08836086
4039.19733482
4039.29096782
4039.38473686
4039.49130442
4039.58601968
4039.68087806
4039.77497161
4039.85252807
4039.91999570
4040.01967809
4040.12368712
4040.22733702
4040.32105729
4040.42791182
4040.52066783
4040.61555547
4040.70643781
4040.80537755
4040.90070649
4040.99452258
4041.08967768
4041.18503782
4041.27945758
4041.37259077
4041.46743818
4041.56315818
4041.67175326
4041.76444808
4041.87195382
4041.96447090
4042.05913325
4042.16339950
4042.25811501
4042.35063477
4042.45806030
4042.55393146
4042.64785020
4042.74984463
4042.84767163
4042.95403415
4043.04800994
4043.12659601
4043.18052881
4043.27318023
4043.37200441
4043.46667993
4043.56227925
4043.66735567
4043.76267583
4043.85617131
4043.94891928
4044.04659366
4044.15155671
4044.24673716
4044.33756294
4044.44614705
4044.54112806
4044.64699955
4044.74563283
4044.84764920
4044.94816201
4045.04751550
4045.15266043
4045.24741422
4045.34254152
4045.44700087
4045.54278865
4045.63379679
4045.74334541
4045.83665901
4045.95367234
4046.04738921
4046.14268864
4046.24855671
4046.34738235
4046.44913542
4046.54276548
4046.63317825
4046.74369771
4046.83800947
4046.93348518
4047.03983819
4047.13126008
4047.23906180
4047.33185926
4047.42864837
4047.52202634
4047.61700028
4047.71971834
4047.82083750
4047.93022545
4048.04323348
4048.13486480
4048.23962330
4048.32896500
4048.42998859
4048.52415577
4048.61943374
4048.71360751
4048.80642813
4048.90140305
4048.99340301
4049.09232179
4049.18647556
4049.28583515
4049.35183529
4049.45964871
4049.55462997
4049.64885713
4049.75484662
4049.86081271
4049.95745212
4050.05963867
4050.15490421
4050.26001818
4050.38055553
4050.48326627
4050.57701410
4050.67022189
4050.78157982
4050.88628566
4050.99198111
4051.08552951
4051.18211527
4051.28417432
4051.37833760
4051.47465493
4051.57902260
4051.66799713
4051.78965527
4051.86583225
4051.97318366
4052.07379887
4052.16717586
4052.26960818
4052.37711489
4052.47502235
4052.57928811
4052.67348284
4052.76734599
4052.87427488
4052.96932051
4053.06756466
4053.15076579
4053.24395384
4053.34899223
4053.44735756
4053.54966309
4053.64338020
4053.73730942
4053.83710080
4053.93902184
4054.02650841
4054.11621119
4054.21291960
4054.31967977
4054.41289366
4054.50657736
4054.61377469
4054.70358500
4054.81345252
4054.90734468
4055.00285062
4055.10914975
4055.20237656
4055.31526146
4055.42872639
4055.52064223
4055.62411342
4055.71416681
4055.83530929
4055.91244883
4056.01986216
4056.10892130
4056.20328255
4056.29821042
4056.38865439
4056.48823462
4056.59176822
4056.68786588
4056.76745912
4056.83558455
4056.92793218
4057.02089006
4057.11661641
4057.21244100
4057.31254811
4057.41228023
4057.50690114
4057.61356574
4057.71062548
4057.81304999
4057.90749340
4057.99989784
4058.10754012
4058.20162660
4058.29614438
4058.40194711
4058.49778536
4058.60251606
4058.69725985
4058.81432584
4058.94678302
4059.04748697
4059.15197752
4059.24594332
4059.34174670
4059.44854589
4059.54178342
4059.65052186
4059.74205224
4059.83636766
4059.94344966
4060.04826277
4060.15298202
4060.25846829
4060.35321183
4060.44934339
4060.54311852
4060.63156520
4060.72140794
4060.81705382
4060.91122564
4061.02034613
4061.12530723
4061.21745469
4061.31985141
4061.42138358
4061.52257735
4061.61717509
4061.71212393
4061.80701376
4061.90078987
4061.99488025
4062.08045730
4062.17408737
4062.26286051
4062.36337356
4062.46888543
4062.57057242
4062.67344700
4062.76356695
4062.86005812
4062.96031663
4063.07079733
4063.16557428
4063.27052222
4063.36908820
4063.47049774
4063.56393983
4063.65772374
4063.75506922
4063.85013264
4063.94766439
4064.03784017
4064.13362405
4064.23875436
4064.33416862
4064.42419909
4064.49104793
4064.58271802
4064.69060093
4064.78444043
4064.87915765
4064.98573813
4065.07921095
4065.17377090
4065.26762186
4065.36312219
4065.46839342
4065.56744239
4065.67200853
4065.76421085
4065.85911897
4065.96407202
4066.05969962
4066.15378561
4066.24455312
4066.34342167
4066.44908470
4066.54216279
4066.63568997
4066.74449448
4066.83896886
4066.93566410
4067.03944444
4067.13187399
4067.23090785
4067.32423657
4067.42857059
4067.53356461
4067.62797170
4067.73378638
4067.82800720
4067.91990915
4068.02816485
4068.12354473
4068.21812810
4068.32084664
4068.41861147
4068.52452294
4068.61707148
4068.69484273
4068.75159957
4068.85051177
4068.95425285
4069.04892179
4069.14385526
4069.24842481
4069.34300647
4069.44900376
4069.53905568
4069.63892824
4069.72160616
