3345.30373367
3345.40837782
3345.49698054
3345.57596572
3345.69207086
3345.77562673
3345.89600779
3345.96231562
3346.05248774
3346.14250042
3346.24003265
3346.33939931
3346.40447687
3346.49138293
3346.57811539
3346.65801119
3346.73660628
3346.83533098
3346.92738507
3347.07927580
3347.18549813
3347.26060357
3347.34504788
3347.44179115
3347.53858952
3347.62542072
3347.76688251
3347.81996881
3347.90561827
3348.01281681
3348.08815704
3348.18480693
3348.27550251
3348.37532216
3348.46071611
3348.54557587
3348.61976996
3348.71770106
3348.82445953
3348.88781507
3348.98545434
3349.12619104
3349.22285800
3349.31960419
3349.40535971
3349.50124599
3349.65131887
3349.70366984
3349.80034265
3349.88615400
3349.97204190
3350.08062723
3350.15636512
3350.24519434
3350.33096838
3350.41575988
3350.51203138
3350.57453164
3350.67107571
3350.75597595
3350.85265412
3350.93852691
3351.03479207
3351.13755206
3351.22233088
3351.33960728
3351.45735032
3351.52371764
3351.61005586
3351.70671599
3351.79450342
3351.88029453
3351.98803994
3352.06393581
3352.17213884
3352.23628335
3352.34701396
3352.42375024
3352.51949633
3352.60622928
3352.69121265
3352.84165101
3352.94808935
3353.03233740
3353.12907603
3353.21575656
3353.34550917
3353.41039071
3353.48517798
3353.57071431
3353.66767628
3353.75182656
3353.82609793
3353.92304575
3354.00374393
3354.07947085
3354.16523514
3354.30853379
3354.40566349
3354.49113619
3354.58823640
3354.67332095
3354.74815967
3354.85501931
3354.93979155
3355.03744203
3355.15561882
3355.22141196
3355.30817246
3355.40447541
3355.46880912
3355.55455415
3355.64204486
3355.73809595
3355.82286672
3355.90717426
3355.99203524
3356.08766918
3356.17246335
3356.27970212
3356.35399202
3356.44968326
3356.54542642
3356.63239318
3356.73976483
3356.83720320
3356.96701090
3357.03175542
3357.17098124
3357.27963215
3357.37618549
3357.45025011
3357.54717551
3357.64361670
3357.71946088
3357.80539535
3357.90183922
3357.98784977
3358.07252082
3358.15926645
3358.25504521
3358.33987181
3358.41728686
3358.50526323
3358.60190849
3358.70807694
3358.82633345
3358.88968777
3358.97395361
3359.07107844
3359.14478832
3359.24161302
3359.32825625
3359.40408239
3359.48884048
3359.58529947
3359.66332721
3359.74910321
3359.83396565
3359.92994190
3360.07187984
3360.16863189
3360.25253031
3360.36926302
3360.45453823
3360.53934387
3360.66782330
3360.73161745
3360.82786555
3360.92482532
3360.99931563
3361.09589189
3361.19427380
3361.25752670
3361.35430337
3361.44197376
3361.52677891
3361.62259766
3361.70823639
3361.80908760
3361.88488570
3361.99215129
3362.07835517
3362.16416896
3362.24945417
3362.34596070
3362.42064630
3362.50741997
3362.58521316
3362.68192059
3362.76957417
3362.87595180
3362.93839550
3363.02402204
3363.13267368
3363.21844846
3363.32531810
3363.39998542
3363.49766687
3363.58350942
3363.65726855
3363.75304414
3363.82687568
3363.90117777
3363.99858713
3364.07412216
3364.16899297
3364.27990107
3364.37541847
3364.50505819
3364.58942058
3364.66271232
3364.74808311
3364.84378507
3364.91872180
3365.00537746
3365.09156549
3365.17531397
3365.26123187
3365.34595217
3365.45213866
3365.55838439
3365.64409310
3365.72896213
3365.83573059
3365.92142735
3366.00712021
3366.10384885
3366.17879971
3366.28694643
3366.36300468
3366.44740925
3366.53162462
3366.61709147
3366.70221771
3366.81000067
3366.88997156
3366.98656392
3367.07326834
3367.18058318
3367.24975820
3367.32457254
3367.42146940
3367.52960905
3367.61428474
3367.71007593
3367.79995719
3367.89660756
3368.03131925
3368.09367054
3368.19041771
3368.28611431
3368.37189201
3368.46980630
3368.55659435
3368.65302627
3368.74886940
3368.85612889
3368.93038319
3369.03810885
3369.12361446
3369.25319250
3369.33018015
3369.41576427
3369.50153076
3369.57547055
3369.67158552
3369.75884388
3369.84556902
3370.00026283
3370.09687761
3370.19267222
3370.28931991
3370.38574647
3370.49224309
3370.56672852
3370.66233271
3370.74920244
3370.83493918
3370.92084099
3371.01748454
3371.11317650
3371.19299063
3371.26879410
3371.37512712
3371.46124030
3371.54611737
3371.64283114
3371.73939741
3371.83882331
3371.93549027
3372.01229140
3372.09802863
3372.18441586
3372.26953577
3372.34330489
3372.43105842
3372.52685108
3372.61255954
3372.70958587
3372.81658083
3372.89151780
3372.99974912
3373.06295350
3373.14776865
3373.23260061
3373.31794604
3373.41619410
3373.50220391
3373.59770790
3373.70435495
3373.81070722
3373.87404838
3373.97176201
3374.04757060
3374.14434508
3374.21906189
3374.30396992
3374.40260418
3374.48741396
3374.58413772
3374.69048074
3374.76418452
3374.86091145
3374.95870944
3375.04832153
3375.13321518
3375.23984809
3375.32567650
3375.40147656
3375.49695397
3375.58298085
3375.65704839
3375.74258229
3375.87334231
3375.95799483
3376.05501702
3376.15243174
3376.24877468
3376.35477148
3376.41680704
3376.50186380
3376.59849833
3376.67235205
3376.75809538
3376.85475064
3376.95047478
3377.04720830
3377.12202141
3377.23038097
3377.30354643
3377.38837108
3377.48517847
3377.58170597
3377.66753438
3377.76494252
3377.84168953
3377.92741018
3378.01413313
3378.11044364
3378.19595047
3378.28440691
3378.38025077
3378.46605870
3378.60970210
3378.66143184
3378.75719719
3378.85310444
3378.95836859
3379.02237316
3379.10724999
3379.19595901
3379.28268147
3379.36847015
3379.45428223
3379.55107987
3379.63673884
3379.77601804
3379.83916757
3379.98893350
3380.07559379
3380.15048127
3380.23629871
3380.31097481
3380.40780365
3380.50599539
3380.59056990
3380.67605649
3380.76181835
3380.86169115
3380.98024828
3381.04406096
3381.14083544
3381.22763763
3381.31349140
3381.42072335
3381.48401843
3381.58093894
3381.65440721
3381.74994630
3381.83417460
3381.91949540
3382.01683966
3382.12394360
3382.19873770
3382.30560320
3382.39279012
3382.46759178
3382.55341629
3382.63918059
3382.73575538
3382.81053436
3382.89531903
3382.99131064
3383.09291400
3383.18822050
3383.25252471
3383.33848917
3383.42374951
3383.51056925
3383.60834554
3383.68501331
3383.77182989
3383.84660716
3383.94252514
3384.04962518
3384.12288084
3384.20771939
3384.29248504
3384.38818383
3384.47300239
3384.56967496
3384.64452074
3384.73032941
3384.82808302
3384.93535495
3385.00858330
3385.11541906
3385.21099546
3385.28682184
3385.38259256
3385.47835815
3385.56423557
3385.66283545
3385.75030251
3385.82447830
3385.92121962
3385.99692922
3386.08231220
3386.16738700
3386.24503879
3386.33181611
3386.40667384
3386.49246276
3386.56634477
3386.67251273
3386.75680002
3386.88748690
3386.96170074
3387.04845002
3387.14426925
3387.22896347
3387.31381616
3387.39962629
3387.49422014
3387.55745304
3387.65325496
3387.74001522
3387.82573563
3387.92244354
3387.99827602
3388.09511852
3388.17998341
3388.25368719
3388.35997754
3388.44411392
3388.53889696
3388.61366570
3388.69852498
3388.78650842
3388.86157876
3388.95812210
3389.04282705
3389.19454004
3389.23349905
3389.33004410
3389.40681305
3389.50373138
3389.58832929
3389.66110343
3389.75693217
3389.84320090
3389.91808009
3390.00381513
3390.10007882
3390.16337024
3390.25021778
3390.34710734
3390.44362874
3390.53948820
3390.62518764
3390.72187800
3390.81783328
3390.93600007
3391.02216933
3391.10695327
3391.18168934
3391.27852940
3391.36428931
3391.45228763
3391.53652836
3391.62124915
3391.69615320
3391.79239276
3391.86566354
3391.95136395
3392.03715239
3392.13287775
3392.21891536
3392.31543310
3392.41117968
3392.51792547
3392.61413894
3392.69848963
3392.78421125
3392.85756127
3392.95325860
3393.04221387
3393.11684583
3393.20159661
3393.27638681
3393.36119976
3393.45654941
3393.53068181
3393.61455610
3393.71122671
3393.80611898
3393.93570896
3394.02104001
3394.11674002
3394.21644289
3394.32382989
3394.41998363
3394.49466874
3394.59451156
3394.66933857
3394.76602698
3394.85179103
3394.93755996
3395.02334717
3395.13000031
3395.19236233
3395.27719235
3395.36384192
3395.43768638
3395.53443672
3395.63121388
3395.70605990
3395.79129221
3395.88757980
3395.99341788
3396.06766804
3396.16353481
3396.24927960
3396.33498441
3396.43075025
3396.51646505
3396.59018492
3396.67423963
3396.77073543
3396.86521469
3396.93945436
3397.02635724
3397.10095142
3397.18542669
3397.26920857
3397.36711530
3397.45132434
3397.54775333
3397.64313054
3397.75149205
3397.84745221
3397.94313515
3398.02795151
3398.12375758
3398.22047232
3398.29521619
3398.39415155
3398.46878669
3398.56431164
3398.64032917
3398.72709918
3398.82294401
3398.90865199
3398.99552903
3399.09213844
3399.18390654
3399.32748532
3399.42395626
3399.50009667
3399.58980751
3399.67467921
3399.77136104
3399.86813381
3399.94287403
3400.03800401
3400.12262191
3400.20719447
3400.30211112
3400.36532964
3400.45009017
3400.54691390
3400.63253386
3400.71822087
3400.81714793
3400.89081685
3400.98676140
3401.06140190
3401.16775588
3401.24206407
3401.32776887
3401.43431108
3401.53138057
3401.62783614
3401.71283585
3401.80809871
3401.89319228
3401.99535690
3402.08054117
3402.17630432
3402.26202278
3402.33690904
3402.42266846
3402.50756162
3402.59316451
3402.69017939
3402.77533221
3402.87172269
3402.93512358
3403.03171690
3403.12846627
3403.21329750
3403.29751824
3403.39388702
3403.49164356
3403.57732886
3403.67363425
3403.73683034
3403.82264071
3403.90743465
3403.98320032
3404.06903386
3404.14495948
3404.22914584
3404.32590812
3404.40081559
3404.54087279
3404.62629527
3404.70066294
3404.79788993
3404.87264185
3404.96983616
3405.05664445
3405.14139133
3405.23843009
3405.32520498
3405.42223960
3405.48564341
3405.56038509
3405.64604430
3405.73088505
3405.81682537
3405.89156510
3405.98727291
3406.07311474
3406.16881402
3406.27599013
3406.34040892
3406.42556272
3406.51132994
3406.58617109
3406.67097063
3406.76765344
3406.84751998
3406.94431518
3407.02990125
3407.14118482
3407.20434922
3407.30024037
3407.39800252
3407.47275785
3407.58047010
3407.66556124
3407.76165378
3407.84730690
3407.95307842
3408.02729396
3408.11819678
3408.19205757
3408.27782309
3408.37643369
3408.47421047
3408.54902797
3408.64570419
3408.75295052
3408.84012574
3408.91455241
3409.02222395
3409.10794923
3409.19381227
3409.27959338
3409.35539417
3409.43961783
3409.52479918
3409.61018557
3409.68542291
3409.77217854
3409.86858998
3409.96398962
3410.03874324
3410.14621241
3410.24303565
3410.32878556
3410.44705597
3410.52139512
3410.62909664
3410.71387887
3410.80058621
3410.88519607
3410.95953790
3411.05482490
3411.16102577
3411.25740528
3411.32060625
3411.41730612
3411.50117041
3411.58702686
3411.66766165
3411.74258302
3411.83840518
3411.92398881
3412.01368940
3412.10860118
3412.19277413
3412.28852363
3412.36275453
3412.44742851
3412.54485322
3412.61944935
3412.71939334
3412.81097054
3412.91832658
3412.99245654
3413.07836176
3413.17501311
3413.26082958
3413.35741096
3413.44243383
3413.52814936
3413.63484980
3413.73010413
3413.82628078
3413.91205605
3414.00735426
3414.10370597
3414.22196858
3414.28600020
3414.37243961
3414.44710936
3414.56437332
3414.64866696
3414.73446173
3414.81119241
3414.90676563
3414.99162613
3415.07728753
3415.17409297
3415.26192453
3415.34173476
3415.43116716
3415.50528518
3415.58951957
3415.66340742
3415.74916831
3415.83493626
3415.90989102
3416.00757467
3416.09219184
3416.16602850
3416.25388614
3416.34909828
3416.42252412
3416.51910209
3416.61540187
3416.70007561
3416.78596985
3416.92567182
3417.02222785
3417.12808495
3417.19327028
3417.29095709
3417.37635372
3417.47418560
3417.56181186
3417.64762029
3417.74220999
3417.83903884
3417.94654994
3418.01463002
3418.11133013
3418.25122910
3418.32605124
3418.40094774
3418.48669326
3418.59437966
3418.68043189
3418.80909223
3418.89687502
3418.98170675
3419.06713654
3419.15273626
3419.23804731
3419.33483520
3419.42475547
3419.49835660
3419.60460209
3419.67785776
3419.75167393
3419.84834894
3419.93518648
3420.00904337
3420.09484741
3420.17957064
3420.27624125
3420.34894151
3420.44450718
3420.51880635
3420.60554369
3420.70221771
3420.78693850
3420.88264388
3420.95837079
3421.05419173
3421.13995090
3421.21383071
3421.30926546
3421.39630219
3421.48210452
3421.58983774
3421.69754487
3421.78244437
3421.89053525
3421.98785952
3422.08483977
3422.18033522
3422.31990237
3422.39473596
3422.49055471
3422.58920261
3422.67507126
3422.76074559
3422.84753534
3422.94399384
3423.02862516
3423.13639909
3423.22302427
3423.32083128
3423.40883204
3423.48363101
3423.56935435
3423.65713226
3423.75247168
3423.82668624
3423.90151276
3423.98839614
3424.07414069
3424.15175249
3424.23762674
3424.32289025
3424.41965132
3424.50646789
3424.61381004
3424.67802281
3424.76342335
3424.83820403
3424.92762547
3425.01252131
3425.14134208
3425.24060755
3425.31570885
3425.42281621
3425.49703369
3425.58888615
3425.67474699
3425.77733266
3425.87424514
3425.95989898
3426.05556925
3426.14157638
3426.23766746
3426.35603124
3426.43152166
3426.52740379
3426.63509654
3426.72579236
3426.81069503
3426.89639667
3426.98216267
3427.07856583
3427.14273472
3427.23938461
3427.34609529
3427.43587561
3427.52072342
3427.61755592
3427.69232393
3427.77813870
3427.88504540
3427.95981536
3428.04496745
3428.13071126
3428.21641436
3428.30039592
3428.39612543
3428.48184023
3428.55554328
3428.66326285
3428.77695695
3428.85172984
3428.93757508
3429.02335034
3429.12004314
3429.19534778
3429.29169071
3429.38805925
3429.46294965
3429.55937280
3429.65676850
3429.73002245
3429.82592604
3429.93242656
3430.02815436
3430.12409964
3430.22169259
3430.30642825
3430.39239930
3430.48970040
3430.56475098
3430.65061890
3430.74666975
3430.83348974
3430.91925403
3431.00404431
3431.09983038
3431.18447462
3431.27028133
3431.37557792
3431.43881887
3431.53668269
3431.61000442
3431.69595620
3431.78166101
3431.85643121
3431.95441352
3432.04023097
3432.11497337
3432.22087119
3432.29563408
3432.37129273
3432.45432173
3432.53895426
3432.63579310
3432.71080565
3432.81234465
3432.88711510
3432.98491455
3433.08028297
3433.15467918
3433.24039836
3433.32603856
3433.40187080
3433.48771872
3433.57595938
3433.67215628
3433.76904924
3433.85791382
3433.97593505
3434.06033158
3434.15700707
3434.26483415
3434.36241880
3434.44829525
3434.54494441
3434.64165379
3434.71644837
3434.81291321
3434.89105871
3434.96578381
3435.03935545
3435.13595755
3435.22176963
3435.30850989
3435.43805965
3435.49027969
3435.57784964
3435.68506500
3435.74940358
3435.84621926
3435.94268776
3436.01663194
3436.11300730
3436.19861141
3436.29046094
3436.36510022
3436.46582635
3436.56127768
3436.66803541
3436.77581203
3436.91546304
3437.02329085
3437.12082407
3437.22857654
3437.34575980
3437.43113230
3437.50723857
3437.60682442
3437.70462947
3437.79421719
3437.89723537
3437.98307037
3438.07835371
3438.19771443
3438.27506292
3438.37313934
3438.47185819
3438.57958483
3438.67741622
3438.78514748
3438.86003106
3438.97829683
3439.06350768
3439.15873592
3439.24454288
3439.35233022
3439.44890428
3439.54570144
3439.63138162
3439.74771959
3439.82213603
3439.92891351
3440.02827285
3440.12490470
3440.25452540
3440.34038040
3440.43812670
3440.55538773
3440.61963367
3440.71723783
3440.82506857
3440.91082628
3441.01873455
3441.11436361
3441.22091093
3441.36062242
3441.42373756
3441.52264391
3441.61931403
3441.76100183
3441.85778630
3441.94347039
3442.04152608
3442.13756693
3442.26068915
3442.36793328
3442.45275525
3442.55058518
3442.64623984
3442.74203884
3442.82677035
3442.93255017
3443.00690882
3443.10418482
3443.18982525
3443.28663411
3443.38333032
3443.49107548
3443.57691146
3443.68456056
3443.80286412
3443.87711306
3443.97282453
3444.06846408
3444.16570082
3444.26197573
3444.33715114
3444.44487119
3444.54175928
3444.64994598
3444.73522876
3444.83195471
3444.91781921
3445.01361723
3445.11007964
3445.20581646
3445.29162366
3445.39035227
3445.49684230
3445.57161348
3445.64626934
3445.75497804
3445.82972045
3445.92643470
3446.01121840
3446.11007476
3446.20769915
3446.30304272
3446.39918256
3446.53101754
3446.59481876
3446.68081760
3446.78728423
3446.87357417
3446.96996124
3447.08863515
3447.17286978
3447.26958160
3447.36732278
3447.46413602
3447.57288470
3447.66939514
3447.76118713
3447.87883728
3447.95493625
3448.05355100
3448.16227359
3448.23716497
3448.34430621
3448.42938223
3448.53921221
3448.64734966
3448.73345602
3448.83229995
3448.91804230
3449.01485993
3449.09972384
3449.20936559
3449.30530843
3449.40487892
3449.51238246
3449.59712056
3449.70523168
3449.79673257
3449.89267248
3449.98848269
3450.07327053
3450.16896713
3450.26577257
3450.36212477
3450.45722330
3450.54210988
3450.68263934
3450.75650599
3450.86321667
3450.96004381
3451.12212820
3451.20816702
3451.30409573
3451.40263855
3451.49769247
3451.59427482
3451.70095649
3451.78669372
3451.89803702
3451.97119174
3452.06318171
3452.14890870
3452.26845033
3452.36921060
3452.45422274
3452.56195961
3452.71227875
3452.79145141
3452.88808594
3452.98599998
3453.08248604
3453.16826715
3453.25316227
3453.35008644
3453.44660053
3453.56580107
3453.65503697
3453.74093219
3453.84942218
3453.94582119
3454.03118345
3454.12975797
3454.21548837
3454.31237110
3454.41872070
3454.49787947
3454.58379834
3454.67033697
3454.76739792
3454.85309810
3454.95966737
3455.04535974
3455.15311733
3455.26995146
3455.35439431
3455.46377909
3455.54783525
3455.64307836
3455.73981017
3455.83564087
3455.93233098
3456.05257235
3456.13695668
3456.24467307
3456.32929317
3456.43912851
3456.52472189
3456.61156968
3456.71934580
3456.82157185
3456.90706820
3457.01458760
3457.10034433
3457.20015984
3457.28492988
3457.37074343
3457.46730652
3457.56324351
3457.65961034
3457.74477998
3457.83074054
3457.91630345
3458.01290092
3458.10963127
3458.20558582
3458.29235119
3458.38850103
3458.50631893
3458.59243089
3458.68939481
3458.77500331
3458.87096054
3458.96654230
3459.07423309
3459.16121278
3459.28030092
3459.36643605
3459.46324685
3459.57405938
3459.65861657
3459.75452748
3459.85170326
3459.95900030
3460.07593634
3460.15091525
3460.24595600
3460.34148583
3460.43823348
3460.53507989
3460.63186509
3460.72750439
3460.82514951
3460.92054281
3461.01781149
3461.11465301
3461.21018357
3461.29497604
3461.40427354
3461.50055308
3461.60775626
3461.71350121
3461.78683489
3461.88349575
3461.99044877
3462.07603070
3462.17279469
3462.25747038
3462.35429703
3462.44000549
3462.53633818
3462.61002904
3462.70683302
3462.80472024
3462.89041432
3462.97537210
3463.08216250
3463.17833087
3463.27518995
3463.38829745
3463.47656810
3463.57828142
3463.66412959
3463.76070073
3463.85862160
3463.95490016
3464.05158979
3464.22616112
3464.29956648
3464.38481512
3464.48111783
3464.56589591
3464.66358541
3464.76014240
3464.85688933
3464.93165027
3465.04095191
3465.12520507
3465.23293926
3465.31733945
3465.42491809
3465.57550297
3465.67136121
3465.78928663
3465.86349095
3465.97016214
3466.06792477
3466.17656642
3466.26244994
3466.34818644
3466.45604814
3466.57403110
3466.63743052
3466.74367821
3466.82843874
3466.92365601
3467.00936520
3467.11662762
3467.22385347
3467.32205837
3467.41832743
3467.50383183
3467.60343205
3467.71118282
3467.78502509
3467.89152658
3467.97629955
3468.07194226
3468.15676374
3468.26301143
3468.33746639
3468.44001695
3468.53682044
3468.62233971
3468.71848442
3468.81462158
3468.91221696
3469.00871984
3469.11502287
3469.18915892
3469.28798701
3469.38458643
3469.48359249
3469.56924000
3469.67687667
3469.74976101
3469.85752128
3469.96479565
3470.06008704
3470.15580460
3470.25254202
3470.34931991
3470.44500894
3470.54171174
3470.61648243
3470.71250110
3470.83056671
3470.91633856
3471.01208075
3471.10882767
3471.20554949
3471.30126364
3471.41094830
3471.50641157
3471.65632964
3471.73019409
3471.83778102
3471.93350907
3472.04528903
3472.14209301
3472.23983614
3472.32549950
3472.40646758
3472.52378103
3472.60998613
3472.69858276
3472.80641033
3472.90313897
3473.00046080
3473.09670548
3473.19209219
3473.31011148
3473.39631560
3473.48112148
3473.58977630
3473.68570402
3473.78254774
3473.86824889
3473.97596406
3474.12596381
3474.19032970
3474.28805040
3474.38376918
3474.48053585
3474.57719355
3474.67323903
3474.75877244
3474.85553985
3474.96176705
3475.02509163
3475.13277535
3475.22942256
3475.32433750
3475.42502804
3475.52226308
3475.62855538
3475.73522973
3475.80959741
3475.90617854
3476.00699781
3476.10373791
3476.21147600
3476.29728443
3476.39426639
3476.47907251
3476.58618255
3476.67237229
3476.77016053
3476.85086675
3476.92570498
3477.02211350
3477.10781440
3477.20558704
3477.30338112
3477.41150004
3477.47488801
3477.58252907
3477.66825996
3477.76602747
3477.85187710
3477.95839663
3478.04419750
3478.15093743
3478.25727825
3478.33061608
3478.42675251
3478.52807988
3478.62486679
3478.71067814
3478.80818136
3478.90501996
3478.99077694
3479.09805350
3479.17238436
3479.27995178
3479.37593266
3479.51765996
3479.61317930
3479.74182697
3479.81554026
3479.92253814
3480.00786651
3480.10452249
3480.20126917
3480.29788737
3480.39565537
3480.48041931
3480.58033722
3480.68742556
3480.81458257
3480.92165360
3481.02946606
3481.12603208
3481.23390841
3481.32096391
3481.42819049
3481.50358022
3481.61118129
3481.69693827
3481.79369348
3481.87943779
3481.97646460
3482.06501369
3482.16278900
3482.28204903
3482.35644304
3482.45309780
3482.56076275
3482.63661401
3482.78776380
3482.88405236
3482.97984014
3483.09812469
3483.18637121
3483.27305125
3483.36581823
3483.46257906
3483.57027887
3483.65459323
3483.74026439
3483.83723026
3483.94332093
3484.03958804
3484.13826496
3484.24511095
3484.34145559
3484.44813336
3484.53372504
3484.62940505
3484.73795332
3484.80207248
3484.87774721
3484.97354109
3485.05935780
3485.16607726
3485.27381901
3485.36061608
3485.43546381
3485.54213963
3485.62638670
3485.71210369
3485.85282698
3485.91757955
3486.01436232
3486.10004250
3486.20881531
3486.29563701
3486.41380185
3486.49995404
3486.58580001
3486.67048618
3486.77829327
3486.87678563
3486.98574740
3487.07012686
3487.18845797
3487.26369019
3487.36046784
3487.51127923
3487.61979994
3487.70542746
3487.80218585
3487.88707755
3488.00521435
3488.09054686
3488.18719358
3488.27315097
3488.37245789
3488.45719575
3488.56488947
3488.65064060
3488.75744100
3488.85374882
3488.94987477
3489.03484595
3489.13140173
3489.22732068
3489.32397447
3489.43578052
3489.52133831
3489.59568745
3489.70200853
3489.78550442
3489.87127432
3489.96753948
3490.06472892
3490.17240898
3490.26920687
3490.37695349
3490.47314770
3490.55934500
3490.65529711
3490.75204891
3490.83762206
3490.93442092
3491.01976708
3491.11654424
3491.21341599
3491.32053042
3491.39682468
3491.49407263
3491.59104484
3491.68709813
3491.77315548
3491.88079556
3491.96665031
3492.06333506
3492.17068793
3492.25494086
3492.35192379
3492.44829184
3492.54426906
3492.64309007
3492.72859032
3492.83533732
3492.94257951
3493.02797516
3493.12629588
3493.21252707
3493.32010229
3493.41599540
3493.50080225
3493.59739022
3493.73765661
3493.81183094
3493.89762254
3493.98335392
3494.09064194
3494.17653716
3494.31612064
3494.37976364
3494.46372521
3494.57118877
3494.69953142
3494.79662602
3494.94042204
3495.04797191
3495.14489633
3495.24160815
3495.35881676
3495.45469549
3495.55028042
3495.64698224
3495.74284462
3495.84016865
3495.94648289
3496.04420603
3496.13948937
3496.23587400
3496.33343768
3496.44135205
3496.53791271
3496.64548452
3496.74130278
3496.82712461
3496.92273270
3497.01966956
3497.11539931
3497.22341851
3497.31064176
3497.40645661
3497.50429945
3497.61197025
3497.71826475
3497.79253953
3497.89015662
3497.99794103
3498.10580663
3498.20235681
3498.29917541
3498.39494344
3498.50226365
3498.58825980
3498.67253272
3498.77189913
3498.86820549
3498.96496095
3499.06160255
3499.16839442
3499.27463089
3499.34881351
3499.44469809
3499.55182495
3499.65842567
3499.76715753
3499.86448155
3499.97183613
3500.08960453
3500.17342299
3500.28069565
3500.36543862
3500.47333909
3500.55894662
3500.64370959
3500.74042726
3500.85783312
3500.94382123
3501.05175754
3501.13999381
3501.22672359
3501.33337551
3501.41933022
3501.50598515
3501.60200382
3501.71899301
3501.80582251
3501.91297448
3501.99878924
3502.09457117
3502.18048346
3502.28897053
3502.37696202
3502.50607902
3502.58323611
3502.70056225
3502.79586144
3502.90315384
3503.01091193
3503.10852389
3503.21621127
3503.31264929
3503.39732961
3503.49407458
3503.58000832
3503.67659434
3503.77356264
3503.88103815
3503.96580112
3504.07210537
3504.15820783
3504.25708589
3504.36379852
3504.45959093
3504.55618158
3504.66297003
3504.75970989
3504.87748000
3504.95133714
3505.04805895
3505.13477459
3505.23141936
3505.32913128
3505.41415318
3505.51083769
3505.60944683
3505.77157974
3505.81389284
3505.91080263
3505.99635042
3506.08350565
3506.17981225
3506.26555290
3506.37418382
3506.46015876
3506.55675282
3506.66314704
3506.72742223
3506.83499233
3506.92074151
3507.01763399
3507.11541077
3507.24499466
3507.33081137
3507.44990244
3507.53616118
3507.63296833
3507.72933954
3507.82613547
3507.93270791
3508.04342999
3508.14406689
3508.25134174
3508.33656600
3508.44629699
3508.54303148
3508.64893783
3508.74460030
3508.84430950
3508.94105229
3509.05828431
3509.14258429
3509.25035968
3509.33692294
3509.43377056
3509.53050261
3509.63733763
3509.72153667
3509.81781158
3509.91418621
3509.98771591
3510.08349126
3510.19279534
3510.28953617
3510.38639159
3510.48294737
3510.60116950
3510.67552353
3510.77227070
3510.85795673
3510.94371298
3511.04158118
3511.13825765
3511.23512696
3511.33273503
3511.43894565
3511.53512206
3511.63097445
3511.72765531
3511.80267200
3511.89820866
3512.00888685
3512.09370321
3512.18941931
3512.29570942
3512.38094611
3512.47789345
3512.55269047
3512.66023888
3512.75614247
3512.85283795
3512.95000033
3513.03486448
3513.15298885
3513.23723884
3513.34513004
3513.45259629
3513.56023052
3513.65603878
3513.75480469
3513.86266127
3513.95991678
3514.06013555
3514.15575998
3514.26648425
3514.36323264
3514.45895971
3514.54473790
3514.64457121
3514.74085075
3514.82695150
3514.92480362
3515.03245150
3515.11815216
3515.21446340
3515.31217825
3515.39799399
3515.51616053
3515.59078933
3515.68663806
3515.78440118
3515.92501524
3515.98787244
3516.08472445
3516.19223311
3516.28771808
3516.37281605
3516.46859920
3516.57934833
3516.67700906
3516.78421954
3516.88056321
3516.97740473
3517.07256690
3517.16878159
3517.25373888
3517.35131817
3517.44794148
3517.54391943
3517.64047351
3517.74742556
3517.86739922
3517.95262713
3518.04844782
3518.13414410
3518.24089159
3518.33670668
3518.42093546
3518.52983043
3518.64802184
3518.72120338
3518.81792032
3518.90274302
3519.01155071
3519.10723950
3519.21490908
3519.34361428
3519.44987001
3519.53527518
3519.62467930
3519.72151010
3519.81930955
3519.92726195
3520.01276683
3520.12060439
3520.22681843
3520.31303938
3520.42290422
3520.51849720
3520.62640644
3520.72305463
3520.83374744
3520.93041757
3521.03879956
3521.11339154
3521.21023502
3521.29610854
3521.40771491
3521.49368302
3521.59027367
3521.68783248
3521.78565826
3521.90290638
3521.98862508
3522.07541581
3522.17206814
3522.28001883
3522.37557329
3522.48251217
3522.57911062
3522.67542625
3522.74970274
3522.84751072
3522.95516738
3523.04590514
3523.13385128
3523.24140066
3523.33911625
3523.45736422
3523.54360102
3523.62837277
3523.71409951
3523.80995727
3523.89643470
3523.98207783
3524.08925686
3524.19589830
3524.31223969
3524.39770727
3524.50615899
3524.59191597
3524.68878651
3524.77461175
3524.88173008
3524.98852170
3525.08377676
3525.15708362
3525.24188975
3525.33858498
3525.44463080
3525.54106735
3525.62592687
3525.73262414
3525.83223607
3525.94954197
3526.03490666
3526.14140474
3526.23725932
3526.34587610
3526.43558303
3526.53227827
3526.62771375
3526.73504858
3526.87632922
3526.95191667
3527.04887303
3527.13461562
3527.23131379
3527.34502033
3527.44155417
3527.54795570
3527.63430440
3527.73279481
3527.84651330
3527.94325145
3528.04349070
3528.13950546
3528.24596965
3528.36427980
3528.46044012
3528.55824786
3528.66600887
3528.77382157
3528.86041018
3528.96812755
3529.06802473
3529.18811518
3529.28447420
3529.42496636
3529.52111425
3529.61682108
3529.72439046
3529.83123158
3529.96034345
3530.04553528
3530.14237266
3530.25009271
3530.34680379
3530.44351147
3530.53931412
3530.63645992
3530.75367756
3530.84889726
3530.94480134
3531.05130844
3531.14702503
3531.25501278
3531.34056715
3531.43727580
3531.55554645
3531.65173018
3531.75847938
3531.85525800
3531.95249182
3532.04928604
3532.20172632
3532.28706053
3532.37232624
3532.45803567
3532.55593630
3532.66344521
3532.76033940
3532.85649558
3532.95422018
3533.09437710
3533.18015066
3533.25397635
3533.35155271
3533.43724411
3533.54495440
3533.65265470
3533.76138851
3533.84631630
3533.96447943
3534.09548765
3534.18222913
3534.27895729
3534.37685207
3534.48450458
3534.60419664
3534.67785142
3534.78430683
3534.87913790
3534.98591221
3535.08156078
3535.17727371
3535.27401015
3535.38178165
3535.48944635
3535.58583171
3535.65916831
3535.76639733
3535.87397816
3535.96283567
3536.06960169
3536.16483676
3536.27258289
3536.37978631
3536.47591689
3536.57184778
3536.67955711
3536.77630501
3536.88416183
3536.96971596
3537.06959877
3537.17681949
3537.26219784
3537.36961678
3537.45412668
3537.54041663
3537.63657353
3537.75594937
3537.86321301
3537.95937187
3538.05661714
3538.16722438
3538.25192884
3538.36073725
3538.44547316
3538.54129507
3538.64802209
3538.76730259
3538.85251344
3538.94936545
3539.05595008
3539.15131071
3539.25722925
3539.34491452
3539.44084517
3539.55799869
3539.64319466
3539.75085839
3539.84657327
3539.93140963
3540.03913139
3540.14718716
3540.24339600
3540.35096537
3540.42599012
3540.53281904
3540.64487719
