3562.35565553
3562.45609617
3562.53686408
3562.62927193
3562.73873620
3562.84815267
3562.93731664
3563.02741367
3563.10333782
3563.21471038
3563.32427655
3563.40699030
3563.50671122
3563.60977938
3563.71041677
3563.81713721
3563.91506051
3564.02636090
3564.13415263
3564.23258550
3564.31804869
3564.41392448
3564.51058437
3564.61831173
3564.72895944
3564.81468961
3564.93289613
3565.01824010
3565.11304850
3565.20886773
3565.31652512
3565.42422323
3565.51989349
3565.62859585
3565.74638035
3565.83048747
3565.92629402
3566.03409185
3566.14125382
3566.22691937
3566.32343565
3566.42012406
3566.53925683
3566.62461323
3566.72198089
3566.82970045
3566.93728690
3567.04687818
3567.14286077
3567.23991733
3567.34572665
3567.44197181
3567.54979670
3567.64635662
3567.75296125
3567.84878121
3567.94470406
3568.05228904
3568.16952472
3568.25519320
3568.33994690
3568.44963449
3568.56862365
3568.64334119
3568.73869694
3568.83448521
3568.99566044
3569.06881053
3569.16481335
3569.31577663
3569.41104875
3569.51881756
3569.62639352
3569.71305918
3569.82039474
3569.91659992
3570.02637187
3570.10097068
3570.20895112
3570.29781691
3570.40526365
3570.51517920
3570.62221195
3570.69780038
3570.79367252
3570.90246191
3570.99924248
3571.11096393
3571.20615316
3571.30252365
3571.42084525
3571.49592022
3571.59267738
3571.70537139
3571.79112763
3571.89201225
3571.98857168
3572.07936357
3572.16606336
3572.26139083
3572.34671797
3572.43835173
3572.53422753
3572.61858236
3572.72446799
3572.81031811
3572.90601299
3573.00275456
3573.10993286
3573.20738440
3573.29300484
3573.37887325
3573.47570185
3573.56135643
3573.68009909
3573.77783052
3573.89473438
3573.97376052
3574.07076759
3574.16702494
3574.27424640
3574.37128663
3574.45710603
3574.54276963
3574.64965122
3574.76784848
3574.84227882
3574.93982568
3575.05153104
3575.13729996
3575.23421682
3575.31971317
3575.41866730
3575.51644896
3575.63348130
3575.70816446
3575.79984918
3575.88610987
3575.98198493
3576.06866693
3576.17437311
3576.27003850
3576.35488973
3576.46222944
3576.54849476
3576.65723954
3576.75493439
3576.90962527
3576.99566020
3577.09458970
3577.21228740
3577.28750743
3577.38435286
3577.47009619
3577.56688163
3577.66462598
3577.78620903
3577.87097882
3577.98920486
3578.07466244
3578.17312725
3578.26992635
3578.35581986
3578.45309342
3578.53828013
3578.64549427
3578.75623707
3578.84141305
3578.92736337
3579.03600380
3579.12185562
3579.22948254
3579.32509477
3579.42199774
3579.53918636
3579.62537416
3579.70019556
3579.80708617
3579.90380481
3579.98894423
3580.14093467
3580.23753117
3580.34381859
3580.43005832
3580.53788199
3580.61245617
3580.72031007
3580.81696556
3580.92374963
3581.02145131
3581.13968369
3581.22497255
3581.32152004
3581.40842049
3581.51565658
3581.60125679
3581.71926071
3581.81604470
3581.92419117
3582.00436955
3582.09014652
3582.19780806
3582.29377894
3582.39035739
3582.47705499
3582.57392796
3582.65869752
3582.76610769
3582.85326706
3582.95162239
3583.04893374
3583.14580013
3583.24239468
3583.33913965
3583.43685743
3583.55506249
3583.64133196
3583.73993452
3583.83576789
3583.93354881
3584.02135086
3584.11811510
3584.21472525
3584.30149063
3584.40945522
3584.48761876
3584.58294769
3584.66973354
3584.77842127
3584.85319269
3584.95087317
3585.04878916
3585.14640161
3585.26463422
3585.34984556
3585.45767069
3585.54458747
3585.68599391
3585.76080947
3585.86849465
3585.96520159
3586.08401691
3586.17216371
3586.27933665
3586.37595070
3586.48367270
3586.56959962
3586.66817950
3586.77594563
3586.88429885
3587.03928572
3587.13600290
3587.23375091
3587.32892526
3587.43626253
3587.52254809
3587.62990706
3587.71619408
3587.82385854
3587.92050916
3588.02720619
3588.10227091
3588.20073499
3588.29843009
3588.40578954
3588.48003458
3588.58868038
3588.66376924
3588.77024123
3588.85606209
3588.95204833
3589.03895024
3589.14615024
3589.28683696
3589.39472280
3589.51400355
3589.62372235
3589.69953118
3589.79590995
3589.90419076
3589.98898640
3590.07502279
3590.17886262
3590.26567626
3590.37390271
3590.47073375
3590.56729684
3590.65302481
3590.77122500
3590.85069292
3590.93726032
3591.04490016
3591.13031239
3591.22727777
3591.33066118
3591.42921132
3591.52593972
3591.63225128
3591.72827166
3591.82490570
3591.92207466
3592.00696490
3592.10423333
3592.19998747
3592.31071003
3592.40693130
3592.49221749
3592.57698533
3592.68392300
3592.79168303
3592.88920015
3592.98616334
3593.09365055
3593.20187699
3593.30925376
3593.39626757
3593.50562821
3593.60641287
3593.69224445
3593.80084124
3593.88568077
3593.99291466
3594.07823912
3594.18793061
3594.28561572
3594.38344711
3594.48021939
3594.57695266
3594.67390463
3594.79140899
3594.87607931
3594.98281706
3595.06852966
3595.16445666
3595.27217061
3595.36903067
3595.52112327
3595.60737835
3595.73696321
3595.81174024
3595.90939073
3596.01832422
3596.11500239
3596.20029101
3596.30615811
3596.39125534
3596.48723110
3596.58399704
3596.69147597
3596.77732803
3596.88513366
3596.97089746
3597.07799946
3597.16433573
3597.27203481
3597.36881465
3597.46458829
3597.58241813
3597.66753536
3597.75342765
3597.88265363
3597.97086065
3598.06748884
3598.16344461
3598.27112101
3598.35687287
3598.46349627
3598.56153709
3598.66832433
3598.74361262
3598.84228735
3598.93899697
3599.03691540
3599.13449177
3599.23228391
3599.31802041
3599.42582091
3599.52299255
3599.61952347
3599.71597563
3599.81378093
3599.92242355
3600.02014401
3600.11705648
3600.20390597
3600.32195817
3600.40713903
3600.50395861
3600.58879082
3600.68466272
3600.79218162
3600.88907727
3600.99565215
3601.09008411
3601.18830291
3601.28485528
3601.39120561
3601.49856335
3601.59660223
3601.69229370
3601.78757338
3601.90581965
3601.99204816
3602.09976748
3602.20651132
3602.29232900
3602.39908235
3602.50664587
3602.61351991
3602.71070179
3602.80699425
3602.91517364
3603.01250425
3603.12057855
3603.22762008
3603.32459448
3603.43118423
3603.55134586
3603.62559749
3603.73428448
3603.84203988
3603.93973230
3604.03597552
3604.14368045
3604.24047638
3604.35859709
3604.44364142
3604.55151239
3604.64815935
3604.75400475
3604.86078443
3604.96755362
3605.06521434
3605.18324167
3605.27947148
3605.38173166
3605.48955070
3605.58629348
3605.69319604
3605.79913433
3605.90632580
3606.01956789
3606.11592886
3606.21257729
3606.32029758
3606.42925301
3606.52689935
3606.63542934
3606.74135690
3606.89735484
3606.95263688
3607.06034547
3607.21203823
3607.28673383
3607.38214517
3607.48992056
3607.65202568
3607.70934670
3607.80605291
3607.91288963
3608.02057287
3608.12731719
3608.22410606
3608.33175004
3608.44986879
3608.53932217
3608.64679036
3608.75357296
3608.85270995
3608.95978269
3609.05722886
3609.16506886
3609.28411531
3609.37031700
3609.47899352
3609.58567031
3609.67054445
3609.76726919
3609.87380896
3609.98058523
3610.08778328
3610.16309401
3610.27183928
3610.36857133
3610.47934923
3610.57561561
3610.67230914
3610.77900446
3610.88717190
3610.96161345
3611.05820434
3611.16893397
3611.26457620
3611.37250422
3611.48013674
3611.57687050
3611.69406107
3611.78980668
3611.89609825
3611.99489878
3612.10139588
3612.20830429
3612.30507999
3612.44500480
3612.53041362
3612.63813976
3612.73429131
3612.88585314
3612.99258991
3613.08906620
3613.20590301
3613.30209576
3613.40883887
3613.50457301
3613.61138877
3613.71894181
3613.83682212
3613.95391127
3614.03938446
3614.14700503
3614.25459075
3614.35153784
3614.45915939
3614.56689529
3614.66428904
3614.78230832
3614.87759288
3614.97528189
3615.08294025
3615.17871901
3615.28737017
3615.38617972
3615.49391318
3615.61229062
3615.69822607
3615.80705228
3615.90373362
3616.01194982
3616.12105739
3616.21873933
3616.32642573
3616.44374065
3616.52994429
3616.62489385
3616.73237082
3616.84030445
3616.93790081
3617.04579689
3617.15349572
3617.26082349
3617.35689457
3617.46413359
3617.56048457
3617.65777567
3617.76530994
3617.85104522
3617.96000041
3618.07806236
3618.17331620
3618.25845317
3618.36617737
3618.47488850
3618.56063548
3618.66836090
3618.77575449
3618.90022326
3618.98769397
3619.08388038
3619.19114378
3619.28807917
3619.38463933
3619.49240303
3619.59013957
3619.70838926
3619.79454560
3619.89124059
3620.00007607
3620.10776979
3620.20649449
3620.31424770
3620.42170907
3620.53935606
3620.62528638
3620.73350259
3620.82921357
3620.94284477
3621.04570741
3621.14230951
3621.23902499
3621.35760162
3621.45546324
3621.55213288
3621.65990608
3621.75661107
3621.85344040
3621.96007745
3622.06684372
3622.18556493
3622.26921833
3622.37844170
3622.48723646
3622.58508053
3622.69266770
3622.78935758
3622.89826400
3623.01633571
3623.10772054
3623.20622533
3623.31317640
3623.42472475
3623.52156554
3623.62907713
3623.72710796
3623.84565216
3623.94175275
3624.04964615
3624.14619339
3624.25408021
3624.36083282
3624.45945489
3624.56807337
3624.68631452
3624.81556464
3624.90146400
3625.00003413
3625.10576202
3625.21361738
3625.32130062
3625.43452417
3625.51985741
3625.62765207
3625.73534847
3625.83194569
3625.93965428
3626.04658000
3626.15422545
3626.27254632
3626.35840692
3626.46702638
3626.56485119
3626.67336021
3626.78132211
3626.88081628
3626.98855730
3627.08523328
3627.19299868
3627.30171566
3627.39857352
3627.49541895
3627.60390724
3627.70064466
3627.81788619
3627.91521557
3628.01197201
3628.11956942
3628.23027272
3628.32608293
3628.42376731
3628.52052862
3628.61697590
3628.72499706
3628.82180615
3628.91934936
3629.02619170
3629.12306760
3629.21926303
3629.32640379
3629.44496677
3629.53184673
3629.63952704
3629.74749480
3629.84402278
3629.95176868
3630.05942363
3630.15528553
3630.27346304
3630.37963978
3630.48738738
3630.58315249
3630.73383977
3630.84207889
3630.94936399
3631.05674953
3631.15373710
3631.25039406
3631.35918150
3631.45582310
3631.56257084
3631.67037086
3631.75612126
3631.87435290
3631.97074362
3632.06799060
3632.17158515
3632.26894014
3632.37851606
3632.47621336
3632.58399436
3632.70216383
3632.78878999
3632.88550474
3632.99316188
3633.10093142
3633.19850218
3633.30639948
3633.40285847
3633.51966895
3633.61612306
3633.70191832
3633.79854943
3633.89445156
3634.00320853
3634.10089900
3634.21261971
3634.31980119
3634.40707881
3634.50373504
3634.61067514
3634.71860877
3634.82640123
3634.92309086
3635.03089722
3635.16149803
3635.27019039
3635.37098553
3635.47885186
3635.57641579
3635.68437721
3635.77101605
3635.88932547
3635.96546856
3636.07265053
3636.21668060
3636.30291447
3636.40044159
3636.50813384
3636.60460697
3636.71245258
3636.81012330
3636.91882176
3637.01453079
3637.12227790
3637.21973163
3637.32631845
3637.44452035
3637.53650007
3637.63217546
3637.73946372
3637.83774616
3637.94556812
3638.04314546
3638.15099254
3638.26912226
3638.35422340
3638.45213037
3638.54853133
3638.66733324
3638.75487734
3638.86264372
3638.95976001
3639.07744942
3639.16445715
3639.27110663
3639.36758829
3639.47440186
3639.58025920
3639.68783394
3639.79552059
3639.90424367
3640.01093923
3640.11874462
3640.21547618
3640.32325840
3640.42692976
3640.52417040
3640.65290120
3640.73909898
3640.88981406
3640.98839980
3641.08535908
3641.21595624
3641.29079228
3641.40891445
3641.49407629
3641.59947259
3641.71351632
3641.81099785
3641.91827367
3642.02549196
3642.12251391
3642.24016236
3642.32650643
3642.43517539
3642.54270356
3642.64263439
3642.74032851
3642.89293555
3642.99523889
3643.08037197
3643.17817849
3643.27490054
3643.38267862
3643.47955257
3643.58712170
3643.70456730
3643.81368877
3643.91075874
3644.00667989
3644.11419855
3644.21095450
3644.31875159
3644.42658915
3644.52321857
3644.64161161
3644.72863518
3644.84745976
3644.94409527
3645.03089136
3645.12708582
3645.23789298
3645.33458407
3645.45478082
3645.54003653
3645.65981246
3645.75564217
3645.86224241
3645.95910977
3646.06656212
3646.16400732
3646.27191949
3646.35768768
3646.45644652
3646.55323441
3646.64998182
3646.75774942
3646.85554862
3646.96322625
3647.08137865
3647.17075133
3647.27274283
3647.39047466
3647.49730359
3647.61609892
3647.71337711
3647.83156242
3647.91726650
3648.02502629
3648.12199337
3648.23454377
3648.33130362
3648.43829468
3648.53865998
3648.64606771
3648.73323805
3648.83001887
3648.93765310
3649.02351638
3649.12017626
3649.22593901
3649.33378414
3649.45160155
3649.54774797
3649.64358598
3649.76217504
3649.85998254
3649.94570514
3650.04331564
3650.15326069
3650.27130680
3650.35657786
3650.46431815
3650.54908478
3650.65582154
3650.75263381
3650.85853919
3650.96587061
3651.08395889
3651.14723665
3651.25397537
3651.35079130
3651.45860277
3651.55609868
3651.66282521
3651.76069146
3651.87838721
3651.97552570
3652.06125561
3652.16002421
3652.24689003
3652.34397366
3652.44064110
3652.54757608
3652.65569306
3652.75287567
3652.84973255
3652.95726658
3653.06303176
3653.16088022
3653.26859198
3653.37626302
3653.48452092
3653.57063508
3653.66751293
3653.76416794
3653.91674914
3654.00180273
3654.09947003
3654.19913316
3654.31630057
3654.40253859
3654.51014576
3654.61781144
3654.70274507
3654.81139794
3654.91520753
3655.01278950
3655.13109770
3655.22049938
3655.33910844
3655.47230607
3655.57937418
3655.67512807
3655.77190571
3655.94405821
3656.01225751
3656.10813891
3656.21591236
3656.31255786
3656.43112425
3656.52796968
3656.63566900
3656.74984683
3656.83608826
3656.94395557
3657.03054369
3657.13861922
3657.23606417
3657.35573380
3657.45636972
3657.56390009
3657.63891142
3657.74776396
3657.83310257
3657.94026649
3658.04763399
3658.14443577
3658.25291504
3658.37107866
3658.46839342
3658.56522714
3658.67384270
3658.77059524
3658.87839648
3658.97603965
3659.08422147
3659.20473443
3659.27779115
3659.37457440
3659.48701338
3659.58259831
3659.69108051
3659.78851327
3659.89522663
3660.01521833
3660.10053767
3660.20734929
3660.29401178
3660.40179180
3660.49841146
3660.60626049
3660.70304033
3660.82215943
3660.90952190
3661.01824888
3661.11484221
3661.21086502
3661.30855866
3661.40533728
3661.51417690
3661.63139039
3661.71762938
3661.82542940
3661.92197787
3662.02970109
3662.13668435
3662.23348150
3662.31918679
3662.45943294
3662.54422517
3662.63247291
3662.74014468
3662.82587972
3662.93364902
3663.04136760
3663.20238314
3663.26580646
3663.37350822
3663.48316704
3663.57992640
3663.68772179
3663.78482419
3663.85965023
3663.97789820
3664.07520906
3664.16186082
3664.31378788
3664.38521521
3664.48516335
3664.59273029
3664.68857195
3664.80680091
3664.89219998
3664.99985786
3665.09675790
3665.20522864
3665.30293373
3665.41557117
3665.50045897
3665.61857870
3665.71403417
3665.81151301
3665.91924769
3666.02718522
3666.12476134
3666.23256746
3666.32905229
3666.44540172
3666.51967455
3666.61500129
3666.71186793
3666.81973841
3666.93048657
3667.03034840
3667.12800693
3667.25825130
3667.34341704
3667.44122576
3667.54880562
3667.64475870
3667.75245168
3667.85005170
3667.95690501
3668.07442838
3668.16114939
3668.26928489
3668.36602401
3668.47375844
3668.57756340
3668.68521811
3668.78199381
3668.94408430
3668.99752972
3669.10628913
3669.21784186
3669.31466315
3669.42332406
3669.52007928
3669.62689796
3669.74499380
3669.83179331
3669.93907767
3670.04623087
3670.14391695
3670.25184716
3670.35037755
3670.45807224
3670.57522796
3670.66050268
3670.76841705
3670.87619683
3670.97270458
3671.08146423
3671.19135930
3671.27672716
3671.39450483
3671.48125850
3671.59015420
3671.68782200
3671.79456486
3671.90248727
3672.01015709
3672.12829365
3672.22461952
3672.32594591
3672.43343459
3672.51929787
3672.62590225
3672.73475455
3672.83171627
3672.95022853
3673.04668777
3673.14529301
3673.25314496
3673.35105827
3673.44762989
3673.60113123
3673.66494586
3673.78226078
3673.87858177
3673.97592481
3674.08271278
3674.17957210
3674.27621565
3674.38368726
3674.49126322
3674.59940042
3674.69570703
3674.80347316
3674.90108220
3675.00977968
3675.11055482
3675.21821587
3675.31517491
3675.43520172
3675.53231119
3675.62884966
3675.72385798
3675.82210189
3675.91889173
3676.02658350
3676.12234787
3676.24054221
3676.33776310
3676.43550745
3676.54717892
3676.68777713
3676.79423425
3676.90213521
3677.01117963
3677.10785439
3677.19378520
3677.30155499
3677.40906390
3677.50671902
3677.61448100
3677.72335061
3677.83137664
3677.92675287
3678.03514901
3678.13377716
3678.28525415
3678.39251584
3678.47829452
3678.59711691
3678.68183648
3678.78952313
3678.89721367
3678.98396783
3679.07984022
3679.18763170
3679.28520734
3679.39247610
3679.48981743
3679.58632225
3679.68231751
3679.78945388
3679.88609110
3679.99285785
3680.10046794
3680.21730305
3680.30249244
3680.41024369
3680.50688334
3680.59277808
3680.70042474
3680.79717752
3680.90491244
3681.02418466
3681.10934894
3681.21716749
3681.36876638
3681.46542870
3681.57220106
3681.67984212
3681.79618595
3681.88130853
3681.98798191
3682.09587823
3682.19362892
3682.30120951
3682.40003564
3682.50727661
3682.62551361
3682.71569354
3682.82304739
3682.96446919
3683.03830634
3683.14608392
3683.24673131
3683.36516653
3683.45228202
3683.55994550
3683.66284057
3683.77045992
3683.85707243
3683.96492926
3684.06154428
3684.18604743
3684.26130330
3684.36910868
3684.46577442
3684.57368269
3684.68036411
3684.78802224
3684.88492544
3685.00288865
3685.09964192
3685.19591439
3685.29262133
3685.38929536
3685.50274517
3685.60038151
3685.70849093
3685.82663187
3685.90209669
3686.05448186
3686.15138507
3686.25998624
3686.36863886
3686.46519172
3686.58249128
3686.67758761
3686.77435380
3686.88205849
3686.99143279
3687.08826602
3687.19478799
3687.30176711
3687.41085005
3687.49611648
3687.63766897
3687.71150002
3687.81819680
3687.92488042
3688.02158004
3688.12830389
3688.24658673
3688.33278891
3688.43928235
3688.54685660
3688.64373738
3688.74032461
3688.84816925
3688.93491414
3689.05405909
3689.15023331
3689.23558874
3689.34522391
3689.44192915
3689.55075146
3689.65787515
3689.74364091
3689.86276928
3689.94840362
3690.04499256
3690.15754076
3690.25337706
3690.36094644
3690.46869404
3690.56658565
3690.71798096
3690.81477981
3690.93366925
3691.03215771
3691.14006549
3691.24764657
3691.33342793
3691.45059876
3691.55900562
3691.65548801
3691.80631451
3691.91406260
3692.05462717
3692.17365729
3692.27123195
3692.36763339
3692.51958288
3692.62697330
3692.72274426
3692.82975604
3692.95981292
3693.04609775
3693.14386672
3693.26236168
3693.36007994
3693.46785436
3693.57955289
3693.69779867
3693.78300440
3693.88976262
3693.98741018
3694.09930058
3694.19592049
3694.29265717
3694.38827794
3694.49573346
3694.58100575
3694.67817593
3694.78596546
3694.88272945
3694.99141133
3695.08758701
3695.19551479
3695.31321614
3695.41272689
3695.50858343
3695.61523023
3695.72310046
3695.82072193
3695.92745797
3696.03614814
3696.14345737
3696.24070264
3696.34140391
3696.44959451
3696.55923066
3696.65699719
3696.76468872
3696.86096192
3696.99022276
3697.07554088
3697.18717895
3697.27302785
3697.37967416
3697.47734707
3697.58597872
3697.68189719
3697.81228857
3697.89616603
3698.00304176
3698.09969214
3698.20742731
3698.31509908
3698.42160545
3698.51937759
3698.63672372
3698.73370153
3698.82955490
3698.93642674
3699.04312839
3699.14962403
3699.24546887
3699.34310935
3699.46229526
3699.55800259
3699.64345237
3699.75214400
3699.86015662
3699.95714955
3700.06580461
3700.17261744
3700.27997397
3700.37695276
3700.48670789
3700.58364523
3700.69136016
3700.78884387
3700.89658318
3701.00331605
3701.12196022
3701.20717887
3701.31487015
3701.42180610
3701.51956216
3701.62718883
3701.73482281
3701.83067301
3701.96018814
3702.04239770
3702.14912593
3702.25494963
3702.35063160
3702.45745589
3702.56415219
3702.67187955
3702.78899650
3702.87436997
3702.98219363
3703.08969133
3703.18641144
3703.29798831
3703.39474645
3703.50227998
3703.61958271
3703.70569492
3703.85666210
3703.94052395
3704.04823474
3704.18979990
3704.27466454
3704.39291910
3704.48010358
3704.63260481
3704.75125361
3704.84912303
3704.95710127
3705.05466935
3705.17275958
3705.26799684
3705.37586318
3705.47531517
3705.57120169
3705.66786255
3705.76450854
3705.87134819
3705.97756760
3706.05276130
3706.17047143
3706.28243620
3706.37907780
3706.48490175
3706.59216660
3706.68986951
3706.80818575
3706.90533130
3707.00205970
3707.11184043
3707.21955511
3707.31630862
3707.42393237
3707.53334372
3707.65156415
3707.72590963
3707.84559292
3707.93218616
3708.02852617
3708.12572049
3708.22241109
3708.32966620
3708.44899840
3708.53507769
3708.64187541
3708.75067700
3708.84725935
3708.95513715
3709.06374027
3709.16047525
3709.27869153
3709.37596826
3709.48326140
3709.59142372
3709.69933150
3709.83985218
3710.01380936
3710.09680398
3710.19337122
3710.30099106
3710.40977558
3710.50746776
3710.61540675
3710.72682855
3710.83521810
3710.93199331
3711.02975448
3711.13853973
3711.25320396
3711.35083201
3711.45879611
3711.57682686
3711.67312395
3711.76979920
3711.87770796
3711.98551163
3712.08306508
3712.17975423
3712.28740455
3712.40567178
3712.47948747
3712.58641002
3712.69254263
3712.79079191
3712.89799825
3713.00477695
3713.09049151
3713.21972773
3713.29302508
3713.40068710
3713.49746231
3713.58318028
3713.69098908
3713.78885436
3713.89610751
3714.01522686
3714.08951408
3714.19720536
3714.30353302
3714.39921766
3714.48700753
3714.59473635
3714.69259505
3714.80077273
3714.88543915
3714.99259819
3715.07953472
3715.18730305
3715.29593738
3715.38262328
3715.49044572
3715.60829483
3715.69554197
3715.80368406
3715.89989509
3716.00736450
3716.11489657
3716.22271000
3716.31944693
3716.43659094
3716.52098405
3716.62753065
3716.72427806
3716.83110089
3716.93888190
3717.03664819
3717.14530300
3717.26360852
3717.34919751
3717.45789426
3717.56668561
3717.66259383
3717.77013858
3717.87683585
3717.97373321
3718.09086381
3718.17701308
3718.28493890
3718.39456383
3718.49133953
3718.60090302
3718.69731130
3718.80574790
3718.91315758
3719.00921818
3719.11581793
3719.21245807
3719.31025557
3719.39519335
3719.49175791
3719.58864063
3719.70687886
3719.79307567
3719.88974190
3719.99745073
3720.10708980
3720.19194932
3720.29973739
3720.38585936
3720.49177595
3720.56602928
3720.67384734
3720.78245412
3720.86919195
3720.97796233
3721.07474704
3721.18253365
3721.30364785
3721.38905789
3721.49667115
3721.59529004
3721.70411967
3721.81219324
3721.89875943
3721.99637382
3722.11458669
3722.18981550
3722.28653415
3722.38334910
3722.49103160
3722.59877432
3722.69541665
3722.80183159
3722.91877787
3723.00402627
3723.11191528
3723.20921053
3723.31825397
3723.41509818
3723.52231867
3723.61891589
3723.72518845
3723.81031737
3723.91613961
3724.00181784
3724.10853120
3724.21644313
3724.31310058
3724.42178709
3724.54003653
3724.60343620
3724.71095876
3724.79935522
3724.88444928
3724.97068657
3725.07805188
3725.18576437
3725.28196224
3725.39842333
3725.47476294
3725.58250883
3725.67922553
3725.77705399
3725.93055264
3726.01655392
3726.12621542
3726.23530787
3726.33184780
3726.42833288
3726.53706059
3726.63389236
3726.74052064
3726.84824020
3726.94386755
3727.07310304
3727.17634870
3727.31689596
3727.41661516
3727.51450092
3727.62429920
3727.72077891
3727.83902494
3727.93540079
3728.03294814
3728.13976585
3728.23651107
3728.34430597
3728.44697356
3728.53481657
3728.65302676
3728.73813204
3728.85692810
3728.96485807
3729.10512470
3729.19008101
3729.29869925
3729.40683280
3729.50620117
3729.60280790
3729.71167434
3729.81330404
3729.91619544
3730.01375255
3730.10964809
3730.22875330
3730.31401730
3730.42379778
3730.52034527
3730.62719224
3730.72388626
3730.83139103
3730.93976912
3731.04781075
3731.13392784
3731.23181799
3731.33959582
3731.42433806
3731.53087466
3731.63759339
3731.73433690
3731.85254343
3731.94976530
3732.04662511
3732.15382511
3732.25101918
3732.34840928
3732.43421673
3732.54705506
3732.65415194
3732.74040897
3732.83705764
3732.94482597
3733.05276910
3733.17120042
3733.27887390
3733.39612275
3733.48136578
3733.58905633
3733.68537196
3733.78056996
3733.87585208
3733.97270238
3734.07954448
3734.19859897
3734.28370547
3734.39151597
3734.48836262
3734.59605731
3734.70371690
3734.80040263
3734.90809634
3735.02743000
3735.11292733
3735.20933292
3735.31649538
3735.42427784
3735.52194491
3735.67441371
3735.77081052
3735.86112795
3735.96369412
3736.06132997
3736.16919777
3736.26694017
3736.41902205
3736.53876311
3736.63612809
3736.73912215
3736.83646445
3736.95514617
3737.06285305
3737.15951489
3737.25640932
3737.37454027
3737.44895475
3737.54658988
3737.64324708
3737.73000222
3737.83781784
3737.94523264
3738.04202150
3738.16031775
3738.25692156
3738.35454449
3738.46326392
3738.56092684
3738.66877489
3738.76746863
3738.87520355
3738.98339732
3739.07968345
3739.16836248
3739.27714871
3739.39595769
3739.50257548
3739.59944553
3739.69609249
3739.81423514
3739.89944063
3740.00714044
3740.11398034
3740.20064990
3740.30732596
3740.40448882
3740.51179732
3740.62899375
3740.71432016
3740.82201022
3740.92975270
3741.07322250
3741.15913747
3741.25669896
3741.37497254
3741.46232720
3741.57090766
3741.67376737
3741.77145954
3741.89012590
3741.97578779
3742.07173015
3742.19103674
3742.27615543
3742.42775846
3742.50263594
3742.60919400
3742.71603707
3742.81265989
3742.90937488
3743.01586052
3743.09294960
3743.18974845
3743.28657291
3743.39430662
3743.49091945
3743.59869582
3743.75919155
3743.82296205
3743.92070153
3744.02755435
3744.12436271
3744.23292464
3744.32961427
3744.42661110
3744.54462867
3744.63000921
3744.73756981
3744.84640139
3744.94411648
3745.04075735
3745.14878777
3745.25664289
3745.36401015
3745.46003930
3745.56791465
3745.66456430
3745.77210198
3745.88092722
3745.97760710
3746.07491088
3746.19204368
3746.28829738
3746.38610682
3746.49892785
3746.59567258
3746.70431740
3746.81610370
3746.91275456
3747.03094159
3747.12729403
3747.22511859
3747.33359518
3747.43037088
3747.53828963
3747.64610623
3747.75276400
3747.86997262
3747.94388876
3748.05089372
3748.15871373
3748.25533436
3748.35203643
3748.45887925
3748.56646789
3748.68290729
3748.75801834
3748.86569913
3748.97342040
3749.08124627
3749.17885554
3749.28662338
3749.39395675
3749.51167249
3749.59793928
3749.70516488
3749.81368243
3749.94338822
3750.05117532
3750.15976187
3750.26707329
3750.35224074
3750.45959727
3750.55135415
3750.70396997
3750.80119184
3750.89791609
3751.00602965
3751.09125171
3751.19854046
3751.30602694
3751.41343101
3751.51119584
3751.60815098
3751.71664269
3751.83491114
3751.92010493
3752.02783692
3752.13576713
3752.23226464
3752.34004833
3752.45036397
3752.55351918
3752.67125345
3752.75608420
3752.86379206
3752.97246711
3753.05818752
3753.17601248
3753.28370815
3753.36931934
3753.48773286
3753.58380224
3753.69300489
3753.78902990
3753.89647298
3754.00422424
3754.09960145
3754.19731337
3754.32610683
3754.41182529
3754.51936150
3754.61472237
3754.71068594
3754.81138160
3754.90910133
3755.01790803
3755.12509000
3755.21026525
3755.31824642
3755.42564659
3755.52341020
3755.63031373
3755.78095421
3755.87250653
3755.96993222
3756.06681910
3756.17442651
3756.28216752
3756.37888202
3756.47654982
3756.58438202
3756.73592166
3756.83360506
3756.94234374
3757.05010207
3757.13674335
3757.24305320
3757.34932527
3757.46715390
3757.55343336
3757.65029244
3757.75889483
3757.84454941
3757.95337319
3758.06223061
3758.14879289
3758.26701697
3758.36439439
3758.47315258
3758.56944382
3758.67710975
3758.81773625
3758.90250092
3759.02068502
3759.11714450
3759.22568131
3759.32256769
3759.43120910
3759.54293030
3759.63957019
3759.76882787
3759.85407992
3759.96181679
3760.06955732
3760.16631546
3760.26899743
3760.36531331
3760.47393057
3760.58127150
3760.67949079
3760.77813992
3760.88583510
3760.98354068
3761.09135606
3761.19847366
3761.28530437
3761.40268926
3761.49771929
3761.60543982
3761.71269517
3761.80953621
3761.91609085
3762.02285956
3762.12995058
3762.24888756
3762.33404111
3762.44276005
3762.52864405
3762.62481364
3762.73156942
3762.83934847
3762.93588402
3763.05816021
3763.14327061
3763.24076018
3763.34805551
3763.45583286
3763.55339045
3763.66112683
3763.76896464
3763.88611840
3763.97232058
3764.08000284
3764.18775068
3764.28546968
3764.39326189
3764.50105777
3764.59766645
3764.71607047
3764.81309899
3764.92180574
3765.01858339
3765.12636122
3765.23598907
3765.33270845
3765.43957956
3765.54784184
3765.63508020
3765.74307478
3765.85153601
3765.94878860
3766.05582232
3766.16203929
3766.26945043
3766.38681070
3766.47309284
3766.58161527
3766.68967665
3766.78611809
3766.89407829
3766.99272912
3767.08790616
3767.20600541
3767.30532989
3767.40201733
3767.50982978
3767.61784898
3767.71596295
3767.86753502
3767.96381261
3768.04914805
3768.15791891
3768.26647060
3768.36314560
3768.47190842
3768.56868826
3768.66644724
3768.78457648
3768.88086334
3768.98818354
3769.08481417
3769.19357553
3769.29518060
3769.39103494
3769.49788678
3769.61596092
3769.69719792
3769.79489815
3769.90272254
3769.97758125
3770.08472445
3770.18156183
3770.28965027
3770.40847145
3770.49482161
3770.60261529
3770.71032145
3770.81797347
3770.91467042
3771.02332548
3771.12005729
3771.23819262
3771.32350904
3771.43129711
3771.53902545
3771.63576774
3771.74366017
3771.82972288
3771.93690436
3772.05511259
3772.14149446
3772.23826040
3772.34567057
3772.43272291
3772.54014137
3772.63702873
3772.74467758
3772.86313962
3772.94914041
3773.05597739
3773.15274065
3773.26089248
3773.35721567
3773.46477871
3773.56239432
3773.67960538
3773.77582470
3773.88248150
3773.99031614
3774.08798003
3774.19577152
3774.29659274
3774.39320045
3774.51141747
3774.59673754
3774.68172335
3774.77980562
3774.88708608
3774.99526644
3775.06909969
3775.17758262
3775.29549779
3775.39182659
3775.47755602
3775.58523754
3775.71586421
3775.79368519
3775.88944835
3775.99730640
3776.10467341
3776.18933715
3776.32962987
3776.43675088
3776.54456894
3776.64122541
3776.74924340
3776.86829619
3776.95541192
3777.06406454
3777.16310059
3777.27144406
3777.36958289
3777.46488818
3777.55620669
3777.67454488
3777.77162923
3777.86848222
3777.97612449
3778.07403731
3778.18061097
3778.28924092
3778.37415797
3778.49228453
3778.57772603
3778.68598562
3778.78520795
3778.89348217
3778.99058945
3779.09916576
3779.19696984
3779.30606936
3779.40352212
3779.50010569
3779.60788425
3779.70449831
3779.81322894
3779.91080238
3780.01788512
3780.15932520
3780.26696236
3780.36431027
3780.46056349
3780.56283391
3780.65910980
3780.77664585
3780.89484068
3780.98006055
3781.08676684
3781.21639510
3781.29028954
3781.39810199
3781.49867161
3781.60053316
3781.70773536
3781.78107026
3781.88684691
3781.98323129
3782.08012401
3782.17778693
3782.29554973
3782.39822877
3782.51647821
3782.60373218
3782.70050178
3782.80816503
3782.90598081
3783.01563086
3783.12432468
3783.23157759
3783.33914453
3783.43841220
3783.53606122
3783.64294915
3783.73946714
3783.83610484
3783.92199884
3784.01882549
3784.12628052
3784.22217289
3784.32012399
3784.42566512
3784.52258271
3784.63025180
3784.73804695
3784.83439622
3784.95250181
3785.07069566
3785.15541962
3785.25328149
3785.35001623
3785.45274672
3785.56047506
3785.65729440
3785.77501209
3785.84922007
3785.95642543
3786.05322746
3786.15996374
3786.25777831
3786.36529209
3786.47208933
3786.59073886
3786.67255661
3786.78035005
3786.87708527
3786.98673897
3787.08261842
3787.19033238
3787.28614747
3787.40333560
3787.48962799
3787.59815285
3787.68314939
3787.79066367
3787.88762417
3787.99623632
3788.15840994
3788.20071743
3788.30848088
3788.40473751
3788.52240327
3788.60835164
3788.71590517
3788.81279009
3788.93394305
3789.01931311
3789.12679252
3789.22356017
3789.33044980
3789.41609268
3789.51193142
3789.61957954
3789.72682148
3789.81312703
3789.91091478
3790.01963055
3790.11637601
3790.21314512
3790.30379194
3790.43343532
3790.52967073
3790.60508045
3790.71278636
3790.80952451
3790.91703854
3791.05656570
3791.16306670
3791.28071344
3791.36615689
3791.47369310
3791.58146386
3791.68817723
3791.79511099
3791.89179526
3791.99923736
3792.10649759
3792.20355074
3792.30031010
3792.41006230
3792.50725174
3792.60586015
3792.70168255
3792.80946014
3792.92863703
3793.01481873
3793.10153583
3793.20917591
3793.29607587
3793.39279085
3793.49144705
3793.59924414
3793.70709390
3793.79327754
3793.88965022
3793.99821897
3794.09501052
3794.19485016
3794.33633170
3794.43452368
3794.50886893
3794.60558928
3794.71329153
3794.79949200
3794.90775184
3795.00457094
3795.11125821
3795.22848877
3795.31484040
3795.42157546
3795.51917158
3795.62582569
3795.72355395
3795.82038036
3795.91707584
3796.02449600
3796.11005330
3796.21776531
