7555.69170417
7555.75000189
7555.81247972
7555.87102271
7555.93015572
7555.99115509
7556.04927921
7556.12852527
7556.17259916
7556.23127453
7556.29246310
7556.42774091
7556.48966090
7556.54647529
7556.60881097
7556.66741833
7556.72810172
7556.79007511
7556.84986689
7556.91105156
7556.96912838
7557.02940096
7557.09164546
7557.16650417
7557.21125097
7557.27309904
7557.33095644
7557.39389433
7557.45086280
7557.53139325
7557.59623017
7557.65344587
7557.71390154
7557.77379377
7557.83419630
7557.89591466
7557.95382350
7558.01281778
7558.07455297
7558.13535339
7558.19622695
7558.27399016
7558.35876239
7558.41870534
7558.48054707
7558.53940579
7558.60066799
7558.66096592
7558.72084864
7558.77902007
7558.84029494
7558.89966957
7558.96045853
7559.02035515
7559.08107023
7559.14489243
7559.20171778
7559.26503968
7559.34954104
7559.41115725
7559.48155741
7559.54586674
7559.61564153
7559.68049187
7559.74925120
7559.81637603
7559.88421060
7559.95173016
7560.01963201
7560.08646256
7560.15401504
7560.22209414
7560.29080861
7560.37746671
7560.43734139
7560.50464444
7560.57028228
7560.63912646
7560.70566103
7560.77359702
7560.84127091
7560.91108179
7560.97608036
7561.04471340
7561.11154493
7561.17842620
7561.24716602
7561.31463609
7561.40225065
7561.49300255
7561.56191353
7561.62773594
7561.69751366
7561.76349064
7561.83118159
7561.89989899
7561.96588158
7562.03374881
7562.09157573
7562.15926376
7562.22895908
7562.29437237
7562.38015081
7562.46195661
7562.51840041
7562.58621229
7562.65405173
7562.72133236
7562.79150968
7562.85652459
7562.92388909
7562.99172877
7563.05896210
7563.12814176
7563.19496353
7563.26275055
7563.38014008
7563.43013536
7563.49786655
7563.56578181
7563.63360613
7563.70236229
7563.76877983
7563.83515837
7563.90404302
7563.97271506
7564.04244987
7564.10750818
7564.17409736
7564.24326971
7564.31012830
7564.39481520
7564.44692528
7564.51362467
7564.58032698
7564.64625374
7564.71598440
7564.78382189
7564.85067707
7564.92176966
7564.98564402
7565.05239388
7565.12102155
7565.18776897
7565.25564376
7565.32457375
7565.40918824
7565.45918475
7565.51497806
7565.58184518
7565.65384620
7565.71864363
7565.80816381
7565.86420897
7565.93293734
7565.99984152
7566.06758149
7566.13627426
7566.20331473
7566.27096400
7566.33807615
7566.42461308
7566.51542983
7566.57450287
7566.64151189
7566.70917652
7566.77618286
7566.84389722
7566.91162329
7566.97938568
7567.04680358
7567.11360585
7567.18256632
7567.25128737
7567.31705004
7567.40380567
7567.44397909
7567.50958207
7567.57831799
7567.64515830
7567.71306674
7567.77787441
7567.84590962
7567.91438345
7567.98343267
7568.05021617
7568.11928051
7568.18490640
7568.25181181
7568.32039633
7568.40722582
7568.45662548
7568.52426061
7568.59262984
7568.65786515
7568.72588623
7568.79374980
7568.86148733
7568.95124644
7569.00810641
7569.06487813
7569.13275487
7569.20071012
7569.26755628
7569.33628586
7569.42290105
7569.47119845
7569.52763273
7569.59454521
7569.66145939
7569.72907525
7569.79889613
7569.86589979
7569.93379360
7570.08570700
7570.14466349
7570.21154549
7570.27942369
7570.36499392
7570.41383525
7570.48087743
7570.54846648
7570.61630957
7570.67429814
7570.74199763
7570.80888451
7570.87763579
7570.94371127
7571.04641129
7571.10150608
7571.17033636
7571.23703697
7571.30394944
7571.38980565
7571.44051798
7571.49592363
7571.56608803
7571.63224616
7571.69914962
7571.76880300
7571.83447741
7571.93651646
7571.99120873
7572.05997830
7572.12692174
7572.19372669
7572.25148510
7572.31919337
7572.41843105
7572.47548169
7572.54318337
7572.61100258
7572.67882885
7572.74532465
7572.81439240
7572.88318465
7572.95126667
7573.01790169
7573.08458328
7573.15242784
7573.21930496
7573.28630204
7573.37280215
7573.42382850
7573.49385320
7573.55851946
7573.62432700
7573.69298002
7573.76011315
7573.82877422
7573.89649054
7573.96439361
7574.03223646
7574.09711045
7574.16689841
7574.23482976
7574.30390434
7574.37741136
7574.42544106
7574.49351236
7574.56092854
7574.62893572
7574.69770139
7574.76350795
7574.83220462
7574.90117606
7574.96610686
7575.03388632
7575.10168138
7575.17045827
7575.23821725
7575.30596111
7575.39177490
7575.44069279
7575.50679484
7575.57632290
7575.64417087
7575.71036948
7575.77831570
7575.84595619
7575.91283112
7575.98164482
7576.04942501
7576.11646378
7576.18523628
7576.25316861
7576.31916607
7576.39851720
7576.45465087
7576.52247690
7576.59012690
7576.65817382
7576.72527549
7576.79309201
7576.86020075
7576.92905809
7576.98462319
7577.05276130
7577.12141091
7577.18626296
7577.25476361
7577.32315552
7577.40873183
7577.47979784
7577.53646789
7577.59307187
7577.66109684
7577.72989543
7577.79469188
7577.86340733
7577.93167319
7578.00012361
7578.06787650
7578.13273659
7578.20181628
7578.27264019
7578.33816149
7578.42512142
7578.47305627
7578.53880773
7578.60790230
7578.67658483
7578.74329713
7578.81207914
7578.87909231
7578.94582022
7579.01357140
7579.08336960
7579.14918762
7579.21604987
7579.28392319
7579.35237825
7579.43054691
7579.48730156
7579.55356038
7579.62328812
7579.69030666
7579.75894676
7579.82480501
7579.89152317
7579.96254456
7580.02801783
7580.11736880
7580.18434003
7580.25526780
7580.31973317
7580.40562643
7580.45446557
7580.52229794
7580.59128987
7580.66118315
7580.72577968
7580.79270191
7580.86085611
7580.92866507
7580.99616000
7581.06347550
7581.13323127
7581.19898078
7581.26591422
7581.33480740
7581.42035325
7581.46984896
7581.53678948
7581.60701191
7581.67182348
7581.74063181
7581.79556691
7581.86456323
7581.93231367
7582.00002072
7582.06593797
7582.13392272
7582.20263694
7582.25862408
7582.32636405
7582.39502683
7582.48130702
7582.52923041
7582.66196895
7582.73039280
7582.79850457
7582.86551311
7582.93314823
7583.00099840
7583.06879517
7583.13583686
7583.20305483
7583.27086550
7583.33967701
7583.39536865
7583.48089669
7583.53087978
7583.59878846
7583.66634996
7583.73411674
7583.80206931
7583.86701278
7583.92899226
7583.99265013
7584.04937893
7584.11774963
7584.18532015
7584.25202807
7584.32192891
7584.38882627
7584.45530428
7584.54293006
7584.59054600
7584.66047147
7584.72685635
7584.79358255
7584.86238260
7584.93031298
7584.99610295
7585.06486497
7585.13368208
7585.20179117
7585.26671489
7585.33516605
7585.40202903
7585.46982409
7585.55759835
7585.60463696
7585.67155919
7585.73992208
7585.80848027
7585.87557097
7585.94642438
7586.01149707
7586.07835127
7586.14622314
7586.21400357
7586.28293113
7586.34970342
7586.41742875
7586.48554321
7586.57196237
7586.61825419
7586.68899594
7586.75689486
7586.82161062
7586.88922624
7586.95709542
7587.02516282
7587.09378147
7587.16060984
7587.22942012
7587.29634454
7587.36406988
7587.42993812
7587.49744866
7587.57323189
7587.62338370
7587.68974785
7587.75765433
7587.82630517
7587.89234870
7587.96011061
7588.02798589
7588.08574918
7588.15368126
7588.22135174
7588.28816084
7588.35599638
7588.42304929
7588.49167404
7588.57850597
7588.61863917
7588.68320693
7588.75099151
7588.81835650
7588.88614571
7588.95357921
7589.02024811
7589.09024258
7589.15702048
7589.22394587
7589.29165902
7589.35942580
7589.42743078
7589.49511004
7589.58194051
7589.63081622
7589.69754096
7589.76459948
7589.83239113
7589.90011769
7589.96801588
7590.03553666
7590.10260615
7590.15985110
7590.23522888
7590.30317364
7590.37089410
7590.43871013
7590.50471929
7590.59140787
7590.64107937
7590.70912751
7590.77671900
7590.84482004
7590.91235740
7590.97720359
7591.04620819
7591.11490340
7591.18187268
7591.25040478
7591.31652147
7591.38515962
7591.45213695
7591.52059542
7591.60723914
7591.65511328
7591.72495098
7591.79172716
7591.85949590
7591.92532415
7591.99416345
7592.06196754
7592.15077067
7592.20760846
7592.26254015
7592.33237077
7592.40011049
7592.47119235
7592.53401566
7592.62167240
7592.67035794
7592.73573344
7592.80463150
7592.87291711
7592.93898600
7593.00880273
7593.07663169
7593.14365851
7593.20950895
7593.27920378
7593.34635933
7593.41628919
7593.48186803
7593.55063979
7593.63633972
7593.68248257
7593.75438290
7593.82209702
7593.88767513
7593.95880404
7594.02231976
7594.08947995
7594.15685322
7594.22536240
7594.29362705
7594.36130313
7594.42828485
7594.49518099
7594.56196693
7594.64886201
7594.70941082
7594.77727342
7594.84509189
7594.91309614
7594.97978699
7595.04763228
7595.11541272
7595.18228058
7595.25110817
7595.31903368
7595.38390376
7595.45248609
7595.52058250
7595.58842633
7595.67463484
7595.72456527
7595.79061807
7595.85783312
7595.93609028
7595.99393427
7596.06174421
7596.12972725
7596.19743649
7596.26432946
7596.33006166
7596.39813954
7596.46562204
7596.52363597
7596.59201983
7596.67854652
7596.72561243
7596.79419841
7596.86209807
7596.92991703
7596.99884288
7597.06615789
7597.13221995
7597.20028589
7597.26579841
7597.33537012
7597.39241490
7597.45936468
7597.51787134
7597.58278726
7597.65059183
7597.73739403
7597.78826995
7597.85513610
7597.92287460
7597.98985778
7598.05658788
7598.12450193
7598.19177402
7598.26048532
7598.35019274
7598.40607626
7598.46302377
7598.53363215
7598.60108832
7598.66654720
7598.75156251
7598.80161997
7598.86978586
7598.93891847
7599.00294424
7599.07150779
7599.12924792
7599.19617380
7599.26400739
7599.33267066
7599.39756196
7599.46526413
7599.52219091
7599.59203738
7599.65986000
7599.72774893
7599.81142110
7599.90335791
7599.97202142
7600.02987297
7600.09646533
7600.16524319
7600.23332814
7600.30246854
7600.36718991
7600.43487843
7600.50600027
7600.57049708
7600.63832628
7600.70438713
7600.80582251
7600.86315377
7600.93284225
7600.99701504
7601.06592529
7601.13589489
7601.19954715
7601.26921126
7601.33595550
7601.40398731
7601.47102339
7601.53967008
7601.60648674
7601.67427595
7601.76007804
7601.80902080
7601.87689583
7601.94648436
7602.01566060
7602.07838321
7602.14717692
7602.21599306
7602.28267026
7602.35049604
7602.41712033
7602.48594842
7602.55258271
7602.62047164
7602.67737282
7602.76550840
7602.80254644
7602.87124238
7602.93772575
7603.04906588
7603.10845026
7603.17401105
7603.24194143
7603.31189226
7603.37659948
7603.44349074
7603.51211622
7603.57019866
7603.65761427
7603.74262885
7603.79339433
7603.84819436
7603.91802938
7603.99630336
7604.05493266
7604.11972692
7604.18827219
7604.25620428
7604.32356438
7604.39035666
7604.45814441
7604.52591753
7604.59301920
7604.65067449
7604.71842176
7604.80350924
7604.85285599
7604.92065423
7604.98953254
7605.05982080
7605.12411890
7605.19026289
7605.25878183
7605.32665198
7605.39453287
7605.46343532
7605.53111433
7605.60142770
7605.66696460
7605.72475666
7605.80801143
7605.85631394
7605.92400295
7605.99344689
7606.06280551
7606.16217509
7606.21700560
7606.28475629
7606.35264425
7606.41972397
7606.48835067
7606.54347375
7606.61352966
7606.67908192
7606.74607997
7606.85569150
7606.89473730
7606.94948126
7607.01722561
7607.08923638
7607.15306174
7607.22084218
7607.28776148
7607.35695918
7607.42362955
7607.52309593
7607.57914670
7607.64884250
7607.71910931
7607.78277497
7607.86839859
7607.91721067
7607.98594732
7608.05624119
7608.12312684
7608.18875079
7608.25648636
7608.32332009
7608.39115831
7608.45897117
7608.52658045
7608.59543852
7608.65434796
7608.71970274
7608.78638823
7608.87243948
7608.92208076
7608.99234780
7609.05672076
7609.12460238
7609.18387972
7609.24817076
7609.31604067
7609.38482146
7609.45613006
7609.51862544
7609.58790384
7609.66479348
7609.73256490
7609.80085684
7609.88754054
7609.93551733
7610.00424521
7610.07320056
7610.13862897
7610.20635284
7610.27718772
7610.34251153
7610.41057430
7610.47968691
7610.54395722
7610.61429083
7610.68069253
7610.74854757
7610.81529572
7610.90355223
7610.95205588
7611.01682625
7611.08903353
7611.15599599
7611.22366525
7611.29214127
7611.35747971
7611.42248487
7611.49117618
7611.56148345
7611.62925097
7611.69482054
7611.76492253
7611.81857812
7611.90413469
7611.95400490
7612.02112583
7612.08862198
7612.15736790
7612.22526147
7612.29458302
7612.35906959
7612.42677006
7612.49428353
7612.56318036
7612.63015818
7612.69877927
7612.76510563
7612.83296213
7612.91474088
7612.96803904
7613.03899120
7613.10411533
7613.17093272
7613.23873364
7613.30519896
7613.36522505
7613.43016169
7613.49919726
7613.56694405
7613.63503290
7613.70102671
7613.76947347
7613.84060238
7613.92514714
7613.97296180
7614.03989963
7614.10653538
7614.17545709
7614.24230325
7614.30884830
7614.37645612
7614.44552411
7614.51230908
7614.57892459
7614.64881227
7614.71663489
7614.78291151
7614.85406017
7614.93761384
7614.98493332
7615.05378164
7615.12152916
7615.18844798
7615.25636836
7615.32515573
7615.39108443
7615.45878514
7615.52647927
7615.59525908
7615.66544055
7615.73007780
7615.79872498
7615.86556114
7615.94714654
7616.00083041
7616.06843531
7616.13645638
7616.20215737
7616.26999120
7616.33808469
7616.40544772
7616.47414976
7616.53152320
7616.59772960
7616.66655939
7616.73345772
7616.80040897
7616.86912051
7616.95597999
7617.01496379
7617.08285711
7617.15152770
7617.22152582
7617.28494768
7617.35283052
7617.41987709
7617.48843113
7617.55546965
7617.62412780
7617.69407180
7617.75857057
7617.82576635
7617.89442084
7617.98038384
7618.02855665
7618.09701097
7618.16469291
7618.23350417
7618.29976104
7618.36759048
7618.43447419
7618.50134327
7618.56995095
7618.63892337
7618.70491668
7618.77344878
7618.84049048
7618.90916277
7618.99397791
7619.04303623
7619.11070403
7619.17948652
7619.24632317
7619.31516589
7619.38527446
7619.44875288
7619.51663450
7619.58463607
7619.65151733
7619.70858162
7619.77745871
7619.84375069
7619.91120516
7620.00109519
7620.04587271
7620.11464253
7620.18332749
7620.25036382
7620.31809867
7620.38386841
7620.45174296
7620.52038940
7620.58843754
7620.65618092
7620.71197496
7620.77876163
7620.84766725
7620.91537381
7621.00927694
7621.05951969
7621.12636171
7621.19317154
7621.26025151
7621.31780000
7621.38680704
7621.47447914
7621.53152563
7621.59922854
7621.66503485
7621.73388025
7621.80077736
7621.86940869
7621.93812267
7622.02496558
7622.07290019
7622.17275471
7622.22782902
7622.29753238
7622.36443608
7622.43243351
7622.50110750
7622.56730318
7622.63531914
7622.70230939
7622.76988868
7622.83818233
7622.88610280
7622.95289215
7623.04059229
7623.08677708
7623.15583020
7623.22335854
7623.29212908
7623.34894615
7623.42003459
7623.48268698
7623.55141437
7623.61937986
7623.68722905
7623.75497901
7623.82290525
7623.88938496
7623.95728047
7624.02514844
7624.11184579
7624.15889976
7624.21675472
7624.28451833
7624.35338494
7624.42008627
7624.48709798
7624.55566885
7624.64454975
7624.70246469
7624.75721523
7624.82601284
7624.89299870
7624.95983218
7625.03269653
7625.11425389
7625.16430013
7625.23056578
7625.33163715
7625.39174759
7625.45855084
7625.52322856
7625.59076470
7625.65926998
7625.72506727
7625.79404213
7625.86501817
7625.92866336
7625.99750169
7626.08326574
7626.13827788
7626.23096197
7626.29191209
7626.35670538
7626.42442559
7626.49227795
7626.56089758
7626.62586275
7626.72652842
7626.78487807
7626.85277456
7626.91930109
7626.98857510
7627.07428941
7627.12248465
7627.19333221
7627.25778196
7627.32574745
7627.39349278
7627.47024588
7627.53702743
7627.60530622
7627.67369544
7627.74072251
7627.80160071
7627.86732266
7627.93601933
7627.99353174
7628.07917340
7628.12903117
7628.19687549
7628.26374920
7628.32460789
7628.39140016
7628.44823210
7628.51576897
7628.58404654
7628.65278685
7628.72330673
7628.77780809
7628.84480371
7628.90363098
7628.97135388
7629.03818297
7629.12529431
7629.17514428
7629.24383291
7629.30157523
7629.35841960
7629.42626757
7629.48418690
7629.54197871
7629.59793367
7629.66558562
7629.73443662
7629.80336540
7629.87104758
7629.92741140
7629.99623534
7630.06314879
7630.13273585
7630.21851673
7630.26938972
7630.32529933
7630.39418837
7630.45292714
7630.51956508
7630.58751497
7630.65629478
7630.72335110
7630.79284747
7630.85988453
7630.92860680
7630.99734906
7631.06535307
7631.13229310
7631.20163099
7631.27935177
7631.33714675
7631.40589755
7631.47380599
7631.53164973
7631.58852799
7631.64574174
7631.71434576
7631.79197682
7631.86003569
7631.93184068
7631.98558307
7632.05437556
7632.12408599
7632.18017236
7632.23769111
7632.32456620
7632.36157912
7632.42966456
7632.49765736
7632.55457999
7632.62455764
7632.69158275
7632.75029568
7632.81728569
7632.87418711
7632.94413891
7633.01116671
7633.07873040
7633.14730126
7633.20444016
7633.27304321
7633.33314292
7633.41673609
7633.46666555
7633.52251908
7633.59207834
7633.65883454
7633.72783451
7633.79642463
7633.86317985
7633.92205881
7633.97900339
7634.03704389
7634.10371207
7634.17253552
7634.24047200
7634.31000152
7634.37790288
7634.45490346
7634.49186567
7634.56032390
7634.63150718
7634.69706919
7634.75389040
7634.82397411
7634.88949467
7634.95835445
7635.02537762
7635.09729135
7635.15084381
7635.20967474
7635.26881458
7635.33766997
7635.40155360
7635.48800568
7635.53804192
7635.60764386
7635.67456340
7635.73150116
7635.80130155
7635.86803239
7635.92877113
7635.99269840
7636.04979243
7636.10839735
7636.17536761
7636.24435831
7636.31300135
7636.36991350
7636.42763851
7636.48459406
7636.56916539
7636.62113992
7636.67861064
7636.74682896
7636.80356020
7636.87125262
7636.93281592
7636.99776915
7637.05444919
7637.12139336
7637.21211113
7637.27911015
7637.33770191
7637.39550616
7637.45452628
7637.52122591
7637.60808125
7637.64609941
7637.71364481
7637.78146206
7637.85038474
7637.91928768
7637.97697904
7638.04382666
7638.10169113
7638.16866383
7638.23693408
7638.30579800
7638.37310301
7638.44145811
7638.50957914
7638.57029618
7638.65380329
7638.69293711
7638.76056029
7638.81748585
7638.88551302
7638.95363479
7639.02183726
7639.08973156
7639.14668589
7639.21633829
7639.28416237
7639.35259719
7639.42072042
7639.48712992
7639.55699492
7639.62478048
7639.71050381
7639.76247883
7639.82831294
7639.89807383
7639.96693678
7640.02367924
7640.07959811
7640.14748656
7640.21638925
7640.28412117
7640.35294242
7640.42290471
7640.47980467
7640.54646505
7640.61392122
7640.68271809
7640.76041011
7640.81831090
7640.87629460
7640.94502053
7641.01559818
7641.08070038
7641.14860101
7641.20631237
7641.26423096
7641.33104665
7641.39915257
7641.46673625
7641.53475342
7641.60349349
7641.66215595
7641.72922520
7641.81591280
7641.86656368
7641.92242867
7641.98938796
7642.04913561
7642.11602809
7642.18387265
7642.25357309
7642.31048377
7642.37849363
7642.44721591
7642.50731757
7642.57420444
7642.63874978
7642.71003009
7642.77609070
7642.85077142
7642.90151764
7642.97041155
7643.02727787
7643.09403869
7643.16195127
7643.23173607
7643.29949383
7643.36947367
7643.43548966
7643.50355242
7643.57259018
7643.63122436
7643.68626527
7643.75403620
7643.82254636
7643.90746951
7643.95848440
7644.02930222
7644.09609864
7644.16403487
7644.23277762
7644.30191461
7644.36846966
7644.43523000
7644.50326375
7644.56120332
7644.63699459
7644.69772455
7644.76555424
7644.82426668
7644.90905817
7644.94895975
7645.01595658
7645.08518549
7645.14299120
7645.21078090
7645.27879832
7645.34653317
7645.40417309
7645.47301653
7645.52794139
7645.59719029
7645.66524818
7645.72217253
7645.79068585
7645.84777038
7645.90554829
7645.99128504
7646.03213674
7646.10233674
7646.16993383
7646.23370873
7646.30268115
7646.37462853
7646.42937541
7646.48700216
7646.54449117
7646.61326439
7646.66805955
7646.73599822
7646.80567232
7646.87270572
7646.94157184
7647.02769429
7647.09812372
7647.15686176
7647.21387143
7647.27155743
7647.33929081
7647.40724825
7647.46447346
7647.52295940
7647.58206802
7647.64862649
7647.70441517
7647.77332127
7647.84200965
7647.90904232
7648.00853747
7648.08536786
7648.13632229
7648.20319405
7648.26126307
7648.32836255
7648.39716040
7648.45395869
7648.52224113
7648.58000223
7648.64739574
7648.71608656
7648.78431146
7648.85281455
7648.91062684
7648.97772388
7649.03561785
7649.12224084
7649.16999552
7649.23984297
7649.29762479
7649.36346816
7649.43319053
7649.50039924
7649.56000402
7649.61720094
7649.67271094
7649.73963414
7649.80762474
7649.86653759
7649.93511821
7650.00210383
7650.06252220
7650.11735564
7650.20398375
7650.24158620
7650.31056350
7650.37854800
7650.44640719
7650.50507428
7650.57218570
7650.62992412
7650.69880097
7650.75868589
7650.81424709
7650.88123052
7650.94894805
7651.00679350
7651.07456394
7651.13157167
7651.19934674
7651.28700641
7651.33687734
7651.39483592
7651.46158407
7651.52946520
7651.59749310
7651.66662985
7651.73355817
7651.80218707
7651.87071136
7651.93814803
7651.99899136
7652.05280470
7652.12048517
7652.19037163
7652.25808429
7652.34492354
7652.38268788
7652.45063948
7652.51851378
7652.58755349
7652.65420704
7652.72394673
7652.79025748
7652.85995816
7652.92689062
7652.98566938
7653.04268783
7653.10044551
7653.16805431
7653.23533274
7653.30424006
7653.38991634
7653.44077178
7653.49773830
7653.55571127
7653.64537115
7653.70326756
7653.76001709
7653.82711169
7653.88591799
7653.95359773
7654.02144107
7654.08947288
7654.15672571
7654.21543400
7654.28332903
7654.34121886
7654.42779747
7654.47533833
7654.54430416
7654.61302254
7654.68276832
7654.74839543
7654.81747074
7654.88522094
7654.94552326
7655.01017002
7655.06747909
7655.13655025
7655.20318113
7655.27119537
7655.33989546
7655.40773027
7655.49641539
7655.54760632
7655.60222495
7655.65897863
7655.72788498
7655.79569345
7655.86371282
7655.93118630
7656.00109543
7656.05836696
7656.11609660
7656.17210837
7656.22784999
7656.29588106
7656.36555004
7656.43429231
7656.50132986
7656.57987569
7656.64981457
7656.70582731
7656.76375931
7656.81831578
7656.87414688
7656.94185710
7657.01049184
7657.07089315
7657.13717123
7657.20499897
7657.27159839
7657.32946457
7657.39909771
7657.46588901
7657.53291583
7657.61609404
7657.67075608
7657.72826459
7657.78608273
7657.84533570
7657.91370688
7657.97886393
7658.03572147
7658.10416531
7658.17200572
7658.24124706
7658.29772767
7658.36561539
7658.43333048
7658.50315233
7658.56091294
7658.61683205
7658.70508784
7658.75273719
7658.81028275
7658.87125140
7658.93519745
7658.99630897
7659.06511975
7659.12974310
7659.19789705
7659.26480318
7659.33343720
7659.40181789
7659.45769727
7659.51739664
7659.58528874
7659.65306406
7659.71020466
7659.79583486
7659.83552579
7659.90349518
7659.97225792
7660.02923931
7660.09789576
7660.16786511
7660.23367801
7660.30248025
7660.37020412
7660.42718893
7660.49498302
7660.55276386
7660.60962603
7660.66752097
7660.72391454
7660.79175544
7660.86849221
7660.91754712
7660.97416646
7661.04326005
7661.11471299
7661.17970961
7661.24654016
7661.31623036
7661.38963547
7661.45549323
7661.51328017
7661.57671958
7661.64778047
7661.71432772
7661.77055525
7661.83932775
7661.92884476
7661.97487521
7662.03398725
7662.09191219
7662.15709557
7662.22481554
7662.28362892
7662.35255330
7662.42012090
7662.48817123
7662.54497464
7662.60359589
7662.67146386
7662.73866598
7662.80534074
7662.87489391
7662.96118435
7663.00110177
7663.06994863
7663.13676115
7663.19478921
7663.26208422
7663.33079869
7663.39868397
7663.46577247
7663.52397998
7663.59256060
7663.66188459
7663.72785255
7663.79775632
7663.86575838
7663.93369242
7664.02106805
7664.06925158
7664.14012084
7664.19561792
7664.26578842
7664.33106274
7664.38889551
7664.45575703
7664.51363223
7664.58052008
7664.64862429
7664.72052998
7664.78593913
7664.84290443
7664.91565736
7664.98009151
7665.05504433
7665.10483627
7665.17601322
7665.24249074
7665.30921206
7665.37708173
7665.43504056
7665.50367482
7665.56174213
7665.63040028
7665.69813391
7665.75316556
7665.82435908
7665.88976262
7665.94757394
7666.01542922
7666.10117816
7666.17642062
7666.23155857
7666.28840270
7666.35775449
7666.42752173
7666.49492840
7666.56103484
7666.62751261
7666.69662351
7666.75452406
7666.82339481
7666.89094778
7666.96087373
7667.01459442
7667.08435898
7667.17355001
7667.21926693
7667.27877394
7667.33376000
7667.39278086
7667.45972430
7667.52940157
7667.58491279
7667.65279977
7667.71059768
7667.78035297
7667.84809537
7667.91498103
7667.98349021
7668.04068616
7668.09887684
7668.16639519
7668.25231747
7668.29130988
7668.35985856
7668.41670318
7668.48552346
7668.55263586
7668.61029992
7668.68018370
7668.73642659
7668.80308599
7668.87268671
7668.94150065
7669.00853479
7669.06540330
7669.12337041
7669.18087331
7669.23764039
7669.29473638
7669.36906602
7669.41886723
7669.47788150
7669.54560562
7669.61448661
7669.68220244
7669.75201405
7669.81983983
7669.87773941
7669.93191943
7670.00137996
7670.07015319
7670.14089030
7670.20597079
7670.27371075
7670.34247618
7670.41827428
7670.46714853
7670.52411725
7670.59197253
7670.66165663
7670.72853180
7670.79743303
7670.86514910
7670.93390282
7670.99087641
7671.06059172
7671.11566945
7671.18323265
7671.25107160
7671.30990741
7671.36668205
7671.42550981
7671.49930673
7671.57444265
7671.62915417
7671.68580691
7671.75464816
7671.82150505
7671.87944559
7671.94737840
7672.01620844
7672.08486220
7672.15184172
7672.20984565
7672.27745250
7672.34451857
7672.41414245
7672.47106679
7672.54770652
7672.60655866
7672.67549232
7672.73559106
7672.79341798
7672.84795543
7672.91489740
7672.98914976
7673.05210277
7673.10904905
7673.17682339
7673.23442431
7673.30565172
7673.37120398
7673.42790085
7673.48746930
7673.55251444
7673.62904324
7673.67812204
7673.73580805
7673.80451544
7673.86068495
7673.92156583
7673.97633173
7674.04399245
7674.11193137
7674.18052418
7674.25173598
7674.30621857
7674.37506738
7674.43204853
7674.50083785
7674.56854319
7674.63849670
7674.72195261
7674.77113771
7674.82844313
7674.89749015
7674.95531878
7675.02402472
7675.09102472
7675.14878972
7675.20557728
7675.27337015
7675.34128420
7675.40997477
7675.49988456
7675.55767954
7675.64748375
7675.72329917
7675.76219577
7675.81910280
7675.88604965
7675.95470950
7676.01175746
7676.07034628
7676.13823692
7676.20620899
7676.27508779
7676.34234209
7676.41022687
7676.47043776
7676.53623018
7676.60599693
7676.67169718
7676.75841331
7676.79738378
7676.86525662
7676.92309427
7676.98184499
7677.04758328
7677.11649401
7677.17665785
7677.23213835
7677.29896866
7677.36077602
7677.42470183
7677.48239612
7677.55125151
7677.66092813
7677.71988169
7677.80441134
7677.84325869
7677.90083497
7677.95904565
7678.02817923
7678.09603915
7678.15302493
7678.20932804
7678.27597379
7678.34494109
7678.40371814
7678.47254403
7678.54033714
7678.63328894
7678.68723027
7678.74387911
7678.80395200
7678.88643365
7678.93647208
7678.99433436
7679.06304225
7679.11994660
7679.18862815
7679.24501879
7679.31419455
7679.38275054
7679.44969106
7679.51738689
7679.58522609
7679.65460201
7679.72204087
7679.78992224
7679.84850692
7679.93437069
7679.97424472
7680.02917251
7680.09893219
7680.16673554
7680.23452524
7680.30264531
7680.36107858
7680.42854499
7680.48729108
7680.55417186
7680.62100729
7680.68975492
7680.75835431
7680.82898414
7680.89773348
7680.98435769
7681.02015254
7681.07731752
7681.14614805
7681.21390191
7681.28071149
7681.33774604
7681.39659379
7681.45437805
7681.51120828
7681.57887900
7681.63602740
7681.70466044
7681.76246274
7681.82824613
7681.92109357
7681.97649240
7682.06323242
7682.11301095
7682.18079846
7682.24958632
7682.30742616
7682.36833483
7682.43212533
7682.49970779
7682.55792506
7682.62602830
7682.74743921
7682.81709454
7682.88495738
7682.95387690
7683.01064691
7683.09979942
7683.14634602
7683.20217468
7683.27199726
7683.34084168
7683.40861749
7683.47555946
7683.53463591
7683.59132888
7683.65817772
7683.72605763
7683.79691469
7683.85231132
7683.91205459
7683.97658846
7684.03548619
7684.09368493
7684.16830153
7684.20944312
7684.27518288
7684.34203098
7684.40969049
7684.47946577
7684.53746312
7684.59322839
7684.66211694
7684.71995215
7684.78690681
7684.85453048
7684.92364796
7684.98129569
7685.04901371
7685.11694262
7685.22959542
7685.26464690
7685.32148250
7685.38988928
7685.44678583
7685.51485932
7685.58289990
7685.65171726
7685.70958563
7685.76725213
7685.84311216
7685.91101499
7685.97878884
7686.03465749
7686.10565401
7686.17144594
7686.22824984
7686.30493541
7686.35396228
7686.42365272
7686.49197928
7686.54869151
7686.61574905
7686.68351340
7686.75323724
7686.82108350
7686.87627339
7686.93612783
7686.99296927
7687.06168204
7687.12961510
7687.18772069
7687.25417700
7687.34016755
7687.39079649
7687.45763046
7687.51554369
7687.58327805
7687.65310405
7687.72329259
7687.77737045
7687.84508872
7687.91622616
7687.97177859
7688.02858249
7688.08541638
7688.14643891
7688.21212283
7688.33380876
7688.40772027
7688.45850793
7688.52627910
7688.58316078
7688.64117178
7688.70003635
7688.76664285
7688.83469196
7688.90251311
7688.96140280
7689.01803969
7689.08405982
7689.15380878
7689.22348800
7689.29038048
7689.35922051
7689.41592299
7689.49312811
7689.53184722
7689.57972429
7689.64940936
7689.71351120
7689.78219690
7689.84017596
7689.90800248
7689.96897454
7690.03453875
7690.10245206
7690.15924182
7690.22798287
7690.29578476
7690.36306709
7690.42152329
7690.47854271
7690.53590786
7690.62371211
7690.66059899
7690.71921463
7690.78601544
7690.84282227
7690.91251368
7690.96840647
7691.03724942
7691.09439758
7691.16288384
7691.23186675
7691.29870779
7691.35746874
7691.41336811
7691.48202723
7691.54897921
7691.61710829
7691.70455609
7691.76533847
7691.82313686
7691.89105091
7691.94787480
7692.01570205
7692.08368143
7692.15250025
7692.22021486
7692.28839661
7692.34561230
7692.40610381
7692.46071831
7692.52953883
7692.59635135
7692.66488028
7692.75541446
7692.81144328
7692.88034963
7692.93790008
7692.99505872
7693.06367786
7693.12150039
