4343.85745034
4343.94780702
4344.02448235
4344.10584174
4344.18199654
4344.25954641
4344.33848185
4344.41683727
4344.49374251
4344.57465403
4344.65068497
4344.72696435
4344.80793024
4344.88555667
4344.96398572
4345.09562175
4345.17389915
4345.25359210
4345.33055854
4345.40910389
4345.48463014
4345.56273493
4345.65437454
4345.73990941
4345.81664788
4345.97196632
4346.04990556
4346.12826756
4346.23983029
4346.35956038
4346.43873524
4346.51646944
4346.59504014
4346.67281797
4346.75027447
4346.82826978
4346.90698165
4346.98387080
4347.06257755
4347.14227148
4347.21860426
4347.29637892
4347.37095554
4347.44813385
4347.52385174
4347.60224275
4347.68773276
4347.76572174
4347.84127676
4347.91944810
4347.99287833
4348.07117743
4348.15972213
4348.23409858
4348.31121423
4348.38716544
4348.46313080
4348.55069587
4348.62728318
4348.73720385
4348.81268330
4348.92360091
4349.00909335
4349.08580574
4349.16246474
4349.23992952
4349.31418846
4349.39175905
4349.46768320
4349.54440778
4349.62047042
4349.69668958
4349.77345512
4349.85025260
4349.92734265
4350.00401529
4350.07980608
4350.15582703
4350.23176508
4350.30960094
4350.38619849
4350.46225991
4350.53870118
4350.61636370
4350.69021864
4350.76764246
4350.84453942
4350.92063058
4350.99604907
4351.07428868
4351.15015408
4351.23791492
4351.31371425
4351.41269959
4351.48760096
4351.56439892
4351.64125906
4351.73782606
4351.81573311
4351.90146668
4351.97946736
4352.05547538
4352.13270270
4352.21941638
4352.29545513
4352.37244936
4352.44948211
4352.54577824
4352.63540398
4352.71113577
4352.78685610
4352.87464523
4352.95082928
4353.02597276
4353.10389712
4353.19066201
4353.26691189
4353.34362867
4353.42155596
4353.49639199
4353.57383288
4353.64860284
4353.72728326
4353.80278952
4353.87913376
4353.95524174
4354.03230351
4354.10818621
4354.18532502
4354.26050824
4354.33780455
4354.42559076
4354.50220660
4354.57811173
4354.65530881
4354.73102402
4354.80787928
4354.88458679
4354.96138476
4355.04681967
4355.12452728
4355.20115361
4355.27815759
4355.37476360
4355.45159984
4355.52700419
4355.60525209
4355.69122021
4355.76815739
4355.84421613
4355.92247012
4355.99807074
4356.07516469
4356.14869122
4356.22861433
4356.33617566
4356.41353488
4356.48894703
4356.56616191
4356.64113423
4356.71938847
4356.79426595
4356.87212009
4356.94678619
4357.02352686
4357.10121912
4357.17824310
4357.25348678
4357.32994755
4357.40647977
4357.48196531
4357.56962473
4357.64661774
4357.72200844
4357.80980099
4357.88552814
4357.96422026
4358.03976310
4358.11712255
4358.19242816
4358.26864220
4358.34524537
4358.42306757
4358.49779414
4358.57546689
4358.65053161
4358.73839389
4358.81413518
4358.89164848
4358.97821662
4359.05606199
4359.16487455
4359.22949790
4359.33948464
4359.40458830
4359.48097325
4359.55691276
4359.63279181
4359.71081492
4359.78715842
4359.86427017
4359.95070908
4360.03751005
4360.11429315
4360.19026509
4360.26693505
4360.34395220
4360.42014918
4360.49667359
4360.57331064
4360.64998865
4360.72668032
4360.80304308
4360.87811683
4360.95525929
4361.03027428
4361.10889911
4361.19367744
4361.27141675
4361.34851314
4361.42536426
4361.51122144
4361.58884738
4361.66479762
4361.74153220
4361.81827799
4361.89442425
4361.97004584
4362.08090664
4362.15613277
4362.26531421
4362.34220994
4362.41888137
4362.50519180
4362.58231915
4362.66880414
4362.74611655
4362.82161452
4362.89814722
4362.97512097
4363.08492827
4363.16058594
4363.23825455
4363.31343045
4363.38950235
4363.46593095
4363.54275207
4363.61878570
4363.69514676
4363.78151692
4363.85929426
4363.93582428
4364.01263737
4364.08832819
4364.16669507
4364.24111516
4364.31810281
4364.39463820
4364.47276712
4364.54779698
4364.62424191
4364.69894116
4364.78856520
4364.86371184
4364.96125432
4365.03819589
4365.12439441
4365.20206180
4365.28890080
4365.36654137
4365.45277866
4365.53014884
4365.60618807
4365.68282756
4365.76908557
4365.84633141
4365.92172211
4365.99947581
4366.07525417
4366.16299453
4366.23865610
4366.31598143
4366.40195296
4366.47936752
4366.55562057
4366.63363636
4366.70869865
4366.78517284
4366.86208588
4366.93679586
4367.01274952
4367.09091915
4367.16621452
4367.24441902
4367.33170079
4367.41788590
4367.51663547
4367.59357192
4367.66937880
4367.74692965
4367.82241836
4367.89923973
4367.97440685
4368.05129625
4368.12773801
4368.20447112
4368.28013025
4368.35782422
4368.43352382
4368.51040151
4368.58601895
4368.66409424
4368.73857918
4368.81621439
4368.89245379
4368.96925980
4369.04491357
4369.12220866
4369.19791046
4369.27534355
4369.34990042
4369.42762022
4369.50367872
4369.58095723
4369.65679995
4369.73339409
4369.80923096
4369.88768122
4369.96278057
4370.04022853
4370.11657910
4370.19154728
4370.26782130
4370.34437570
4370.42154255
4370.49911851
4370.57454651
4370.65169458
4370.72778794
4370.80371746
4370.89229848
4370.96697311
4371.04302185
4371.11977252
4371.19538947
4371.27349596
4371.35118480
4371.42709652
4371.50215247
4371.57932980
4371.65568208
4371.73231987
4371.80799460
4371.88634320
4371.96223736
4372.03770608
4372.12644826
4372.20255112
4372.29648815
4372.37424696
4372.48168151
4372.54890997
4372.66282448
4372.72980254
4372.80642252
4372.88406309
4372.95925606
4373.03814518
4373.12437417
4373.20167463
4373.27964312
4373.36634901
4373.44408661
4373.52002808
4373.59828500
4373.67462948
4373.75211889
4373.82830050
4373.90641796
4373.99350151
4374.07099726
4374.15975211
4374.23543880
4374.31449273
4374.38887381
4374.46686352
4374.54210720
4374.62056551
4374.69604007
4374.78493683
4374.86152293
4374.93925444
4375.01534389
4375.09332067
4375.17075937
4375.24694757
4375.32415026
4375.40106501
4375.47766110
4375.55385588
4375.63221496
4375.70693518
4375.78503021
4375.91564297
4375.99335864
4376.08227685
4376.16341218
4376.23573600
4376.31267245
4376.38973836
4376.46652048
4376.54453627
4376.62082711
4376.69719476
4376.77319839
4376.85180030
4376.93866027
4377.03818687
4377.12603598
4377.20267278
4377.29006962
4377.36807981
4377.44588885
4377.55438836
4377.62064450
4377.69711259
4377.77420020
4377.86094607
4377.93938658
4378.01488236
4378.09287645
4378.16975000
4378.24699048
4378.33523578
4378.41128769
4378.48838407
4378.56587885
4378.64302692
4378.71902056
4378.79671014
4378.88400653
4378.96184678
4379.04948743
4379.12572488
4379.20430289
4379.27858865
4379.35685703
4379.43355308
4379.52178058
4379.59815919
4379.67604820
4379.75225469
4379.82980651
4379.90642138
4379.98358188
4380.07200858
4380.14863612
4380.22630936
4380.30134093
4380.37853728
4380.45616614
4380.53361654
4380.60934735
4380.68719370
4380.77456738
4380.86343805
4380.94037157
4381.01787244
4381.09396311
4381.16973903
4381.24803179
4381.32517377
4381.40235013
4381.47749385
4381.55500763
4381.63239050
4381.70890540
4381.78634556
4381.86280292
4381.95191740
4382.03897998
4382.11673782
4382.19266441
4382.27013285
4382.37886983
4382.44486973
4382.52200537
4382.59988804
4382.67613719
4382.75306121
4382.82986381
4382.90724082
4382.98475363
4383.06076458
4383.13866530
4383.22594633
4383.30287717
4383.42366344
4383.49120178
4383.56722809
4383.64341263
4383.71962155
4383.79867963
4383.87577918
4383.95200542
4384.02817240
4384.10536802
4384.18226985
4384.25910512
4384.33564586
4384.41332666
4384.49092774
4384.56581326
4384.64458730
4384.72001676
4384.79897756
4384.87525719
4384.95269662
4385.02915300
4385.10724096
4385.18427933
4385.26086006
4385.33722916
4385.41298972
4385.49207730
4385.56791709
4385.64503055
4385.74368113
4385.82141606
4385.89735777
4385.97455704
4386.05156688
4386.12856330
4386.20537224
4386.29332911
4386.37067540
4386.44632795
4386.52406361
4386.60063483
4386.67742841
4386.75609224
4386.83214001
4386.92016954
4387.01911196
4387.09584532
4387.21636487
4387.28298502
4387.35848128
4387.43614014
4387.51204357
4387.58990162
4387.66767579
4387.74401662
4387.82116542
4387.89748601
4387.97464457
4388.05180922
4388.12900947
4388.20598323
4388.29397594
4388.36997372
4388.44751945
4388.52386247
4388.60140478
4388.67894222
4388.75581918
4388.83249280
4388.92037945
4388.99755849
4389.07443009
4389.15229472
4389.22777880
4389.30576777
4389.38090101
4389.45887877
4389.55861674
4389.63410448
4389.71209248
4389.78821265
4389.86537609
4389.94226938
4390.02003478
4390.09615276
4390.17366363
4390.25019657
4390.32793564
4390.42592453
4390.50219441
4390.58028041
4390.65763475
4390.74494870
4390.82284600
4390.89877381
4390.97543695
4391.05308873
4391.13122180
4391.20614999
4391.29378138
4391.37103502
4391.44727905
4391.52563398
4391.61383442
4391.68998653
4391.80049454
4391.87658424
4391.95454859
4392.06232277
4392.12920428
4392.21613715
4392.29357365
4392.37008855
4392.44842349
4392.53603269
4392.61309153
4392.68987316
4392.76639977
4392.84632800
4392.92034874
4392.99834600
4393.07347265
4393.15151868
4393.23882384
4393.31777391
4393.41472540
4393.49281994
4393.58171304
4393.65733145
4393.73371616
4393.81113609
4393.88828416
4393.96457378
4394.04178086
4394.11776207
4394.19736554
4394.27320729
4394.34931625
4394.43987457
4394.51365954
4394.59172628
4394.66859520
4394.74500356
4394.82092015
4394.89905907
4394.97719579
4395.05355929
4395.14161783
4395.21739764
4395.29410004
4395.37231843
4395.44833475
4395.52538091
4395.60395356
4395.68985390
4395.76844021
4395.84508555
4395.92283461
4395.99795151
4396.07605191
4396.15212942
4396.22940866
4396.30755002
4396.38331277
4396.46049741
4396.53744386
4396.61480307
4396.69138405
4396.76835902
4396.85599723
4396.93403838
4397.01018147
4397.08750582
4397.17518597
4397.25285165
4397.33122950
4397.40787972
4397.50834718
4397.58430205
4397.66404425
4397.75157592
4397.82818786
4397.90564289
4397.98294164
4398.07181597
4398.16161140
4398.24842042
4398.32654739
4398.40325198
4398.48177928
4398.55756641
4398.63523965
4398.71330421
4398.79114933
4398.86873066
4398.94420742
4399.02246824
4399.12206384
4399.19953179
4399.27844017
4399.36566878
4399.44338542
4399.54247145
4399.62069277
4399.69852083
4399.77492212
4399.85236667
4399.92994239
4400.00780848
4400.09637999
4400.17402251
4400.25007028
4400.32869754
4400.40621718
4400.48309244
4400.56121673
4400.64985797
4400.72732422
4400.80506328
4400.89336051
4400.97103619
4401.04833982
4401.12684055
4401.20294536
4401.28038845
4401.35727565
4401.44629114
4401.52376323
4401.60200455
4401.72210280
4401.78861933
4401.88689542
4401.96538957
4402.04367623
4402.12125805
4402.19812428
4402.28512664
4402.36397382
4402.44436236
4402.51851719
4402.59700402
4402.67380565
4402.75252873
4402.83872895
4402.91617740
4402.99546564
4403.07181329
4403.16139076
4403.23842814
4403.31601898
4403.40487526
4403.48167298
4403.55934525
4403.63571411
4403.71541486
4403.79093356
4403.86757963
4403.95862752
4404.03442635
4404.11275398
4404.19034115
4404.26728029
4404.35694870
4404.43204049
4404.51172491
4404.58718241
4404.66550979
4404.75493439
4404.83131545
4404.90954506
4405.02981007
4405.09640413
4405.17388086
4405.26172924
4405.34131467
4405.41867511
4405.49714877
4405.59376258
4405.67173985
4405.76158063
4405.83913855
4405.91592872
4405.99323795
4406.06909798
4406.14685217
4406.22551990
4406.30293056
4406.38130744
4406.46874353
4406.54525648
4406.62484777
4406.70140802
4406.77838031
4406.86834349
4406.95472048
4407.03318366
4407.11170926
4407.18809299
4407.26538638
4407.38600467
4407.45256094
4407.53060574
4407.60819267
4407.68746798
4407.76300668
4407.84214204
4407.91852894
4407.99556560
4408.09509268
4408.17132623
4408.24945832
4408.32703623
4408.40450954
4408.48214329
4408.55962075
4408.63785792
4408.71414047
4408.79256708
4408.86925192
4408.94744179
4409.02527424
4409.10225653
4409.17984444
4409.25757668
4409.34621085
4409.43304132
4409.51115440
4409.62231898
4409.69828726
4409.77650103
4409.86462686
4409.94221184
4410.02085861
4410.09779994
4410.17637162
4410.25182278
4410.32949626
4410.40891957
4410.48425102
4410.56253183
4410.65048017
4410.72900260
4410.80584567
4410.88313150
4410.96109316
4411.03729160
4411.11572382
4411.19278047
4411.28168039
4411.37095895
4411.45852110
4411.54697436
4411.62483729
4411.70252906
4411.79980724
4411.87836137
4411.96804343
4412.04521394
4412.12201337
4412.19948400
4412.27890487
4412.35510891
4412.43264343
4412.51007188
4412.58752423
4412.66448531
4412.74241650
4412.81874050
4412.89758183
4413.01738628
4413.08425731
4413.16100334
4413.24959387
4413.32913128
4413.41538880
4413.49402777
4413.58292087
4413.66004529
4413.73758176
4413.81474714
4413.89333418
4413.97003852
4414.04755573
4414.12475915
4414.20151298
4414.28013927
4414.35769378
4414.44605294
4414.54534084
4414.62196692
4414.69975670
4414.77662659
4414.85561006
4414.93360343
4415.01025876
4415.10843539
4415.18708435
4415.26535931
4415.34212631
4415.41963888
4415.49661142
4415.57363978
4415.66313753
4415.73963536
4415.81695094
4415.89472511
4415.97328363
4416.06105740
4416.13877135
4416.21665256
4416.33604912
4416.40454002
4416.49115375
4416.56838301
4416.64707732
4416.72302074
4416.80172895
4416.87935757
4416.96818362
4417.05748145
4417.13434914
4417.21142749
4417.28857922
4417.36571949
4417.44233241
4417.52120421
4417.59996436
4417.67633687
4417.75414933
4417.82918943
4417.90882972
4417.98592879
4418.06295765
4418.14157101
4418.23967450
4418.31905586
4418.40610796
4418.48449142
4418.56300165
4418.68227363
4418.75978230
4418.83628013
4418.92626842
4419.00399360
4419.07932675
4419.15890805
4419.23499092
4419.31345044
4419.39042346
4419.47833669
4419.56994705
4419.64854725
4419.72494122
4419.80156365
4419.88059052
4419.95645347
4420.04527172
4420.12275479
4420.21205505
4420.28830201
4420.36747102
4420.44239580
4420.52189224
4420.60893434
4420.69771894
4420.78640139
4420.86335832
4420.94298886
4421.01871870
4421.09616398
4421.18538061
4421.26223929
4421.34012220
4421.42777212
4421.50541074
4421.59334542
4421.67162428
4421.75971598
4421.83674776
4421.91514536
4422.01483945
4422.09280672
4422.19022998
4422.26780204
4422.34531266
4422.43082729
4422.50785322
4422.59745605
4422.67504688
4422.75165565
4422.82925160
4422.90725984
4422.98481093
4423.06155745
4423.13825301
4423.27119708
4423.34966538
4423.42756415
4423.49387783
4423.57390236
4423.64876522
4423.72869564
4423.80548556
4423.88337921
4423.98401684
4424.07066104
4424.14847935
4424.22484992
4424.30204968
4424.38928878
4424.46887543
4424.55734162
4424.63483322
4424.71306649
4424.79987990
4424.88944981
4424.96635774
4425.04322836
4425.12216770
4425.19789705
4425.27564733
4425.36544862
4425.44124721
4425.52039964
4425.64005562
4425.71753113
4425.80605729
4425.90593254
4425.98339903
4426.06047177
4426.13790534
4426.23672562
4426.31659241
4426.40414700
4426.48024816
4426.56974493
4426.65701206
4426.73475333
4426.82346552
4426.90059604
4426.97828781
4427.06558567
4427.15623687
4427.24286913
4427.32140789
4427.39862984
4427.47679216
4427.55465557
4427.63119144
4427.70924576
4427.78720133
4427.86351460
4427.94187782
4428.01913756
4428.09668573
4428.17218224
4428.25134638
4428.33931300
4428.41678656
4428.49417625
4428.57205770
4428.64986089
4428.73922162
4428.81487612
4428.89350339
4428.96984470
4429.04784196
4429.13498743
4429.21391849
4429.29129891
4429.36865105
4429.44614314
4429.53305749
4429.62360191
4429.71259375
4429.78923226
4429.86799216
4429.94357205
4430.02220395
4430.09883710
4430.17624020
4430.28680234
4430.36475230
4430.44218783
4430.52985920
4430.60880463
4430.68655541
4430.76263804
4430.85137461
4430.93882533
4431.01702837
4431.10546847
4431.18302346
4431.26041657
4431.38058576
4431.44724760
4431.52485282
4431.60319800
4431.67988552
4431.75740784
4431.83480826
4431.91163597
4431.99005697
4432.07978365
4432.16802091
4432.24474036
4432.32217565
4432.39892558
4432.48672105
4432.56554361
4432.64452415
4432.73062247
4432.80925193
4432.88507271
4432.96307777
4433.05208351
4433.13039090
4433.20781204
4433.28413238
4433.37396488
4433.45124949
4433.52737527
4433.60566340
4433.68236067
4433.75980131
4433.84818778
4433.92545215
4434.00412476
4434.08118507
4434.16010905
4434.23585181
4434.31402218
4434.39152743
4434.46905439
4434.55786362
4434.64546867
4434.72336256
4434.79878983
4434.87866052
4434.95648005
4435.03305103
4435.11030857
4435.19893519
4435.27671619
4435.36557369
4435.44222464
4435.52009561
4435.60804249
4435.68596758
4435.78453576
4435.86262080
4435.94058880
4436.01614895
4436.09477183
4436.17220638
4436.25011026
4436.32910983
4436.40416748
4436.48262018
4436.56961937
4436.64739866
4436.73782142
4436.82542404
4436.90243607
4437.02272278
4437.09049956
4437.16780123
4437.24497905
4437.32263767
4437.39986815
4437.47718713
4437.55416820
4437.63301099
4437.71042726
4437.78833651
4437.86601657
4437.94282722
4438.02011183
4438.10712613
4438.18548521
4438.26355366
4438.40557524
4438.50102168
4438.57723548
4438.65428384
4438.73101256
4438.80921779
4438.88583778
4438.96162272
4439.04041212
4439.11579331
4439.19462757
4439.27007044
4439.34816913
4439.42496417
4439.50116894
4439.58967073
4439.66572044
4439.75410520
4439.83099045
4439.91901290
4439.99491877
4440.07251814
4440.14934341
4440.22651221
4440.33615908
4440.41352342
4440.49031431
4440.56782298
4440.65408538
4440.73154870
4440.80796023
4440.89732266
4440.97403651
4441.05023934
4441.12944419
4441.21351791
4441.29278761
4441.36844845
4441.44613754
4441.53356754
4441.61110985
4441.69838796
4441.77492480
4441.85240251
4441.92944818
4442.00664136
4442.09406966
4442.17236802
4442.24853111
4442.32591739
4442.41332983
4442.49016169
4442.57732959
4442.65516497
4442.74163923
4442.81900308
4442.89762644
4442.97338432
4443.08336058
4443.17115044
4443.24821050
4443.32531445
4443.41354024
4443.48927544
4443.56814066
4443.65397956
4443.73086335
4443.82023017
4443.89505572
4443.97288914
4444.04974489
4444.12867229
4444.20490413
4444.28264783
4444.35791272
4444.43654047
4444.52305351
4444.61148507
4444.68814382
4444.76490814
4444.85299350
4444.92867360
4445.00625907
4445.08384649
4445.16058814
4445.27028865
4445.33477815
4445.41188599
4445.49039404
4445.56649129
4445.64396120
4445.72083353
4445.80905274
4445.89681017
4445.98438621
4446.06191804
4446.13774199
4446.22581930
4446.30336040
4446.38111190
4446.45664913
4446.53396056
4446.61000198
4446.68853538
4446.76512587
4446.84183557
4446.92127545
4446.99603639
4447.07315545
4447.16097823
4447.23831185
4447.31404339
4447.39171248
4447.46835734
4447.54559806
4447.63222837
4447.70984626
4447.78695094
4447.86414607
4447.94214894
4448.01812941
4448.09509195
4448.17288076
4448.24960387
4448.33656088
4448.42426321
4448.50167826
4448.57962896
4448.66669763
4448.74439452
4448.85391047
4448.93107610
4449.00785139
4449.08360536
4449.16209366
4449.23708110
4449.31553404
4449.40235720
4449.47970885
4449.56762769
4449.64540333
4449.72189702
4449.79778875
4449.87668347
4449.95230189
4450.02997464
4450.13929627
4450.20523132
4450.28216265
4450.35882749
4450.44658103
4450.52396438
4450.59982587
4450.67878569
4450.76646462
4450.85351672
4450.93019351
4451.00709266
4451.08473566
4451.16047257
4451.23805731
4451.31456587
4451.39207795
4451.48009139
4451.55677428
4451.64547647
4451.72115974
4451.79989794
4451.87514406
4451.95263566
4452.04051890
4452.11898672
4452.19457978
4452.27087306
4452.35939557
4452.43728434
4452.51168078
4452.58958442
4452.66645699
4452.74330542
4452.82115494
4452.89795388
4452.97560591
4453.05138158
4453.12920184
4453.20522083
4453.29350368
4453.37132613
4453.44794514
4453.53582594
4453.61190808
4453.69041027
4453.76698199
4453.84371412
4453.93058263
4454.00741302
4454.08450063
4454.16222800
4454.23948481
4454.31615892
4454.39269113
4454.47126403
4454.56882626
4454.64648536
4454.72423345
4454.80022294
4454.87715744
4454.95361236
4455.03047640
4455.10738823
4455.18542572
4455.26045363
4455.33904554
4455.41425558
4455.49194076
4455.57040663
4455.64658044
4455.73462630
4455.81134332
4455.88888954
4455.96386381
4456.04158825
4456.11981884
4456.19600948
4456.27240418
4456.34940597
4456.43820496
4456.51499537
4456.62573597
4456.70126515
4456.77958741
4456.85610256
4456.93298439
4457.03178956
4457.10784634
4457.18508902
4457.26196841
4457.33867568
4457.41590909
4457.49348651
4457.56935337
4457.64669503
4457.72367415
4457.80145637
4457.87730567
4457.95503597
4458.04236527
4458.11948823
4458.20652497
4458.28365086
4458.38386183
4458.46081827
4458.54783208
4458.62457568
4458.73498617
4458.81118924
4458.89012126
4458.97489008
4459.05301657
4459.12966093
4459.20671075
4459.29465251
4459.37164454
4459.44845811
4459.52542260
4459.60295614
4459.67914092
4459.75655134
4459.86600926
4459.93131918
4460.00863475
4460.08578941
4460.16238233
4460.24130387
4460.31654707
4460.39359299
4460.47185039
4460.54759071
4460.62594174
4460.70211141
4460.78941097
4460.86633621
4460.94404236
4461.01968955
4461.09705534
4461.17426876
4461.25140562
4461.32949212
4461.40546723
4461.48257605
4461.55928649
4461.63671836
4461.71273174
4461.79049178
4461.86847880
4461.95616163
4462.03212211
4462.10951058
4462.18532819
4462.26349539
4462.34002907
4462.41742461
4462.49459902
4462.57010016
4462.64815886
4462.72441947
4462.80168653
4462.89950914
4462.97753371
4463.05347225
4463.13201296
4463.21968287
4463.29605539
4463.37359819
4463.45031399
4463.52821861
4463.60373340
4463.69050926
4463.77696597
4463.85314515
4463.92999432
4464.00658163
4464.08379992
4464.16152558
4464.23910081
4464.31532071
4464.40456562
4464.47966545
4464.55812108
4464.66644163
4464.74399662
4464.82011168
4464.89791170
4464.97413086
4465.05128674
4465.13843197
4465.21598721
4465.29381575
4465.37037698
4465.44791149
4465.52329415
4465.60182608
4465.68918026
4465.76661944
4465.85366861
4465.93056898
4466.00566271
4466.08398571
4466.16143562
4466.23895209
4466.31586464
4466.39287375
4466.47011667
4466.54576531
4466.62359898
4466.71152830
4466.78790131
4466.88598821
4466.96451015
4467.05281567
4467.12854087
4467.20617754
4467.28314447
4467.36095522
4467.43765566
4467.51349838
4467.59026392
4467.66741662
4467.75510262
4467.83399710
4467.92031582
4467.99642356
4468.07405779
4468.16215827
4468.23917249
4468.31609066
4468.39454335
4468.46945838
4468.54713235
4468.62334006
4468.72235124
4468.79854870
4468.87690144
4468.95272539
4469.03036205
4469.10872893
4469.19554746
4469.27236980
4469.34967709
4469.42650065
4469.54740420
4469.61335875
4469.70016435
4469.77823768
4469.86489481
4469.94208214
4470.01825497
4470.09615861
4470.17361413
4470.24924279
4470.32657153
4470.40294770
4470.48161276
4470.55686644
4470.64587218
4470.73297937
4470.81103369
4470.88834316
4470.96550367
4471.04273806
4471.11918177
4471.19574299
4471.27162009
4471.35046508
4471.42679493
4471.50390643
4471.58006586
4471.65696208
4471.73452780
4471.81231368
4471.89842687
4471.97686933
4472.05348322
4472.13114061
4472.20776815
4472.28367402
4472.36078577
4472.43741746
4472.51532158
4472.60175172
4472.68053649
4472.75534448
4472.83348364
4472.92116988
4472.99884825
4473.08842011
4473.16314716
4473.24033814
4473.31674455
4473.39383411
4473.47134571
4473.54927787
4473.62423898
4473.70305788
4473.77790610
4473.85686227
4473.94384341
4474.02046998
4474.13142977
4474.21848186
4474.29642451
4474.38212907
4474.45967578
4474.53670999
4474.61405409
4474.71210637
4474.78935734
4474.87653670
4474.95408365
4475.03236836
4475.10777954
4475.18589383
4475.26155564
4475.34023923
4475.41613925
4475.49231355
4475.57983814
4475.65774642
4475.75724644
4475.83400978
4475.91099938
4475.98762424
4476.06438881
4476.14195696
4476.22007857
4476.29539929
4476.37284945
4476.44862927
4476.52672674
4476.60357371
4476.67948031
4476.76733161
4476.85540209
4476.93390502
4477.00905581
4477.11911204
4477.19684013
4477.27521116
4477.35023200
4477.42791889
4477.51436536
4477.59233337
4477.66865103
4477.74660465
4477.82297156
4477.90089129
4477.97693833
4478.05392354
4478.14189309
4478.21891658
4478.29587424
4478.37212631
4478.44965107
4478.52621254
4478.60360126
4478.69050585
4478.76880592
4478.84623121
4478.93306119
4479.04260347
4479.11971717
4479.19739626
4479.27311440
4479.35109362
4479.45946756
4479.52708416
4479.61397339
4479.69198601
4479.76793845
4479.84465596
4479.92249304
4479.99835502
4480.07678748
4480.15279282
4480.23066087
4480.30528893
4480.40037527
4480.54414276
4480.62196863
4480.70120127
4480.79029015
4480.86910564
4480.94726381
4481.02739660
4481.10520321
4481.18453679
4481.27413108
4481.35168242
4481.43063834
4481.50886820
4481.63037371
4481.69759460
4481.77738362
4481.86548019
4481.94462092
4482.02327379
4482.12384413
4482.20318503
4482.28229991
4482.37110183
4482.44799610
4482.52896222
4482.60560318
4482.68444938
4482.76403896
4482.85195926
4482.93273083
4483.02099344
4483.10034189
4483.18823416
4483.26868999
4483.35701111
4483.43582831
4483.51476033
4483.59321986
4483.67166646
4483.75060946
4483.82957319
4483.90766627
4483.98577032
4484.06472648
4484.18703218
4484.26434970
4484.34292601
4484.46545162
4484.53245260
4484.61266828
4484.71104556
4484.78996271
4484.87223688
4484.95057718
4485.02920615
4485.10898054
4485.18550081
4485.26524302
4485.34366402
4485.44288122
4485.52254004
4485.60125971
4485.67944227
4485.76775730
4485.84671736
4485.92655149
4486.01517713
4486.09418400
4486.17383917
4486.25154874
4486.33038032
4486.41978931
4486.49736454
4486.57873369
4486.65602976
4486.73262950
4486.81254506
4486.89204151
4486.97042082
4487.04803993
4487.12716628
4487.20425340
4487.29438578
4487.37355893
4487.46150557
4487.54135895
4487.61992941
4487.69820559
4487.77703473
4487.85561567
4487.93365414
4488.01292092
4488.09106105
4488.18185001
4488.28886496
4488.36733107
4488.46828419
4488.54613859
4488.62439697
4488.70225404
4488.78258066
4488.86052599
4488.93905671
4489.01815379
4489.09676619
4489.17428802
4489.25523611
4489.34355845
4489.42176953
4489.50115163
4489.59044994
4489.67921724
4489.75845110
4489.83693037
4489.91481841
4489.99282884
4490.07158484
4490.15139019
4490.22983460
4490.30904213
4490.38700111
4490.47675705
4490.55526120
4490.63270623
4490.71214928
4490.79206216
4490.88106034
4490.97000902
4491.04845441
4491.12717237
4491.20618315
4491.28569422
4491.36286278
4491.44236556
4491.52103038
4491.59975785
4491.67843315
4491.75729398
4491.83621552
4491.91328266
4491.99413029
4492.07184620
4492.14812900
4492.23930610
4492.31822277
4492.39551957
4492.47504722
4492.56500308
4492.64242934
4492.72102150
4492.80052331
4492.88910653
4492.96813559
4493.04685331
4493.12549569
4493.20471712
4493.28365208
4493.37362159
4493.46224748
4493.58403678
4493.66273427
4493.74158121
4493.81967892
4493.89757159
4493.97720554
4494.05622046
4494.13395222
4494.21235567
4494.29204692
4494.37078439
4494.44889916
4494.52813912
4494.61735137
4494.71699841
4494.79526776
4494.87454478
4494.95329005
4495.03128877
4495.12169763
4495.19943573
4495.27784820
4495.35748045
4495.44479488
4495.52485599
4495.60380338
4495.68290168
4495.76074413
4495.84018206
4495.91800207
4496.00684690
4496.08659861
4496.17557192
4496.25562377
4496.37748646
4496.45535865
4496.53391301
4496.61448685
4496.69326967
4496.78148352
4496.86114551
4496.95163458
4497.02887287
4497.10792070
4497.19757132
4497.27479961
4497.37520440
4497.46526437
4497.54356737
4497.62199155
4497.70133342
4497.77924267
4497.85886711
4497.93719425
4498.02498411
4498.10472168
4498.18427811
4498.26136084
4498.34023070
4498.42006726
4498.49712195
4498.58733260
4498.66577993
4498.74422190
4498.82273434
4498.90154958
4498.98052574
4499.05929953
4499.13915169
4499.22588440
4499.30439122
4499.38453791
4499.47378526
4499.55253687
4499.63146427
4499.71006423
4499.78715086
4499.87791130
4499.96798029
4500.04507204
4500.12438587
4500.20298852
4500.28153825
4500.35969789
4500.43961101
4500.51677030
4500.59582033
4500.67451318
4500.79615986
4500.86425042
4500.94254294
4501.02076670
4501.11125577
4501.18973846
4501.26760406
4501.34724875
4501.42527624
4501.50284464
4501.58258831
4501.66138088
4501.73954247
4501.81801004
4501.89809675
4501.97683885
4502.05446894
4502.13256031
4502.21075287
4502.28919923
4502.37903806
4502.45863471
4502.53741924
4502.61443053
4502.70529532
4502.78201380
4502.86143052
4502.95135469
4503.02979349
4503.10792582
4503.18697464
4503.26493362
4503.34437107
4503.42290788
4503.51220448
4503.59199277
4503.68108847
4503.77026756
4503.84953994
4503.92883013
4504.01710103
4504.09646703
4504.17455109
4504.25252592
4504.33188413
4504.41059283
4504.50046921
4504.57856741
4504.65631087
4504.73550914
4504.81391454
4504.90281958
4504.99327013
4505.07070517
4505.15056733
4505.22950497
4505.30767241
4505.38593689
4505.47300678
4505.55137902
4505.63015014
4505.70788799
4505.82880445
4505.89814308
4505.97642413
4506.05536372
4506.14640014
4506.21463577
4506.29414270
4506.37150655
4506.45136993
4506.52925699
4506.61884860
4506.69812757
4506.77872920
4506.86512131
4506.94389437
4507.02399790
4507.10181279
4507.18091646
4507.25937599
4507.33731596
4507.42716333
4507.50669342
4507.58372861
4507.66310998
4507.74326495
4507.83048284
4507.92056329
4507.99914594
4508.08860979
4508.16728801
4508.24646800
4508.32508551
4508.41436529
4508.49373861
4508.57373926
4508.66178804
4508.74003155
4508.83038044
4508.90774623
4508.98676067
4509.06520459
4509.18646946
4509.26662322
4509.34489574
4509.42444144
4509.50193572
4509.58170621
4509.65964862
4509.74832936
4509.82707292
4509.90525816
4509.99456525
4510.07347509
4510.17335399
4510.25297551
4510.33188852
4510.42115952
4510.49863625
4510.57905869
4510.65784979
4510.73501664
4510.81428244
4510.89302137
4510.97078653
4511.05040951
4511.13920046
4511.23904376
4511.31761105
4511.39649139
4511.47429556
4511.55280774
4511.63208184
4511.71080882
4511.79007267
4511.87066187
4511.94595285
4512.02572115
4512.10378765
4512.19232137
4512.27192119
4512.35167657
4512.42986644
4512.51768068
4512.59796634
4512.68812627
4512.76538601
4512.85604331
4512.94453559
4513.02316456
4513.10171332
4513.19116669
4513.26948481
4513.34876061
4513.42800934
4513.50461372
4513.58444907
4513.66379167
4513.75216667
4513.82995572
4513.92105164
4513.99851154
4514.07718904
4514.15679812
4514.23499141
4514.31256030
4514.39149306
4514.48099056
4514.55929356
4514.63925592
4514.71658686
4514.79503736
4514.87489050
4514.95368599
4515.04154388
4515.12144724
4515.21004631
4515.28931333
4515.36815734
4515.45690513
4515.54544129
4515.62491579
4515.71385765
4515.79297449
4515.87145645
4515.96126944
4516.03946053
4516.11792761
4516.20942459
4516.29721275
4516.37599678
4516.45406036
4516.53182601
4516.61257246
4516.69040857
4516.76744717
4516.84779500
4516.92611921
4517.01453591
4517.09380488
4517.17323403
4517.25092215
4517.32982736
4517.45167640
4517.54137845
4517.62019028
4517.69896920
4517.78790423
4517.86682748
4517.94495567
4518.03372638
4518.11330499
4518.19115670
4518.28145267
4518.35935022
4518.44086516
4518.52785460
4518.60512945
4518.68568086
4518.76321586
4518.85235789
4518.93221761
4519.02256430
4519.09864376
4519.17823700
4519.26902742
4519.34603823
4519.42521748
4519.50413001
4519.58194588
4519.65972932
4519.73973142
4519.81739857
4519.89740628
4519.97514730
4520.06407502
4520.14241947
4520.22192299
4520.29929561
4520.37912096
4520.45687368
4520.54729156
4520.62541195
4520.70430716
4520.78288591
4520.86185182
4520.94079994
4521.01847099
4521.09670475
4521.17626458
4521.25424844
4521.34421235
4521.42294031
4521.51133896
4521.59003522
4521.66910013
4521.75888215
4521.84032712
4521.91922112
4522.00652555
4522.08434020
4522.17276885
4522.24967994
4522.32872705
4522.40442421
4522.48253143
4522.58210679
4522.65973663
4522.73745742
4522.81327819
4522.90320358
4522.97879225
4523.05765723
4523.13631668
4523.21306905
4523.29027540
4523.36861375
4523.44561969
4523.53438381
4523.61161941
4523.68877895
4523.76610549
4523.85525093
4523.94200777
4524.02089397
4524.09947954
4524.17619461
4524.25390662
4524.33051417
4524.40884399
4524.48925569
