3817.86498502
3817.96639748
3818.09137703
3818.18164716
3818.28154873
3818.38253404
3818.49494791
3818.59264496
3818.70196952
3818.79032453
3818.89843248
3818.98767495
3819.09846993
3819.19827958
3819.30894656
3819.42123364
3819.50898157
3819.62018468
3819.73933597
3819.82458119
3819.95515129
3820.05205279
3820.16085901
3820.26853444
3820.35495726
3820.47417853
3820.55937182
3820.64472432
3820.75165297
3820.85811837
3820.95509984
3821.05073085
3821.14855444
3821.26521400
3821.36085087
3821.45717576
3821.55392146
3821.67062467
3821.75646405
3821.85114397
3821.95912172
3822.05537737
3822.15334700
3822.25961053
3822.34638079
3822.44273225
3822.55039233
3822.65816406
3822.76631663
3822.87457257
3822.97282600
3823.06869667
3823.22124837
3823.30695683
3823.40575907
3823.49163527
3823.60900529
3823.70680303
3823.80555334
3823.90082059
3823.99759019
3824.10517688
3824.19187350
3824.27677812
3824.39488566
3824.48004970
3824.58895344
3824.68565136
3824.78236806
3824.88970435
3824.98607752
3825.08261428
3825.19989921
3825.30719796
3825.40429036
3825.49012902
3825.59884966
3825.70634077
3825.80216244
3825.90009014
3826.00719871
3826.11533104
3826.22200710
3826.32878629
3826.43614258
3826.54278475
3826.63957361
3826.75776063
3826.85397093
3826.96221664
3827.06903337
3827.16564206
3827.26239581
3827.37027775
3827.47776057
3827.58504128
3827.66931053
3827.77701693
3827.88679302
3827.96147741
3828.06837899
3828.17502701
3828.28236891
3828.40041184
3828.48816343
3828.58389001
3828.73464288
3828.80934677
3828.90514625
3829.00280722
3829.09970019
3829.21878419
3829.30388556
3829.40086143
3829.50849517
3829.61580684
3829.72364123
3829.83230336
3829.98250644
3830.06771705
3830.18658698
3830.28333732
3830.39235005
3830.50009667
3830.58584804
3830.69353201
3830.81076403
3830.91890100
3831.01496599
3831.12245271
3831.23019519
3831.38180481
3831.46749742
3831.56188744
3831.64718046
3831.75376825
3831.84979472
3831.95745821
3832.05391476
3832.14077425
3832.24834557
3832.34426867
3832.44145396
3832.55975460
3832.70330535
3832.79936351
3832.88503711
3832.99167440
3833.09982112
3833.17320405
3833.26984808
3833.37763372
3833.48528745
3833.57109100
3833.66786011
3833.77757867
3833.93964258
3834.01398344
3834.11158516
3834.21856817
3834.31521562
3834.41296314
3834.51066117
3834.59652079
3834.71456812
3834.81038979
3834.90904428
3835.00401846
3835.11069355
3835.21982111
3835.31723510
3835.41441771
3835.52119714
3835.61908924
3835.70573759
3835.79439760
3835.89035313
3835.99803855
3836.09474988
3836.18038423
3836.28582369
3836.38195694
3836.47889989
3836.58645659
3836.69432853
3836.80182623
3836.89866141
3836.98343267
3837.10009418
3837.19491989
3837.30106786
3837.40779414
3837.50359046
3837.61048570
3837.71905445
3837.83720953
3837.91162012
3838.01917292
3838.12607791
3838.25461854
3838.35200400
3838.44889770
3838.55640759
3838.65263374
3838.73706610
3838.84573749
3838.95340708
3839.05128064
3839.15892219
3839.25548382
3839.36334016
3839.47141446
3839.55764273
3839.65509402
3839.76286380
3839.87099175
3839.96690070
3840.05172560
3840.15936933
3840.27753027
3840.36370002
3840.44861391
3840.55616865
3840.65310356
3840.79358036
3840.91320269
3841.02048924
3841.10546189
3841.19627255
3841.30239345
3841.39980232
3841.50584716
3841.59127304
3841.69896164
3841.81629997
3841.90147961
3841.99849131
3842.10602582
3842.21371247
3842.32330400
3842.42262799
3842.51931201
3842.63850743
3842.74775714
3842.85689981
3842.94299130
3843.03908506
3843.13504863
3843.24256534
3843.35131353
3843.44743192
3843.53184429
3843.61749253
3843.71338735
3843.88845995
3843.98403513
3844.13671799
3844.20976958
3844.30549787
3844.40075318
3844.48702289
3844.58536920
3844.68224705
3844.76799818
3844.85368348
3844.93938804
3845.04669313
3845.13291603
3845.24277526
3845.37183520
3845.43574907
3845.54343328
3845.63222056
3845.73991379
3845.85668258
3845.93048267
3846.02731298
3846.12288889
3846.23165683
3846.31850607
3846.42610349
3846.53421363
3846.64014315
3846.73545282
3846.84198649
3846.93693240
3847.03367688
3847.14236437
3847.22659779
3847.32290269
3847.41973495
3847.51580579
3847.61293306
3847.71034290
3847.80606583
3847.91185247
3848.00768804
3848.11434410
3848.23245335
3848.31160798
3848.41747508
3848.51416593
3848.61144631
3848.69646260
3848.80278513
3848.91161793
3849.01742870
3849.10423528
3849.21394335
3849.30968408
3849.40931381
3849.50623067
3849.61587193
3849.70165281
3849.81982642
3849.89516519
3850.00373565
3850.10012100
3850.20774987
3850.31566204
3850.41344077
3850.52062175
3850.63727034
3850.72208305
3850.82839997
3850.92307160
3851.00982307
3851.12761074
3851.20237534
3851.30995861
3851.41924781
3851.50454302
3851.61220285
3851.70789018
3851.81460476
3851.92406146
3852.02014108
3852.12692222
3852.24402040
3852.33046297
3852.43816814
3852.53492531
3852.63160007
3852.71828133
3852.81412007
3852.90583063
3853.02418027
3853.09838923
3853.20612805
3853.31373716
3853.42259824
3853.52918580
3853.61792286
3853.71466954
3853.81114657
3853.89605265
3853.99202476
3854.08868391
3854.18542279
3854.29205228
3854.37691107
3854.47367994
3854.59279783
3854.67996183
3854.76578196
3854.86232603
3854.97001878
3855.06611107
3855.21785600
3855.33592186
3855.42125290
3855.52896027
3855.65853002
3855.73223990
3855.84030347
3855.92603973
3856.02175339
3856.12900582
3856.21428566
3856.31057520
3856.41783323
3856.52474018
3856.62289267
3856.72082743
3856.83039726
3856.98041261
3857.04383812
3857.15066047
3857.24628099
3857.35349880
3857.46033650
3857.54505388
3857.65270786
3857.72761264
3857.83469440
3857.92005787
3858.07059668
3858.17743633
3858.28621329
3858.38187600
3858.60902138
3858.72694655
3858.82453023
3858.92046454
3859.00610986
3859.09243126
3859.17844741
3859.28659632
3859.39380217
3859.46811182
3859.57578555
3859.67267730
3859.76922308
3859.86519421
3859.96182166
3860.06955586
3860.17678097
3860.25199857
3860.34783218
3860.43212582
3860.52897100
3860.63674615
3860.73445052
3860.84163321
3860.95972978
3861.04512154
3861.15276040
3861.24955535
3861.35812825
3861.45503853
3861.54076552
3861.63753585
3861.74476657
3861.82022578
3861.92388226
3862.02039391
3862.12777044
3862.23444454
3862.33127119
3862.43884301
3862.55704052
3862.65276027
3862.75992346
3862.85775461
3862.96639601
3863.07315570
3863.17087323
3863.26867853
3863.37582148
3863.47272542
3863.57062679
3863.66931224
3863.75900479
3863.86667315
3863.96349273
3864.06348720
3864.17047046
3864.25573762
3864.35354488
3864.46081949
3864.55748766
3864.65334566
3864.76100793
3864.85762515
3864.97581120
3865.06364714
3865.15910675
3865.25576517
3865.34066248
3865.42637095
3865.52412066
3865.62094755
3865.72850547
3865.84577772
3865.93101685
3866.03807862
3866.13471876
3866.23153224
3866.33975771
3866.42560295
3866.52281530
3866.63066165
3866.72789668
3866.82372006
3866.93136136
3867.03695490
3867.12281233
3867.22956885
3867.33823975
3867.44675559
3867.52081290
3867.61777389
3867.72619855
3867.82282430
3867.90968184
3868.01648346
3868.10223873
3868.22137564
3868.29655105
3868.40520026
3868.51298540
3868.65353754
3868.72054607
3868.80719954
3868.90796883
3868.99118337
3869.09043861
3869.16411118
3869.25988799
3869.34606188
3869.45360249
3869.54981572
3869.64954760
3869.74615117
3869.85246370
3869.99219567
3870.09923939
3870.20607197
3870.30300151
3870.39939418
3870.48627098
3870.59351999
3870.67963122
3870.77462662
3870.92574862
3871.01064910
3871.11756092
3871.21494907
3871.31485381
3871.42202066
3871.51823291
3871.61522560
3871.72278888
3871.81893457
3871.92581323
3872.03345014
3872.14120847
3872.25814475
3872.34441154
3872.44048896
3872.53552971
3872.64474943
3872.73142192
3872.82818347
3872.90401985
3873.07012100
3873.15544986
3873.26328596
3873.36290228
3873.46226137
3873.54807346
3873.64477235
3873.75148181
3873.84631167
3873.93256650
3874.03987769
3874.13592244
3874.24427006
3874.34096822
3874.44773132
3874.54539082
3874.65164972
3874.73597822
3874.83265396
3874.92836275
3875.02420246
3875.13193055
3875.22854070
3875.33432564
3875.45344084
3875.52826859
3875.63577213
3875.73299961
3875.84070283
3875.94825319
3876.05619243
3876.15269067
3876.27001802
3876.36731157
3876.46403972
3876.57464525
3876.65948478
3876.75714404
3876.85398800
3876.95051550
3877.07824278
3877.16428526
3877.26121480
3877.36902262
3877.47641987
3877.56140470
3877.66898822
3877.76479453
3877.91693955
3877.96919202
3878.06494615
3878.17363437
3878.25839515
3878.40202610
3878.49824177
3878.58437056
3878.70330047
3878.78949753
3878.89617090
3878.99196307
3879.09863742
3879.22790582
3879.33412352
3879.45121048
3879.53746995
3879.62232264
3879.72951411
3879.82482671
3879.92101555
3880.00704633
3880.11518256
3880.23319575
3880.31963394
3880.42731229
3880.51295566
3880.61965975
3880.71644862
3880.82415623
3880.92005494
3881.04801238
3881.13350605
3881.21923328
3881.32899280
3881.42569706
3881.52125517
3881.62008447
3881.71679287
3881.82401799
3881.92125863
3882.01795582
3882.12475476
3882.21051198
3882.31734969
3882.42608496
3882.52402435
3882.64250639
3882.72776210
3882.83451422
3882.92032167
3883.02806220
3883.12486203
3883.23150884
3883.31721681
3883.41652325
3883.49083167
3883.61058274
3883.70821591
3883.80502062
3883.90187628
3884.00945980
3884.10668484
3884.22345874
3884.32044387
3884.42054585
3884.51728498
3884.62491360
3884.70972046
3884.81649306
3884.92435233
3885.03546059
3885.11974570
3885.22829836
3885.32310407
3885.41975323
3885.51665327
3885.61335680
3885.72045586
3885.83202201
3885.90635067
3886.00312100
3886.11085690
3886.20755165
3886.31529657
3886.41218125
3886.50885186
3886.62706302
3886.72316142
3886.80894131
3886.89483215
3887.00251075
3887.09870886
3887.20546903
3887.29124454
3887.41035633
3887.48465964
3887.58140779
3887.66727863
3887.77389325
3887.88164085
3887.97831195
3888.09609010
3888.21427762
3888.29947554
3888.39830070
3888.52741038
3888.58322392
3888.68900691
3888.77481387
3888.88241177
3889.00061464
3889.07496184
3889.17192161
3889.26748777
3889.37464315
3889.47136448
3889.58014144
3889.67749643
3889.81963771
3889.91629687
3890.02291222
3890.10871260
3890.21455312
3890.31117717
3890.39798497
3890.50468297
3890.61305423
3890.69832042
3890.79616717
3890.90388430
3890.99157907
3891.09932813
3891.18501246
3891.27099545
3891.39856231
3891.48390188
3891.59347391
3891.68921561
3891.78698800
3891.88484279
3891.97053736
3892.07837151
3892.19752792
3892.31555330
3892.39151110
3892.48730790
3892.58357379
3892.68120867
3892.77797632
3892.86477607
3892.98294262
3893.06919965
3893.17619924
3893.26169462
3893.36861668
3893.46525828
3893.56192402
3893.64977800
3893.76698540
3893.85136803
3893.94794038
3894.04386738
3894.15235202
3894.25910536
3894.34577638
3894.44267033
3894.56086101
3894.64605698
3894.75496121
3894.85152211
3894.94631540
3895.03111957
3895.13897371
3895.24507731
3895.34990797
3895.43517343
3895.54414861
3895.64060468
3895.73732673
3895.82318099
3895.91977700
3896.00661869
3896.11236071
3896.20762772
3896.30409061
3896.40987920
3896.49575370
3896.62426531
3896.73251662
3896.80763279
3896.92557674
3897.01075321
3897.13901272
3897.24621200
3897.35365703
3897.43917459
3897.53601611
3897.62468978
3897.73192928
3897.81961016
3897.92664608
3898.01255983
3898.12013262
3898.20614975
3898.31565911
3898.41165535
3898.55064394
3898.60301660
3898.71119453
3898.80795194
3898.90479322
3898.98956009
3899.09693588
3899.18268189
3899.29045509
3899.39782454
3899.49377518
3899.59062597
3899.68649421
3899.78405180
3899.88095794
3899.97657993
3900.07229603
3900.15717334
3900.25336780
3900.34957883
3900.42491687
3900.52070830
3900.61645074
3900.72311460
3900.82912263
3900.94863402
3901.04491015
3901.13029898
3901.23691945
3901.33260995
3901.43051473
3901.52704028
3901.62387034
3901.72251776
3901.82844630
3901.91355962
3902.05724154
3902.14100708
3902.23682875
3902.32261255
3902.42935541
3902.53693625
3902.67652461
3902.77436331
3902.89329225
3902.96788057
3903.06454362
3903.17122846
3903.26150810
3903.35883700
3903.42227958
3903.50800243
3903.60478520
3903.70137852
3903.85250271
3903.94878957
3904.05641478
3904.16372816
3904.24906652
3904.35982077
3904.45660524
3904.55184543
3904.64617864
3904.77421971
3904.83823280
3904.94538941
3905.04255349
3905.13944744
3905.22649734
3905.33403721
3905.43067515
3905.53757064
3905.62227290
3905.72841063
3905.82657189
3905.91164816
3906.01917584
3906.10599802
3906.21364347
3906.31032822
3906.39704484
3906.51440827
3906.58967317
3906.68531149
3906.78205452
3906.89029851
3906.98665388
3907.08240875
3907.18936080
3907.30554737
3907.37997551
3907.47663417
3907.58430180
3907.69193603
3907.77693477
3907.88755029
3907.98439084
3908.10456760
3908.17880508
3908.25366183
3908.35034756
3908.44606342
3908.55333852
3908.66108441
3908.75627169
3908.91835803
3909.00364251
3909.11233390
3909.19907782
3909.29592032
3909.39580775
3909.49278288
3909.58978556
3909.69485419
3909.76903754
3909.86502354
3909.96356295
3910.07153924
3910.17904645
3910.26482244
3910.36061681
3910.46789678
3910.55398729
3910.66275865
3910.73802866
3910.83386545
3910.96358050
3911.04922923
3911.14509796
3911.26129672
3911.33558540
3911.44236508
3911.55014023
3911.64668211
3911.75350957
3911.85013825
3911.94695881
3912.04734044
3912.12351499
3912.22025509
3912.30606327
3912.40347994
3912.49914801
3912.60690756
3912.69317995
3912.80178259
3912.90911303
3913.00640438
3913.10300551
3913.22165090
3913.31255298
3913.40935038
3913.50513401
3913.60194847
3913.70914994
3913.78363001
3913.87961820
3913.98584200
3914.08161832
3914.18939981
3914.27401332
3914.38085151
3914.45581384
3914.57292835
3914.66917424
3914.75485857
3914.86158168
3914.95821938
3915.10862507
3915.18294374
3915.28981070
3915.39867397
3915.47277102
3915.56969105
3915.65539927
3915.74129449
3915.83794535
3915.93474080
3916.03042154
3916.13803627
3916.25642931
3916.34261418
3916.44036974
3916.56788662
3916.67467556
3916.78194212
3916.87866394
3916.96443286
3917.07164359
3917.15799620
3917.25469046
3917.36238369
3917.45903627
3917.57738396
3917.68605145
3917.77073421
3917.88696759
3917.97234496
3918.08155542
3918.17776060
3918.27352668
3918.33745956
3918.44510598
3918.58576125
3918.67199682
3918.76722287
3918.86305770
3918.97075849
3919.04543751
3919.14028297
3919.23746266
3919.33455482
3919.45204455
3919.52621986
3919.63492782
3919.73168206
3919.82847702
3919.91415720
3920.02185872
3920.10753280
3920.20648182
3920.30767241
3920.39376268
3920.48947463
3920.58628958
3920.69301855
3920.79346113
3920.88958830
3920.98637423
3921.09170861
3921.17708037
3921.28479384
3921.38153296
3921.47911615
3921.56592298
3921.67463533
3921.76040962
3921.86767009
3921.94282161
3922.01780027
3922.13786999
3922.27942638
3922.35424705
3922.50570843
3922.58253492
3922.68380621
3922.75922861
3922.85607915
3922.95282023
3923.03910067
3923.13493306
3923.24281013
3923.35047556
3923.42429296
3923.58493571
3923.65827207
3923.75497316
3923.85165792
3923.98136517
3924.07807674
3924.16491843
3924.26160538
3924.36790012
3924.46536580
3924.56147809
3924.65719833
3924.75414982
3924.84078183
3924.94680960
3925.04343291
3925.15075507
3925.22616844
3925.32289464
3925.43155384
3925.51718721
3925.61395730
3925.71077420
3925.79658774
3925.89235602
3925.98753598
3926.07284387
3926.15757027
3926.24226424
3926.33941930
3926.43720144
3926.51178854
3926.59663855
3926.69331526
3926.80073811
3926.87483442
3926.96062651
3927.05735978
3927.14129283
3927.22587855
3927.31166430
3927.39943978
3927.47436285
3927.62449254
3927.70929818
3927.82761930
3927.92390104
3928.03214747
3928.11880752
3928.20441090
3928.28831225
3928.39659330
3928.47093123
3928.56746287
3928.65346683
3928.73930256
3928.83689283
3928.93355418
3929.00857282
3929.10528318
3929.21229496
3929.30868544
3929.39754660
3929.49379810
3929.59008935
3929.66684684
3929.75266989
3929.84843500
3929.92232578
3930.02848984
3930.10269270
3930.18843993
3930.26425071
3930.35003963
3930.43589852
3930.51362370
3930.60068847
3930.67434958
3930.76007950
3930.86629744
3930.94051395
3931.03569368
3931.12235641
3931.21906725
3931.30597891
3931.39188413
3931.48743175
3931.58321807
3931.69040467
3931.75382043
3931.85048373
3931.93527596
3932.03153356
3932.10632083
3932.19111842
3932.28752743
3932.37330172
3932.44663198
3932.55388806
3932.62822989
3932.71410341
3932.81163443
3932.89559234
3932.98030021
3933.06602428
3933.15177931
3933.23650205
3933.33338283
3933.42367929
3933.50784517
3933.59270396
3933.67842486
3933.76525435
3933.86281804
3933.95957764
3934.05533617
3934.14009426
3934.24545594
3934.32370140
3934.42043638
3934.51612201
3934.59190938
3934.67720971
3934.77224753
3934.86811236
3934.95843101
3935.05266109
3935.11628556
3935.21247733
3935.30921280
3935.40701273
3935.49276703
3935.57748417
3935.67229159
3935.77012810
3935.86534439
3935.93965940
3936.03631295
3936.12208212
3936.20887895
3936.30666743
3936.39246342
3936.48918889
3936.58504591
3936.69326699
3936.76814398
3936.86494454
3936.95257179
3937.03854990
3937.14604370
3937.23283199
3937.34147461
3937.42732887
3937.53368164
3937.61983383
3937.72658474
3937.81250532
3937.90909864
3938.03783066
3938.11348004
3938.24301322
3938.31565155
3938.40063127
3938.49742818
3938.58820982
3938.66689341
3938.79654703
3938.88249930
3938.97925378
3939.09638877
3939.19216509
3939.27986499
3939.36550080
3939.46129589
3939.55720192
3939.64347504
3939.74974101
3939.86796680
3939.96409909
3940.04988045
3940.14661128
3940.24247806
3940.34115254
3940.43594534
3940.53252281
3940.61744938
3940.72463914
3940.79778533
3940.91042594
3941.00716336
3941.11560070
3941.20122187
3941.29636137
3941.40452759
3941.51031545
3941.57410326
3941.65996679
3941.75582820
3941.85555545
3941.92930190
3942.02514112
3942.12179955
3942.20770135
3942.31379446
3942.40296379
3942.48774212
3942.58346261
3942.67952273
3942.76979969
3942.86664658
3942.95236552
3943.03834510
3943.14635016
3943.23178678
3943.31839733
3943.42626123
3943.55589144
3943.69541446
3943.79118639
3943.88743717
3943.96275228
3944.04862264
3944.14473615
3944.23950919
3944.32431020
3944.41018616
3944.51679395
3944.60256946
3944.70880056
3944.78321139
3944.88111641
3944.97951832
3945.06539476
3945.16207196
3945.24782089
3945.35805486
3945.44315356
3945.54905552
3945.62525152
3945.71122256
3945.80684480
3945.89175820
3945.97726137
3946.07500426
3946.17194428
3946.26859198
3946.37081706
3946.45955997
3946.58917116
3946.68494383
3946.78176536
3946.87151496
3946.96816753
3947.05459645
3947.17886676
3947.25323078
3947.35093368
3947.43759349
3947.53440161
3947.64204632
3947.72788156
3947.87957359
3947.96576845
3948.07301697
3948.14668540
3948.24157523
3948.33791646
3948.42359176
3948.52988041
3948.64166768
3948.73775559
3948.81220763
3948.90289979
3948.98874089
3949.07447276
3949.15920135
3949.26593007
3949.34062737
3949.43739478
3949.54363320
3949.62889086
3949.71681530
3949.80156243
3949.88600747
3949.95968858
3950.04371549
3950.15163180
3950.24725843
3950.35347832
3950.42709262
3950.51256459
3950.60818780
3950.68297580
3950.77942333
3950.87714744
3950.96286907
3951.04894739
3951.16682453
3951.24166032
3951.34836905
3951.45496709
3951.54081745
3951.64755690
3951.74332152
3951.85205996
3951.94723529
3952.01048453
3952.10735702
3952.24700803
3952.33279671
3952.42953656
3952.50332885
3952.59857245
3952.69590232
3952.81412762
3952.96474908
3953.07376449
3953.15862864
3953.24442341
3953.33027450
3953.42730644
3953.51313388
3953.61937937
3953.70478502
3953.77954865
3953.86366820
3953.94892416
3954.03371272
3954.10953180
3954.19527707
3954.28102186
3954.36774433
3954.47496701
3954.56026026
3954.64600188
3954.74185061
3954.82756078
3954.91342723
3955.05350809
3955.13834322
3955.22401341
3955.33077724
3955.41806119
3955.49190053
3955.58956906
3955.68629429
3955.78406448
3955.88076216
3955.97652751
3956.07235820
3956.20771500
3956.30348279
3956.38906667
3956.52922456
3956.60425003
3956.71181526
3956.80817429
3956.91437151
3956.98753403
3957.09531698
3957.19306377
3957.28976730
3957.38657323
3957.48226861
3957.56796512
3957.67536529
3957.77150952
3957.84626047
3957.94316343
3958.03873129
3958.12420180
3958.21372783
3958.30965653
3958.38462714
3958.49057714
3958.56481706
3958.64061492
3958.72949461
3958.81522184
3958.92280048
3959.01861191
3959.10426332
3959.20014326
3959.35225878
3959.42566195
3959.51022280
3959.60594061
3959.69075307
3959.76758078
3959.87660106
3959.96229685
3960.07090363
3960.17811022
3960.25245059
3960.36025353
3960.45794327
3960.54367124
3960.63885047
3960.78067334
3960.83339709
3960.92961885
3961.03676278
3961.12305029
3961.19777563
3961.29358804
3961.39037787
3961.47627699
3961.56189549
3961.64765320
3961.73437152
3961.84079597
3961.91804669
3961.99161394
3962.09933082
3962.18426348
3962.27011018
3962.35570771
3962.45358225
3962.52832296
3962.61394608
3962.71135422
3962.77464369
3962.87434412
3962.96114046
3963.05796882
3963.14359780
3963.23843448
3963.33410158
3963.43284945
3963.53871654
3963.61302912
3963.69988300
3963.77478608
3963.86033362
3963.96817997
3964.06385633
3964.17363242
3964.27026378
3964.38752652
3964.47271397
3964.56850443
3964.65546851
3964.76304105
3964.89173601
3964.95657416
3965.04135761
3965.13826594
3965.23970814
3965.32515621
3965.40079414
3965.50690773
3965.60376827
3965.68951403
3965.77624381
3965.86103214
3965.93493974
3966.02063236
3966.11696920
3966.19112354
3966.27604596
3966.38367678
3966.46843536
3966.55297719
3966.64950591
3966.73631736
3966.82104352
3966.92731315
3967.00065024
3967.09732256
3967.19311570
3967.28778099
3967.38440333
3967.52485672
3967.61061175
3967.71982903
3967.79403725
3967.89338319
3967.99057970
3968.06496907
3968.17221418
3968.26801293
3968.35359193
3968.45454189
3968.56300019
3968.64787361
3968.75565924
3968.85432616
3968.95060205
3969.08034929
3969.15506122
3969.23897696
3969.34523342
3969.43036235
3969.51622758
3969.61302595
3969.68868874
3969.77550726
3969.88217503
3969.97888709
3970.06466455
3970.17198598
3970.24830339
3970.34712709
3970.43294648
3970.54043808
3970.63731008
3970.72262821
3970.81736078
3970.91450877
3971.02321064
3971.09752175
3971.18336260
3971.26924856
3971.41176068
3971.49759397
3971.60518943
3971.69091813
3971.79716606
3971.86138956
3971.94620178
3972.04303623
3972.13973854
3972.23655544
3972.32231291
3972.42952267
3972.52571639
3972.61620912
3972.69067530
3972.77631061
3972.86516909
3972.96089300
3973.03469479
3973.12057782
3973.27118538
3973.33487226
3973.45305441
3973.52942058
3973.62609681
3973.72340742
3973.82015313
3973.91727576
3974.00172471
3974.08781619
3974.18498101
3974.29074010
3974.37797993
3974.45272136
3974.53748311
3974.62333542
3974.72007357
3974.79683448
3974.89460784
3974.99026348
3975.06518582
3975.17340202
3975.26181847
3975.35935705
3975.44464738
3975.53051309
3975.61564665
3975.71214294
3975.80873383
3975.90661057
3976.00282307
3976.06622420
3976.15392459
3976.23964841
3976.33929837
3976.43518221
3976.50993901
3976.61066124
3976.69648137
3976.82463385
3976.89890522
3976.99569555
3977.09192414
3977.16696180
3977.25138246
3977.33668839
3977.42204894
3977.49878498
3977.59540610
3977.70078777
3977.78497560
3977.89182451
3977.97149894
3978.06920843
3978.16899297
3978.25575591
3978.33062608
3978.42816660
3978.53451132
3978.62099559
3978.71858804
3978.80422312
3978.89995165
3978.98491016
3979.08148666
3979.16846634
3979.25416847
3979.36242929
3979.44749458
3979.54336623
3979.63900285
3979.71779079
3979.80368625
3979.88936887
3979.96386259
3980.06163230
3980.14735027
3980.25454515
3980.32886407
3980.42556394
3980.51034032
3980.59703255
3980.70398460
3980.79083287
3980.87730299
3980.96315311
3981.08067600
3981.16590050
3981.25190909
3981.35941142
3981.46634811
3981.57388676
3981.66928664
3981.76791504
3981.86637619
3981.93048608
3982.02619414
3982.11217591
3982.22063494
3982.30644507
3982.40315689
3982.48891095
3982.57474351
3982.68200641
3982.74530442
3982.84206865
3982.92676775
3983.00110007
3983.09649970
3983.19310693
3983.28893104
3983.36372660
3983.44948455
3983.55575832
3983.63194603
3983.72976255
3983.81457648
3983.94423010
3984.01812429
3984.10397270
3984.21064071
3984.30646238
3984.42411303
3984.48828899
3984.57418396
3984.67195367
3984.76963756
3984.86547264
3984.96210741
3985.05987053
3985.13478970
3985.23193818
3985.31695984
3985.40392270
3985.48950706
3985.57484396
3985.66012405
3985.73503395
3985.83164191
3985.91737060
3986.00501638
3986.10039334
3986.16363551
3986.26147787
3986.35921490
3986.43403363
3986.56469296
3986.62854075
3986.74139689
3986.82783702
3986.94625249
3987.04503206
3987.13168333
3987.21748420
3987.31318299
3987.41310528
3987.54680930
3987.68770814
3987.77306039
3987.85991890
3987.94658359
3988.04619503
3988.12306345
3988.20921297
3988.29551608
3988.37033968
3988.49050595
3988.56583740
3988.64167451
3988.73832416
3988.82415818
3988.91094404
3988.99660349
3989.08259160
3989.18034229
3989.25500742
3989.36326970
3989.45237247
3989.54826411
3989.64703490
3989.73379638
3989.84353224
3989.92963689
3990.02603249
3990.11181483
3990.22197736
3990.29524740
3990.39204699
3990.48280596
3990.56367042
3990.63938977
3990.72417347
3990.81012330
3990.89724269
3990.97108130
3991.06835412
3991.15314610
3991.25023192
3991.34842951
3991.43385028
3991.52005319
3991.62786589
3991.72660693
3991.80731901
3991.91460386
3991.97779970
3992.07364600
3992.18043714
3992.28793093
3992.38390693
3992.48063947
3992.56634891
3992.65210175
3992.74807677
3992.82252905
3992.92002618
3993.01573642
3993.10267539
3993.18829876
3993.27312001
3993.36194167
3993.43683134
3993.52244520
3993.61977288
3993.68203079
3993.77886062
3993.86458346
3993.96135087
3994.03556884
3994.14330060
3994.22824594
3994.33605351
3994.44207080
3994.51647212
3994.64490376
3994.71870605
3994.80353582
3994.88925233
3994.97509927
3995.08282615
3995.16883230
3995.26503700
3995.33983987
3995.43645319
3995.53332178
3995.61894271
3995.71372868
3995.80949793
3995.89537657
3995.98202272
3996.07741627
3996.15374002
3996.23948798
3996.32825186
3996.46799236
3996.53194377
3996.61913727
3996.70445710
3996.79067269
3996.89696353
3996.99215251
3997.08796419
3997.19480360
3997.33626051
3997.41001866
3997.50680118
3997.60352153
3997.72098761
3997.80619066
3997.91339091
3997.99755557
3998.07718148
3998.18308368
3998.32354195
3998.40924408
3998.51556856
3998.59088270
3998.68760427
3998.77923803
3998.86457444
3998.93850765
3999.02423683
3999.10997992
3999.19578151
3999.27136897
3999.38067231
3999.45486713
3999.54066019
3999.62533953
3999.71108311
3999.79694809
3999.88262584
3999.96752973
4000.07433891
4000.19146292
4000.27872542
4000.36356154
4000.48166957
4000.57948633
4000.66679710
4000.75161225
4000.83763254
4000.98710493
4001.06141458
4001.16194128
