4023.34518441
4023.42531184
4023.50842227
4023.60873929
4023.69907867
4023.78640651
4023.86202883
4023.95148196
4024.03856014
4024.12561736
4024.22364306
4024.32055627
4024.43027458
4024.51729693
4024.62625431
4024.71476463
4024.80073835
4024.94017140
4025.02712037
4025.11183238
4025.20737660
4025.30457481
4025.41139984
4025.49489549
4025.60182438
4025.69930809
4025.79510636
4025.87191895
4025.95579031
4026.04032361
4026.12528017
4026.22039211
4026.31493549
4026.40993723
4026.48475619
4026.56964350
4026.66611176
4026.76184395
4026.83672484
4026.93341228
4027.03964339
4027.12439246
4027.23096636
4027.31645247
4027.44780982
4027.50986343
4027.60534718
4027.68969031
4027.84004211
4027.94714679
4028.04367355
4028.12845383
4028.21438245
4028.31076732
4028.40663215
4028.49240693
4028.57703653
4028.66119169
4028.75818974
4028.84253457
4028.93223029
4029.02869513
4029.11408810
4029.19916095
4029.27327360
4029.35830476
4029.45721721
4029.54264041
4029.62751114
4029.72326357
4029.80994166
4029.88536528
4029.99301170
4030.14493729
4030.20780619
4030.30403770
4030.40566666
4030.49122640
4030.59891110
4030.68451814
4030.79116201
4030.88649631
4030.98213805
4031.07692231
4031.17188723
4031.25786925
4031.34285774
4031.43929113
4031.52422989
4031.59963229
4031.68383620
4031.76875887
4031.85394460
4031.94947687
4032.03430543
4032.11998170
4032.21645508
4032.31226261
4032.40900978
4032.48324433
4032.56871167
4032.66453675
4032.81431024
4032.88799037
4032.97298374
4033.06990962
4033.17611879
4033.28382494
4033.38023931
4033.47735463
4033.57310901
4033.66894945
4033.79870425
4033.91071266
4033.99553927
4034.08127211
4034.16668117
4034.26236143
4034.35816531
4034.49612502
4034.58185615
4034.67884982
4034.76800940
4034.85328242
4034.93749145
4035.02326330
4035.11898721
4035.20278030
4035.27791646
4035.36756464
4035.45340988
4035.55107402
4035.65074958
4035.74805263
4035.83368381
4035.91159184
4036.00905459
4036.10454102
4036.20030881
4036.28541652
4036.38189355
4036.52149118
4036.61819885
4036.69382068
4036.78964186
4036.87348860
4036.96932733
4037.05455330
4037.14026078
4037.23826528
4037.32362826
4037.40986043
4037.49576491
4037.59123672
4037.67544112
4037.77217512
4037.84727666
4037.95557137
4038.05349638
4038.14064868
4038.22692620
4038.34684914
4038.41704865
4038.50084516
4038.59695794
4038.70431594
4038.80043237
4038.89562184
4038.98009907
4039.07600607
4039.22240134
4039.31948594
4039.41686263
4039.51255142
4039.59623090
4039.67026090
4039.76887248
4039.85367227
4039.93995246
4040.02518550
4040.13244767
4040.21666427
4040.30179344
4040.37562083
4040.46193028
4040.55851678
4040.65508500
4040.74230873
4040.83837202
4040.93323600
4041.06192487
4041.13569643
4041.23174704
4041.32746192
4041.43521025
4041.54193483
4041.62819381
4041.71391958
4041.79869084
4041.89445717
4041.97986160
4042.08702235
4042.18333188
4042.26853907
4042.35412685
4042.42784697
4042.51306342
4042.59797658
4042.70475577
4042.79048203
4042.87519965
4042.98216584
4043.07679309
4043.16089217
4043.24621151
4043.31923409
4043.41537515
4043.52232695
4043.63087766
4043.71700572
4043.81379824
4043.90966160
4044.01719489
4044.12292887
4044.21974528
4044.31677113
4044.41291243
4044.50682605
4044.59274687
4044.68840884
4044.78623121
4044.88208336
4044.95719026
4045.04360919
4045.13933772
4045.22526122
4045.30019185
4045.38682923
4045.47254062
4045.55763492
4045.64176789
4045.73816105
4045.83486823
4045.94280747
4046.04054719
4046.13626134
4046.23497166
4046.32184187
4046.42816611
4046.51190070
4046.60783793
4046.69282057
4046.78917570
4046.89735850
4046.99328452
4047.08913276
4047.16425137
4047.26036293
4047.35701672
4047.45269235
4047.55002491
4047.64621497
4047.73463020
4047.80861559
4047.90446310
4047.99045267
4048.08820434
4048.16281095
4048.25920484
4048.36617517
4048.46260588
4048.54776309
4048.63710065
4048.73364326
4048.82985576
4048.93737857
4049.04541947
4049.11922516
4049.24959192
4049.31210389
4049.41917662
4049.51513263
4049.60006700
4049.69637531
4049.79202973
4049.88707292
4049.97237885
4050.05790592
4050.14260793
4050.23931219
4050.33612763
4050.42128289
4050.51897872
4050.60462355
4050.68944625
4050.76324975
4050.85925404
4050.94469967
4051.02950531
4051.11508211
4051.20063698
4051.29737171
4051.39310902
4051.48845527
4051.58349943
4051.67994330
4051.77639327
4051.91584972
4051.99060286
4052.08676806
4052.18311465
4052.27840823
4052.37318859
4052.46864113
4052.54475716
4052.63045246
4052.72718500
4052.81197796
4052.90879998
4053.00555690
4053.08965281
4053.18381755
4053.29072986
4053.38523374
4053.46121129
4053.55795992
4053.65553970
4053.73021165
4053.82582584
4053.91066561
4054.00542695
4054.11261867
4054.19836272
4054.30397650
4054.40066979
4054.48544739
4054.57121827
4054.66850328
4054.77707520
4054.87278740
4054.95868481
4055.06615008
4055.17391621
4055.26842083
4055.35333154
4055.43828103
4055.57718648
4055.66731496
4055.76398996
4055.84960602
4055.94732428
4056.03224694
4056.10599998
4056.20178093
4056.28756131
4056.36520944
4056.45171906
4056.53594565
4056.63225835
4056.71909955
4056.81526719
4056.90031737
4056.99707088
4057.08236998
4057.17917152
4057.27673594
4057.38266448
4057.47038924
4057.56588397
4057.70643439
4057.81325357
4057.92020391
4058.01655197
4058.08970279
4058.18685736
4058.28309083
4058.37960028
4058.46546186
4058.57310657
4058.65714055
4058.75406912
4058.83857755
4058.92223362
4059.00726186
4059.10342389
4059.21029085
4059.30610008
4059.39166128
4059.46694276
4059.56259181
4059.66085499
4059.74478413
4059.84093908
4059.93566605
4060.04231285
4060.18200532
4060.26681851
4060.35077447
4060.45852817
4060.55434130
4060.66229444
4060.75636141
4060.84130626
4060.92704837
4061.02255894
4061.11820117
4061.19345704
4061.29082787
4061.37561742
4061.46073074
4061.54816269
4061.63414788
4061.71847784
4061.81427781
4061.89204321
4061.98827546
4062.07379009
4062.15886831
4062.24402332
4062.32874338
4062.41454156
4062.52216116
4062.60820413
4062.71507451
4062.86760207
4062.91972141
4063.02664933
4063.12146699
4063.22833176
4063.32397984
4063.42137871
4063.52370789
4063.60839235
4063.70417721
4063.80186134
4063.90815120
4063.99276764
4064.07724779
4064.16129274
4064.24721161
4064.33313170
4064.40889592
4064.50560627
4064.59219879
4064.66959067
4064.75445433
4064.85126489
4064.94748983
4065.03217916
4065.12907774
4065.22598290
4065.31192932
4065.39812833
4065.49409945
4065.60087498
4065.69759582
4065.79463483
4065.89093827
4065.98745918
4066.08324136
4066.16845098
4066.26571771
4066.35033269
4066.43557694
4066.52300182
4066.61909192
4066.70405189
4066.78869101
4066.87449382
4066.95932091
4067.04711321
4067.12282476
4067.20718959
4067.29197914
4067.37733822
4067.47350244
4067.55857359
4067.64634517
4067.74209272
4067.83786709
4067.92402587
4068.03194755
4068.12769559
4068.21380414
4068.30046882
4068.40698006
4068.51462380
4068.61044376
4068.71722149
4068.81277131
4068.89648030
4068.99203621
4069.13191397
4069.21748883
4069.32573307
4069.43234890
4069.52763249
4069.60149426
4069.69658889
4069.78094128
4069.86709275
4069.96369729
4070.04884353
4070.13438035
4070.23019153
4070.31696105
4070.39352472
4070.50212370
4070.58687131
4070.67198366
4070.76869206
4070.85300740
4070.95968565
4071.09951489
4071.15132387
4071.24704485
4071.34286359
4071.43868575
4071.52376128
4071.62115187
4071.70653460
4071.79282699
4071.87950264
4071.97669500
4072.08414613
4072.18068436
4072.25668385
4072.34186958
4072.45183317
4072.54847842
4072.63444386
4072.74331566
4072.84031469
4072.93675734
4073.02255187
4073.13247059
4073.22907513
4073.32457887
4073.42456383
4073.51990983
4073.61652681
4073.72528109
4073.82284259
4073.92852732
4074.03546742
4074.13103285
4074.23877240
4074.33458749
4074.42041785
4074.52702492
4074.62480949
4074.73133805
4074.83702326
4074.93294709
4075.04093411
4075.14758433
4075.24483740
4075.36313414
4075.45897214
4075.56586519
4075.67379809
4075.77053063
4075.87796688
4075.97590189
4076.08400375
4076.18046542
4076.28816304
4076.37340241
4076.46944521
4076.56659613
4076.66324749
4076.76972045
4076.86564940
4076.97151284
4077.07890204
4077.17674708
4077.28240597
4077.39039494
4077.48973136
4077.58653559
4077.69407570
4077.80081223
4077.88510391
4077.97953806
4078.07549602
4078.16086388
4078.26905010
4078.36482301
4078.46163990
4078.56926560
4078.66719183
4078.77390373
4078.87011525
4078.96738637
4079.06294887
4079.17048411
4079.27152330
4079.37850485
4079.48579336
4079.58087141
4079.72171807
4079.79503200
4079.88083408
4079.98854511
4080.08443505
4080.19158629
4080.27729938
4080.38345271
4080.47416268
4080.58095650
4080.68712543
4080.78316141
4080.87961918
4080.98688160
4081.07359894
4081.16217533
4081.26935315
4081.36570462
4081.46379347
4081.57105199
4081.65667683
4081.76363010
4081.87050071
4081.96551221
4082.07290799
4082.16930383
4082.27694147
4082.38425387
4082.48105687
4082.58766735
4082.68537610
4082.79131293
4082.88803743
4082.99604249
4083.09296228
4083.19189666
4083.28746428
4083.38501090
4083.52492060
4083.59784565
4083.69483200
4083.79046837
4083.87643137
4083.99539737
4084.09218647
4084.19854875
4084.30488738
4084.40087776
4084.50801340
4084.61543381
4084.70312103
4084.81079158
4084.88873472
4084.96341862
4085.07162458
4085.16791972
4085.26530543
4085.36534232
4085.47134668
4085.56665952
4085.67243251
4085.75744319
4085.87581722
4085.95986485
4086.06762098
4086.17330913
4086.27098741
4086.37765103
4086.47468638
4086.57074942
4086.67937961
4086.76289135
4086.84701725
4086.94334507
4087.02943387
4087.13725462
4087.23406201
4087.34223627
4087.43827030
4087.53393813
4087.62960815
4087.72628559
4087.83299724
4087.93917154
4088.03677448
4088.17679389
4088.27337088
4088.36822512
4088.47558116
4088.57154790
4088.66824021
4088.76300375
4088.85133072
4088.94734159
4089.04326151
4089.19308157
4089.27727890
4089.37413798
4089.46045450
4089.55777219
4089.67725969
4089.77368820
4089.88222111
4089.97828537
4090.08573894
4090.19249789
4090.28890105
4090.38478952
4090.49161260
4090.57777430
4090.67460558
4090.75963479
4090.85493593
4090.96143669
4091.05830552
4091.16565035
4091.26144300
4091.37876475
4091.48603570
4091.58232012
4091.68976345
4091.79721263
4091.89369502
4091.99921884
4092.10503083
4092.20150616
4092.28571373
4092.38054846
4092.46510955
4092.57070822
4092.67819324
4092.76492667
4092.88260926
4092.96954115
4093.07704763
4093.17245506
4093.26966401
4093.36626392
4093.46425866
4093.57173076
4093.66859544
4093.76423401
4093.86996190
4093.99729347
4094.08259868
4094.18881247
4094.28606725
4094.39435733
4094.49235500
4094.58831295
4094.67340141
4094.77902494
4094.88564102
4094.99275716
4095.09040033
4095.19659218
4095.28179645
4095.39980183
4095.49649219
4095.60247754
4095.69907550
4095.79431861
4095.94537259
4096.06282038
4096.14066429
4096.23696821
4096.32179652
4096.43842756
4096.54607715
4096.63271281
4096.74170457
4096.83906956
4096.94728283
4097.04331832
4097.13919265
4097.23685850
4097.33310098
4097.41940702
4097.51661889
4097.61349187
4097.71045993
4097.81606957
4097.91276212
4098.01977756
4098.12760879
4098.22462317
4098.33113734
4098.41646863
4098.52429498
4098.63182852
4098.72866200
4098.83610630
4098.92144953
4099.02927588
4099.12716920
4099.22840709
4099.32540953
4099.43296964
4099.51788451
4099.62480949
4099.71049406
4099.80817624
4099.90501021
4099.98981341
4100.09757441
4100.20543782
4100.31356235
4100.40069564
4100.50848078
4100.59392593
4100.70196293
4100.79078655
4100.89871895
4100.98633888
4101.08310702
4101.16695351
4101.27405867
4101.36973552
4101.46647513
4101.57431196
4101.67109985
4101.76786165
4101.87633873
4101.99655059
4102.08236023
4102.18233105
4102.29376114
4102.38935290
4102.49999208
4102.59639913
4102.70494472
4102.80047504
4102.89765082
4102.99494071
4103.08104025
4103.18835825
4103.27442658
4103.38130573
4103.52582342
4103.61020264
4103.70479234
4103.80180526
4103.89855048
4103.99508212
4104.10210439
4104.19843928
4104.30406111
4104.41086858
4104.51057267
4104.61810206
4104.71595246
4104.82467042
4104.90932831
4105.01698083
4105.11377895
4105.21960656
4105.31412823
4105.39997225
4105.50777886
4105.59267153
4105.68799608
4105.78311460
4105.89023585
4105.97483547
4106.07161531
4106.16810673
4106.27581142
4106.41634356
4106.48032350
4106.58800185
4106.67329462
4106.76899658
4106.87579235
4106.96155372
4107.06830438
4107.17488657
4107.27009896
4107.37779975
4107.47612632
4107.57252801
4107.66952947
4107.77728610
4107.88446538
4107.98024779
4108.07565401
4108.18186878
4108.32228951
4108.40680525
4108.50378380
4108.61187176
4108.69915669
4108.80695671
4108.91424985
4109.02105342
4109.12885465
4109.22740601
4109.32730296
4109.43405606
4109.52868014
4109.62778519
4109.73437615
4109.81953873
4109.91690883
4110.01178355
4110.10858850
4110.21532063
4110.32216151
4110.41795172
4110.50351488
4110.59826427
4110.69390333
4110.79999620
4110.88685593
4110.99438166
4111.10195786
4111.19836419
4111.30532404
4111.41263936
4111.50805826
4111.60398501
4111.67898684
4111.78644284
4111.89400149
4111.97878738
4112.08648621
4112.17220760
4112.25855362
4112.35375187
4112.45052464
4112.55772318
4112.64250005
4112.73887078
4112.84554318
4112.94228450
4113.04936113
4113.15607645
4113.25600313
4113.35262352
4113.46026214
4113.54896970
4113.65681775
4113.75351689
4113.86115453
4113.96302023
4114.06925085
4114.16715587
4114.27499807
4114.37158774
4114.48896702
4114.57500048
4114.67234742
4114.77907663
4114.86439354
4114.97160914
4115.06857916
4115.17602443
4115.28376935
4115.36991179
4115.46683060
4115.55220895
4115.64629397
4115.74376500
4115.84057020
4115.94758613
4116.04313181
4116.14987613
4116.25766494
4116.35433604
4116.46019655
4116.54642360
4116.65434138
4116.76141046
4116.85774656
4116.96437605
4117.06111981
4117.16866237
4117.26545513
4117.36185146
4117.46221651
4117.55899294
4117.66652306
4117.76340896
4117.87094469
4117.95678993
4118.04704909
4118.14308068
4118.24115539
4118.34900442
4118.43575565
4118.54296395
4118.66245681
4118.77015638
4118.85657750
4118.96353369
4119.07098506
4119.17803610
4119.27467965
4119.38128525
4119.48968528
4119.58605552
4119.69292370
4119.76661066
4119.87343325
4120.01310231
4120.08649353
4120.19426014
4120.30147648
4120.39773482
4120.49300377
4120.60024376
4120.69790400
4120.80618993
4120.90200160
4120.99853422
4121.10544482
4121.21237517
4121.31821570
4121.40359160
4121.50061574
4121.60740419
4121.70412308
4121.79956953
4121.89638643
4121.98191984
4122.07674018
4122.17550512
4122.25147316
4122.35842423
4122.45413204
4122.56034291
4122.65733340
4122.76478624
4122.85963097
4122.95742554
4123.05407567
4123.16225579
4123.25891105
4123.35483195
4123.45070408
4123.54687757
4123.65452887
4123.76127685
4123.86791146
4123.96357222
4124.07118011
4124.17961087
4124.27747907
4124.38491581
4124.53521496
4124.61007903
4124.71795024
4124.82475088
4124.92220802
4125.03030695
4125.12751224
4125.23382380
4125.33964019
4125.44618825
4125.54502316
4125.65256962
4125.74117526
4125.84939537
4125.95643446
4126.06234471
4126.14842230
4126.24011677
4126.33738008
4126.43547966
4126.53226194
4126.62821088
4126.72516333
4126.82010705
4126.91643730
4127.02308971
4127.11903207
4127.22110720
4127.32037146
4127.41658493
4127.50173117
4127.59679362
4127.70475821
4127.80109066
4127.88889490
4127.98506303
4128.09173567
4128.18866107
4128.29610805
4128.39086232
4128.48779796
4128.60005944
4128.69610176
4128.80263494
4128.91040376
4129.05114899
4129.12505513
4129.23282272
4129.33955340
4129.43636517
4129.54371293
4129.63933297
4129.73558033
4129.83113576
4129.93981764
4130.03955561
4130.13985289
4130.24812858
4130.35573428
4130.45267431
4130.56028513
4130.66753585
4130.77357556
4130.85857308
4130.95428040
4131.05012475
4131.13579493
4131.23254112
4131.32931097
4131.41514938
4131.52270852
4131.62924950
4131.72764604
4131.83459346
4131.94113274
4132.02523426
4132.13200735
4132.22918485
4132.34573957
4132.44110410
4132.53755187
4132.64704685
4132.74415291
4132.85164548
4132.96016522
4133.05638260
4133.16258664
4133.26850591
4133.37521513
4133.47396129
4133.62338443
4133.74095925
4133.81557536
4133.91704853
4134.02283225
4134.13045258
4134.23815020
4134.33450801
4134.44261766
4134.54936394
4134.63518431
4134.74237383
4134.84908085
4134.94475185
4135.02925419
4135.13594950
4135.24429687
4135.34045939
4135.43720534
4135.54377900
4135.63860373
4135.72389406
4135.83062864
4135.92712249
4136.02350053
4136.13004566
4136.23668808
4136.34393538
4136.44292340
4136.53957865
4136.66824192
4136.76370738
4136.86054208
4136.95649882
4137.05335741
4137.14878996
4137.25673090
4137.35271739
4137.46122982
4137.56901716
4137.66647162
4137.77450326
4137.86030802
4137.96810414
4138.07376766
4138.22278997
4138.29662102
4138.39263189
4138.50025222
4138.59626650
4138.69379167
4138.80120890
4138.90833284
4139.00505636
4139.10190105
4139.20945385
4139.29596615
4139.39246293
4139.50055089
4139.57653892
4139.68276369
4139.77831960
4139.86426724
4139.96226320
4140.05282128
4140.14956284
4140.24622029
4140.35187966
4140.44739754
4140.55307520
4140.65957669
4140.74434673
4140.84612515
4140.95597512
4141.05420953
4141.16710930
4141.26372872
4141.37146291
4141.47808703
4141.57408595
4141.66972842
4141.77732120
4141.86403392
4141.97189464
4142.07844124
4142.17654472
4142.28473874
4142.39103421
4142.53191768
4142.61348675
4142.76451488
4142.84833528
4142.95536194
4143.05188310
4143.14779473
4143.25550771
4143.34125348
4143.44917711
4143.55722825
4143.65183989
4143.74902129
4143.85661212
4143.95148196
4144.02566361
4144.13705420
4144.22182473
4144.32427021
4144.42176856
4144.51675616
4144.61427376
4144.71068692
4144.80652346
4144.91434786
4144.99894674
4145.10715709
4145.21399772
4145.31159189
4145.40822666
4145.51503535
4145.61056811
4145.70868817
4145.80549141
4145.90228174
4145.99829260
4146.09421497
4146.18007069
4146.28691693
4146.39367929
4146.50135838
4146.59856001
4146.70587583
4146.81273718
4146.90752217
4147.05894186
4147.12075604
4147.27238419
4147.33746078
4147.44593493
4147.54251899
4147.64866501
4147.75709381
4147.85689689
4147.95686015
4148.06492007
4148.17225733
4148.33385923
4148.44201692
4148.54808491
4148.63504997
4148.74273101
4148.84073233
4148.93807806
4149.04577958
4149.13096872
4149.23806023
4149.34536410
4149.44233996
4149.55032772
4149.64668967
4149.74346926
4149.85162037
4149.94859769
4150.05561850
4150.16312010
4150.26983760
4150.37750986
4150.48518091
4150.58103842
4150.67827150
4150.78546419
4150.87949776
4150.98709128
4151.08588376
4151.19386591
4151.29005305
4151.39753733
4151.50614241
4151.60244877
4151.75271061
4151.83811919
4151.96752631
4152.03047543
4152.13798580
4152.23470298
4152.34226382
4152.44769767
4152.55368497
4152.65073349
4152.76360815
4152.85998376
4152.96720595
4153.07483238
4153.17159003
4153.26641574
4153.37397146
4153.47109873
4153.57255751
4153.65954866
4153.76699296
4153.86154731
4153.95843735
4154.06574560
4154.17498459
4154.25837540
4154.35617802
4154.46327148
4154.54954046
4154.64996963
4154.74700084
4154.84527548
4154.94538234
4155.05228855
4155.14936267
4155.24602987
4155.35331862
4155.44897913
4155.54380265
4155.64976947
4155.75793105
4155.86528710
4155.96268426
4156.07077758
4156.16757815
4156.31930333
4156.39373903
4156.53339102
4156.62004375
4156.72682489
4156.82375053
4156.93167465
4157.03994863
4157.12452070
4157.23247481
4157.33987083
4157.43719461
4157.54412813
4157.65174968
4157.73715022
4157.83863850
4157.93372557
4158.04154802
4158.13806040
4158.23473151
4158.34240962
4158.44073326
4158.53846128
4158.63444922
4158.73010657
4158.81635336
4158.92336783
4159.02963233
4159.11553755
4159.21224717
4159.31895419
4159.42820268
4159.58021800
4159.68697842
4159.78374509
4159.89145563
4159.98813063
4160.08583183
4160.18235153
4160.26760528
4160.37474287
4160.48100738
4160.58774195
4160.68383011
4160.78022424
4160.93194138
4161.00870472
4161.15998641
4161.24474110
4161.34150143
4161.44831012
4161.55557742
4161.65227704
4161.76258879
4161.85739572
4161.95510740
4162.05196282
4162.14864392
4162.24568951
4162.34281995
4162.43867454
4162.53460519
4162.64089652
4162.74647616
4162.84412323
4162.93969988
4163.04760205
4163.15374368
4163.23812777
4163.34599971
4163.45179245
4163.53772375
4163.63441216
4163.73099915
4163.83725391
4163.93367730
4164.04032825
4164.19084682
4164.28685793
4164.39524235
4164.50335542
4164.60173465
4164.69791204
4164.80371770
4164.91018140
4165.00615423
4165.11290709
4165.21841140
4165.32501359
4165.42121462
4165.53958353
4165.64706465
4165.79681717
4165.87033297
4165.96814071
4166.07748746
4166.17461375
4166.28209145
4166.38954478
4166.48443363
4166.58133708
4166.67676720
4166.77339441
4166.87024983
4166.97815201
4167.07500377
4167.17263109
4167.27224351
4167.36861107
4167.47526275
4167.57100469
4167.67876107
4167.77580666
4167.88313710
4167.97976944
4168.07626378
4168.17188431
4168.26834061
4168.36490322
4168.46177278
4168.56874287
4168.66754194
4168.81938586
4168.91641999
4169.02345616
4169.11990759
4169.20629676
4169.30213623
4169.40899759
4169.50597199
4169.61365693
4169.72112756
4169.81765701
4169.92590856
4170.03313587
4170.12958779
4170.23748850
4170.44369237
4170.50652568
4170.61527533
4170.72293760
4170.82038938
4170.92717491
4171.03604549
4171.13285703
4171.22950741
4171.33558930
4171.43293234
4171.53936800
4171.64839975
4171.73453756
4171.84150545
4171.94877446
4172.03540086
4172.13101432
4172.22616868
4172.32374797
4172.42327335
4172.51841357
4172.60329235
4172.69935271
4172.79572051
4172.89587199
4173.00278552
4173.09934203
4173.20676025
4173.31360599
4173.44352293
4173.55025628
4173.65699646
4173.76373054
4173.85068268
4173.95812405
4174.06487642
4174.16210024
4174.27178856
4174.36863033
4174.47648326
4174.58510881
4174.68162778
4174.78941292
4174.89611580
4175.03693881
4175.12252561
4175.22901223
4175.32403835
4175.42955924
4175.53563236
4175.63173977
4175.73913385
4175.81306949
4175.91587484
4176.02263038
4176.11823652
4176.22502400
4176.31090946
4176.40762153
4176.51522040
4176.60243804
4176.69978986
4176.78496633
4176.87585745
4176.96079572
4177.07060667
4177.17695237
4177.26303313
4177.37096163
4177.46735528
4177.56220537
4177.66969136
4177.77588273
4177.88341431
4178.01212000
4178.12143871
4178.21976186
4178.31560328
4178.42289861
4178.50677436
4178.60319410
4178.71092999
4178.80778834
4178.91415915
4179.02092274
4179.12860231
4179.22459343
4179.33169713
4179.43856897
4179.58889127
4179.66667203
4179.77419703
4179.87058141
4179.97805985
4180.08317772
4180.16978755
4180.27925522
4180.38704890
4180.48386263
4180.59131937
4180.68686992
4180.78279789
4180.86787757
4180.97473210
4181.07047599
4181.16750452
4181.26379064
4181.37017681
4181.47661345
4181.56172799
4181.65709472
4181.76360815
4181.86056110
4181.96752193
4182.07410753
4182.18114565
4182.27766973
4182.38625603
4182.49162137
4182.63161787
4182.73884250
4182.84536008
4182.94339676
4183.05052776
4183.14614195
4183.24228886
4183.35094953
4183.45723354
4183.56398518
4183.66106539
4183.76884396
4183.87649793
4183.97315977
4184.07973489
4184.23021372
4184.30484666
4184.41284465
4184.51928422
4184.61632396
4184.72317336
4184.81958188
4184.91632125
4185.02402033
4185.13261590
4185.22838344
4185.32427460
4185.43056934
4185.53712252
4185.62268908
4185.71955548
4185.82612036
4185.93261088
4186.02934634
4186.13617552
4186.23073401
4186.33749808
4186.43328318
4186.53924561
4186.64668040
4186.74463272
4186.85222526
4186.95000252
4187.05755434
4187.16480214
4187.31491330
4187.41175019
4187.51763899
4187.60826630
4187.70355598
4187.79232035
4187.89988534
4188.00621445
4188.11379163
4188.20964280
4188.31753961
4188.42499099
4188.52072050
4188.62852685
4188.73515391
4188.87480931
4188.94998058
4189.05588645
4189.16239354
4189.25885399
4189.35579207
4189.45247755
4189.54907527
4189.65606730
4189.76377638
4189.86050746
4189.94590677
4190.05374068
4190.13923459
4190.23621289
4190.34383420
4190.43875767
4190.54805005
4190.64435081
4190.72930809
4190.82531603
4190.92170212
4191.01751599
4191.11310677
4191.22043209
4191.32955551
4191.42639435
4191.52212727
4191.62264617
4191.73012363
4191.83799460
4191.92291653
4192.02922517
4192.13582638
4192.23155004
4192.32518255
4192.42224984
4192.52975485
4192.62778714
4192.73497129
4192.84182582
4192.94022212
4193.04643932
4193.15271700
4193.25928188
4193.38797489
4193.47242505
4193.57813806
4193.68482656
4193.78053583
4193.87758849
4193.98496550
4194.07086511
4194.17856736
4194.27500538
4194.37031749
4194.46782827
4194.57540618
4194.68254328
4194.76843923
4194.86568743
4194.95233383
4195.04063301
4195.13746551
4195.23292073
4195.36233371
4195.45968943
4195.55662555
4195.65258619
4195.73755128
4195.84520770
4195.95184328
4196.04803189
4196.15461164
4196.25541482
4196.39672984
4196.50539660
4196.60128361
4196.69781184
4196.80364651
4196.88951369
4196.99634432
4197.10485553
4197.20215786
4197.30940126
4197.41523886
4197.52248811
4197.61701564
4197.72625779
4197.83288095
4197.97313832
4198.04748990
4198.15609693
4198.24139554
4198.34995430
4198.45758975
4198.55413943
4198.66266917
4198.76959148
4198.86603754
4198.97460458
4199.08144107
4199.17712523
4199.28313983
4199.39056682
4199.49748791
4199.58233061
4199.67888736
4199.78664496
4199.87253311
4199.96905305
4200.07578762
4200.16251837
4200.25913559
4200.35493288
4200.46227771
4200.56954330
4200.67625861
4200.78191238
4200.87709405
4201.01841516
4201.12491518
4201.22147243
4201.32766501
4201.43642491
4201.52118763
4201.62700280
4201.73355427
4201.84086229
4201.93671394
4202.04429015
4202.15117807
4202.25878987
4202.35439114
4202.46042183
4202.56689285
4202.67420037
4202.77159217
4202.87859689
4202.97503491
4203.08104512
4203.18819978
4203.28338413
4203.39033935
4203.48788548
4203.59444451
4203.69032811
4203.77541169
4203.87201331
4203.97874227
4204.07369086
4204.16048500
4204.26810046
4204.37462804
4204.45843845
4204.56621360
4204.66243170
4204.76858357
4204.84111316
4204.94919771
4205.05785423
4205.14612440
4205.25336097
4205.35033293
4205.45664718
4205.60739347
4205.70653777
4205.81385968
4205.90939853
4206.00500833
4206.10089973
4206.20765941
4206.30682566
4206.41444063
4206.52016339
4206.62695428
4206.75863615
4206.86631524
4206.96197722
4207.06896169
4207.17543758
4207.28074441
4207.38832207
4207.47300385
4207.57026692
4207.66489052
4207.76106157
4207.85682765
4207.96539737
4208.07235869
4208.16012051
4208.26664272
4208.36340769
4208.47013471
4208.57792132
4208.65294094
4208.76102548
4208.86663682
4208.95246890
4209.04116817
4209.14810778
4209.23395546
4209.34070222
4209.44728173
4209.54338915
4209.65111919
4209.75850791
4209.86528271
4209.96348932
4210.05987126
4210.18923450
4210.28514760
4210.37951885
4210.47490386
4210.54872979
