4023.37319688
4023.46753838
4023.53576426
4023.63839186
4023.72522599
4023.81191554
4023.89081100
4023.97751445
4024.06470332
4024.15071532
4024.24837068
4024.36821415
4024.45700558
4024.54460551
4024.65437819
4024.73930476
4024.82577049
4024.96659545
4025.05155469
4025.14665614
4025.23185943
4025.32874874
4025.43523073
4025.51899384
4025.62790831
4025.72450017
4025.82235863
4025.89606314
4026.00229766
4026.06461555
4026.14934414
4026.24460578
4026.33934567
4026.43510468
4026.51003702
4026.59465663
4026.69072723
4026.78738419
4026.88351330
4026.95772421
4027.06394410
4027.14920931
4027.25551137
4027.34352968
4027.47246845
4027.53446597
4027.62956670
4027.73634150
4027.86461638
4027.97307371
4028.06795403
4028.15382536
4028.23947482
4028.33520750
4028.43187104
4028.52822275
4028.60134212
4028.68615166
4028.78215228
4028.87079792
4028.95796704
4029.05400619
4029.13918022
4029.22347069
4029.29878922
4029.39502878
4029.48228543
4029.56711764
4029.65189987
4029.74962813
4029.83541437
4029.91029233
4030.01885450
4030.18102984
4030.23235559
4030.33503829
4030.43082705
4030.51639508
4030.62384791
4030.70863087
4030.81546004
4030.91104449
4031.01726389
4031.10145025
4031.19728314
4031.28305523
4031.36801154
4031.46369717
4031.54946609
4031.62418339
4031.70855334
4031.79312492
4031.88949541
4031.97471966
4032.05967183
4032.14540930
4032.24203457
4032.33794401
4032.43354650
4032.50821064
4032.59312258
4032.69927079
4032.83950110
4032.91225378
4032.99805367
4033.09477500
4033.20169194
4033.30914989
4033.40580442
4033.51317143
4033.59753723
4033.69427685
4033.82796941
4033.93538275
4034.02034125
4034.10620794
4034.19083487
4034.29807339
4034.42501244
4034.52078096
4034.60765288
4034.70828271
4034.79305397
4034.87786985
4034.96273814
4035.04753842
4035.15379366
4035.22808892
4035.30675788
4035.39348010
4035.47825551
4035.57811661
4035.67676427
4035.77375476
4035.86194862
4035.93684341
4036.04459856
4036.12972481
4036.22457027
4036.31030945
4036.40606139
4036.54661401
4036.64347187
4036.71820112
4036.82435518
4036.89863216
4036.99435825
4037.07923898
4037.16698862
4037.26348978
4037.34911267
4037.43569787
4037.52025141
4037.62631453
4037.70053421
4037.79742767
4037.87311898
4037.98180427
4038.07968174
4038.16646540
4038.25228382
4038.37885374
4038.45214061
4038.52551013
4038.62221585
4038.72888313
4038.82483548
4038.91990256
4039.00525872
4039.10697619
4039.26903839
4039.34539506
4039.44105119
4039.53679386
4039.62142445
4039.69538008
4039.79312541
4039.87903428
4039.96461036
4040.06091428
4040.15726575
4040.24185098
4040.32714619
4040.40097772
4040.48692219
4040.58370398
4040.68038581
4040.76723384
4040.87346665
4040.95769592
4041.08629677
4041.16025070
4041.25679039
4041.35264644
4041.45939637
4041.56720102
4041.66395161
4041.73842973
4041.82297936
4041.91965583
4042.00431250
4042.11211983
4042.20781277
4042.29350246
4042.37925237
4042.46376056
4042.53729660
4042.62196717
4042.72978937
4042.81442702
4042.90036954
4043.00635855
4043.10125862
4043.18563539
4043.28043209
4043.34383078
4043.44070912
4043.54832336
4043.65591151
4043.74260740
4043.83801996
4043.93457720
4044.05182922
4044.14825163
4044.24480254
4044.34251105
4044.43681964
4044.53217660
4044.61798015
4044.71466637
4044.82196756
4044.90724472
4044.98298918
4045.06799474
4045.16445056
4045.25015707
4045.32594055
4045.41229316
4045.49732115
4045.58215238
4045.68836910
4045.76401629
4045.86035971
4045.96811414
4046.06470137
4046.16342681
4046.26105730
4046.34602873
4046.46312153
4046.53648935
4046.63231345
4046.71697646
4046.81472228
4046.92238357
4047.01811454
4047.11435946
4047.18912138
4047.29698722
4047.38136888
4047.47796635
4047.57468158
4047.67440225
4047.75928932
4047.83293751
4047.92997749
4048.01647175
4048.12428713
4048.18749127
4048.28341314
4048.39103079
4048.48768288
4048.57573703
4048.66255287
4048.75868199
4048.85498786
4048.97327631
4049.07028143
4049.14522718
4049.27473207
4049.33673837
4049.44348636
4049.53996290
4049.62483485
4049.72059825
4049.82693956
4049.91209555
4049.99686681
4050.08269303
4050.16805211
4050.26477905
4050.36055927
4050.44722712
4050.54411960
4050.63945121
4050.71362677
4050.78751780
4050.88415696
4050.96897576
4051.05461596
4051.13944134
4051.22621476
4051.32195085
4051.41722078
4051.52351821
4051.60792814
4051.70455536
4051.80054330
4051.94105960
4052.01478094
4052.11164440
4052.20741365
4052.31358064
4052.39785672
4052.49595776
4052.57000654
4052.65558554
4052.75140818
4052.83724513
4052.93394549
4053.02966378
4053.12443756
4053.20910813
4053.31513492
4053.41144153
4053.48654941
4053.58405848
4053.68085612
4053.75454869
4053.85046154
4053.94556349
4054.03004193
4054.13760497
4054.22232186
4054.32902498
4054.42478107
4054.51065483
4054.59748433
4054.69473350
4054.81279716
4054.89806676
4054.98374109
4055.09163742
4055.19817913
4055.29312504
4055.37771783
4055.46258491
4055.61788994
4055.69215059
4055.78905964
4055.87582331
4055.97254903
4056.05724373
4056.13014904
4056.22711807
4056.31576980
4056.39169615
4056.48682613
4056.56110092
4056.65874847
4056.74405709
4056.83980586
4056.92553773
4057.02243094
4057.10764691
4057.20535883
4057.31153581
4057.40969220
4057.49548136
4057.59126865
4057.73099720
4057.83760377
4057.94520801
4058.05164392
4058.11480807
4058.21149551
4058.30836068
4058.40451271
4058.49042037
4058.59744922
4058.68219293
4058.77794926
4058.87326600
4058.94658505
4059.03144115
4059.12900850
4059.23486316
4059.33155182
4059.41725102
4059.49104988
4059.58980409
4059.69570264
4059.76897951
4059.86553822
4059.96033077
4060.06691808
4060.20644134
4060.29121967
4060.37600824
4060.49320491
4060.57978841
4060.68619286
4060.78049804
4060.86616993
4060.95092949
4061.04683113
4061.14357805
4061.21953609
4061.32561653
4061.40100479
4061.48704751
4061.57332454
4061.65911833
4061.74288388
4061.84269890
4061.91667112
4062.01333076
4062.09809739
4062.20528715
4062.26810314
4062.35384525
4062.43977168
4062.54743151
4062.63247315
4062.74031681
4062.89256960
4062.94438345
4063.07258372
4063.14587230
4063.25257664
4063.34945156
4063.45196994
4063.54865470
4063.63354372
4063.72994053
4063.83714151
4063.93312873
4064.01695962
4064.10177988
4064.18663696
4064.27245246
4064.35912738
4064.43395219
4064.53076519
4064.61952030
4064.71575547
4064.78003675
4064.87578747
4064.97153234
4065.05729371
4065.15406965
4065.25131566
4065.33731766
4065.42304295
4065.52981263
4065.62596393
4065.72287177
4065.81961114
4065.91637026
4066.01201516
4066.10781367
4066.19346338
4066.30069069
4066.37518636
4066.46182618
4066.54766556
4066.64334460
4066.72916668
4066.81402547
4066.89969005
4066.98536925
4067.07328150
4067.16846366
4067.23167731
4067.31649294
4067.40241035
4067.49808378
4067.58584707
4067.67060687
4067.76637197
4067.86302942
4067.94978748
4068.06760977
4068.15317780
4068.23958746
4068.32537881
4068.43218921
4068.53908592
4068.63464720
4068.74138933
4068.84751291
4068.92077881
4069.01614042
4069.15679032
4069.24363542
4069.35028125
4069.45680907
4069.55217628
4069.64742207
4069.72067212
4069.80649883
4069.89223704
4069.98791511
4070.07370159
4070.15860743
4070.25618721
4070.34307083
4070.41985441
4070.53782006
4070.61202536
4070.69688170
4070.79368202
4070.87745440
4070.98426650
4071.12389314
4071.17587376
4071.27144187
4071.37864041
4071.46378104
4071.54981937
4071.64551426
4071.73214652
4071.81801663
4071.90486148
4072.00142214
4072.10921850
4072.21744397
4072.28169990
4072.36963702
4072.47729904
4072.57399257
4072.66072991
4072.76846118
4072.86530368
4072.96194845
4073.06028964
4073.15749639
4073.25323663
4073.35334568
4073.44872167
4073.54496367
4073.64265511
4073.75134796
4073.86856828
4073.95283705
4074.05954432
4074.15633537
4074.26293902
4074.35970447
4074.44465201
4074.55232525
4074.67045790
4074.75548711
4074.86170822
4074.95948305
4075.06537721
4075.17298437
4075.26977933
4075.38739438
4075.50477830
4075.59089026
4075.69866614
4075.79554473
4075.90311386
4076.00181345
4076.10856972
4076.20551999
4076.32399739
4076.39835214
4076.49453733
4076.59138032
4076.68715713
4076.79386464
4076.88945079
4076.99622096
4077.11651839
4077.20060845
4077.30841286
4077.41817359
4077.51492442
4077.61162941
4077.71856610
4077.82518779
4077.93081083
4078.00407625
4078.10075076
4078.18667816
4078.29320550
4078.39008603
4078.48689830
4078.59551289
4078.70274824
4078.79800184
4078.89580811
4078.99151714
4079.08833404
4079.19994797
4079.29566261
4079.40326295
4079.52062126
4079.60600424
4079.74634938
4079.82030258
4079.90609784
4080.01273952
4080.10955106
4080.21663257
4080.32303751
4080.41415293
4080.49896369
4080.60537595
4080.71164874
4080.80825133
4080.90458574
4081.01279633
4081.11315017
4081.18643045
4081.29405712
4081.39095034
4081.48867908
4081.59638938
4081.68226948
4081.78827799
4081.90534666
4081.99038953
4082.09818735
4082.19592292
4082.30207699
4082.40946521
4082.50520642
4082.61293891
4082.73111130
4082.81622390
4082.91409405
4083.02075304
4083.12064438
4083.21628490
4083.31318957
4083.41077447
4083.55994965
4083.62329568
4083.71889354
4083.81570848
4083.90160370
4084.02028493
4084.11692312
4084.22286165
4084.33980671
4084.42509509
4084.53290096
4084.64252736
4084.72841282
4084.83897837
4084.91403212
4084.98865946
4085.10781904
4085.19270245
4085.29402055
4085.38961548
4085.49619840
4085.59102119
4085.69773552
4085.78249215
4085.91078142
4085.98493478
4086.09165399
4086.19840173
4086.29526959
4086.40292405
4086.49909730
4086.59688480
4086.71413925
4086.78727594
4086.87223859
4086.96902135
4087.05476395
4087.16236575
4087.25912657
4087.36621321
4087.48453945
4087.55875133
4087.65464590
4087.75028715
4087.85697808
4087.96534300
4088.06164741
4088.20197622
4088.31903709
4088.39345377
4088.50008204
4088.59676095
4088.69240293
4088.79012802
4088.87596399
4088.97177128
4089.07812868
4089.21759781
4089.30261459
4089.40025020
4089.48569778
4089.58429717
4089.70196049
4089.79968729
4089.91813958
4090.00309150
4090.10998382
4090.21660648
4090.31322614
4090.40924651
4090.51765996
4090.60362223
4090.71040141
4090.78409276
4090.87956408
4090.98681894
4091.08364242
4091.19021706
4091.29649717
4091.40358575
4091.52173035
4091.60712040
4091.71566428
4091.82244103
4091.91769950
4092.02336375
4092.13041894
4092.22583442
4092.32077569
4092.40488062
4092.48923082
4092.59577986
4092.70339092
4092.78916643
4092.90879193
4092.99552366
4093.11277422
4093.19705786
4093.29469298
4093.39176125
4093.48924887
4093.59702889
4093.69262358
4093.78852668
4093.90574115
4094.02237998
4094.10775150
4094.21407672
4094.31161383
4094.42049100
4094.51708725
4094.61298255
4094.71917294
4094.80340953
4094.91024845
4095.01871919
4095.11454671
4095.22083097
4095.30759512
4095.42484665
4095.54196823
4095.62721370
4095.72318726
4095.81886240
4095.96942681
4096.09098084
4096.16549455
4096.26114214
4096.36743298
4096.46357014
4096.57189947
4096.66000238
4096.76754518
4096.86470366
4096.97157257
4097.06833242
4097.17633724
4097.26150664
4097.35842326
4097.44524666
4097.54219619
4097.63857179
4097.73539674
4097.84123921
4097.95934164
4098.04473534
4098.15244027
4098.24909138
4098.35549438
4098.44197011
4098.54953070
4098.65736851
4098.76352794
4098.86155535
4098.94654580
4099.05523596
4099.15705436
4099.25361551
4099.35034171
4099.45804347
4099.56466687
4099.64988820
4099.73653435
4099.83353947
4099.94059368
4100.01481361
4100.12265093
4100.23129843
4100.35052627
4100.42581823
4100.53356900
4100.61928283
4100.73016337
4100.81632947
4100.92713638
4101.01181792
4101.11808633
4101.19148681
4101.29908935
4101.39505340
4101.49157846
4101.59928486
4101.69602642
4101.79379076
4101.91401676
4102.02167732
4102.11050655
4102.21153842
4102.31795433
4102.41820309
4102.52554329
4102.62232678
4102.74051259
4102.82569320
4102.92336685
4103.02015596
4103.10605995
4103.21371466
4103.29846739
4103.41035121
4103.56034096
4103.63445556
4103.73039304
4103.82696467
4103.92336197
4104.01949231
4104.12680471
4104.22245108
4104.35070474
4104.43892932
4104.53590177
4104.64357257
4104.74225607
4104.84893627
4104.93457281
4105.04233260
4105.15947442
4105.24368028
4105.33909357
4105.42491443
4105.53309113
4105.61699370
4105.71215416
4105.80819916
4105.92539047
4105.99974083
4106.09680008
4106.19340267
4106.30114442
4106.44152198
4106.50458227
4106.61302058
4106.71891036
4106.79308567
4106.90091909
4106.98557771
4107.09243394
4107.19910025
4107.29553241
4107.40505641
4107.52244959
4107.59790368
4107.69427758
4107.80199129
4107.91000366
4108.00446878
4108.10028119
4108.20697114
4108.36864545
4108.43191858
4108.52968975
4108.63839113
4108.72429879
4108.83190888
4108.93861980
4109.04638837
4109.16765592
4109.25588903
4109.35155222
4109.45820731
4109.55535531
4109.65279880
4109.75952020
4109.84533618
4109.95166969
4110.03694027
4110.13317739
4110.23942288
4110.34629301
4110.44291535
4110.52769076
4110.62258693
4110.73967242
4110.82589069
4110.91184979
4111.01937113
4111.12725039
4111.22297941
4111.33065094
4111.43706661
4111.55406946
4111.62900569
4111.70367813
4111.81145791
4111.91816762
4112.00384682
4112.11167171
4112.19735530
4112.28308595
4112.38959549
4112.47526007
4112.58283237
4112.66774650
4112.76360255
4112.87111975
4112.96687924
4113.07361991
4113.19566010
4113.28192956
4113.37767614
4113.48842381
4113.57424223
4113.68188134
4113.77861486
4113.89004666
4113.99846693
4114.09475086
4114.19241256
4114.29960013
4114.39632048
4114.51396162
4114.60088352
4114.69749367
4114.81477835
4114.88912018
4114.99673759
4115.09344282
4115.20119213
4115.30900483
4115.39513630
4115.49218165
4115.59965325
4115.67252784
4115.76944105
4115.86511009
4115.97271360
4116.06752054
4116.17502969
4116.28299355
4116.38909154
4116.48526868
4116.57234613
4116.67880300
4116.78651135
4116.88283990
4116.98949865
4117.08639454
4117.20367362
4117.28982923
4117.38971349
4117.48733057
4117.58400070
4117.69080208
4117.78850888
4117.89620723
4117.99744073
4118.07274098
4118.16999966
4118.26677146
4118.37451345
4118.46039209
4118.56830572
4118.68760306
4118.80682846
4118.88064367
4118.98837639
4119.09530236
4119.20281054
4119.29948724
4119.40744745
4119.51505803
4119.63216278
4119.71735924
4119.79139266
4119.89790317
4120.03738766
4120.11128917
4120.21898801
4120.32622532
4120.44350830
4120.51766410
4120.62601001
4120.72373754
4120.83137957
4120.92718222
4121.02346981
4121.12980015
4121.24709020
4121.34329709
4121.42894898
4121.52493376
4121.63257823
4121.72935027
4121.82492569
4121.92168676
4122.02796200
4122.10418725
4122.20189528
4122.27590894
4122.38267691
4122.47829671
4122.58541626
4122.68236847
4122.79946177
4122.88579024
4122.98236747
4123.07913293
4123.18704851
4123.28360649
4123.37943766
4123.47534345
4123.59335152
4123.67876473
4123.78628583
4123.89199835
4123.98825668
4124.09714360
4124.20586425
4124.30237468
4124.42067922
4124.56073179
4124.63574483
4124.74221413
4124.85016678
4124.94775314
4125.05547758
4125.17364607
4125.25782634
4125.36456944
4125.47330496
4125.57017793
4125.68082491
4125.76656532
4125.87427561
4125.99142840
4126.08761578
4126.17941021
4126.26513769
4126.36288155
4126.46068685
4126.55734723
4126.65416315
4126.76001148
4126.84512041
4126.94055565
4127.04814209
4127.14986321
4127.24966165
4127.34547382
4127.44108313
4127.54734593
4127.62182941
4127.72954239
4127.82730771
4127.91398434
4128.00914017
4128.11693263
4128.21353692
4128.33086647
4128.41610658
4128.51788621
4128.62449791
4128.72036249
4128.82792357
4128.93593327
4129.09784065
4129.15028793
4129.25785901
4129.36480228
4129.46151044
4129.56810531
4129.66405011
4129.76048642
4129.86883501
4129.96805245
4130.06780969
4130.16557038
4130.27331920
4130.38100901
4130.47771766
4130.58531044
4130.70219236
4130.79840680
4130.88286331
4130.97847311
4131.07520735
4131.16100578
4131.25866553
4131.35449598
4131.44027807
4131.55859066
4131.65527760
4131.75201283
4131.85895439
4131.96545515
4132.04924191
4132.15737887
4132.26379991
4132.38046361
4132.46668432
4132.56371723
4132.67225404
4132.76888687
4132.87679221
4132.98440864
4133.08126138
4133.20832526
4133.29277274
4133.40050571
4133.49816985
4133.64758689
4133.76623788
4133.84569556
4133.96320163
4134.04786122
4134.15556323
4134.26228610
4134.36000777
4134.46675015
4134.57455480
4134.65927559
4134.77837787
4134.87313580
4134.96898941
4135.05437751
4135.16111257
4135.26924100
4135.36645897
4135.46175011
4135.57890192
4135.66315313
4135.74799924
4135.85559227
4135.95133957
4136.04804505
4136.15485130
4136.26261329
4136.38283368
4136.46797943
4136.56391496
4136.69241731
4136.78831456
4136.88491740
4136.98168700
4137.07741066
4137.18569269
4137.28097432
4137.37776489
4137.48646651
4137.59422679
4137.69192311
4137.79957343
4137.88652020
4138.00353011
4138.09794086
4138.24716334
4138.32106193
4138.41759771
4138.52439811
4138.62220439
4138.71888695
4138.84951678
4138.93335425
4139.03012263
4139.12629929
4139.23506967
4139.32095733
4139.41862171
4139.52780730
4139.62264666
4139.70702100
4139.80361554
4139.89055988
4139.99226466
4140.07787195
4140.17478954
4140.27038251
4140.39815685
4140.47137643
4140.57722500
4140.68471879
4140.77461346
4140.87229808
4140.98357969
4141.08444163
4141.20301168
4141.28887179
4141.39641386
4141.50218685
4141.59889671
4141.69479421
4141.80329615
4141.88929694
4142.01736580
4142.10465269
4142.20190649
4142.30952341
4142.41625701
4142.56387327
4142.63875904
4142.79933864
4142.87266111
4142.98045991
4143.07605435
4143.17281029
4143.28043794
4143.36629244
4143.47399835
4143.59232703
4143.67759761
4143.77427188
4143.88081970
4143.97578145
4144.05440433
4144.16121375
4144.25268879
4144.35025248
4144.46742160
4144.54280864
4144.63861154
4144.73622398
4144.83208418
4144.93880168
4145.02464058
4145.13113183
4145.25052937
4145.33666767
4145.43346287
4145.53917491
4145.63610932
4145.73367496
4145.83043261
4145.92718076
4146.03461628
4146.11983981
4146.20448819
4146.31114425
4146.41895549
4146.52665042
4146.62330080
4146.73010340
4146.84727422
4146.93258455
4147.08310726
4147.14602224
4147.29861685
4147.36262994
4147.47113628
4147.58837976
4147.67471164
4147.78544054
4147.88602649
4147.98276244
4148.09005826
4148.26271642
4148.37041965
4148.46669188
4148.57437511
4148.66021035
4148.76882616
4148.86644982
4148.96344495
4149.07098531
4149.16686988
4149.26297510
4149.37072246
4149.46747450
4149.57580725
4149.67201584
4149.76936863
4149.87662154
4149.98422944
4150.08059383
4150.18727233
4150.30550421
4150.40276972
4150.50934631
4150.60626317
4150.70300936
4150.82004951
4150.90489196
4151.01453323
4151.11044194
4151.21807812
4151.31489818
4151.42404159
4151.53135034
4151.64811961
4151.77714615
4151.86299017
4151.99149252
4152.05545905
4152.16322054
4152.25997600
4152.38821090
4152.47209030
4152.57915719
4152.68168580
4152.78879511
4152.88512317
4152.99232684
4153.10003348
4153.21735181
4153.29147177
4153.39917037
4153.50085979
4153.59869021
4153.68449571
4153.79103547
4153.88696686
4154.00520362
4154.09243028
4154.19916681
4154.28556574
4154.38087565
4154.48828119
4154.57886535
4154.67548403
4154.78561389
4154.87395988
4154.96959650
4155.07739749
4155.17406737
4155.27077895
4155.37756082
4155.47324376
4155.58954907
4155.67475845
4155.78352713
4155.89124547
4155.98868920
4156.09580826
4156.19247083
4156.35557215
4156.41802097
4156.55947763
4156.64448612
4156.75203599
4156.84875122
4156.95754232
4157.06431908
4157.17165561
4157.25795970
4157.36540693
4157.46150215
4157.56946406
4157.67662676
4157.76725895
4157.86289386
4157.98017928
4158.06650848
4158.16326077
4158.25998868
4158.36861936
4158.46657509
4158.56330032
4158.65983440
4158.76818957
4158.84086862
4158.94752079
4159.05476273
4159.14063771
4159.23627774
4159.34399072
4159.45386970
4159.60537204
4159.71211637
4159.80888012
4159.91656652
4160.01435646
4160.11095174
4160.20738440
4160.31367670
4160.39934493
4160.50504722
4160.61284797
4160.70943252
4160.80534805
4160.95889522
4161.05543223
4161.18429078
4161.27006264
4161.36595696
4161.47273006
4161.58028334
4161.68006423
4161.79728455
4161.88243493
4161.98029509
4162.07696107
4162.17386062
4162.27138384
4162.36720039
4162.46393293
4162.58114886
4162.66486565
4162.77273466
4162.86850221
4162.96424488
4163.07195616
4163.17916055
4163.26343688
4163.38072473
4163.47679704
4163.56262521
4163.65933167
4163.75509677
4163.86197690
4163.95762498
4164.06434711
4164.22641005
4164.31256444
4164.42040420
4164.52953152
4164.62639133
4164.72216887
4164.82790065
4164.93453819
4165.05268035
4165.13691987
4165.24266750
4165.34955689
4165.44629114
4165.56503722
4165.67219967
4165.83270760
4165.89749796
4165.99483295
4166.10173868
4166.19927286
4166.30708970
4166.41365483
4166.50946845
4166.62768376
4166.70205729
4166.79883420
4166.89548409
4167.00409478
4167.10026095
4167.20137767
4167.29733197
4167.41517084
4167.49930965
4167.59610656
4167.70385562
4167.80069885
4167.90860249
4168.00498322
4168.10069176
4168.20797832
4168.29336471
4168.39002874
4168.48571314
4168.59557847
4168.69217058
4168.84393672
4168.96213593
4169.04829447
4169.14506626
4169.23081471
4169.32756383
4169.43427744
4169.53095951
4169.63879610
4169.75701019
4169.84323431
4169.95107528
4170.05826432
4170.15454289
4170.26233023
4170.47824478
4170.53271615
4170.64037574
4170.74901617
4170.84579991
4170.95363772
4171.06152112
4171.15806934
4171.26427534
4171.36071092
4171.45790670
4171.56624602
4171.67347358
4171.75937733
4171.86694695
4171.97460800
4172.07091948
4172.15513656
4172.25088363
4172.35254282
4172.44743753
4172.54244244
4172.62727367
4172.72502509
4172.82484060
4172.93155080
4173.02793883
4173.12447023
4173.23124138
4173.33901287
4173.46771222
4173.57528111
4173.69256018
4173.78977449
4173.87559974
4173.98229165
4174.09001438
4174.18880906
4174.29700941
4174.39355276
4174.51384166
4174.61009122
4174.70671599
4174.81451041
4174.92117647
4175.06185514
4175.14667419
4175.26384379
4175.34805234
4175.45367271
4175.56104655
4175.65729488
4175.76351282
4175.84330135
4175.94101108
4176.06921330
4176.14270985
4176.24910382
4176.33595136
4176.43272315
4176.54142600
4176.62827158
4176.72487344
4176.81662886
4176.91193780
4176.98827521
4177.09520410
4177.20316089
4177.28806478
4177.39575484
4177.49145558
4177.58737307
4177.71549118
4177.80068569
4177.90842939
4178.03787357
4178.14951627
4178.24424909
4178.34083559
4178.45749393
4178.53138520
4178.62836350
4178.73585486
4178.83255570
4178.93829115
4179.04593269
4179.15372978
4179.27103714
4179.35616339
4179.46383029
4179.61596312
4179.69171441
4179.79905558
4179.89533683
4180.01267662
4180.10942159
4180.19483237
4180.30451605
4180.41224976
4180.50897864
4180.61562934
4180.71160510
4180.82868743
4180.89382741
4180.99862175
4181.09556348
4181.19235453
4181.28825958
4181.39524967
4181.50094440
4181.60820096
4181.68240967
4181.78913815
4181.88499859
4181.99164027
4182.09830536
4182.20603613
4182.30414400
4182.42093180
4182.51602961
4182.65665878
4182.76300643
4182.87277326
4182.96787959
4183.07458564
4183.18174225
4183.26819384
4183.37486014
4183.48150719
4183.58919701
4183.68605511
4183.79367349
4183.90138745
4184.00850163
4184.10469730
4184.25534924
4184.33068922
4184.43701712
4184.54430124
4184.64118567
4184.75846329
4184.84566435
4184.94034938
4185.04914293
4185.15781481
4185.25274657
4185.34957859
4185.45606155
4185.57307341
4185.64801550
4185.74457933
4185.85130732
4185.95772421
4186.05446431
4186.16015025
4186.25505691
4186.37313154
4186.45742030
4186.56423191
4186.67295353
4186.77056184
4186.87752047
4186.97474941
4187.08223784
4187.21134800
4187.34000176
4187.43629398
4187.54764386
4187.63326407
4187.73300253
4187.81819046
4187.93503410
4188.03129048
4188.13791339
4188.23473297
4188.34246228
4188.44919003
4188.54583651
4188.65268664
4188.77078785
4188.90053875
4188.97438735
4189.08031540
4189.18740667
4189.28410215
4189.38104583
4189.47780007
4189.59597125
4189.68106238
4189.78887435
4189.88565785
4189.97097914
4190.07860898
4190.16453468
4190.26217029
4190.37900198
4190.46414041
4190.57289592
4190.66954313
4190.75451285
4190.85012289
4190.94605159
4191.04169431
4191.15990035
4191.24655869
4191.35456717
4191.45134896
4191.55121494
4191.64810035
4191.75555221
4191.86324568
4191.96894967
4192.05417100
4192.16088388
4192.25564083
4192.35046167
4192.44730709
4192.55606699
4192.65271127
4192.77070154
4192.86710518
4192.96476200
4193.07038066
4193.17724177
4193.28446738
4193.41260962
4193.51791961
4193.60316484
4193.70893466
4193.80568280
4193.90333353
4194.01041748
4194.09599136
4194.20376139
4194.30980135
4194.39630146
4194.49300767
4194.60052902
4194.70773585
4194.79345699
4194.89132007
4194.98099336
4195.06686737
4195.18408403
4195.25750402
4195.38703744
4195.48496709
4195.58158772
4195.67680889
4195.76250223
4195.86926289
4195.98747698
4196.07324542
4196.18346183
4196.28132492
4196.42301540
4196.52956297
4196.62635915
4196.73246201
4196.82870449
4196.91362594
4197.02237584
4197.13003494
4197.22687012
4197.33352838
4197.43990553
4197.55747742
4197.64343067
4197.75041393
4197.85721140
4197.99782547
4198.07276122
4198.18116929
4198.26705111
4198.38657030
4198.48241172
4198.58003514
4198.68692892
4198.79460972
4198.89220608
4198.99929393
4199.10580225
4199.22308498
4199.30917988
4199.41489509
4199.52259149
4199.60741200
4199.70312737
4199.81176341
4199.89755574
4200.00494787
4200.10206636
4200.18779286
4200.28364379
4200.37945497
4200.48723768
4200.59382207
4200.70045473
4200.81674150
4200.90299366
4201.04267272
4201.14960989
4201.24603304
4201.35486096
4201.46108548
4201.56734268
4201.65120380
4201.75895920
4201.86530002
4201.96180704
4202.06876323
4202.17636064
4202.28299501
4202.40015633
4202.48531061
4202.59221756
4202.70036598
4202.79602162
4202.90348420
4202.99897771
4203.10584418
4203.22349702
4203.30783917
4203.41658517
4203.51215426
4203.61887786
4203.71571719
4203.80043457
4203.89629403
4204.01334685
4204.09857452
4204.18557615
4204.29214444
4204.39874614
4204.48358859
4204.59036095
4204.68611996
4204.80325690
4204.86682529
4204.97537722
4205.08518281
4205.17087567
4205.27861425
4205.37526170
4205.48100567
4205.64607112
4205.73135682
4205.83807164
4205.93372411
4206.02958357
4206.12524189
4206.23403933
4206.33194655
4206.46014097
4206.54442851
4206.65413365
4206.78299245
4206.89059620
4206.98619357
4207.09385949
4207.21014895
4207.30593210
4207.41304921
4207.49887324
4207.59457763
4207.68938018
4207.78532107
4207.88291963
4208.00121612
4208.09925645
4208.18410134
4208.29192648
4208.38767037
4208.49542017
4208.60313095
4208.67904340
4208.79660749
4208.89108431
4208.98082538
4209.06564540
4209.17324476
4209.25913121
4209.36482934
4209.47154246
4209.58981287
4209.67588461
4209.78372510
4209.89047527
4209.98808772
4210.08491803
4210.21412962
4210.31998136
4210.40353455
4210.49937134
