8022.60714941
8022.67328877
8022.73154212
8022.79284113
8022.86151805
8022.92217535
8022.98124010
8023.03981381
8023.10014758
8023.16006882
8023.21756490
8023.27687125
8023.33696999
8023.40666677
8023.46527754
8023.52581050
8023.58341751
8023.64543186
8023.70261707
8023.76349990
8023.82270483
8023.88068292
8023.94107862
8024.00014921
8024.06108031
8024.11903377
8024.17746632
8024.23996463
8024.29602759
8024.35561994
8024.41447988
8024.47460714
8024.55256540
8024.61170377
8024.67065441
8024.74232507
8024.80092218
8024.86117647
8024.91723895
8024.97584972
8025.03584947
8025.09501442
8025.15697171
8025.21400504
8025.28291797
8025.34282946
8025.40092921
8025.46102380
8025.52033040
8025.58010804
8025.63912963
8025.72237074
8025.78112731
8025.84102027
8025.89973929
8025.95815575
8026.01791047
8026.07656196
8026.13626353
8026.19561597
8026.27730426
8026.32491289
8026.38318184
8026.44246309
8026.50288585
8026.56223487
8026.63110148
8026.69280351
8026.75282861
8026.81081133
8026.86990484
8026.92916561
8026.98774566
8027.04916926
8027.10781928
8027.16659877
8027.24759513
8027.29513964
8027.35588350
8027.41373846
8027.47249039
8027.53225024
8027.60112294
8027.67319612
8027.73330242
8027.79330436
8027.85106912
8027.91064391
8027.97007071
8028.02904036
8028.08857737
8028.14937730
8028.22932479
8028.27646921
8028.33569048
8028.39544203
8028.45478423
8028.52461901
8028.58409871
8028.64366497
8028.70419159
8028.76491692
8028.82253075
8028.88183833
8028.94045763
8029.00014750
8029.06016627
8029.11900817
8029.19996991
8029.24848527
8029.30896143
8029.36649066
8029.42702118
8029.49659264
8029.55526047
8029.61518000
8029.67491668
8029.73369983
8029.79287648
8029.85189660
8029.91155332
8029.97266045
8030.03064585
8030.08931562
8030.17045168
8030.21991156
8030.28017609
8030.33886585
8030.39678006
8030.46743233
8030.52538140
8030.58695079
8030.64532434
8030.70629689
8030.76618741
8030.82436518
8030.88359790
8030.94149992
8031.00158574
8031.06048444
8031.14301656
8031.19057058
8031.24855183
8031.30913258
8031.36929032
8031.43799870
8031.49751376
8031.55607211
8031.61664578
8031.67626739
8031.73554181
8031.79579488
8031.85289890
8031.91431055
8031.97292547
8032.03171203
8032.09032499
8032.15246978
8032.21030986
8032.27003460
8032.32826356
8032.38805120
8032.44584131
8032.50608536
8032.56600270
8032.62459909
8032.68498284
8032.74436648
8032.80474243
8032.86189425
8032.92231384
8032.98145660
8033.04053353
8033.10125398
8033.15993302
8033.21781090
8033.27815735
8033.34725582
8033.40614160
8033.46640443
8033.52616744
8033.58623277
8033.64383564
8033.70480355
8033.76257562
8033.82213456
8033.88199778
8033.94249417
8034.00156257
8034.06073484
8034.11966475
8034.17770233
8034.23875509
8034.32953405
8034.38809240
8034.44790125
8034.50921416
8034.56802120
8034.62702938
8034.68473683
8034.74438014
8034.80320083
8034.86395882
8034.92194374
8034.98363552
8035.04192885
8035.09993546
8035.16149901
8035.22052474
8035.28964662
8035.34770638
8035.41023931
8035.46887226
8035.52762322
8035.58691763
8035.64528630
8035.70479648
8035.76424620
8035.82423425
8035.88328705
8035.94228889
8036.00354035
8036.06096767
8036.12082528
8036.19066981
8036.25053230
8036.30962776
8036.38017909
8036.43906390
8036.49801210
8036.55646440
8036.61672332
8036.67552328
8036.73605332
8036.79550669
8036.85323829
8036.91251734
8036.97258097
8037.03193072
8037.09234812
8037.16195615
8037.22119839
8037.27956730
8037.33909211
8037.39871420
8037.45953754
8037.51739567
8037.57654672
8037.63564340
8037.69518699
8037.75404181
8037.81280886
8037.87433681
8037.93364195
8037.99168952
8038.05172730
8038.12060269
8038.18119416
8038.24008385
8038.29827137
8038.35887479
8038.41803072
8038.47870753
8038.53836497
8038.59595199
8038.65474586
8038.71547240
8038.77427627
8038.83449252
8038.89339928
8038.95184426
8039.01078929
8039.08165148
8039.14057505
8039.20083544
8039.25895444
8039.31939208
8039.37841245
8039.43812743
8039.49701517
8039.55557278
8039.61570444
8039.67613159
8039.73410821
8039.79322342
8039.85212262
8039.91135388
8039.97167863
8040.04179671
8040.09926865
8040.15945735
8040.21829974
8040.27880320
8040.33960581
8040.39995519
8040.46022581
8040.51601498
8040.57526550
8040.63569460
8040.69503875
8040.75415713
8040.81323236
8040.87141768
8040.93200160
8040.99023495
8041.05023129
8041.10873576
8041.16695009
8041.22919533
8041.28661241
8041.34669311
8041.40592803
8041.46584635
8041.52454391
8041.58415625
8041.64405263
8041.70389634
8041.76323854
8041.82169010
8041.88073046
8041.95136444
8042.01030167
8042.07044478
8042.12838849
8042.19979852
8042.25870893
8042.31842830
8042.37702712
8042.43683743
8042.49680183
8042.55477333
8042.61454878
8042.67358670
8042.73365887
8042.79302593
8042.85813641
8042.92182378
8042.98067007
8043.03952733
8043.09920233
8043.17041950
8043.23001550
8043.28889544
8043.34767029
8043.40733359
8043.46822861
8043.52742013
8043.58588413
8043.64429668
8043.70504761
8043.77545021
8043.83490237
8043.89306233
8043.95293701
8044.01281096
8044.07100823
8044.13151900
8044.19252569
8044.24876980
8044.30902384
8044.36873078
8044.42775115
8044.48615858
8044.54531622
8044.60472083
8044.66504314
8044.73341116
8044.79271459
8044.85264315
8044.91246102
8044.97224670
8045.03109129
8045.09125659
8045.15177468
8045.20870341
8045.27000120
8045.32733051
8045.38691749
8045.44812361
8045.50547559
8045.56519935
8045.63497439
8045.69454235
8045.75422467
8045.81299123
8045.87175145
8045.93241047
8045.99082351
8046.08347688
8046.14350345
8046.20130599
8046.26198865
8046.31989676
8046.37965782
8046.43982775
8046.49796724
8046.55713511
8046.62837520
8046.68592102
8046.74625674
8046.80567695
8046.86477705
8046.92388519
8046.98322178
8047.04327419
8047.10332417
8047.16181425
8047.22184619
8047.28184618
8047.33974527
8047.40059470
8047.46939792
8047.52786094
8047.59859049
8047.65852197
8047.71665878
8047.77537414
8047.83625795
8047.89539364
8047.95521687
8048.04658488
8048.10626475
8048.16651660
8048.22625572
8048.28377032
8048.34276095
8048.40357892
8048.46271291
8048.53200935
8048.61216457
8048.66094593
8048.72229443
8048.77958741
8048.83801337
8048.89736508
8048.95687453
8049.01752355
8049.07764813
8049.13639299
8049.19542970
8049.25436278
8049.31447810
8049.37351505
8049.43383882
8049.50388132
8049.58351406
8049.63324139
8049.69269672
8049.75297758
8049.80948281
8049.86918341
8049.92808846
8049.98782636
8050.04825424
8050.10703836
8050.16605556
8050.22481432
8050.28471070
8050.34455807
8050.40462560
8050.50634526
8050.58759616
8050.63594719
8050.71311087
8050.80460102
8050.86448301
8050.92394712
8050.98353190
8051.04405414
8051.10287897
8051.16251789
8051.22188471
8051.29255526
8051.35032757
8051.40987091
8051.47038998
8051.53492141
8051.61995550
8051.66821827
8051.72962236
8051.78629265
8051.84595839
8051.90750364
8051.96523426
8052.02458134
8052.08328451
8052.14311189
8052.20371361
8052.26219930
8052.32156734
8052.38059649
8052.44153442
8052.50958524
8052.59126646
8052.64031211
8052.69879585
8052.75868613
8052.81785254
8052.87737540
8052.93605200
8053.02779377
8053.08831186
8053.14628263
8053.20610318
8053.26508649
8053.32600175
8053.38547292
8053.44318574
8053.51390383
8053.57238124
8053.63223763
8053.69094056
8053.75113097
8053.81068674
8053.87026032
8053.92815502
8053.98701033
8054.04676627
8054.10758376
8054.16733288
8054.22771614
8054.28464804
8054.34510908
8054.40367767
8054.47494628
8054.53399542
8054.59267080
8054.65274979
8054.71137031
8054.77030120
8054.83065692
8054.88957952
8054.94809423
8055.00922233
8055.06744544
8055.12719041
8055.18677081
8055.24551933
8055.30304784
8055.37499619
8055.43488428
8055.49382102
8055.55263366
8055.61145094
8055.67141948
8055.73030600
8055.79013460
8055.84952605
8055.90819021
8055.96952067
8056.02737954
8056.08735466
8056.14645817
8056.20468153
8056.27576119
8056.33611276
8056.39377706
8056.45468988
8056.51371951
8056.57183145
8056.63053267
8056.68966251
8056.75040491
8056.81030957
8056.86961934
8056.92848197
8056.98644518
8057.04653343
8057.10543312
8057.17625142
8057.23607538
8057.29504723
8057.35470395
8057.41375235
8057.47231436
8057.53280271
8057.59176310
8057.65057452
8057.71160973
8057.76835292
8057.82855211
8057.88867035
8057.94788870
8058.00807082
8058.06454338
8058.12476841
8058.18498174
8058.24337479
8058.30335040
8058.36299322
8058.42123510
8058.48102810
8058.54055048
8058.59906762
8058.65986951
8058.72946145
8058.78793300
8058.84952751
8058.90724301
8058.96686974
8059.03336920
8059.09310783
8059.15166399
8059.21266604
8059.27079260
8059.32910690
8059.38940605
8059.45095984
8059.51083281
8059.58119104
8059.63965211
8059.69993420
8059.76000441
8059.81870734
8059.87765725
8059.93809049
8059.99800564
8060.05656131
8060.11728639
8060.17647816
8060.23541198
8060.29603734
8060.35597712
8060.41558263
8060.47454595
8060.53522593
8060.59294460
8060.65382889
8060.71387594
8060.77378646
8060.83056573
8060.90100881
8060.96150374
8061.02187896
8061.08102635
8061.14072353
8061.20063868
8061.25946108
8061.31947229
8061.37869770
8061.43966538
8061.49866527
8061.55750229
8061.61547599
8061.69014013
8061.74852392
8061.80789684
8061.86797168
8061.92701326
8061.98650808
8062.04509374
8062.10512080
8062.16486138
8062.22601094
8062.28456295
8062.34242205
8062.40344312
8062.46462218
8062.52312957
8062.58368033
8062.64194270
8062.70133976
8062.76174009
8062.81992005
8062.88000489
8062.94115054
8062.99916666
8063.09347647
8063.15189122
8063.21115856
8063.27107396
8063.33137408
8063.39017868
8063.45058169
8063.51015843
8063.57006115
8063.62782858
8063.68856537
8063.75775405
8063.81784498
8063.87753412
8063.93703626
8063.99708209
8064.05779937
8064.11615463
8064.19731264
8064.24583312
8064.30617298
8064.36574534
8064.42572656
8064.48630170
8064.54610616
8064.60502779
8064.66245803
8064.76674305
8064.82595530
8064.88673524
8064.94509976
8065.00643851
8065.06548131
8065.12478426
8065.18369370
8065.24465893
8065.30379267
8065.36248487
8065.42343694
8065.48351667
8065.54087596
8065.61267633
8065.67130392
8065.73105694
8065.79177812
8065.84878218
8065.90862175
8065.97077166
8066.03018992
8066.08822433
8066.15926718
8066.21939005
8066.27836044
8066.33848380
8066.39742542
8066.45708287
8066.51772042
8066.58640173
8066.64938888
8066.70720337
8066.76754738
8066.82609232
8066.88563956
8066.94525848
8067.00428763
8067.06510536
8067.12330044
8067.18359008
8067.24209040
8067.30170274
8067.36306709
8067.42111856
8067.48206088
8067.54257068
8067.60225738
8067.66048415
8067.74307088
8067.79146507
8067.84893432
8067.90842817
8067.96969036
8068.06202532
8068.12067997
8068.18052734
8068.24054148
8068.29963841
8068.35946140
8068.41982028
8068.49011902
8068.54939320
8068.60834579
8068.66813025
8068.72733202
8068.78851278
8068.84843012
8068.90748024
8068.96714061
8069.02550708
8069.08557973
8069.14445065
8069.20425852
8069.26543538
8069.32531859
8069.38493069
8069.44429093
8069.50397787
8069.56430628
8069.62231971
8069.68211345
8069.74241284
8069.80177381
8069.86260129
8069.92136371
8069.97966094
8070.03964534
8070.09892219
8070.19146877
8070.25389345
8070.31051352
8070.36926277
8070.44025735
8070.50237873
8070.56037363
8070.61986699
8070.67876473
8070.73829734
8070.79922990
8070.85811935
8070.91804132
8070.97911847
8071.03644436
8071.09747006
8071.15724015
8071.21567391
8071.27472329
8071.33407305
8071.40465364
8071.46521317
8071.52429352
8071.58598799
8071.64463509
8071.70400727
8071.76283625
8071.83362895
8071.89426383
8071.95192813
8072.01294115
8072.07366307
8072.13218558
8072.19247180
8072.24996032
8072.31138782
8072.37112938
8072.43022776
8072.48891924
8072.54879976
8072.60927250
8072.69002091
8072.73857479
8072.79862989
8072.85751056
8072.91702293
8072.97737816
8073.03845555
8073.09652311
8073.15752540
8073.21633366
8073.27577777
8073.34525414
8073.40590560
8073.46459585
8073.52499106
8073.58370593
8073.65481193
8073.72696143
8073.83955035
8073.89916756
8073.95806651
8074.01885645
8074.07782318
8074.13861312
8074.19574787
8074.25639493
8074.32719544
8074.38466640
8074.44581205
8074.50522447
8074.56542780
8074.62542633
8074.68492847
8074.74382401
8074.80329347
8074.86421970
8074.92350850
8074.98343292
8075.04167237
8075.10099481
8075.16139588
8075.22286897
8075.28150436
8075.34012537
8075.40068320
8075.45989301
8075.51865884
8075.57995054
8075.63896579
8075.69757851
8075.75680270
8075.81615539
8075.87757801
8075.93680562
8075.99573651
8076.05509577
8076.11434215
8076.18614739
8076.26608977
8076.31562815
8076.37425940
8076.43460317
8076.49398998
8076.55466484
8076.61315931
8076.67398070
8076.73304813
8076.79185272
8076.85308786
8076.91267996
8076.97215381
8077.03070973
8077.09057368
8077.16038602
8077.22155605
8077.28093385
8077.33977672
8077.41149687
8077.47164803
8077.52950714
8077.58866623
8077.64843778
8077.70686325
8077.76842095
8077.82698734
8077.88703537
8077.94698928
8078.00637025
8078.07689037
8078.13771005
8078.19752890
8078.25734993
8078.31565180
8078.37574152
8078.43398145
8078.49361451
8078.55221382
8078.61254272
8078.70703148
8078.76766197
8078.82621179
8078.88580267
8078.94418133
8079.00331117
8079.07525148
8079.13421821
8079.19305865
8079.25253470
8079.31386736
8079.37124250
8079.43170988
8079.49229404
8079.55111888
8079.61192027
8079.66971331
8079.72962212
8079.81056752
8079.86002472
8079.91881103
8079.98013442
8080.04968126
8080.11004404
8080.17042657
8080.23043437
8080.28879206
8080.34722583
8080.40813523
8080.46675356
8080.54847915
8080.59774667
8080.65673705
8080.71626771
8080.77617091
8080.83630647
8080.89519591
8080.95527563
8081.01490430
8081.07432257
8081.13406778
8081.19433012
8081.25399609
8081.31249837
8081.37139781
8081.43122299
8081.49282603
8081.55109133
8081.61111985
8081.67146849
8081.72896968
8081.78974524
8081.84865857
8081.91993889
8081.97970971
8082.03808106
8082.09693222
8082.15685030
8082.21814931
8082.27792134
8082.33605644
8082.39673081
8082.45681809
8082.51613225
8082.57504876
8082.63571654
8082.69372047
8082.75459794
8082.81311167
8082.88439857
8082.94559177
8083.00477891
8083.06306517
8083.11396059
8083.17329328
8083.23198353
8083.29206033
8083.35139545
8083.41008936
8083.47151930
8083.53212516
8083.59233020
8083.65110871
8083.70982749
8083.76961001
8083.83055086
8083.88961560
8083.94721481
8084.00935545
8084.06750518
8084.12651969
8084.18749590
8084.24659722
8084.30580946
8084.36637095
8084.42496368
8084.48454578
8084.54511922
8084.60353860
8084.66397379
8084.73412211
8084.79221795
8084.85202948
8084.91289597
8084.99107122
8085.05003868
8085.10961445
8085.16957909
8085.22814719
8085.28873379
8085.34725728
8085.40885398
8085.46775757
8085.52680719
8085.62024782
8085.69175269
8085.75076940
8085.80868117
8085.87027421
8085.92923266
8085.98910831
8086.04783513
8086.10756938
8086.16632863
8086.22740918
8086.28535996
8086.34551478
8086.40562985
8086.46601409
8086.52654656
8086.58607235
8086.64482892
8086.72432951
8086.78528353
8086.84342496
8086.90498266
8086.96317310
8087.02482466
8087.08348053
8087.14322112
8087.20381991
8087.26306239
8087.32234290
8087.38036804
8087.44098048
8087.49914972
8087.56951331
8087.62873750
8087.68911004
8087.75185070
8087.81121264
8087.86952304
8087.92922827
8087.98784977
8088.04867213
8088.10769835
8088.16708321
8088.22807039
8088.28605701
8088.34502009
8088.40670822
8088.46465583
8088.53615850
8088.59497748
8088.65381524
8088.71472562
8088.78406277
8088.84451918
8088.90446456
8088.96327087
8089.02430266
8089.08258283
8089.17583426
8089.23497970
8089.29381746
8089.35331253
8089.41316697
8089.47420730
8089.54305684
8089.60349642
8089.66308438
8089.72100224
8089.78180851
8089.84102369
8089.90224663
8089.96073671
8090.02165880
8090.08080107
8090.14002161
8090.19846927
8090.25992944
8090.31783730
8090.37775270
8090.43882594
8090.50794367
8090.56830402
8090.62769327
8090.68768473
8090.74724563
8090.80744969
8090.86512886
8090.92490017
8090.98441230
8091.04459515
8091.10433525
8091.16249253
8091.22299331
8091.28444665
8091.34322809
8091.40302523
8091.46202342
8091.52035966
8091.58124346
8091.64015826
8091.70041962
8091.76121395
8091.81943608
8091.87827628
8091.93983543
8091.99899039
8092.05874072
8092.11771282
8092.17795150
8092.23745510
8092.29588301
8092.36683906
8092.42554297
8092.48646042
8092.54670325
8092.60514628
8092.69857033
8092.75822484
8092.81815292
8092.87688291
8092.93683951
8092.99597130
8093.05576917
8093.11546489
8093.17528959
8093.23357268
8093.29401300
8093.36352155
8093.42561879
8093.48462039
8093.54335404
8093.60242732
8093.66182340
8093.72190507
8093.78281325
8093.85248102
8093.91133267
8093.97119564
8094.03063780
8094.12436930
8094.18279965
8094.24368833
8094.30055586
8094.36177344
8094.42211209
8094.48034885
8094.54105248
8094.59936532
8094.65903861
8094.71977905
8094.77855268
8094.83909759
8094.89855414
8094.95842979
8095.01758133
8095.07713857
8095.13672750
8095.21758416
8095.26796612
8095.32525740
8095.38599004
8095.44644669
8095.50586666
8095.56488264
8095.62597515
8095.68543535
8095.74341075
8095.80280220
8095.86349534
8095.92250352
8095.98321763
8096.04148000
8096.11039439
8096.17040804
8096.23221027
8096.29141350
8096.35031635
8096.41012423
8096.47002158
8096.53049895
8096.58954346
8096.64825175
8096.70992282
8096.76980822
8096.82723944
8096.88762173
8096.94761100
8097.00756857
8097.06561053
8097.12549667
8097.18562418
8097.24477864
8097.30554712
8097.36272649
8097.42293080
8097.48333844
8097.54246121
8097.60348886
8097.66244121
8097.72289810
8097.78201014
8097.84140135
8097.90107488
8097.96212253
8098.01990166
8098.07886669
8098.13983558
8098.19942281
8098.25828836
8098.31726630
8098.37835466
8098.43726971
8098.49616403
8098.55691008
8098.61606918
8098.69613175
8098.74523054
8098.80558723
8098.86547337
8098.93451722
8098.99569994
8099.05638333
8099.11609027
8099.17386648
8099.23504578
8099.29485828
8099.35319867
8099.41184918
8099.47294022
8099.53166924
8099.59148369
8099.65042580
8099.71125816
8099.78170831
8099.83974856
8099.90049413
8099.95875137
8100.01910197
8100.07817329
8100.13878915
8100.19742430
8100.25690571
8100.31792898
8100.37792922
8100.43764615
8100.49724215
8100.55689277
8100.61590265
8100.67638271
8100.73534871
8100.80453568
8100.86556406
8100.92430527
8100.98279365
8101.04333002
8101.10620551
8101.16249472
8101.22297722
8101.28314008
8101.34085973
8101.40158920
8101.46087581
8101.52043207
8101.58034600
8101.64997036
8101.71123159
8101.76907241
8101.83089585
8101.89003057
8101.94857209
8102.00877860
8102.06916113
8102.12765487
8102.18739326
8102.24693148
8102.30742592
8102.36515581
8102.42560173
8102.48644920
8102.54642896
8102.60655037
8102.66518114
8102.72402791
8102.78380556
8102.84417029
8102.90301877
8102.96281738
8103.02156980
8103.08104537
8103.14009499
8103.20202425
8103.26092589
8103.32379673
8103.37950130
8103.43910608
8103.50007010
8103.59085686
8103.64065051
8103.70079070
8103.75845988
8103.81709942
8103.87789423
8103.93793665
8103.99793811
8104.05654229
8104.11707672
8104.17744291
8104.23686094
8104.29562555
8104.35620435
8104.41356755
8104.47285611
8104.54341719
8104.60461258
8104.66566680
8104.72487881
8104.78354931
8104.84425367
8104.90291589
8104.96228734
8105.02413858
8105.09254439
8105.16000446
8105.22772979
8105.29548682
8105.36236541
8105.42971991
8105.49817399
8105.56493847
8105.63414007
8105.69173782
8105.76707634
8105.83426066
8105.90187701
8105.97045495
8106.02676172
8106.09291790
8106.16132395
8106.23084324
8106.31774978
8106.37605164
8106.43110401
8106.49809524
8106.56591078
8106.63439242
8106.70127320
8106.76916774
8106.83753770
8106.90379628
8106.97061367
8107.03786163
8107.09502076
8107.16303232
8107.23140400
8107.29721177
8107.39702753
8107.46646001
8107.53339199
8107.60031715
8107.66824948
8107.73594946
8107.80249329
8107.86994775
8107.93657644
8108.00468041
8108.07282729
8108.13936917
8108.20825138
8108.27554152
8108.34289236
8108.41095635
8108.47791393
8108.54628804
8108.61269729
8108.67934304
8108.74762938
8108.81607103
8108.88309297
8108.95088316
8109.01752696
8109.08577478
8109.15246514
8109.22007613
8109.28813792
8109.35627237
8109.42316705
8109.48970040
8109.55827980
8109.62497309
8109.69306633
8109.76050982
8109.82806157
8109.89473218
8109.96325283
8110.03128560
8110.09819905
8110.16565084
8110.23269765
8110.29954186
8110.36818270
8110.43446151
8110.50346928
8110.56991438
8110.62940749
8110.70519462
8110.77260593
8110.84078451
8110.90671078
8110.97632637
8111.04330126
8111.11013888
8111.17741780
8111.24583044
8111.31155824
8111.37982361
8111.44842642
8111.50624213
8111.58298402
8111.65011568
8111.71690015
8111.78449724
8111.84308729
8111.90902940
8111.97729502
8112.04464489
8112.13297528
8112.19028996
8112.24798547
8112.31301866
8112.38151492
8112.44862122
8112.51682369
8112.58365083
8112.65246478
8112.71835179
8112.80829181
8112.87544760
8112.93332500
8113.01235113
8113.07822181
8113.14554486
8113.21380146
8113.28098944
8113.34789996
8113.41462397
8113.47251697
8113.53881943
8113.60671665
8113.67456340
8113.74300334
8113.81064895
8113.87850887
8113.94574708
8114.00638878
8114.08002868
8114.14686021
8114.21527894
8114.28298648
8114.35102535
8114.41690822
8114.48407133
8114.55243277
8114.61975655
8114.68691112
8114.75568996
8114.83244233
8114.90106684
8114.96793201
8115.04729217
8115.11444504
8115.18199995
8115.24930984
8115.31556988
8115.38273470
8115.45145965
8115.51839358
8115.57689269
8115.64298499
8115.71142273
8115.77934141
8115.84530108
8115.91325437
8115.98058986
8116.03948393
8116.11606247
8116.18421057
8116.25012635
8116.31875549
8116.38620459
8116.44604465
8116.52005051
8116.58736259
8116.65535879
8116.72276718
8116.79118469
8116.85766684
8116.92486993
8116.99196063
8117.05974936
8117.12679252
8117.19764373
8117.26449160
8117.32950602
8117.39698705
8117.46533508
8117.53265228
8117.60082720
8117.66832116
8117.73568663
8117.80242868
8117.87035784
8117.93818387
8118.00608694
8118.07304355
8118.14002843
8118.19629449
8118.26453841
8118.33220498
8118.39944685
8118.46806257
8118.53433822
8118.60071382
8118.66880097
8118.72656719
8118.79426790
8118.86108139
8118.92791755
8118.98615480
8119.06351402
8119.13140929
8119.19840758
8119.26739610
8119.33272625
8119.39260288
8119.46755009
8119.53634306
8119.60249583
8119.67190832
8119.73977994
8119.79682448
8119.87322162
8119.94129853
8120.00822710
8120.07619332
8120.14360024
8120.20173290
8120.27761122
8120.34550575
8120.41402493
8120.48106833
8120.54820926
8120.61446418
8120.68368699
8120.75080158
8120.80863387
8120.87506482
8120.94319976
8121.00872447
8121.07744991
8121.14535006
8121.21346817
8121.28099358
8121.34792922
8121.41391132
8121.48247194
8121.55036014
8121.61672600
8121.68519666
8121.75233953
8121.81909353
8121.88878982
8121.95431453
8122.02183507
8122.08962501
8122.15666256
8122.22347435
8122.29313723
8122.35931194
8122.42724305
8122.49489646
8122.56203275
8122.63090204
8122.69693729
8122.76661700
8122.83229897
8122.90079401
8122.96843450
8123.03556665
8123.11234438
8123.17908497
8123.24804861
8123.31523464
8123.38414367
8123.44065939
8123.50711009
8123.57527989
8123.63783427
8123.71097339
8123.77851075
8123.84601227
8123.91094111
8123.98063716
8124.04679529
8124.11518208
8124.18271505
8124.25039747
8124.31567837
8124.38373626
8124.45129313
8124.52027676
8124.58741281
8124.65492871
8124.72163541
8124.78253043
8124.85733453
8124.92358238
8124.99321162
8125.05994611
8125.11855420
8125.19483822
8125.26188479
8125.32885407
8125.39634657
8125.46409336
8125.53260376
8125.59847346
8125.66636215
8125.73404652
8125.80286096
8125.86994678
8125.93744854
8126.00377124
8126.09304005
8126.16161360
8126.22868626
8126.29690750
8126.36358275
8126.42990277
8126.49792043
8126.56588567
8126.63396673
8126.70133634
8126.76933523
8126.83599244
8126.90249727
8126.97203605
8127.03829780
8127.10626865
8127.17527106
8127.24014066
8127.30821269
8127.37537458
8127.44349343
8127.51163251
8127.57975208
8127.64558521
8127.71349072
8127.78042026
8127.84494487
8127.91662382
8127.98380009
8128.04991921
8128.11839353
8128.18646337
8128.25535314
8128.32093905
8128.38990074
8128.45710432
8128.51569729
8128.58137756
8128.65894401
8128.72541373
8128.79431276
8128.86103677
8128.92886597
8128.99688777
8129.06368517
8129.13191519
8129.19843050
8129.26773597
8129.33469257
8129.40139001
8129.46878230
8129.53724467
8129.60436414
8129.67224575
8129.73813496
8129.80576009
8129.87371826
8129.94109617
8130.01064910
8130.07920607
8130.14281981
8130.20961574
8130.27838190
8130.34620695
8130.41324230
8130.48099324
8130.54829898
8130.61543576
8130.68256205
8130.75104174
8130.81796786
8130.88639318
8130.95372500
8131.02196429
8131.08842108
8131.15507000
8131.22369987
8131.29032636
8131.35843155
8131.42516116
8131.49525998
8131.56088710
8131.62813847
8131.69648673
8131.76623788
8131.83087756
8131.89795681
8131.96615318
8132.05508626
8132.11232195
8132.17875924
8132.24580459
8132.31317884
8132.37586001
8132.43831297
8132.50600100
8132.57399355
8132.63962383
8132.70766514
8132.77521591
8132.84287542
8132.91104717
8132.97933058
8133.04546433
8133.13494306
8133.20154980
8133.26868828
8133.33669693
8133.40422185
8133.46304132
8133.53873312
8133.62980344
8133.69730227
8133.76475308
8133.83234578
8133.89093461
8133.96751315
8134.02349200
8134.09113858
8134.15874981
8134.22594048
8134.29311968
8134.36062266
8134.42735447
8134.49482917
8134.56292753
8134.62993168
8134.69863932
8134.77623357
8134.84327380
8134.91198925
8134.97806570
8135.04667119
8135.11381162
8135.18217062
8135.24838434
8135.31638932
8135.38320452
8135.49534556
8135.56220318
8135.62910176
8135.68600781
8135.75364416
8135.83014614
8135.89589223
8135.96399474
8136.03069705
8136.09847163
8136.16607433
8136.23371116
8136.30181197
8136.36963287
8136.43612697
8136.50485046
8136.57201601
8136.63990958
8136.70621131
8136.77555091
8136.84220080
8136.90910181
8136.97606549
8137.04478703
8137.11245214
8137.17878094
8137.24652797
8137.30497685
8137.38109191
8137.44889380
8137.51649991
8137.58338606
8137.65154610
8137.71129400
8137.78593791
8137.85310809
8137.92095216
8137.98983657
8138.05725982
8138.13370036
8138.20222929
8138.26960306
8138.33764534
8138.40517685
8138.47332495
8138.53860049
8138.60669544
8138.67473163
8138.74095510
8138.81042879
8138.87657059
8138.94546792
8139.01287947
8139.07990970
8139.14783984
8139.21502075
8139.28249691
8139.34919508
8139.41619727
8139.48401331
8139.55174010
8139.61843608
8139.68652591
8139.75515041
8139.84278180
8139.91135900
8139.96923200
8140.03501369
8140.10567961
8140.17068355
8140.23766161
8140.30509998
8140.37256371
8140.44091539
8140.50774277
8140.57579627
8140.64286016
8140.70993866
8140.77848686
8140.86629744
8140.92263396
8140.98102798
8141.08089420
8141.14792151
8141.21553665
8141.28221019
8141.35055504
8141.41803559
8141.48332869
8141.57395088
8141.64167890
8141.71015663
8141.77753161
8141.84358539
8141.91055638
8141.97950710
8142.04572716
8142.11463716
8142.18177906
8142.24986328
8142.30832119
8142.38359364
8142.45158058
8142.51888583
8142.58734333
8142.64442931
8142.71346902
8142.77403734
8142.84699823
8142.91246638
8142.98125180
8143.04933090
8143.11546831
8143.17503847
8143.25094385
8143.31909170
8143.38640573
8143.45469744
8143.52062322
8143.58819739
8143.65613606
8143.72385969
8143.81341400
8143.89147562
8143.94886710
8144.01455834
8144.08268035
8144.15032108
8144.21855671
8144.28562011
8144.35328156
8144.41961353
8144.50800024
8144.57643847
8144.64376835
8144.71190352
8144.78137648
8144.84609175
8144.91387657
8144.98102116
8145.05001893
8145.11662665
8145.18504879
8145.25074831
8145.31915144
8145.38742242
8145.45529818
8145.52215604
8145.59050212
8145.65715640
8145.72442240
8145.79118298
8145.85893001
8145.92748820
8145.99436801
8146.06289816
8146.11899647
8146.19665143
8146.26347784
8146.33088646
8146.40011293
8146.46846510
8146.52635054
8146.60090375
8146.71186354
8146.80128985
8146.85872960
8146.91496250
8146.98266955
8147.07160995
8147.15051930
8147.21710775
8147.28495987
8147.35278492
8147.42005336
8147.48761949
8147.55422964
8147.62298824
8147.69006187
8147.75855106
8147.81592962
8147.89167018
8147.96033784
8148.02758555
8148.09482864
8148.16235405
8148.22358845
8148.28548504
8148.35444673
8148.42220790
8148.48993811
8148.54688732
8148.61350016
8148.69022644
8148.79179055
8148.85836681
8148.92577617
8148.99362780
8149.06232618
8149.12941371
8149.19637422
8149.26411637
8149.33122390
8149.39875199
8149.46775757
8149.54472888
8149.61155870
8149.67936986
8149.77121939
8149.82556325
8149.88219210
8149.94866547
8150.01638837
8150.06506513
8150.13248961
8150.19994992
8150.26815751
8150.33495271
8150.40112230
8150.49214483
8150.55868623
8150.62740996
8150.69493074
8150.76141509
8150.82831050
8150.89606216
8150.96392574
8151.03192828
8151.09855160
8151.16678333
8151.23364460
8151.30177832
8151.36946489
8151.43650098
8151.50599027
8151.57226299
8151.64036111
8151.77225680
8151.84002943
8151.90712867
8151.97387145
8152.04287776
8152.11034612
8152.16795825
8152.24391531
8152.31125665
8152.37849973
8152.44710814
8152.51405426
8152.57315704
8152.64972948
8152.71704644
8152.80611654
8152.86337880
8152.91926890
8153.00782506
8153.07659877
8153.14252870
8153.21006630
8153.27822440
8153.34677161
8153.45666108
8153.52456342
8153.59132083
8153.65894133
8153.72760362
8153.79498567
8153.85275945
8153.92841224
8153.99794249
8154.06397262
8154.13270465
8154.19985118
8154.25843659
8154.33364224
8154.40248739
8154.46932014
8154.52716803
8154.59365823
8154.66066555
8154.74996678
8154.81688291
8154.88415135
8154.95195056
8155.01923728
8155.08805513
8155.15329093
8155.22231698
8155.28934210
8155.35807607
8155.42554297
8155.49320711
8155.55892687
8155.62709228
8155.69498804
8155.78417322
8155.84039003
8155.89811260
8155.96477736
8156.03092989
8156.09950002
8156.16654220
8156.23453573
8156.30211941
8156.36869348
8156.43705540
8156.50501967
8156.57245292
8156.62869996
8156.69732471
8156.76266217
8156.86396809
8156.93101222
8156.99849472
8157.06611693
8157.13440717
8157.19144732
8157.26907277
8157.33596867
8157.40506738
8157.47189379
8157.54006676
8157.60646455
8157.66533571
8157.74179210
8157.80957400
8157.87791739
8157.94418133
8158.01162946
8158.07131543
8158.14496923
8158.21358910
8158.29754774
8158.37807233
8158.42454945
8158.48180781
8158.54076527
8158.59711642
8158.65544169
8158.71442622
8158.78382189
8158.84092811
8158.89823597
8158.95551724
8159.01269320
8159.07106284
8159.13502937
8159.19796751
8159.25717537
8159.31362135
8159.37120154
8159.42840407
8159.48693975
8159.55504713
8159.61357623
8159.67171522
8159.75027642
8159.80796461
8159.86547678
8159.92436549
8159.99291832
8160.05994563
8160.11867123
8160.17836598
8160.23532616
8160.30347572
8160.37227894
8160.43106939
8160.48919206
8160.54577531
8160.60463867
8160.67163477
8160.72944536
8160.78773917
8160.84530620
8160.90319675
8160.96137915
8161.02920420
8161.08846814
8161.15738278
8161.21378707
8161.27300346
8161.32993634
8161.38864098
8161.44576597
8161.50498895
8161.57158666
8161.62875774
8161.68632086
8161.74604365
8161.81329112
8161.87234830
8161.93917983
8161.99791324
8162.05589035
8162.11345152
8162.17217029
8162.24023331
8162.31016438
8162.36728816
8162.42610909
8162.49370911
8162.56130425
