8022.62412220
8022.69169881
8022.75081670
8022.81013964
8022.88189831
8022.94059953
8023.00143384
8023.07526367
8023.11818190
8023.17987199
8023.23635113
8023.29766575
8023.35651911
8023.42710018
8023.48375535
8023.54255752
8023.60344132
8023.66182876
8023.72317775
8023.78365903
8023.84038149
8023.90042513
8023.95755817
8024.01701325
8024.07772151
8024.13776832
8024.21454678
8024.25578370
8024.31638640
8024.37394196
8024.43581807
8024.49166111
8024.57155692
8024.62944723
8024.68914929
8024.76151066
8024.81981326
8024.87874902
8024.93843743
8024.99644624
8025.05614927
8025.11421781
8025.17397229
8025.23391548
8025.32148664
8025.36203846
8025.42193825
8025.48266309
8025.54097105
8025.59978320
8025.65929290
8025.73991721
8025.80080540
8025.85960805
8025.92052696
8025.97932717
8026.03725844
8026.09793793
8026.15786089
8026.21579460
8026.29626896
8026.34450662
8026.42136115
8026.46393878
8026.52395389
8026.58177570
8026.65268591
8026.71047066
8026.77329177
8026.83160363
8026.88953490
8026.94880103
8027.00956074
8027.06668378
8027.12646142
8027.18728208
8027.26805414
8027.31602190
8027.37823081
8027.43464973
8027.49348578
8027.57021743
8027.63306512
8027.69391503
8027.75302366
8027.81254725
8027.87244631
8027.93047316
8027.99072696
8028.04900493
8028.10983607
8028.16887375
8028.24947807
8028.29736610
8028.35739121
8028.41710376
8028.47632673
8028.54604911
8028.60400354
8028.68275442
8028.72386529
8028.78384871
8028.84223542
8028.90314263
8028.96197063
8029.02008330
8029.08066917
8029.13879110
8029.22027776
8029.26830624
8029.32701233
8029.38678388
8029.44658103
8029.51731765
8029.57711748
8029.63400208
8029.69380703
8029.75432146
8029.82903778
8029.87345032
8029.93338863
8029.99082375
8030.05144814
8030.10942233
8030.19036505
8030.24118124
8030.29814898
8030.35785396
8030.41861269
8030.48661694
8030.54829435
8030.60623659
8030.66526159
8030.72488954
8030.78579675
8030.84462329
8030.90450382
8030.98021000
8031.02306948
8031.08206961
8031.16091630
8031.20957673
8031.27140773
8031.33024110
8031.38787468
8031.45866007
8031.51842503
8031.57597426
8031.63494903
8031.69693071
8031.75602471
8031.81527889
8031.87514430
8031.93309557
8031.99259088
8032.05230245
8032.12907238
8032.17184335
8032.23077814
8032.28961273
8032.34847633
8032.40825909
8032.46713439
8032.52503689
8032.58577051
8032.64577831
8032.70559179
8032.76530336
8032.82282869
8032.88252368
8032.94244614
8033.00148651
8033.06105447
8033.12089867
8033.17939729
8033.23933658
8033.31611260
8033.36706581
8033.42772287
8033.48555784
8033.54541886
8033.60545567
8033.66529329
8033.72302659
8033.78297831
8033.84294929
8033.90271474
8033.96056995
8034.02026274
8034.08011718
8034.13862360
8034.19742796
8034.25728069
8034.34950252
8034.42686734
8034.46770076
8034.52677550
8034.58803355
8034.64683376
8034.70576782
8034.76544233
8034.82451682
8034.88336360
8034.94313539
8035.00282794
8035.06276601
8035.12072118
8035.18053442
8035.23951699
8035.31117351
8035.36895143
8035.42793596
8035.48677981
8035.56539074
8035.60639775
8035.66716379
8035.72603008
8035.78590085
8035.84486953
8035.90332280
8035.96237536
8036.02128455
8036.08187090
8036.13978584
8036.21059073
8036.27033351
8036.32840156
8036.39906358
8036.45822731
8036.51871833
8036.57785403
8036.63856326
8036.71264080
8036.75619806
8036.81504800
8036.87483247
8036.93371119
8036.99186896
8037.05337107
8037.11000527
8037.18169812
8037.23985443
8037.29965986
8037.35851590
8037.41924879
8037.47903204
8037.53881431
8037.59766694
8037.65680605
8037.71549678
8037.77414510
8037.85015142
8037.89402441
8037.95373134
8038.01251595
8038.07047940
8038.14235169
8038.20124528
8038.26006304
8038.31891933
8038.37977193
8038.43871550
8038.49762249
8038.55681548
8038.61773147
8038.67576465
8038.73545184
8038.79452243
8038.85420450
8038.91315173
8038.98986119
8039.03081944
8039.10070371
8039.16054840
8039.22021218
8039.28004077
8039.33906602
8039.39968602
8039.45860936
8039.51855742
8039.57733934
8039.63718964
8039.69710772
8039.75486442
8039.81473032
8039.87273376
8039.93169050
8039.99230416
8040.06177127
8040.13677431
8040.17961038
8040.23882896
8040.29786835
8040.35876947
8040.41750702
8040.47737414
8040.53709789
8040.59699159
8040.65508573
8040.71469831
8040.77452691
8040.83342098
8040.89216000
8040.95294164
8041.01102847
8041.07074028
8041.12961071
8041.19008759
8041.24696342
8041.32777107
8041.36772263
8041.42744468
8041.48736544
8041.54522308
8041.60504973
8041.66389943
8041.72180315
8041.78306535
8041.84063969
8041.90235854
8041.97121539
8042.03022747
8042.08975813
8042.14857175
8042.21938786
8042.27929789
8042.34007880
8042.39803763
8042.47390058
8042.51562513
8042.57647821
8042.63536522
8042.69342693
8042.75366293
8042.81255067
8042.88185759
8042.94166864
8043.00235398
8043.06110884
8043.11912325
8043.18980843
8043.25174744
8043.31041868
8043.36934299
8043.42846332
8043.48627390
8043.54684856
8043.62366798
8043.66480713
8043.72538130
8043.79335459
8043.85414696
8043.91307444
8043.97106837
8044.03170983
8044.09073386
8044.15035302
8044.20977982
8044.26997389
8044.32795514
8044.38866121
8044.44664417
8044.50655079
8044.56623749
8044.62599831
8044.68394421
8044.77175406
8044.81372558
8044.87332817
8044.93137062
8044.99109316
8045.05000260
8045.11072085
8045.16958323
8045.23035976
8045.28908927
8045.34891835
8045.40690375
8045.46759738
8045.52647293
8045.58497179
8045.65576376
8045.71446328
8045.77418728
8045.83380961
8045.90879656
8045.95164287
8046.01049721
8046.10308085
8046.16302086
8046.22271805
8046.28164772
8046.34141195
8046.39944465
8046.45930397
8046.51859180
8046.57744833
8046.64768782
8046.70702368
8046.76592897
8046.82573416
8046.88444709
8046.94436980
8047.01914829
8047.06383268
8047.12321340
8047.18305687
8047.24179807
8047.30081796
8047.36048442
8047.41937191
8047.48954022
8047.54912208
8047.61803501
8047.67778242
8047.73847995
8047.79635686
8047.85646023
8047.91512268
8047.97485351
8048.06667281
8048.14454451
8048.18597209
8048.24577607
8048.30558394
8048.36437878
8048.42325506
8048.48215597
8048.55302961
8048.63297735
8048.68275930
8048.73960635
8048.80134592
8048.86010176
8048.92003056
8048.97888539
8049.03771680
8049.09747835
8049.15825415
8049.21664476
8049.29349149
8049.33436660
8049.39346937
8049.45312316
8049.52443859
8049.60373584
8049.65363774
8049.71074762
8049.77187207
8049.83027560
8049.88908678
8049.94841703
8050.00876348
8050.06749762
8050.12751565
8050.18820514
8050.24713067
8050.30504244
8050.36698072
8050.44277785
8050.52739648
8050.60823120
8050.65629405
8050.76560032
8050.82556789
8050.88437956
8050.94613693
8051.00315514
8051.06199411
8051.12198972
8051.18252219
8051.24145698
8051.31061982
8051.37042574
8051.44888332
8051.48983401
8051.55967902
8051.64155431
8051.68861755
8051.74819941
8051.80716736
8051.86611483
8051.92573058
8051.98574667
8052.04452713
8052.10429258
8052.16328174
8052.22297356
8052.28279509
8052.34183009
8052.40142975
8052.45953291
8052.54909916
8052.61202438
8052.65991559
8052.71870434
8052.77866581
8052.83772592
8052.89637351
8052.95709664
8053.04880330
8053.10570277
8053.16756718
8053.22737456
8053.28711514
8053.34402851
8053.40589194
8053.46474043
8053.53508330
8053.59307236
8053.67184274
8053.71175748
8053.77159510
8053.83033363
8053.89007104
8053.94804888
8054.00884589
8054.06666233
8054.12760343
8054.18730475
8054.24722795
8054.30610423
8054.36400600
8054.42475425
8054.49447004
8054.55344677
8054.61324074
8054.67180007
8054.73173887
8054.80742287
8054.84823020
8054.90905988
8054.96820313
8055.02790299
8055.08929075
8055.14577355
8055.20846789
8055.26628896
8055.32528543
8055.39410718
8055.45490760
8055.51280108
8055.57169443
8055.63151888
8055.69118437
8055.75105685
8055.80981659
8055.86834934
8055.94459240
8055.98740530
8056.04742090
8056.10720659
8056.16608165
8056.22490136
8056.29479197
8056.35565236
8056.41546780
8056.47253452
8056.53310844
8056.59251037
8056.65072666
8056.71143931
8056.76828173
8056.82907143
8056.88892172
8056.94691614
8057.00770925
8057.08355465
8057.12722065
8057.19517126
8057.25600703
8057.31479115
8057.37467509
8057.43452417
8057.49398096
8057.55085191
8057.61259587
8057.67044620
8057.72940147
8057.78911767
8057.84895529
8057.90872854
8057.96802759
8058.02782034
8058.08773622
8058.14650157
8058.22231454
8058.26432239
8058.32406834
8058.38386061
8058.44187916
8058.50259255
8058.56320889
8058.62086466
8058.67967925
8058.74942674
8058.80839250
8058.86718856
8058.92917414
8058.99490219
8059.05274813
8059.11268132
8059.17180409
8059.23177093
8059.29144812
8059.36731108
8059.41115505
8059.46907414
8059.52977728
8059.60062898
8059.66147694
8059.72122850
8059.78139087
8059.83896301
8059.89877527
8059.95780198
8060.01773932
8060.07645614
8060.13534486
8060.19606165
8060.25695570
8060.31481017
8060.37556865
8060.43543358
8060.51231663
8060.55324026
8060.61449417
8060.67245397
8060.73220771
8060.79312833
8060.85277334
8060.92258690
8060.98249645
8061.04232529
8061.10213804
8061.16196322
8061.22080634
8061.28088631
8061.33969700
8061.39937614
8061.45914427
8061.51808321
8061.57888144
8061.65283951
8061.70864477
8061.76945153
8061.82924063
8061.88764075
8061.94748422
8062.00718774
8062.06606914
8062.12491299
8062.18478279
8062.24369589
8062.30350156
8062.36344109
8062.42516482
8062.48390067
8062.54377681
8062.60468353
8062.66253117
8062.72234563
8062.79912775
8062.84025788
8062.90090470
8062.95875381
8063.01947768
8063.11183677
8063.17361657
8063.23248749
8063.29247383
8063.35133597
8063.41028417
8063.46914899
8063.53078787
8063.58865770
8063.64965975
8063.70832318
8063.77818453
8063.83932019
8063.91507295
8063.95964786
8064.01757231
8064.07744089
8064.13693181
8064.21800741
8064.26688873
8064.32606514
8064.38670903
8064.44549608
8064.50534637
8064.56509890
8064.62502843
8064.72727667
8064.78814438
8064.84792836
8064.90636506
8064.98313425
8065.02603566
8065.08387941
8065.14474200
8065.20346126
8065.26432507
8065.32435579
8065.38397544
8065.44413513
8065.50205300
8065.56197351
8065.63249046
8065.69220544
8065.75115389
8065.81085058
8065.87173268
8065.92972661
8065.99037758
8066.04930116
8066.12714653
8066.18100033
8066.23925100
8066.30003094
8066.35987563
8066.41769524
8066.47775180
8066.53738291
8066.60735909
8066.66911085
8066.72721426
8066.78671615
8066.84756777
8066.90566093
8066.96548904
8067.02610124
8067.08507114
8067.14413345
8067.20581792
8067.28252860
8067.32363948
8067.38446038
8067.44300751
8067.50379477
8067.56335079
8067.62329349
8067.68305894
8067.76199828
8067.81181924
8067.87163199
8067.93034077
8067.99130284
8068.08206083
8068.14383381
8068.20267327
8068.26254819
8068.32149859
8068.39925936
8068.44089783
8068.51048611
8068.56939628
8068.62915637
8068.68991339
8068.74896765
8068.80863826
8068.86852147
8068.92923363
8068.98848757
8069.04781977
8069.10686647
8069.16770566
8069.22652464
8069.28555013
8069.34400852
8069.40476457
8069.46445444
8069.54141454
8069.58413870
8069.64493741
8069.70381832
8069.76468945
8069.82360352
8069.88248296
8069.94215211
8070.00106081
8070.06192414
8070.12069875
8070.21252341
8070.27393628
8070.33370587
8070.39264798
8070.46331975
8070.52234231
8070.58205340
8070.65858268
8070.70037403
8070.76034672
8070.81932466
8070.87799980
8070.94076800
8070.99858664
8071.05840134
8071.11838012
8071.17716180
8071.23797124
8071.29772743
8071.35670074
8071.42746224
8071.48546714
8071.54709968
8071.60513360
8071.66686732
8071.72588745
8071.80245623
8071.85541721
8071.91518193
8071.97533772
8072.03540988
8072.09447267
8072.15458555
8072.21241345
8072.27280086
8072.33159205
8072.39243855
8072.45333918
8072.51221375
8072.57195165
8072.63383507
8072.71262861
8072.76070073
8072.82025187
8072.87926517
8072.95606996
8072.99795907
8073.05959430
8073.11878119
8073.17849739
8073.24015407
8073.29803243
8073.36882928
8073.42764265
8073.48588747
8073.54562683
8073.60558050
8073.67534457
8073.74640912
8073.86220827
8073.92113331
8073.99785862
8074.03801084
8074.09932594
8074.15837118
8074.21913259
8074.27794572
8074.34788338
8074.40856434
8074.46834076
8074.52751595
8074.58717753
8074.64703344
8074.70589021
8074.76574441
8074.82500127
8074.88399775
8074.94470942
8075.00422058
8075.06387998
8075.13969320
8075.18132460
8075.24395822
8075.30627928
8075.36203944
8075.42153158
8075.48161593
8075.54040736
8075.60110709
8075.65994923
8075.71965641
8075.77869604
8075.83835202
8075.89735313
8075.95821621
8076.01898591
8076.07681064
8076.13938014
8076.20692945
8076.30521798
8076.34188446
8076.39600840
8076.45664425
8076.51578726
8076.57460307
8076.63533498
8076.69528768
8076.75518674
8076.81477323
8076.87269719
8076.93341594
8076.99242558
8077.05305558
8077.11291758
8077.18295617
8077.24152208
8077.30039860
8077.36323727
8077.45012431
8077.49172377
8077.55150263
8077.61160064
8077.67073121
8077.73088237
8077.78964503
8077.85058052
8077.90897796
8077.96790666
8078.02967866
8078.09862987
8078.15827463
8078.21809811
8078.27698755
8078.33681054
8078.40011074
8078.45567365
8078.51553955
8078.59315037
8078.63393893
8078.72773455
8078.78765482
8078.84656572
8078.90625339
8078.96530667
8079.02590717
8079.09503027
8079.15462261
8079.21522091
8079.27413888
8079.33426493
8079.39422250
8079.45514166
8079.51392748
8079.57286886
8079.63273159
8079.70850629
8079.75122923
8079.83199104
8079.88188270
8079.94175275
8080.00053784
8080.07044259
8080.12945589
8080.19110842
8080.25012489
8080.31071198
8080.37062469
8080.42856547
8080.48827192
8080.57017403
8080.61846826
8080.67750521
8080.73769147
8080.81546931
8080.85545134
8080.91738450
8080.97727015
8081.03707193
8081.09504392
8081.15580094
8081.21492054
8081.27353570
8081.33432198
8081.39313292
8081.45305831
8081.51296517
8081.57367099
8081.63275621
8081.69239708
8081.75122703
8081.81011672
8081.87092811
8081.95974465
8081.99968573
8082.05926735
8082.12003120
8082.17996366
8082.23819896
8082.29920345
8082.35986856
8082.41865682
8082.47853003
8082.53738388
8082.59630112
8082.65521909
8082.71511864
8082.77489798
8082.83468245
8082.90546272
8082.96559217
8083.02518769
8083.10110233
8083.13585734
8083.19483919
8083.25481359
8083.31435400
8083.37323321
8083.43553525
8083.49299548
8083.55282164
8083.61187419
8083.67246177
8083.73334289
8083.79115080
8083.85008023
8083.90989858
8083.96990711
8084.02857615
8084.08929173
8084.15110152
8084.20669588
8084.28626986
8084.32723664
8084.38606952
8084.44639378
8084.50647935
8084.56635549
8084.62719127
8084.68464882
8084.75594450
8084.81571312
8084.87423490
8084.93593644
8085.01466903
8085.07255447
8085.13237624
8085.19131810
8085.25105795
8085.31010709
8085.38863317
8085.42888413
8085.48947756
8085.54925910
8085.64101257
8085.71151245
8085.77123256
8085.83099484
8085.88997668
8085.94976457
8086.00927329
8086.06853405
8086.12941883
8086.18820539
8086.24716749
8086.30833655
8086.36826169
8086.42709652
8086.50681386
8086.54676688
8086.60651161
8086.66455820
8086.74642423
8086.80612312
8086.86683845
8086.92466196
8086.98551968
8087.04448836
8087.10523344
8087.16516053
8087.22417725
8087.28288383
8087.34361891
8087.40220018
8087.46210022
8087.52104744
8087.61067709
8087.65151051
8087.71059719
8087.77050844
8087.83206467
8087.89091754
8087.95097069
8088.01053451
8088.06856258
8088.12928620
8088.18908846
8088.24703705
8088.30774628
8088.36772043
8088.42563635
8088.48648821
8088.55726165
8088.61695640
8088.67601041
8088.75667446
8088.80666414
8088.86536536
8088.92519079
8088.98603582
8089.04731606
8089.10473875
8089.19610286
8089.25668653
8089.31695984
8089.37591364
8089.43468947
8089.49556011
8089.56451522
8089.62427848
8089.68334029
8089.74311696
8089.82717093
8089.86515958
8089.92447813
8089.98340732
8090.04225605
8090.10127715
8090.16193177
8090.22182546
8090.28313276
8090.34050157
8090.39941661
8090.45925131
8090.53000938
8090.58883178
8090.65221951
8090.70973265
8090.76841924
8090.82823443
8090.88801890
8090.96288443
8091.00675400
8091.06561127
8091.12644509
8091.18531990
8091.24438757
8091.30420447
8091.36489932
8091.42677591
8091.48364272
8091.54240026
8091.60315752
8091.66300343
8091.72196895
8091.78090081
8091.84107367
8091.90054240
8091.95963494
8092.02111705
8092.08008061
8092.15869618
8092.19965394
8092.25842026
8092.31939744
8092.38840107
8092.44899449
8092.50778763
8092.56758649
8092.62565454
8092.71864924
8092.78008941
8092.83824670
8092.89882867
8092.95758133
8093.02072769
8093.07975293
8093.13639129
8093.19596657
8093.27474670
8093.31483284
8093.38471443
8093.44550071
8093.50419169
8093.56527956
8093.62588957
8093.68463833
8093.74697256
8093.80366041
8093.87234879
8093.93318676
8093.99212496
8094.05247458
8094.14300583
8094.20496849
8094.26289464
8094.34074587
8094.38344686
8094.44615655
8094.50290413
8094.56207445
8094.62034925
8094.68032754
8094.74102239
8094.79986039
8094.86068032
8094.92156559
8094.97843361
8095.04033190
8095.09901947
8095.15996350
8095.23867488
8095.28774807
8095.34839051
8095.40722826
8095.48602936
8095.52555279
8095.58644781
8095.64623423
8095.70993330
8095.76483598
8095.82420377
8095.88302349
8095.94368591
8096.00240591
8096.06316488
8096.13153851
8096.19214120
8096.25320908
8096.31314495
8096.37256297
8096.43095919
8096.49159285
8096.55454708
8096.62828524
8096.67015826
8096.73006683
8096.78979717
8096.84864102
8096.90656498
8096.96833113
8097.02823287
8097.08812291
8097.14792639
8097.20775621
8097.26660640
8097.32551461
8097.38576598
8097.44556410
8097.50539050
8097.56429433
8097.62315525
8097.68303407
8097.74479412
8097.82060905
8097.86192448
8097.92280633
8097.98465221
8098.04147829
8098.10038042
8098.15949831
8098.22303915
8098.27789525
8098.34065176
8098.39970358
8098.45834434
8098.51820463
8098.57722622
8098.63693657
8098.71968226
8098.76766246
8098.82652679
8098.88526726
8098.97375466
8099.01677018
8099.07658634
8099.13645468
8099.19558452
8099.25605823
8099.31395245
8099.37484308
8099.43357453
8099.49264440
8099.55241789
8099.61130295
8099.67101793
8099.73287843
8099.80289192
8099.86294238
8099.92193471
8099.98246524
8100.04024608
8100.11730102
8100.16006224
8100.22013245
8100.28025118
8100.33916403
8100.39851452
8100.45802982
8100.51871053
8100.57801177
8100.63676590
8100.69840259
8100.75724619
8100.82647973
8100.88495226
8100.94592701
8101.00566345
8101.06448121
8101.12434906
8101.18520312
8101.26200011
8101.30302589
8101.36324849
8101.42241953
8101.48300808
8101.54270063
8101.60259433
8101.67166134
8101.73126832
8101.79114007
8101.85216967
8101.91145701
8101.97084505
8102.03153185
8102.09028330
8102.14935146
8102.20907448
8102.27099740
8102.32986710
8102.40451076
8102.44739437
8102.50726174
8102.56710033
8102.62694721
8102.68509426
8102.74563575
8102.80553554
8102.86543241
8102.92719978
8102.98391176
8103.04202077
8103.10268636
8103.16358577
8103.22240110
8103.28278460
8103.34254737
8103.40095676
8103.46194540
8103.51964700
8103.63042466
8103.66347984
8103.72118705
8103.78024082
8103.83892254
8103.89881087
8103.96071575
8104.02282128
8104.07838931
8104.13806455
8104.19719878
8104.26179848
8104.31753839
8104.37648903
8104.43576297
8104.49627057
8104.56707571
8104.62415145
8104.68635231
8104.74763694
8104.82303568
8104.86390909
8104.92669168
8104.98523223
8105.04685063
8105.11458742
8105.18296641
8105.24750224
8105.31536581
8105.38204935
8105.44988025
8105.51783477
8105.58651218
8105.65225193
8105.71963252
8105.78843964
8105.87234464
8105.92349314
8105.99041244
8106.04724048
8106.11511088
8106.18119855
8106.25048353
8106.33991862
8106.39587650
8106.45061778
8106.51840211
8106.58638613
8106.65512303
8106.72200430
8106.79328193
8106.87658863
8106.92434087
8106.99219493
8107.05956723
8107.11663567
8107.18441513
8107.25109671
8107.36110443
8107.41843398
8107.48526283
8107.55378347
8107.62247404
8107.69028935
8107.75856935
8107.82402165
8107.90969476
8107.95855194
8108.02632433
8108.09523311
8108.16096311
8108.22813622
8108.29912226
8108.36346426
8108.43034187
8108.49910827
8108.56570769
8108.63188996
8108.70151140
8108.76944031
8108.83684260
8108.92496234
8108.97058929
8109.03821515
8109.10529025
8109.17316699
8109.24079163
8109.30849429
8109.37600312
8109.44278516
8109.51049660
8109.57747441
8109.64624008
8109.71316060
8109.78182412
8109.85110032
8109.93538445
8109.98350411
8110.05101099
8110.11806146
8110.18535306
8110.25407046
8110.32388987
8110.38926635
8110.45621783
8110.52244935
8110.59229533
8110.65708374
8110.72503533
8110.79291256
8110.86174869
8110.94855113
8110.99645355
8111.06237348
8111.13019487
8111.19893421
8111.26668295
8111.33390141
8111.40124104
8111.46715755
8111.53590518
8111.60279986
8111.66962822
8111.73844996
8111.80617627
8111.86211611
8111.94899218
8111.99695385
8112.06480401
8112.15538988
8112.21043738
8112.26629432
8112.33480302
8112.40675844
8112.47052383
8112.53835083
8112.60627950
8112.67204583
8112.77069179
8112.82955173
8112.89649492
8112.97219502
8113.03221817
8113.09988304
8113.16657731
8113.23735928
8113.30082210
8113.36787452
8113.43686864
8113.49459877
8113.56065133
8113.62827402
8113.69592841
8113.76477746
8113.83160997
8113.89679920
8113.98730241
8114.03225523
8114.10000739
8114.16879597
8114.23670636
8114.30358714
8114.37010050
8114.43788801
8114.50568502
8114.57263529
8114.64138023
8114.70875692
8114.77452886
8114.85350453
8114.92133031
8115.00702146
8115.06718676
8115.13401585
8115.20194014
8115.26967888
8115.33678348
8115.40428305
8115.47126842
8115.54009992
8115.59484387
8115.66368049
8115.73149213
8115.79925502
8115.86565159
8115.93547710
8116.02022130
8116.06729477
8116.13705177
8116.20294170
8116.27268724
8116.33868056
8116.40709709
8116.47161975
8116.54048392
8116.60853059
8116.67594824
8116.74369259
8116.81233977
8116.87734907
8116.94619983
8117.03076897
8117.08160369
8117.14859101
8117.21828950
8117.28337389
8117.35191721
8117.41969618
8117.48667156
8117.55453660
8117.62238944
8117.68821843
8117.75597790
8117.82380246
8117.88960634
8117.95949499
8118.04407267
8118.09219257
8118.16014270
8118.21879491
8118.28558744
8118.35430946
8118.42116025
8118.48688904
8118.55377250
8118.62181673
8118.69078306
8118.74639205
8118.81414689
8118.88226890
8118.94973482
8119.01658756
8119.10056474
8119.15140165
8119.22009491
8119.28656706
8119.35489241
8119.42469354
8119.48896239
8119.55868672
8119.62528102
8119.69296954
8119.75795544
8119.82551279
8119.89440743
8119.96133600
8120.03011483
8120.11492998
8120.16474752
8120.23086396
8120.30047102
8120.36718698
8120.43424403
8120.50194962
8120.57096154
8120.63556124
8120.70524680
8120.77123109
8120.82831269
8120.89500720
8120.96671467
8121.03064658
8121.11631457
8121.16525196
8121.23309847
8121.30100106
8121.36780943
8121.43457561
8121.50347123
8121.57119267
8121.63804956
8121.70484110
8121.77455446
8121.84051608
8121.90817826
8121.97602429
8122.04388932
8122.12768193
8122.17857297
8122.24489177
8122.31241011
8122.38036780
8122.44817432
8122.51692146
8122.58468873
8122.65058428
8122.71852051
8122.78522453
8122.85391973
8122.92091267
8122.98896251
8123.05462644
8123.15033888
8123.20211056
8123.27110321
8123.33995129
8123.40543529
8123.46132929
8123.52820471
8123.59599392
8123.66246656
8123.73122077
8123.79802183
8123.86498624
8123.93183166
8124.00067657
8124.06753151
8124.15214185
8124.20216030
8124.27084453
8124.33860620
8124.40465047
8124.47251233
8124.54035689
8124.60918230
8124.67584413
8124.74177991
8124.80930898
8124.87741783
8124.94517022
8125.01395808
8125.08040220
8125.15734572
8125.21514558
8125.28307157
8125.34985312
8125.41987782
8125.48560392
8125.55319223
8125.62020418
8125.68785467
8125.75479542
8125.82461898
8125.89238040
8125.95738726
8126.02612611
8126.13374815
8126.18256535
8126.25143659
8126.31818595
8126.38504503
8126.45282059
8126.51971990
8126.58648780
8126.65687529
8126.72280741
8126.78960627
8126.85709023
8126.92393809
8126.99096028
8127.06012580
8127.14501628
8127.19477093
8127.26167804
8127.32958013
8127.39725012
8127.46506591
8127.53418218
8127.60075942
8127.66653672
8127.73430277
8127.80224826
8127.86999676
8127.93697092
8128.00393776
8128.07080221
8128.15761927
8128.20639014
8128.27515020
8128.34222433
8128.41080324
8128.48059534
8128.54450458
8128.61136049
8128.67941033
8128.74712713
8128.81585306
8128.88079580
8128.94959366
8129.01537973
8129.08420172
8129.17102732
8129.22073564
8129.28572177
8129.35403201
8129.42222521
8129.48833409
8129.55737161
8129.62422240
8129.69125995
8129.75899065
8129.82681643
8129.89425286
8129.96207840
8130.03092452
8130.09735035
8130.18233885
8130.23053116
8130.29917200
8130.36699388
8130.43495449
8130.50361216
8130.56750262
8130.63535644
8130.70316662
8130.77193497
8130.83965519
8130.90763189
8130.97734281
8131.04129787
8131.10832982
8131.19469632
8131.24547569
8131.31128542
8131.37916874
8131.44687140
8131.51467988
8131.58152043
8131.64941058
8131.71651761
8131.78399500
8131.85194585
8131.92064155
8131.98756402
8132.07637642
8132.13214242
8132.22074783
8132.26571771
8132.33504536
8132.40082242
8132.45970845
8132.52844462
8132.59418900
8132.66207159
8132.73015996
8132.79679132
8132.86383911
8132.93056898
8132.99835551
8133.09691028
8133.15575827
8133.24148185
8133.29043071
8133.35822723
8133.42609764
8133.49388100
8133.59166582
8133.64936304
8133.71716371
8133.78874342
8133.85355402
8133.91857673
8133.98732972
8134.04526148
8134.11114386
8134.17803049
8134.26770841
8134.31352408
8134.38028636
8134.44923391
8134.51598596
8134.58471750
8134.65180991
8134.71840323
8134.79716850
8134.86413120
8134.93132990
8134.99985883
8135.06765926
8135.13434012
8135.20143838
8135.28800115
8135.33645385
8135.45851768
8135.51565853
8135.58236523
8135.64936035
8135.70707464
8135.78190872
8135.84986007
8135.91842825
8135.98368624
8136.05305021
8136.11898184
8136.18595600
8136.27247781
8136.32160538
8136.39029790
8136.45705532
8136.52450783
8136.59140836
8136.65922610
8136.72697581
8136.79578659
8136.86211928
8136.92903907
8136.99592253
8137.06465358
8137.13166090
8137.20032490
8137.28524927
8137.33409548
8137.40277289
8137.47057893
8137.53637305
8137.60529183
8137.67177447
8137.73902706
8137.80765937
8137.87454722
8137.94257268
8138.01037091
8138.07618942
8138.15506610
8138.22188837
8138.30852915
8138.35743339
8138.42552444
8138.49237816
8138.55975875
8138.62635037
8138.69395721
8138.76272727
8138.82954173
8138.89763937
8138.96722789
8139.03213308
8139.10079367
8139.16783220
8139.23558143
8139.32225293
8139.37019095
8139.43707563
8139.50487289
8139.57262944
8139.63945804
8139.70826296
8139.77425555
8139.86344658
8139.93222151
8139.98893082
8140.05599957
8140.12371101
8140.19058179
8140.25744990
8140.34310448
8140.39317120
8140.46177790
8140.52853531
8140.59562943
8140.66254215
8140.73202851
8140.79811570
8140.88865743
8140.94468699
8141.04420042
8141.10223629
8141.16788681
8141.23682997
8141.32164049
8141.37049011
8141.43769808
8141.53734951
8141.59523884
8141.66400061
8141.73074413
8141.79758346
8141.86564330
8141.93534130
8142.00007436
8142.06689492
8142.13410143
8142.20247164
8142.28946790
8142.33641971
8142.40446737
8142.47293412
8142.53874117
8142.60669008
8142.66450457
8142.73041401
8142.79788286
8142.86731925
8142.93319041
8143.00175738
8143.06860914
8143.13621672
8143.20209276
8143.29175800
8143.33967627
8143.40751644
8143.47438942
8143.54218961
8143.60827654
8143.67610379
8143.74360214
8143.83444571
8143.91148554
8143.96733249
8144.03524336
8144.10307329
8144.17171974
8144.25760398
8144.30547154
8144.37311057
8144.47283343
8144.52996525
8144.59860609
8144.66550760
8144.73227281
8144.80101142
8144.86689673
8144.93376556
8145.00275407
8145.07050793
8145.13736238
8145.20502262
8145.28989164
8145.34054253
8145.40670237
8145.47516352
8145.54305440
8145.60951144
8145.67573320
8145.74453398
8145.81198308
8145.88056516
8145.94756077
8146.01626183
8146.08212130
8146.14793395
8146.21664452
8146.30473378
8146.35333349
8146.41913761
8146.48703337
8146.55476431
8146.67647146
8146.73249736
8146.82314735
8146.87993857
8146.93490634
8147.03558786
8147.09161669
8147.17026298
8147.25736261
8147.30582824
8147.37197149
8147.44064110
8147.50849175
8147.57617857
8147.64210118
8147.70993038
8147.77969591
8147.84661984
8147.91241543
8147.97936935
8148.04870602
8148.11645086
8148.18200654
8148.26057797
8148.30525333
8148.37438057
8148.44191769
8148.50796586
8148.56666635
8148.63255239
8148.75423856
8148.81096298
8148.87976449
8148.94680497
8149.01452640
8149.08227880
8149.15003729
8149.23503334
8149.28373936
8149.35266814
8149.42046345
8149.48543203
8149.56424947
8149.63397209
8149.70093162
8149.78979497
8149.84742197
8149.90235342
8149.97015214
8150.03902801
8150.08395986
8150.15376904
8150.23746485
8150.28843220
8150.35511574
8150.45484323
8150.51282717
8150.58046669
8150.64644269
8150.71548338
8150.78304146
8150.84896212
8150.91861866
8150.98534560
8151.05277203
8151.11966134
8151.18665695
8151.27238053
8151.32123625
8151.38912567
8151.45699119
8151.52482064
8151.59340906
8151.65928559
8151.79116274
8151.85967729
8151.92677091
8151.99530862
8152.06229692
8152.12917478
8152.21072922
8152.26377845
8152.33149940
8152.40033602
8152.46997282
8152.53399591
8152.60386701
8152.67022092
8152.73623422
8152.82800037
8152.88362716
8152.94052688
8153.02927296
8153.09620104
8153.18193656
8153.23184822
8153.29964987
8153.36550884
8153.47719323
8153.54390895
8153.61196050
8153.67973314
8153.74751820
8153.81537763
8153.88107960
8153.94987087
8154.01689915
8154.08572528
8154.16855314
8154.22134321
8154.28522172
8154.35496238
8154.42205333
8154.48972917
8154.54746320
8154.61535603
8154.68026659
8154.77090805
8154.83673801
8154.90550977
8154.97428397
8155.04017830
8155.10771883
8155.19230309
8155.24165764
8155.31044964
8155.37868771
8155.44429922
8155.51190240
8155.58077315
8155.64761151
8155.71534904
8155.80527345
8155.86208783
8155.91794258
8155.98678286
8156.05185091
8156.12038838
8156.20545440
8156.25607701
8156.32293438
8156.38986002
8156.45852061
8156.52539188
8156.59649471
8156.65111164
8156.71719882
8156.82656409
8156.88365544
8156.95232456
8157.02010134
8157.08791835
8157.17378821
8157.22080000
8157.28866358
8157.35830501
8157.42294543
8157.49210168
8157.56070814
8157.62563040
8157.69334233
8157.76232889
8157.83004227
8157.89692476
8157.96561558
8158.03158915
8158.10206075
8158.18548131
8158.24032205
8158.31905659
8158.39783941
8158.44490094
8158.50384085
8158.56265544
8158.62016834
8158.67615426
8158.73439298
8158.80290850
8158.85979529
8158.91874545
8158.97637220
8159.03435443
8159.09202605
8159.16082756
8159.21797084
8159.29462032
8159.33353765
8159.39322386
8159.45023426
8159.50802535
8159.57737738
8159.63336013
8159.70293793
8159.77199470
8159.82981456
8159.88726943
8159.94899486
8160.01307768
8160.08192893
8160.14152152
8160.19855923
8160.25625401
8160.32498409
8160.41017250
8160.45190021
8160.50885235
8160.56570452
8160.62400614
8160.69258140
8160.75044075
8160.80867727
8160.86455104
8160.92441279
8160.98224264
8161.05104269
8161.10851243
8161.17575185
8161.23561507
8161.29297364
8161.35180213
8161.40819862
8161.46699103
8161.52384052
8161.60983473
8161.64980067
8161.70753105
8161.76720239
8161.83614336
8161.89297359
8161.96091055
8162.01961324
8162.07765252
8162.13462099
8162.19322103
8162.26111703
8162.33075164
8162.38866097
8162.44953965
8162.51340110
