4467.55697664
4467.64912215
4467.75963016
4467.85144946
4467.93888994
4468.04066763
4468.13059862
4468.23307263
4468.32295852
4468.42593623
4468.51550225
4468.61379492
4468.70218358
4468.81217910
4468.89741872
4468.98430112
4469.08554292
4469.18165179
4469.27784893
4469.39611324
4469.47242993
4469.56906495
4469.66608274
4469.75553441
4469.84331939
4469.95304136
4470.04996212
4470.15762000
4470.24394725
4470.33052636
4470.42721721
4470.52396803
4470.59881260
4470.69561365
4470.78140769
4470.88812520
4470.98739506
4471.07292652
4471.15948027
4471.24521725
4471.38680924
4471.45177026
4471.53762160
4471.65709130
4471.76442686
4471.83972248
4471.92556577
4472.10007760
4472.17397619
4472.28257151
4472.36929569
4472.44609804
4472.55437617
4472.62268372
4472.72226420
4472.82003220
4472.91677620
4473.01454737
4473.10124521
4473.20898159
4473.31926042
4473.40490330
4473.50191427
4473.60054706
4473.69822680
4473.79493764
4473.89283657
4474.00136289
4474.09793501
4474.17500945
4474.28281142
4474.38046751
4474.47731074
4474.57501218
4474.66276133
4474.77132447
4474.86673922
4474.96354369
4475.06115663
4475.14692311
4475.24575656
4475.36435197
4475.47509330
4475.56091196
4475.67049496
4475.74442427
4475.83016979
4475.92684406
4476.03458264
4476.11058188
4476.21677642
4476.30247610
4476.41123063
4476.51841869
4476.61565592
4476.70544063
4476.80217853
4476.91190123
4477.00861841
4477.09446780
4477.19078635
4477.30808493
4477.40177157
4477.57422858
4477.65992315
4477.74584055
4477.85460264
4477.95127643
4478.05852787
4478.13678723
4478.22463585
4478.33323386
4478.42093376
4478.50769937
4478.60739176
4478.69322335
4478.79005780
4478.90812048
4478.98247523
4479.07863092
4479.16801237
4479.26671392
4479.37546821
4479.46119690
4479.55293769
4479.62870264
4479.74785807
4479.82306640
4479.90897552
4480.00687371
4480.10439522
4480.21328068
4480.29981249
4480.43169257
4480.55022873
4480.63646918
4480.73534847
4480.82205240
4480.90782230
4481.01567328
4481.11127211
4481.19707980
4481.29365118
4481.40001516
4481.52111083
4481.59702743
4481.70463045
4481.79040060
4481.88922917
4481.99791494
4482.09563613
4482.20278957
4482.33196849
4482.43476091
4482.53246869
4482.63966650
4482.73637905
4482.83328347
4482.94549839
4483.03257170
4483.12931545
4483.23612341
4483.31086680
4483.41864341
4483.51639508
4483.62404710
4483.71934873
4483.80470342
4483.90633458
4483.99316408
4484.08990247
4484.18872884
4484.27407988
4484.38289585
4484.49009635
4484.56614899
4484.66250387
4484.74907371
4484.84506556
4484.95455664
4485.05140231
4485.14913983
4485.26740658
4485.35458887
4485.44133523
4485.58194880
4485.67779120
4485.77457445
4485.87216959
4485.95796704
4486.06722796
4486.15242443
4486.26212591
4486.34791020
4486.43266488
4486.52943253
4486.66001189
4486.73695688
4486.84514114
4486.92045821
4487.02762554
4487.12427567
4487.22012294
4487.30485519
4487.40156774
4487.49906584
4487.61664603
4487.70278116
4487.85602064
4487.95621844
4488.05192430
4488.23746583
4488.35464007
4488.42813222
4488.53471588
4488.64430985
4488.74109968
4488.83755672
4488.93421880
4489.00856965
4489.12577608
4489.20103609
4489.31872306
4489.40559815
4489.48230883
4489.59007643
4489.68683993
4489.78250825
4489.86825742
4489.97568149
4490.06278113
4490.16051207
4490.25684306
4490.35298729
4490.43744622
4490.54466842
4490.63985643
4490.74723782
4490.83241308
4490.92831740
4491.02499435
4491.12265483
4491.20853103
4491.30519750
4491.41290048
4491.53021784
4491.61649535
4491.70225087
4491.83078394
4491.89391518
4492.00143287
4492.08646817
4492.19414092
4492.30120049
4492.39763120
4492.48422883
4492.61338581
4492.70969437
4492.80730535
4492.91498542
4493.01192666
4493.11924394
4493.20561507
4493.31649245
4493.40211217
4493.48948658
4493.59583691
4493.69390040
4493.77990241
4493.89797997
4493.97218722
4494.06791039
4494.15272407
4494.25057789
4494.34924945
4494.44840960
4494.55613793
4494.66235807
4494.74721734
4494.83217926
4494.92897641
4495.00465505
4495.11261062
4495.21117587
4495.29713595
4495.39483080
4495.50187331
4495.59711179
4495.68584665
4495.77289899
4495.86941576
4495.95607654
4496.05887189
4496.15561687
4496.25335073
4496.34918874
4496.42330358
4496.49685401
4496.60434341
4496.70605015
4496.83573351
4496.91149163
4496.99636895
4497.09312368
4497.19931797
4497.29568870
4497.37143170
4497.47918832
4497.56804582
4497.71805995
4497.82480038
4497.90370607
4498.01234455
4498.08884312
4498.19838515
4498.29517377
4498.38298436
4498.47267227
4498.56944773
4498.64441468
4498.83922072
4498.95008201
4499.02394109
4499.12094768
4499.23271813
4499.33107737
4499.42745712
4499.51395747
4499.62260619
4499.69633630
4499.78217252
4499.86795339
4499.97464335
4500.07136711
4500.16901297
4500.26501920
4500.37353992
4500.47088491
4500.54709481
4500.64287454
4500.73958538
4500.83533025
4500.92115964
4501.00700147
4501.10218631
4501.20295755
4501.32122577
4501.39546105
4501.49222992
4501.64388635
4501.75154837
4501.83225557
4501.92918658
4502.01603265
4502.13511056
4502.23339568
4502.34104453
4502.42642848
4502.53415122
4502.63146354
4502.72817706
4502.80299944
4502.92124717
4502.98556771
4503.07125252
4503.17812875
4503.27470135
4503.38154954
4503.47719518
4503.58385905
4503.73403555
4503.79746619
4503.99271425
4504.07843929
4504.17582036
4504.28310326
4504.37992284
4504.49800991
4504.57326285
4504.68089952
4504.78865126
4504.87449821
4504.97530456
4505.08284565
4505.17968352
4505.28594608
4505.37204464
4505.47851297
4505.57611006
4505.68359459
4505.75931955
4505.85595847
4505.95380034
4506.02949678
4506.13810478
4506.20011230
4506.28587952
4506.38358852
4506.47033463
4506.56738266
4506.67479478
4506.78258236
4506.86832910
4506.97675352
4507.06177005
4507.14681364
4507.24225302
4507.32714472
4507.40286968
4507.50086784
4507.59763768
4507.73911971
4507.81344398
4507.89955205
4507.99641869
4508.09313465
4508.17908326
4508.27553445
4508.36042444
4508.45579238
4508.55210143
4508.65961936
4508.73764710
4508.82328949
4508.93104245
4509.02294172
4509.14247823
4509.23915591
4509.32562116
4509.43179375
4509.50505551
4509.61300206
4509.72108977
4509.80784783
4509.90357953
4510.00035011
4510.09611887
4510.17284467
4510.26915664
4510.34339485
4510.45109199
4510.54791132
4510.63285032
4510.72934978
4510.82512732
4510.92360944
4511.01921778
4511.12654627
4511.19277998
4511.27763194
4511.38634746
4511.46099308
4511.56883845
4511.67559642
4511.78334841
4511.88586606
4511.98269222
4512.07967760
4512.16571569
4512.25262345
4512.33830704
4512.43703809
4512.52290990
4512.62062743
4512.72586892
4512.82267436
4512.91938081
4513.02699968
4513.11205766
4513.25249179
4513.34837124
4513.43411872
4513.54051659
4513.61552402
4513.71311672
4513.82051494
4513.91721384
4513.99150300
4514.09814225
4514.19792557
4514.33909577
4514.40337778
4514.51203406
4514.59788856
4514.69558610
4514.78137258
4514.87826384
4514.96369436
4515.06030744
4515.15815346
4515.24202360
4515.33887682
4515.42476595
4515.51053634
4515.58527095
4515.67215701
4515.77971370
4515.88748812
4516.00567734
4516.09194827
4516.20064795
4516.28546894
4516.38111580
4516.46695470
4516.55334437
4516.64190491
4516.73861624
4516.83413339
4516.90917349
4517.01589246
4517.11184213
4517.20849934
4517.29407444
4517.39113807
4517.47686799
4517.56258620
4517.66988007
4517.75521112
4517.82991013
4517.93864296
4518.07914341
4518.18759172
4518.25134979
4518.34914924
4518.45637119
4518.54172564
4518.63849475
4518.71412658
4518.81196455
4518.89860485
4518.99934269
4519.15192267
4519.23558094
4519.32705671
4519.42297273
4519.51957240
4519.59431578
4519.69112683
4519.77698426
4519.87364390
4519.95132568
4520.05962209
4520.15586970
4520.24159108
4520.32679047
4520.42455530
4520.52024897
4520.61701735
4520.70229476
4520.79007584
4520.89483775
4520.96940438
4521.06582143
4521.17288978
4521.27080114
4521.37836442
4521.48613932
4521.57182316
4521.66815805
4521.75346008
4521.84310021
4521.94092112
4522.01574496
4522.11261769
4522.21008970
4522.30593185
4522.40225407
4522.50859635
4522.57195018
4522.65762256
4522.74345122
4522.83919682
4522.93588109
4523.03257877
4523.12961900
4523.23732198
4523.34539116
4523.41954160
4523.50617825
4523.59097852
4523.68775178
4523.77399711
4523.84746732
4523.93464376
4524.03138483
4524.12801351
4524.22446397
4524.31060300
4524.41140154
4524.48720891
4524.58495058
4524.68652712
4524.77130350
4524.86905834
4524.99824799
4525.07298406
4525.16794679
4525.26423730
4525.37130955
4525.46838391
4525.59889428
4525.68587347
4525.78299538
4525.85828611
4525.94405431
4526.02992295
4526.13644736
4526.24321436
4526.33896801
4526.43471288
4526.53165485
4526.64979945
4526.72706846
4526.82447001
4526.91320293
4526.99814900
4527.10562329
4527.20265352
4527.30135312
4527.41948919
4527.51481641
4527.61341604
4527.70117275
4527.80245599
4527.87745537
4527.97400823
4528.07084731
4528.16752134
4528.28611772
4528.37091994
4528.46710367
4528.55287869
4528.66059411
4528.75757387
4528.86516080
4528.97183637
4529.07899054
4529.16524831
4529.26307458
4529.37070052
4529.47840325
4529.56425069
4529.66180852
4529.76877593
4529.87704187
4529.96186433
4530.06804034
4530.16489551
4530.27165837
4530.37928016
4530.47593347
4530.57267381
4530.69004310
4530.77625454
4530.90577187
4531.00354426
4531.12227107
4531.20794833
4531.30569438
4531.43388344
4531.50907690
4531.61778657
4531.71459810
4531.81447091
4531.91321536
4532.01070006
4532.12863571
4532.22498986
4532.31135222
4532.41897719
4532.51777382
4532.61403507
4532.72525696
4532.82147725
4532.92329810
4533.03150089
4533.12172470
4533.22855947
4533.33718723
4533.43576930
4533.54354519
4533.64046595
4533.73565932
4533.85382099
4533.95299991
4534.03789649
4534.13458100
4534.24543181
4534.34059690
4534.43687644
4534.55568177
4534.67393755
4534.77305357
4534.86989192
4534.97760710
4535.07542727
4535.18329434
4535.27969969
4535.38757650
4535.49681134
4535.58283383
4535.66819072
4535.76441004
4535.86318887
4535.97178054
4536.07971173
4536.17637796
4536.29452304
4536.39066484
4536.48756244
4536.59474440
4536.70636613
4536.82507173
4536.92169676
4537.04000861
4537.12674741
4537.22211218
4537.32872241
4537.43547113
4537.54325578
4537.67481428
4537.73858772
4537.85696881
4537.94406552
4538.04087706
4538.13754670
4538.24527528
4538.34196174
4538.48224593
4538.58988943
4538.67386197
4538.78438119
4538.88017019
4538.97798451
4539.08669199
4539.19448762
4539.30208552
4539.40945253
4539.49557791
4539.60324018
4539.70109107
4539.79790602
4539.90719596
4540.01457004
4540.11153274
4540.22935064
4540.31561474
4540.41123234
4540.52003442
4540.63084889
4540.72756193
4540.82519730
4540.93394890
4541.04033580
4541.12539549
4541.23621484
4541.34611479
4541.44266594
4541.53945260
4541.63912085
4541.73502103
4541.85304080
4541.93933489
4542.04701496
4542.14374092
4542.28360088
4542.35818847
4542.45620198
4542.56500381
4542.67228379
4542.77033046
4542.87816364
4542.97378319
4543.08064479
4543.18945150
4543.28595973
4543.38275103
4543.51287252
4543.59807118
4543.70543185
4543.80336028
4543.88971483
4543.98563330
4544.08149836
4544.17910618
4544.28749427
4544.37662215
4544.48541375
4544.59394982
4544.68675436
4544.78547175
4544.88325511
4544.99321625
4545.10136882
4545.18752199
4545.32932925
4545.42705093
4545.52370643
4545.63091984
4545.73907265
4545.85698929
4545.94261047
4546.02873316
4546.12713580
4546.22693424
4546.32461008
4546.43629130
4546.53311356
4546.65137812
4546.73760004
4546.84540079
4546.94211212
4547.05035222
4547.14622558
4547.24384558
4547.36547788
4547.47769499
4547.56318646
4547.66171124
4547.76855260
4547.87626095
4547.97392679
4548.05875803
4548.15446974
4548.27284718
4548.37005881
4548.46642466
4548.56423508
4548.67270046
4548.78147498
4548.86716760
4548.97502101
4549.09411720
4549.18432370
4549.27105762
4549.36772653
4549.47524324
4549.57203966
4549.68279441
4549.79053420
4549.89930751
4549.97557738
4550.08220078
4550.17789128
4550.26268692
4550.37048036
4550.47910445
4550.57487760
4550.72605153
4550.78948265
4550.89607460
4550.99288394
4551.10057351
4551.20819896
4551.30498246
4551.41279565
4551.51990032
4551.65958352
4551.76786409
4551.85346235
4551.94029794
4552.03808983
4552.13476971
4552.23050702
4552.34886837
4552.43503715
4552.54283399
4552.65027586
4552.73506833
4552.84247362
4552.93793909
4553.03487740
4553.15206432
4553.23716789
4553.34599679
4553.44364239
4553.54038956
4553.64918481
4553.74589639
4553.84350737
4553.96078011
4554.05705697
4554.15506683
4554.26135938
4554.36856109
4554.47641255
4554.57305050
4554.66972160
4554.79899121
4554.88529847
4554.99306606
4555.10065616
4555.19645613
4555.33705996
4555.39992739
4555.49712244
4555.61377834
4555.68902666
4555.80784661
4555.90461816
4556.00222037
4556.12096986
4556.22892787
4556.32633820
4556.44457058
4556.54579579
4556.65261545
4556.75022327
4556.84715744
4556.95489066
4557.05195575
4557.14791517
4557.26546976
4557.37375715
4557.46940474
4557.57627365
4557.68294776
4557.76881421
4557.87649501
4557.98518103
4558.09433638
4558.19066420
4558.29832744
4558.42759121
4558.53561846
4558.63244706
4558.74118989
4558.86220340
4558.94654360
4559.05731322
4559.15502026
4559.28564497
4559.39321971
4559.48994787
4559.59723906
4559.69385920
4559.84357856
4559.93968769
4560.04740408
4560.14322745
4560.26080496
4560.37800455
4560.45238369
4560.56006448
4560.65684603
4560.76445295
4560.86236114
4560.94808935
4561.05586889
4561.16349361
4561.24968018
4561.34778635
4561.44332471
4561.55115033
4561.65874872
4561.75646844
4561.86432454
4561.98365600
4562.05847863
4562.16917705
4562.27727549
4562.37462121
4562.47094610
4562.57832019
4562.67491473
4562.79266315
4562.87739052
4562.97465335
4563.08131014
4563.18907164
4563.28487137
4563.39149184
4563.50025246
4563.61956004
4563.69474301
4563.78026423
4563.88897780
4563.98573179
4564.09448876
4564.19268831
4564.30064290
4564.39689002
4564.49402484
4564.59078542
4564.70275604
4564.80045480
4564.90909694
4565.00672158
4565.10366965
4565.22265832
4565.31793751
4565.41466981
4565.51198652
4565.58676355
4565.68376087
4565.76979018
4565.87860493
4565.96430925
4566.06065999
4566.14705794
4566.24364322
4566.35241043
4566.44913395
4566.56077641
4566.65858195
4566.77735899
4566.89466879
4566.96925517
4567.06583971
4567.16194372
4567.31322565
4567.38008376
4567.48778747
4567.58443761
4567.70171327
4567.78783962
4567.88369860
4567.96943461
4568.05428657
4568.15092305
4568.23772743
4568.34641248
4568.44436114
4568.56422484
4568.63958043
4568.74766083
4568.84600373
4568.94369737
4569.04141929
4569.15014067
4569.24583409
4569.36308148
4569.46037868
4569.55789409
4569.66509873
4569.77282439
4569.88051274
4569.97922136
4570.06510097
4570.17191625
4570.26801927
4570.36477595
4570.46078194
4570.56816602
4570.66514481
4570.77256132
4570.85734818
4570.97461677
4571.07381398
4571.17165561
4571.26739731
4571.35304019
4571.44979614
4571.54657622
4571.65329373
4571.77645276
4571.85090991
4571.94851919
4572.05628751
4572.15988914
4572.25763251
4572.36489469
4572.46374983
4572.57195945
4572.64717339
4572.75494195
4572.85164816
4572.95983852
4573.06720334
4573.16775076
4573.26441748
4573.38270349
4573.46883301
4573.57656866
4573.68454934
4573.78069967
4573.88831927
4573.98598462
4574.09264191
4574.19916022
4574.27444950
4574.38272763
4574.47937752
4574.58712780
4574.68394226
4574.79069975
4574.89740214
4575.01459003
4575.10078343
4575.19850048
4575.29520595
4575.40300232
4575.50094781
4575.58758908
4575.69525623
4575.80271491
4575.88795502
4575.99571091
4576.09146187
4576.19905514
4576.29592227
4576.39155474
4576.49928210
4576.61667309
4576.70280798
4576.80049918
4576.89722416
4577.00648069
4577.08129381
4577.19058691
4577.29748557
4577.40389149
4577.48968602
4577.58532653
4577.68223145
4577.81175926
4577.89870481
4577.99536641
4578.10312498
4578.22030239
4578.30708434
4578.39191777
4578.48813978
4578.59579985
4578.69335427
4578.80083124
4578.89759231
4579.01580323
4579.11215616
4579.22087144
4579.31956055
4579.41815896
4579.50409124
4579.61224039
4579.77436721
4579.83854049
4579.93554439
4580.03254073
4580.12865400
4580.22596998
4580.33367393
4580.43140561
4580.54971161
4580.63693071
4580.74454568
4580.84023740
4580.94799719
4581.05492632
4581.16247498
4581.27030425
4581.41077422
4581.50755333
4581.60436804
4581.71299359
4581.80970419
4581.91849018
4582.02610466
4582.14339958
4582.22956007
4582.32744193
4582.43529997
4582.53176237
4582.63951948
4582.75819364
4582.85580999
4582.97452778
4583.06032719
4583.15618592
4583.25359162
4583.35922490
4583.44500017
4583.55188736
4583.66178877
4583.76871352
4583.86490212
4583.95175941
4584.06047859
4584.15733060
4584.26434750
4584.34911535
4584.45679663
4584.57725864
4584.66808052
4584.76501639
4584.87224517
4584.96903354
4585.06563370
4585.17262573
4585.27015650
4585.37846511
4585.46390709
4585.56734633
4585.67477406
4585.76052006
4585.87131796
4585.96813315
4586.08263061
4586.19105357
4586.26464910
4586.37303523
4586.47077202
4586.57840772
4586.67611062
4586.78380702
4586.87957871
4586.99775305
4587.08194039
4587.17795955
4587.27446559
4587.37124128
4587.46715194
4587.56374698
4587.64968974
4587.76730796
4587.86269126
4587.97129146
4588.07904320
4588.17777766
4588.28554331
4588.38212420
4588.53240359
4588.59484387
4588.69049268
4588.78625267
4588.87318066
4588.98479410
4589.07040358
4589.17804073
4589.27460773
4589.39195459
4589.47010911
4589.57781575
4589.65162656
4589.75930199
4589.87894797
4589.97586191
4590.07463074
4590.19271366
4590.28893689
4590.41857807
4590.50493360
4590.59228778
4590.70120810
4590.79856235
4590.90564631
4591.02341568
4591.10858874
4591.21641972
4591.31410775
4591.42081014
4591.51767117
4591.61454269
4591.71195131
4591.82977896
4591.91580120
4592.02337789
4592.11929587
4592.21536306
4592.32375017
4592.43047182
4592.52769710
4592.63499146
4592.70920651
4592.81685146
4592.92377547
4593.03442684
4593.13309011
4593.21896119
4593.32653618
4593.44481658
4593.53106410
4593.63869467
4593.74847296
4593.84574359
4593.95456273
4594.05227197
4594.14794029
4594.30995422
4594.36126949
4594.46896223
4594.56594126
4594.66345375
4594.76222746
4594.91241835
4595.01973977
4595.12640510
4595.22260102
4595.31931308
4595.42712846
4595.53497870
4595.63149840
4595.73132976
4595.82713095
4595.94525921
4596.02044219
4596.16109721
4596.23598590
4596.35445745
4596.45202821
4596.60373999
4596.72148157
4596.80672558
4596.91445196
4597.01219266
4597.11989637
4597.27149136
4597.36727548
4597.48506534
4597.58137024
4597.67023384
4597.77789342
4597.87608224
4597.98315668
4598.07937844
4598.17613927
4598.28345630
4598.36867397
4598.46940304
4598.56606487
4598.67377931
4598.77159339
4598.87429829
4598.97105350
4599.10126105
4599.17569797
4599.27841140
4599.37596899
4599.49422745
4599.59044482
4599.68678898
4599.79352452
4599.92603461
4600.01095045
4600.10970027
4600.20773061
4600.31604043
4600.42480740
4600.52173572
4600.63028886
4600.74947039
4600.84574652
4600.94242420
4601.06263972
4601.15865644
4601.26580573
4601.36369319
4601.46021898
4601.56753334
4601.65173847
4601.74962472
4601.84534179
4601.94323779
4602.05168683
4602.14743585
4602.25518588
4602.38437066
4602.45966139
4602.57839699
4602.68712495
4602.77384278
4602.88153016
4602.97754322
4603.06416889
4603.17141424
4603.25673261
4603.36636510
4603.46220067
4603.55981238
4603.66764264
4603.77441475
4603.87410251
4603.98182963
4604.06708851
4604.17384721
4604.28459099
4604.38036804
4604.48901164
4604.59670072
4604.69348642
4604.81170319
4604.89685747
4605.00466724
4605.10143123
4605.19919655
4605.31840099
4605.41363606
4605.51163177
4605.62931021
4605.71549630
4605.81141842
4605.90793324
4605.99470739
4606.10242427
4606.19913657
4606.29607123
4606.42530452
4606.52232183
4606.63302611
4606.72992200
4606.82611012
4606.97020895
4607.06717238
4607.17412979
4607.26943922
4607.36609447
4607.46287724
4607.55960685
4607.66729277
4607.75306901
4607.86085611
4607.97829269
4608.06536380
4608.16201930
4608.25978583
4608.37851728
4608.47504064
4608.57377046
4608.68145077
4608.78947875
4608.91962925
4609.02746926
4609.12725405
4609.23574941
4609.33446046
4609.46519294
4609.54949438
4609.64652948
4609.73279164
4609.82918748
4609.93772502
4610.03561785
4610.13316081
4610.29549536
4610.38156441
4610.47826648
4610.58899489
4610.68584690
4610.79340189
4610.90121361
4610.99799443
4611.11609100
4611.21287352
4611.30980111
4611.45073919
4611.51359005
4611.61052447
4611.70801915
4611.80487043
4611.92313645
4612.01943135
4612.11599079
4612.22476385
4612.32194452
4612.43176474
4612.54335672
4612.64076583
4612.76047033
4612.84716207
4612.95458858
4613.05263232
4613.16028581
4613.25709369
4613.35775571
4613.45849598
4613.57085865
4613.65593345
4613.76483963
4613.86147733
4613.96917227
4614.07880281
4614.17582914
4614.28433791
4614.40342630
4614.49916459
4614.59531004
4614.71299043
4614.79883957
4614.91437907
4615.00121149
4615.10905637
4615.21621980
4615.30260435
4615.41031952
4615.51779576
4615.62509890
4615.72033396
4615.81799688
4615.92574277
4616.04391907
4616.14008036
4616.24637218
4616.35401421
4616.46092969
4616.55846534
4616.66628584
4616.75418297
4616.87222981
4616.95847197
4617.05512698
4617.15291302
4617.26175557
4617.35834475
4617.45433782
4617.56327301
4617.67325317
4617.77043408
4617.88910799
4617.97483035
4618.08165660
4618.18941882
4618.29802341
4618.41624043
4618.50263229
4618.61029431
4618.70909874
4618.80573742
4618.90150325
4619.01981804
4619.10523563
4619.22357431
4619.30934153
4619.41654421
4619.51235174
4619.61022239
4619.71895741
4619.82671867
4619.92323471
4620.04045064
4620.12577998
4620.24456677
4620.34116132
4620.44888405
4620.55469410
4620.64092504
4620.74887476
4620.86706715
4620.96410299
4621.04999089
4621.14760895
4621.25644101
4621.35218954
4621.44781007
4621.55473701
4621.67178617
4621.75703310
4621.85481549
4621.96250677
4622.07023584
4622.16655122
4622.27381315
4622.37050571
4622.48877880
4622.56396372
4622.66174172
4622.76856821
4622.87617220
4622.97302494
4623.06925329
4623.15505025
4623.28326076
4623.36895435
4623.47678997
4623.58352137
4623.70188857
4623.79763539
4623.90411348
4624.00001438
4624.11817435
4624.20336276
4624.30016235
4624.41929341
4624.51492222
4624.62402199
4624.72040759
4624.81670274
4624.92389543
4625.00920648
4625.11684169
4625.23051507
4625.32634869
4625.42312779
4625.53168167
4625.63856911
4625.75671762
4625.84296660
4625.94073290
4626.03861402
4626.14511039
4626.24137433
4626.35047532
4626.43522756
4626.57444411
4626.63767238
4626.74549215
4626.84237951
4626.94015726
4627.02584646
4627.13447665
4627.22022973
4627.31715659
4627.44619654
4627.54539253
4627.63136772
4627.74193253
4627.85065488
4627.95232115
4628.09252708
4628.21123707
4628.29865147
4628.39616664
4628.52681816
4628.60234710
4628.69890703
4628.78478030
4628.89252278
4628.99934147
4629.10977146
4629.20609538
4629.30375561
4629.41250673
4629.52025360
4629.61701320
4629.71469563
4629.83296920
4629.91932912
4630.02721667
4630.12393848
4630.23230951
4630.32910080
4630.42589869
4630.52577466
4630.65352608
4630.73878008
4630.84614636
4630.94476648
4631.05567433
4631.15222036
4631.24896655
4631.34469655
4631.46389441
4631.53819211
4631.63801640
4631.74576010
4631.83246159
4631.94022772
4632.02797589
4632.13469218
4632.24090939
4632.32624555
4632.42300126
4632.52256394
4632.60839455
4632.71524688
4632.81192115
4632.93048120
4633.04783123
4633.12207091
4633.21883709
4633.30442658
4633.40313568
4633.49798528
4633.59359142
4633.67748058
4633.77519958
4633.89351314
4633.97949491
4634.06437857
4634.17200182
4634.25882327
4634.35575428
4634.45431222
4634.55018460
4634.66737932
4634.75252044
4634.83940796
4634.93715695
4635.03282843
4635.14055774
4635.23826698
4635.33408573
4635.45227739
4635.52645318
4635.61345700
4635.72128628
4635.81677222
4635.93646209
4636.03276528
4636.14045851
4636.24764608
4636.32317112
4636.41871655
4636.50460617
4636.61229379
4636.69792740
4636.79279334
4636.87725399
4636.97330094
4637.08102342
4637.16630449
4637.26415392
4637.36014796
4637.45664815
4637.55314396
4637.64901902
4637.74678995
4637.86992337
4637.95518371
4638.03997960
4638.14677512
4638.24431565
4638.34113864
4638.44408856
4638.53055771
4638.63884535
4638.71265251
4638.79941349
4638.89584883
4639.00403870
4639.10023267
4639.19699495
4639.28279533
4639.38348319
4639.49074805
4639.57996298
4639.67681108
4639.76248297
4639.87140037
4639.96732541
4640.06501710
4640.15067315
4640.26885554
4640.35548145
4640.45162129
4640.53792075
4640.63719793
4640.73395436
4640.83163654
4640.93848473
4641.04661584
4641.13288555
4641.23056164
4641.31747452
4641.41350562
4641.56570355
4641.64022921
4641.73691275
4641.85416647
4641.93929832
4642.03614253
4642.13233942
4642.22860360
4642.32534907
4642.43310423
4642.53077543
4642.63902747
4642.72441045
4642.82607135
4642.93389868
4643.02938901
4643.12618372
4643.21214989
4643.32274323
4643.42996201
4643.50475343
4643.61264073
4643.70973703
4643.80648079
4643.91437297
4644.02293953
4644.10866042
4644.21595892
4644.30226082
4644.40844658
4644.50524470
4644.60192166
4644.68785979
4644.78420175
4644.88041619
4644.99105781
4645.06762586
4645.17562727
4645.27210210
4645.36890584
4645.46581587
4645.56250501
4645.64819665
4645.76539747
4645.86171358
4645.96937219
4646.06610888
4646.16293334
4646.26129404
4646.34787485
4646.44463543
4646.55396706
4646.62965983
4646.72636507
4646.81118680
4646.92186157
4647.01820621
4647.11534348
4647.21209016
4647.35234704
4647.40673723
4647.50403955
4647.61366960
4647.71037069
4647.79637197
4647.89546751
4647.98215609
4648.08117385
4648.18922061
4648.28639810
4648.37315958
4648.46999281
4648.55982214
4648.64556254
4648.74233458
4648.83898715
4648.94665697
4649.05400716
4649.12930863
4649.21511413
4649.31183692
4649.41995876
4649.52718949
4649.61327902
4649.71097851
4649.79993915
4649.91812910
4650.00415451
4650.09995424
4650.19680186
4650.29659225
4650.39317436
4650.47989390
4650.57675201
4650.69399744
4650.76907704
4650.87090349
4650.96657131
4651.06391484
4651.14931781
4651.25589708
4651.36254802
4651.46886080
4651.54227811
4651.62979929
4651.72758363
4651.82564079
4651.93299634
4652.00836900
4652.11604150
4652.20176752
4652.30817246
4652.38332228
4652.49105427
4652.57743565
4652.67367643
4652.75935051
4652.86711957
4652.95399661
4653.06264776
4653.20325719
4653.30004703
4653.39862984
4653.50556507
4653.59454667
4653.69134187
4653.79915262
4653.90531741
4653.97913456
4654.07601948
4654.16137101
4654.26850031
4654.36553322
4654.46447980
4654.55002417
4654.64192539
4654.75018767
4654.83634450
4654.92218145
4655.02989565
4655.12655456
4655.22334781
4655.32105607
4655.41881335
4655.52613672
4655.62338882
4655.71004448
4655.81753681
4655.91613205
4656.01291384
4656.12053198
4656.20633090
4656.32458448
4656.41698063
4656.51445313
4656.62634866
4656.72407497
4656.80973760
4656.90649159
4657.00326241
4657.12051199
4657.21647580
4657.31369401
4657.41992877
4657.51657379
4657.61428254
4657.70309201
4657.78881242
4657.90706942
4657.99235926
4658.10091021
4658.18679227
4658.28361404
4658.38031196
4658.47715349
4658.57288202
4658.68025586
4658.76647413
4658.86301260
4658.95891107
4659.04467634
4659.15237640
4659.24009677
4659.37170355
4659.47800706
4659.59832376
4659.67194514
4659.76865793
4659.87663032
4659.97486595
4660.07940989
4660.16528122
4660.27752174
4660.35187137
4660.45951194
4660.56615557
4660.66304220
4660.74863095
4660.84643455
4660.94236569
4661.05945703
4661.14466617
4661.24254754
4661.32878288
4661.43579442
4661.52120811
4661.63136382
4661.72865688
4661.84783816
4661.93318432
4662.02992539
4662.12662770
4662.22339340
4662.32103852
4662.43987798
4662.53662417
4662.65578839
4662.77485434
4662.83877065
4662.93643356
4663.03299324
4663.12818759
4663.21464967
4663.31333342
4663.43145144
4663.51681687
4663.62541000
4663.71219805
4663.82199364
4663.92972783
4664.02737563
4664.14005964
4664.25743210
4664.34375691
4664.44180675
4664.53803485
4664.63434829
4664.74267201
4664.83890011
4664.94867254
4665.05577746
4665.15319950
4665.25268611
4665.33950463
4665.44727466
4665.53296118
4665.62967836
4665.72628608
4665.84443824
4665.94144092
4666.02821019
4666.13591732
4666.22273390
4666.33155255
4666.42819318
4666.53688334
4666.64412309
4666.74026561
4666.81411129
4666.92466806
4667.02335327
4667.12090891
4667.22761910
4667.33557150
4667.44273810
4667.51789085
4667.61458365
4667.72338231
4667.80924681
4667.89493528
4668.02949092
4668.09437222
4668.21356179
4668.29986295
4668.39574290
4668.49732895
4668.58212678
4668.68984878
4668.79768220
4668.86110089
4668.97935399
4669.05455305
4669.15124293
4669.24794889
4669.35461569
4669.46249884
4669.56007594
4669.65695355
4669.77788172
4669.86196885
