5030.52956443
5030.64086580
5030.73049008
5030.84246753
5030.93496461
5031.02671491
5031.14831380
5031.24810127
5031.32987709
5031.42961434
5031.51856059
5031.57822510
5031.68087709
5031.79165134
5031.88449341
5031.99822263
5032.08197891
5032.20568041
5032.29238216
5032.40407947
5032.50480633
5032.59369285
5032.65238261
5032.75023765
5032.86479850
5032.95562623
5033.05242143
5033.13734799
5033.20314358
5033.33368101
5033.43333731
5033.53414098
5033.64777072
5033.72982350
5033.84125311
5033.94808594
5034.04890204
5034.13558647
5034.19830909
5034.28723022
5034.39989399
5034.50975664
5034.59998288
5034.69579943
5034.79643585
5034.89122548
5034.99002601
5035.08668199
5035.19331319
5035.29109947
5035.38309578
5035.48925740
5035.59188257
5035.67390975
5035.73660360
5035.83742579
5035.94481353
5036.04409705
5036.15549935
5036.24445364
5036.35321598
5036.45384776
5036.54974647
5036.67037769
5036.76407846
5036.86882648
5036.98161069
5037.06334164
5037.16614552
5037.27073945
5037.38443356
5037.45238417
5037.54764606
5037.64612720
5037.75437461
5037.84026495
5037.94377783
5038.04782050
5038.14429680
5038.24403990
5038.33394554
5038.44455058
5038.56044044
5038.66013087
5038.75380629
5038.85747008
5038.95921315
5039.06303932
5039.16719829
5039.27051125
5039.37621207
5039.47389717
5039.57787621
5039.67677354
5039.76827417
5039.82503346
5039.90584720
5039.95965518
5040.04939307
5040.14827674
5040.26203741
5040.34702639
5040.44641280
5040.54983351
5040.65516570
5040.73989990
5040.80464149
5040.89544703
5040.99031346
5041.10408924
5041.19872161
5041.30536012
5041.41320671
5041.51762656
5041.61486256
5041.71211369
5041.81681294
5041.92861192
5042.01220046
5042.11622534
5042.21804983
5042.30554688
5042.36177344
5042.46446395
5042.57319410
5042.67010365
5042.77398199
5042.86065058
5042.96940608
5043.07017806
5043.16476678
5043.26145398
5043.36322508
5043.47312113
5043.58160698
5043.66960823
5043.77321399
5043.87451040
5043.96810122
5044.07101969
5044.17674538
5044.27448485
5044.38225171
5044.48332211
5044.58468215
5044.68059720
5044.78218300
5044.86740165
5044.92426456
5045.02708453
5045.13014660
5045.23649449
5045.32677803
5045.40924773
5045.51898311
5045.61974996
5045.71655833
5045.82118322
5045.91522313
5046.03674522
5046.12854697
5046.23118579
5046.32609391
5046.43170939
5046.53482096
5046.63845208
5046.73917188
5046.83571035
5046.88641683
5046.98216511
5047.08538980
5047.18727111
5047.29495922
5047.38070401
5047.44263132
5047.53333689
5047.63897530
5047.73376834
5047.83273271
5047.92655173
5048.03097060
5048.13383958
5048.23045851
5048.33032497
5048.46360891
5048.53696794
5048.64059249
5048.74233506
5048.84346861
5048.94051176
5049.03185392
5049.13997065
5049.24307856
5049.32851932
5049.43240864
5049.53302872
5049.63671031
5049.74244258
5049.84643138
5049.93104757
5049.98981316
5050.09877883
5050.19722438
5050.29717618
5050.39849209
5050.50381305
5050.60982717
5050.70884079
5050.81370779
5050.92162678
5051.00823880
5051.11001649
5051.20073962
5051.29460326
5051.39821025
5051.50365458
5051.60326773
5051.70695712
5051.80267712
5051.89841151
5051.99576796
5052.09075726
5052.20051288
5052.29825162
5052.39692756
5052.50072716
5052.57264309
5052.63066921
5052.72427709
5052.82495690
5052.91886223
5053.00062464
5053.10743918
5053.21722844
5053.32056504
5053.41548828
5053.51144843
5053.62199179
5053.72775429
5053.83242648
5053.93252286
5054.03185904
5054.14697285
5054.24595648
5054.34319395
5054.44569551
5054.54676054
5054.64028967
5054.74501185
5054.84961162
5054.95951937
5055.03922086
5055.09236104
5055.17288392
5055.26752483
5055.37026751
5055.46914411
5055.56721443
5055.67890053
5055.78069601
5055.87137453
5055.96717279
5056.07084878
5056.17075523
5056.26635405
5056.36822488
5056.47393789
5056.58555206
5056.67135756
5056.78308266
5056.89240259
5056.98918682
5057.09139604
5057.18945393
5057.29987978
5057.41116237
5057.49578905
5057.59161950
5057.68834375
5057.79240081
5057.89277245
5057.98850854
5058.09107007
5058.20385428
5058.29974324
5058.40051034
5058.50511841
5058.60181414
5058.70016533
5058.80153366
5058.90479249
5059.01847099
5059.11231634
5059.21609009
5059.31385614
5059.42153231
5059.51716795
5059.61580318
5059.70848117
5059.81619537
5059.91598114
5060.01969004
5060.12243101
5060.22787559
5060.32460911
5060.43169013
5060.53429336
5060.64884104
5060.73174716
5060.83344878
5060.92635010
5061.03586190
5061.13282070
5061.23545172
5061.33112637
5061.43098187
5061.52359623
5061.62650153
5061.73214554
5061.81740759
5061.88325486
5061.97098841
5062.06782774
5062.17063235
5062.28425429
5062.36614543
5062.46882448
5062.57259823
5062.66946560
5062.76711559
5062.87381335
5062.97562322
5063.09614618
5063.19305451
5063.29376138
5063.42033228
5063.50197010
5063.60566949
5063.70454877
5063.80113064
5063.91104205
5064.00254781
5064.11127186
5064.21206383
5064.31609553
5064.39587821
5064.46559961
5064.57038956
5064.68618774
5064.76384270
5064.86209856
5064.96017644
5065.05518501
5065.15611009
5065.25132321
5065.34868795
5065.45619150
5065.54790767
5065.64879155
5065.74256132
5065.84818071
5065.95200859
5066.05172755
5066.16044161
5066.28028044
5066.36792816
5066.46767760
5066.57014356
5066.67095064
5066.76801598
5066.86873846
5066.97263095
5067.06032646
5067.11512966
5067.21589407
5067.31653805
5067.41055894
5067.50611705
5067.61388318
5067.72050268
5067.81545395
5067.92603851
5068.01389664
5068.12503563
5068.22707955
5068.32781837
5068.42449020
5068.51114318
5068.57203381
5068.66273719
5068.76941179
5068.86229653
5068.96394524
5069.05068331
5069.16056766
5069.26669563
5069.36643751
5069.46017169
5069.57351154
5069.66136089
5069.76940130
5069.87422417
5069.97399799
5070.06976602
5070.18168032
5070.28630472
5070.39481813
5070.48066775
5070.60556929
5070.67590948
5070.76844070
5070.86121012
5070.96480565
5071.06688931
5071.16298576
5071.22285093
5071.31798140
5071.41652910
5071.50338590
5071.58718704
5071.69584747
5071.79383050
5071.89027194
5071.99716328
5072.08283298
5072.19153143
5072.30327287
5072.40361330
5072.50657810
5072.59096828
5072.66012405
5072.77241844
5072.86759646
5072.96316993
5073.06185221
5073.16381325
5073.26253820
5073.36229275
5073.46285993
5073.56483485
5073.68856293
5073.78814999
5073.89814576
5073.99981763
5074.09351109
5074.19598022
5074.31028287
5074.40246082
5074.50666294
5074.61001344
5074.70786702
5074.81653353
5074.92027072
5075.01814989
5075.12481181
5075.21645239
5075.31720291
5075.41998339
5075.51864665
5075.62040849
5075.72188239
5075.82736793
5075.94052127
5076.03395873
5076.13714319
5076.23896525
5076.34377373
5076.45225715
5076.56109848
5076.75767213
5076.84032590
5076.93823166
5077.05173145
5077.16276438
5077.26077862
5077.35959647
5077.46237718
5077.57382971
5077.65665927
5077.76053835
5077.86342781
5077.98988338
5078.07180305
5078.17734441
5078.27340746
5078.37993747
5078.47364044
5078.57338963
5078.68133740
5078.73910800
5078.83419361
5078.90902648
5078.96591083
5079.07553113
5079.18724917
5079.27293788
5079.36973576
5079.46754277
5079.57224276
5079.67295890
5079.78108050
5079.87601544
5079.98242403
5080.07609945
5080.17500799
5080.27371368
5080.37368230
5080.45828899
5080.50917345
5080.61799673
5080.72194798
5080.82854894
5080.91621690
5081.02284468
5081.12197753
5081.21738399
5081.31835321
5081.42888681
5081.52628154
5081.64226185
5081.74276539
5081.84435973
5081.93926004
5082.05194576
5082.16574982
5082.27229422
5082.38207763
5082.45706165
5082.51847526
5082.62411756
5082.73160965
5082.83480241
5082.93668469
5083.02371484
5083.08859590
5083.20310652
5083.30396870
5083.40784949
5083.50728246
5083.60305927
5083.71779566
5083.82641902
5083.91724846
5084.02507651
5084.11776572
5084.21423324
5084.32299533
5084.42993471
5084.53063939
5084.63551248
5084.74807482
5084.85797282
5084.94061611
5085.03730477
5085.14014034
5085.24019503
5085.33390921
5085.44358388
5085.54325895
5085.63601448
5085.68109725
5085.77465247
5085.87326015
5085.97221525
5086.05579526
5086.13955739
5086.25328100
5086.35323963
5086.46282677
5086.55157895
5086.65339223
5086.75341571
5086.85335751
5086.94787382
5087.05448259
5087.15562515
5087.26735587
5087.35017446
5087.45577337
5087.55063370
5087.67151140
5087.74521128
5087.85993183
5087.96149228
5088.05645379
5088.11326330
5088.20977397
5088.31781634
5088.41973836
5088.52526827
5088.61570029
5088.69911451
5088.78928541
5088.89711688
5088.97871765
5089.07954131
5089.17527667
5089.28735627
5089.38770597
5089.48853012
5089.58731553
5089.69792716
5089.78413055
5089.88949662
5089.98453177
5090.08831942
5090.18906554
5090.29470517
5090.39159521
5090.50012788
5090.59393203
5090.68088197
5090.73456803
5090.81679075
5090.90951141
5091.01233943
5091.11004818
5091.20971278
5091.32335958
5091.40515564
5091.50200643
5091.60370098
5091.68447669
5091.75031177
5091.84543542
5091.94783140
5092.04955228
5092.16587904
5092.26062722
5092.37524585
5092.47298240
5092.56166728
5092.65750407
5092.74137421
5092.80906224
5092.89595830
5093.00555178
5093.07546920
5093.13616430
5093.22504813
5093.31991700
5093.41347270
5093.51625757
5093.61635053
5093.72390845
5093.84045390
5093.93123409
5094.02902037
5094.12491055
5094.22848584
5094.32645011
5094.42604034
5094.52594191
5094.66275987
5094.72835333
5094.82920723
5094.94039766
5095.04102286
5095.13450420
5095.23012327
5095.34174841
5095.45447898
5095.54727425
5095.65202031
5095.72891068
5095.80444328
5095.90637676
5096.01044259
5096.09928888
5096.15908286
5096.26379650
5096.36275233
5096.46042452
5096.56351390
5096.66485419
5096.77817966
5096.87371193
5096.98044357
5097.08815363
5097.16691011
5097.23676390
5097.33047589
5097.42929129
5097.53205129
5097.62376282
5097.71256839
5097.78041880
5097.86954815
5097.97892562
5098.06323876
5098.16489381
5098.27258289
5098.38536028
5098.48727620
5098.58988650
5098.67964756
5098.75426514
5098.84518307
5098.94479427
5099.04091875
5099.14828576
5099.24313171
5099.35195207
5099.45370050
5099.56838691
5099.63720110
5099.71007837
5099.80188377
5099.89774859
5099.99853373
5100.10003152
5100.18401967
5100.24563051
5100.35531444
5100.47006303
5100.55488110
5100.65456714
5100.76134853
5100.85766318
5100.95528294
5101.05655424
5101.16637202
5101.28797896
5101.36693488
5101.47051749
5101.56635744
5101.68597148
5101.77190766
5101.87951190
5101.99165100
5102.09434443
5102.16716733
5102.23308311
5102.32884017
5102.42317046
5102.50742606
5102.57521845
5102.67126979
5102.77729219
5102.87001651
5102.99071257
5103.07259518
5103.17031783
5103.27098692
5103.37771393
5103.46440348
5103.56223634
5103.64706343
5103.71080004
5103.81212912
5103.90291198
5104.00267337
5104.08730639
5104.16823668
5104.27169445
5104.36382729
5104.44342467
5104.51335429
5104.61804866
5104.70583560
5104.80675703
5104.90860908
5105.00211919
5105.09683445
5105.18277527
5105.24546838
5105.33648920
5105.45600328
5105.54883487
5105.65355119
5105.75139526
5105.84770309
5105.94232790
5106.02322454
5106.07803140
5106.18782992
5106.29533395
5106.38449085
5106.48788036
5106.58875620
5106.68726416
5106.77310257
5106.83608240
5106.92687941
5107.02755142
5107.12030938
5107.19170502
5107.30466453
5107.40561668
5107.51134749
5107.59097023
5107.66873807
5107.75550540
5107.85432104
5107.96308167
5108.04693621
5108.13474972
5108.23317722
5108.33410670
5108.43162455
5108.54551590
5108.64719216
5108.74066570
5108.79525021
5108.90303560
5108.99692776
5109.10064568
5109.20735587
5109.31816669
5109.42170224
5109.52953420
5109.61736136
5109.72110245
5109.80888426
5109.90960357
5110.04683234
5110.14770135
5110.24629294
5110.35510428
5110.45072359
5110.53447085
5110.60334184
5110.70508808
5110.81070552
5110.91224598
5111.01804384
5111.11169950
5111.21847699
5111.30620663
5111.40883106
5111.49817594
5111.59997338
5111.69990860
5111.80745871
5111.90015621
5112.01187571
5112.08665005
5112.14780083
5112.25982387
5112.34910950
5112.45481861
5112.54327066
5112.60810637
5112.72289542
5112.83310403
5112.91697344
5113.02111486
5113.11337423
5113.20805829
5113.30993935
5113.41455619
5113.50139374
5113.62100095
5113.69892580
5113.75984837
5113.86844418
5113.97141775
5114.07488065
5114.16267539
5114.23154760
5114.34522245
5114.45328042
5114.54059704
5114.64705928
5114.75381653
5114.85236277
5114.95422481
5115.04791340
5115.13974952
5115.24349011
5115.32116945
5115.38793880
5115.47884699
5115.58251761
5115.66819559
5115.75608883
5115.86234066
5115.96663958
5116.07597096
5116.16569301
5116.28111939
5116.38859392
5116.48941051
5116.58717388
5116.68192961
5116.77870628
5116.88843849
5116.96524499
5117.03113956
5117.12388046
5117.22962053
5117.31158189
5117.38046971
5117.47371285
5117.57631925
5117.66659767
5117.77303894
5117.85621690
5117.95577324
5118.04671361
5118.10873259
5118.21527918
5118.30708410
5118.40273022
5118.49144266
5118.55533385
5118.65713275
5118.75267623
5118.83458980
5118.90625046
5119.01352166
5119.08098783
5119.17934560
5119.27792817
5119.38063623
5119.49544918
5119.58030211
5119.68007715
5119.78671956
5119.88238958
5119.98123181
5120.06926914
5120.13589050
5120.22755742
5120.33041664
5120.40502666
5120.46107476
5120.55983164
5120.67152993
5120.76942885
5120.86515690
5120.96118874
5121.06006656
5121.16184132
5121.24867764
5121.35529738
5121.45023036
5121.55287577
5121.65247136
5121.75037784
5121.86093096
5121.96863930
5122.05651084
5122.16622574
5122.26482123
5122.36165665
5122.45677908
5122.55590924
5122.64775463
5122.76051933
5122.84414566
5122.92597634
5123.02260941
5123.12647922
5123.23727712
5123.32579329
5123.39066849
5123.48738665
5123.60107954
5123.66813172
5123.73973654
5123.83301358
5123.92895301
5124.00501759
5124.07866164
5124.17052824
5124.26470054
5124.35607196
5124.47475782
5124.55841511
5124.65717980
5124.74991802
5124.83172822
5124.92862947
5125.04026997
5125.14608587
5125.23992221
5125.28568740
5125.37731433
5125.47413074
5125.57016818
5125.67881300
5125.78258188
5125.88428545
5125.97888612
5126.07154973
5126.16849316
5126.26824309
5126.37690692
5126.48072919
5126.58633688
5126.69548931
5126.81050243
5126.88031428
5126.94815859
5127.03291864
5127.11573308
5127.21232129
5127.31410629
5127.41883846
5127.52248080
5127.61931135
5127.66713234
5127.77691502
5127.86879112
5127.96342569
5128.05605833
5128.14296755
5128.24565294
5128.34644686
5128.46213728
5128.55024360
5128.64373689
5128.74041287
5128.82677425
5128.89582811
5128.99259917
5129.09010581
5129.18186927
5129.24383827
5129.34690522
5129.43234452
5129.55440567
5129.65416364
5129.75288347
5129.86677458
5129.97033622
5130.06229619
5130.17577745
5130.26064770
5130.35121065
5130.41110654
5130.51582164
5130.60963359
5130.71844298
5130.81921861
5130.93086691
5131.03847968
5131.12260314
5131.22014927
5131.32380844
5131.41361655
5131.51229128
5131.61312030
5131.71995508
5131.82872692
5131.91460044
5132.00209310
5132.06795013
5132.16174964
5132.26534127
5132.34820716
5132.45901115
5132.55761810
5132.66637434
5132.76020482
5132.85670208
5132.96142962
5133.05835111
5133.15498101
5133.25661826
5133.35220929
5133.46138976
5133.54828216
5133.63970697
5133.70091650
5133.79275433
5133.88565346
5133.97435541
5134.03924988
5134.13188642
5134.22773613
5134.33470817
5134.42220985
5134.52493376
5134.62599221
5134.72439509
5134.82511684
5134.92099337
5135.01496379
5135.12858500
5135.21560394
5135.31640614
5135.42608496
5135.53176067
5135.61453196
5135.68350682
5135.77614580
5135.87184093
5135.97864231
5136.06630003
5136.17306995
5136.27191339
5136.36560100
5136.45845600
5136.55421306
5136.65088611
5136.76175130
5136.85246175
5136.93896211
5137.05407348
5137.14247238
5137.23053799
5137.29598176
5137.38659980
5137.48339159
5137.59314184
5137.67895343
5137.77460200
5137.86133690
5137.96017425
5138.03809885
5138.13588636
5138.22762349
5138.33932592
5138.45938150
5138.51595768
5138.60654330
5138.71435795
5138.79232279
5138.85401677
5138.94773510
5139.04047258
5139.13916559
5139.23601906
5139.33765022
5139.43046914
5139.52515027
5139.61790311
5139.71863558
5139.81335621
5139.90904793
5139.99440897
5140.06214771
5140.16124057
5140.25665727
5140.33927984
5140.41407394
5140.49980727
5140.59763305
5140.70044010
5140.80412876
5140.89777200
5141.01445033
5141.09345355
5141.19529707
5141.29500042
5141.39365955
5141.48537864
5141.57580042
5141.65094463
5141.75179364
5141.86043529
5141.93813316
5142.04580006
5142.13969222
5142.24428249
5142.33923230
5142.44881822
5142.54116000
5142.63882146
5142.71057964
5142.80639960
5142.90120971
5143.00394240
5143.09265483
5143.15646581
5143.24623784
5143.34490867
5143.45771409
5143.52940132
5143.60620197
5143.68704351
5143.78795592
5143.88657116
5143.99832332
5144.09809007
5144.19338633
5144.29187186
5144.38596590
5144.48068092
5144.58340190
5144.67240642
5144.73710487
5144.82578951
5144.92263518
5145.02724934
5145.12316561
5145.17915665
5145.27102398
5145.36777115
5145.45840017
5145.55214361
5145.64198317
5145.73561690
5145.82945323
5145.93304364
5146.01773981
5146.12043226
5146.22850754
5146.30595380
5146.37276241
5146.46971657
5146.57334745
5146.66030203
5146.73904193
5146.82190855
5146.92982511
5147.04153071
5147.12219939
5147.22799603
5147.32568650
5147.41939776
5147.52405800
5147.60409107
5147.69962310
5147.80239601
5147.90677807
5148.00938349
5148.10311327
5148.18840580
5148.24533965
5148.35103315
5148.44392424
5148.54955996
5148.62643960
5148.68722101
5148.78194773
5148.86573644
5148.96553195
5149.05825603
5149.16496402
5149.24770191
5149.33202066
5149.40076975
5149.50031634
5149.59435967
5149.68354339
5149.73835244
5149.83369185
5149.93451235
5150.04983388
5150.13560525
5150.24421105
5150.35209275
5150.44485656
5150.54562732
5150.64923991
5150.73998694
5150.84481980
5150.92262469
5150.99378798
5151.08877046
5151.18862839
5151.28306206
5151.37790630
5151.49056251
5151.58928965
5151.70159454
5151.77248208
5151.83318546
5151.92797046
5152.02776012
5152.12261168
5152.22733775
5152.32014374
5152.41479147
5152.50440990
5152.58974265
5152.69399573
5152.79688324
5152.89640886
5152.99650426
5153.10583248
5153.20959136
5153.32127648
5153.40905122
5153.51978939
5153.61552182
5153.71825890
5153.81992663
5153.92372671
5154.02582574
5154.13349776
5154.21106714
5154.27696707
5154.35793613
5154.47096098
5154.57362588
5154.67849434
5154.76321172
5154.87583892
5154.97777874
5155.06439661
5155.17510015
5155.27883124
5155.37470411
5155.47792612
5155.57874783
5155.68032169
5155.77706472
5155.88983576
5155.96511918
5156.06997765
5156.16868577
5156.25352993
5156.31026044
5156.40306327
5156.49586999
5156.58863113
5156.64136731
5156.75272621
5156.85734330
5156.95498062
5157.05389233
5157.14563556
5157.24224108
5157.34461829
5157.44110044
5157.49669407
5157.58893662
5157.68270639
5157.76858113
5157.83527101
5157.93101710
5158.02199793
5158.10986313
5158.18356082
5158.28822204
5158.37214801
5158.47027709
5158.56728489
5158.67427668
5158.78301001
5158.88083189
5158.98641690
5159.08620778
5159.17606880
5159.27282231
5159.37572932
5159.47737365
5159.56995241
5159.66475325
5159.75157860
5159.82742571
5159.93221761
5160.01699448
5160.11288807
5160.21448022
5160.31729946
5160.41604562
5160.51458260
5160.61446320
5160.71922755
5160.80710787
5160.90570701
5161.01940600
5161.08906157
5161.18232593
5161.27590065
5161.36184561
5161.43994015
5161.54430928
5161.62440550
5161.71182892
5161.78563998
5161.89834861
5161.99324965
5162.09099254
5162.19361868
5162.29142130
5162.39914160
5162.48497562
5162.58764467
5162.69041027
5162.78513456
5162.88771706
5162.97268264
5163.05175534
5163.14947580
5163.25841514
5163.34906513
5163.45577507
5163.54875442
5163.64737306
5163.74782784
5163.83260885
5163.92441816
5164.03412988
5164.11695920
5164.20565408
5164.26964670
5164.36697657
5164.46638199
5164.59199033
5164.66589891
5164.77539779
5164.88212822
5164.97098572
5165.07968906
5165.17131647
5165.27207479
5165.37000566
5165.47142226
5165.56713641
5165.67660921
5165.76225160
5165.84832017
5165.91433250
5166.00804766
5166.11170316
5166.22044575
5166.33135799
5166.43310252
5166.54776894
5166.63583772
5166.74527028
5166.83716077
5166.92877625
5167.02463083
5167.13123106
5167.22195810
5167.33273551
5167.41565699
5167.50350147
5167.57535791
5167.66393893
5167.75984691
5167.85752543
5167.95308817
5168.05494534
5168.17058895
5168.26035196
5168.36317095
5168.47045068
5168.56102997
5168.65745775
5168.75699653
5168.86481825
5168.97754614
5169.06119856
5169.16879939
5169.25491916
5169.35028003
5169.45212744
5169.54391943
5169.64167524
5169.72847890
5169.79625007
5169.87600958
5169.99265842
5170.09450583
5170.19176427
5170.30451313
5170.39526844
5170.49005100
5170.59174823
5170.67851628
5170.78016621
5170.85907874
5170.96138939
5171.06551399
5171.16334416
5171.25603190
5171.34775855
5171.45358128
5171.52446272
5171.58934500
5171.68225778
5171.79572539
5171.88672037
5171.99152982
5172.08320942
5172.16987288
5172.28755205
5172.37946716
5172.46515758
5172.56467760
5172.65853465
5172.75358247
5172.84985153
5172.94113616
5173.03683373
5173.14847350
5173.24707947
5173.34192030
5173.44776423
5173.55053764
5173.64620839
5173.74193717
5173.83956961
5173.95054939
5174.03635903
5174.12398066
5174.22371547
5174.31640419
5174.40982532
5174.52359623
5174.61041134
5174.70898464
5174.80773909
5174.90842841
5175.00324998
5175.09213113
5175.18791160
5175.28741991
5175.37937354
5175.47606488
5175.57769921
5175.67324342
5175.76088749
5175.87257919
5175.96580283
5176.05624875
5176.16905831
5176.26768306
5176.35637550
5176.44517961
5176.54392992
5176.64864770
5176.74532026
5176.81425172
5176.91998205
5177.01582858
5177.11768770
5177.21512485
5177.31355894
5177.40808354
5177.51978500
5177.61768539
5177.71428237
5177.82591702
5177.92876771
5178.02921810
5178.11412467
5178.21288864
5178.31062567
5178.41424509
5178.49606553
5178.59834619
5178.71165898
5178.81137087
5178.90513406
5179.00100815
5179.08900623
5179.20053092
5179.29739195
5179.39993544
5179.50462884
5179.57535644
5179.67608599
5179.78194236
5179.88916163
5179.97834925
5180.07019268
5180.17593105
5180.28157263
5180.36537060
5180.46023288
5180.55482697
5180.65061256
5180.73933207
5180.83827523
5180.93182581
5181.02175388
5181.11536371
5181.17352612
5181.27418886
5181.36708092
5181.47791076
5181.57056925
5181.66256043
5181.76617863
5181.86486823
5181.97161475
5182.05432924
5182.14230537
5182.25485455
5182.34361233
5182.44239336
5182.53228144
5182.63021865
5182.75791838
5182.86907272
5182.97029014
5183.05768161
5183.16647784
5183.26309408
5183.36511192
5183.47154417
5183.57826143
5183.67108912
5183.77084856
5183.85554716
5183.91456655
5184.00313807
5184.10342657
5184.19822497
5184.28988921
5184.39236053
5184.47751871
5184.57255361
5184.66611054
5184.76105645
5184.85675402
5184.94341016
5185.04540972
5185.13899688
5185.24378049
5185.32950504
5185.43233550
5185.52738600
5185.61727896
5185.72996516
5185.83178478
5185.92252936
5186.04013466
5186.12531040
5186.22586221
5186.30854403
5186.40944376
5186.50685360
5186.59060135
5186.69555953
5186.79816568
5186.90296416
5186.98863776
5187.09236494
5187.18811932
5187.29733855
5187.39704630
5187.49131295
5187.58268803
5187.70396875
5187.78431585
5187.89060474
5187.97846140
5188.08913886
5188.18381633
5188.27460285
5188.37326002
5188.49002101
5188.57179585
5188.66857033
5188.76628591
5188.82605355
5188.91202411
5189.02452672
5189.12045372
5189.20810461
5189.31616014
5189.40000785
5189.49570664
5189.58339483
5189.66516821
5189.74815479
5189.83300334
5189.94546328
5190.03844604
5190.15007118
5190.23482098
5190.32160684
5190.41834011
5190.50770181
5190.60946560
5190.72630290
5190.81894968
5190.91865548
5191.01841906
5191.11024957
5191.20087567
5191.30968700
5191.40757740
5191.50308626
5191.60394357
5191.71253913
5191.80129253
5191.91011825
5192.00684763
5192.10874673
5192.19729264
5192.29802756
5192.40173231
5192.51037640
5192.59617410
5192.69766726
5192.79151261
5192.88210433
5192.99084057
5193.08531227
5193.17248773
5193.29799733
5193.38973495
5193.49178716
5193.60217059
5193.69885290
5193.76685837
5193.85673402
5193.95547848
5194.04976927
5194.15547814
5194.23639526
5194.34315299
5194.44298362
5194.53664855
5194.62779908
5194.72254385
5194.81562559
5194.91119662
5195.01488212
5195.09474891
5195.20627165
5195.28900296
5195.37099869
5195.46270169
5195.57057315
5195.66512701
5195.75698824
5195.87171903
5195.96196356
5196.05474030
5196.14665151
5196.24325264
5196.34316519
5196.40975681
5196.50259962
5196.60938636
5196.71511157
5196.79995231
5196.88978432
5196.98738555
5197.07609116
5197.18539573
5197.28332805
5197.37320614
5197.48704361
5197.57475302
5197.67956003
5197.77425896
5197.87224590
5197.96391209
5198.05411029
5198.15206652
5198.25556135
5198.33555590
5198.44041631
5198.52809597
5198.62636914
5198.72726765
5198.83395273
5198.92929629
5199.04509057
5199.13972367
5199.23560824
5199.32846300
5199.43086533
5199.52594728
5199.63041954
5199.73114934
5199.82115372
5199.87181899
5199.96257162
5200.06226035
5200.15476768
5200.25196955
5200.33976185
5200.45044906
5200.54821096
5200.65902642
5200.74360531
5200.83864582
5200.93910596
5201.04191276
5201.14264792
5201.24143748
5201.32824747
5201.44630113
5201.53214003
5201.62091513
5201.73152383
5201.82437468
5201.91917723
5202.01178062
5202.10863531
5202.22431281
5202.30502854
5202.40472312
5202.50147054
5202.60219375
5202.69710893
5202.79086359
5202.88668599
5202.96935513
5203.05414882
5203.13593609
5203.23879166
5203.34833175
5203.43922116
5203.54791620
5203.63480860
5203.71736631
5203.78433243
5203.89429406
5203.96480272
5204.03767146
5204.13037700
5204.23606904
5204.33031278
5204.42444973
5204.51496684
5204.62445475
5204.73172278
5204.82100890
5204.91969825
5205.00162328
5205.10021097
5205.19602337
5205.29482171
5205.39361249
5205.50009813
5205.58987090
5205.68266031
5205.77694354
5205.88509392
5205.97778727
5206.07300112
5206.16312643
5206.27183391
5206.35478538
5206.44649521
5206.54617199
5206.63893068
5206.73402434
5206.82664284
5206.93336084
5207.04022219
5207.12581143
5207.22772443
5207.32127648
5207.41396666
5207.52512784
5207.61418697
5207.71758111
5207.83058036
5207.92410072
5208.01575690
5208.10059765
5208.20160441
5208.31107452
5208.33215135
5208.41814970
5208.51779747
5208.60764410
5208.71828621
5208.81302878
5208.90666689
5208.99445383
5209.09616666
5209.18993131
5209.28568642
5209.36954632
5209.46333194
5209.56522300
5209.65008837
5209.74799412
5209.83968639
5209.94644778
5210.03317488
5210.13387883
5210.22747964
5210.31530900
5210.42912867
5210.51092863
5210.60454504
5210.71319669
5210.80591393
5210.90170537
5210.98951230
5211.09423959
5211.19293041
5211.27370539
5211.37355186
5211.46524584
5211.56112140
5211.64825517
5211.74949184
5211.84562364
5211.93032127
5212.04179134
5212.12754906
5212.21851819
5212.32811265
5212.42008189
5212.53357290
5212.63439364
5212.74021563
5212.83903835
5212.92174089
5213.02072452
5213.11318893
5213.20967889
5213.30044810
5213.40743452
5213.50492653
5213.61264658
5213.70248639
5213.79627420
5213.88894293
5213.99718449
5214.07444959
5214.15583800
5214.25856386
5214.35142739
5214.45917182
5214.53870509
5214.64550427
5214.73932914
5214.83628087
5214.92371769
5215.02391574
5215.11920371
5215.20617169
5215.32663979
5215.41544610
5215.52514441
5215.63441070
5215.74318840
5215.83514691
5215.92076419
5216.02649158
5216.12834778
5216.20818726
5216.31476141
5216.41158952
5216.50630210
5216.59818089
5216.69283862
5216.80066838
5216.89650078
5217.00115175
5217.08836940
5217.18416620
5217.28382762
5217.37556012
5217.47335933
5217.56117430
5217.67989698
5217.76574051
5217.85554107
5217.96028225
5218.08389135
5218.18563052
5218.27474768
5218.37537605
5218.48219449
5218.52994039
5218.62477853
5218.71941553
5218.81021522
5218.90982203
5218.99984079
5219.09757051
5219.18944906
5219.34106331
5219.42661134
5219.53628894
5219.62910005
5219.72583308
5219.83069958
5219.92403342
5220.02481686
5220.12164985
5220.20348564
5220.31323004
5220.40704882
5220.49682304
5220.60679955
5220.70338288
5220.79617278
5220.89670021
5220.99540420
5221.08835477
5221.18104837
5221.27687735
5221.38255940
5221.48551663
5221.58249810
5221.69760460
5221.78492098
5221.87259162
5221.98424285
5222.07711272
5222.18769899
5222.28147657
5222.38333081
5222.48608788
5222.56494359
5222.66365684
5222.77132789
5222.86226289
5222.95986436
5223.05264378
5223.15042763
5223.23373628
5223.34865041
5223.43218116
5223.53202252
5223.63568265
5223.73551986
5223.83612702
5223.94784359
5224.05378920
5224.16460075
5224.25137953
5224.34477823
5224.45157619
5224.54790474
5224.61712463
5224.72685293
5224.80569231
5224.90551831
5224.99822970
5225.11289783
5225.18387436
5225.28242889
5225.37308034
5225.46881667
5225.55668529
5225.65657077
5225.75308535
5225.85375151
5225.94180224
5226.04911611
5226.15014432
5226.25729752
5226.35109240
5226.45677518
5226.54582724
5226.65530199
5226.73813667
5226.82917821
5226.92894716
5227.02153835
5227.11825212
5227.21605157
5227.31665507
5227.41357047
5227.52307496
5227.59798414
5227.69381531
5227.79648754
5227.89411047
5227.98698644
5228.09864132
5228.19347435
5228.30315194
5228.38597443
5228.47860537
5228.57844453
5228.67012242
5228.76608404
5228.85770609
5228.95798118
5229.07107625
5229.14419123
5229.24770021
5229.34061275
5229.43436496
5229.53597003
5229.61087336
5229.69056022
5229.78835894
5229.90608297
5229.99080717
5230.08277202
5230.19039357
5230.28538873
5230.38094538
5230.46921969
5230.57200699
5230.69177512
5230.76047545
5230.86422604
5230.96628996
5231.05977935
5231.16340096
5231.26032368
5231.35798269
5231.43777878
5231.52453123
5231.60738396
5231.72014476
5231.81010160
5231.91487717
5232.01241916
5232.11414394
5232.22814183
5232.34189274
5232.42062704
5232.52130417
5232.61499300
5232.70880861
5232.80641326
5232.89741994
5232.99391672
5233.09457751
5233.20356610
5233.29939752
5233.38963011
5233.48943050
5233.58024701
5233.68711129
5233.78275425
5233.87861737
5233.95823596
5234.04888766
5234.14682657
5234.24058732
5234.33248927
5234.44325522
5234.53395080
5234.63209988
5234.74524810
5234.85597822
5234.95985388
5235.06059270
5235.14744706
5235.25905587
5235.36480521
5235.47543415
5235.58127028
5235.65321644
5235.76487547
5235.85917553
5235.96300048
5236.06366177
5236.17092736
5236.28264466
5236.36820513
5236.44600588
5236.52194247
5236.61060468
5236.70143192
5236.78638676
5236.87808172
5236.98388275
5237.09652994
5237.19027825
5237.29309237
5237.31412970
5237.40690448
5237.51458357
5237.62423118
5237.71885867
5237.80663585
5237.87349250
5237.97937496
5238.07704056
5238.16974854
5238.27028475
5238.38069109
5238.47155051
5238.57513848
5238.67200999
5238.78097737
5238.88447488
5238.97128853
5239.13198736
5239.23277811
5239.31851436
5239.41618338
5239.49499911
5239.56781006
5239.67454561
5239.77727195
5239.87626485
5239.97779678
5240.07217680
5240.17675805
5240.27044395
5240.37023435
5240.47617654
5240.57060484
5240.62948137
5240.72246144
5240.82427228
5240.93176193
5241.04735020
5241.15572048
5241.26244847
5241.34872916
5241.45743736
5241.56117552
5241.66250582
5241.75907891
5241.83781613
5241.93544809
5242.04746869
5242.13999357
5242.23074913
5242.29964377
5242.40613575
5242.50196791
5242.59899302
5242.69761776
5242.81810050
5242.90209839
5243.00518850
5243.09902337
5243.20325159
5243.29224855
5243.38640963
5243.48405280
5243.59500674
5243.68689138
5243.78070991
5243.87456087
5243.98030094
5244.08109730
5244.18275430
5244.28359503
5244.39119439
5244.48083501
5244.57973550
5244.68532344
5244.78818169
5244.88695296
5244.97368420
5245.04663218
5245.14427559
5245.25738456
5245.34979777
5245.45494442
5245.55774415
5245.61854945
5245.72144427
5245.82410991
5245.91279723
5246.01337269
5246.12116369
5246.20702770
5246.30570658
5246.40149436
5246.49795456
5246.58172425
5246.64575125
5246.75066310
5246.84352078
5246.95872090
5247.05401302
5247.17079058
5247.27557760
5247.37349676
5247.45793498
5247.51477521
5247.60970137
5247.71226436
5247.82300521
5247.93485295
5248.01550822
5248.11415515
5248.21599111
5248.31020071
5248.39352301
5248.46381078
5248.55714097
5248.67304520
5248.76551450
5248.86325738
5248.95816721
5249.05277032
5249.13372109
5249.20538443
5249.29722079
5249.39105127
5249.50583155
5249.58680451
5249.69445458
5249.78161493
5249.87557121
5249.98419214
5250.07399977
5250.17692506
5250.28865724
5250.38537320
5250.46201537
5250.56376624
5250.64765369
5250.74035265
5250.83625380
