5030.50425264
5030.60667569
5030.70837902
5030.80680920
5030.90765066
5031.00124196
5031.09941566
5031.21271772
5031.30673667
5031.39893485
5031.48573362
5031.55109620
5031.64935767
5031.75457965
5031.85922015
5031.96112998
5032.05218176
5032.17868268
5032.26271081
5032.37729824
5032.47815920
5032.56569648
5032.62530394
5032.72152863
5032.82617253
5032.92988582
5033.02147374
5033.10818036
5033.17383722
5033.30674569
5033.40558401
5033.50510232
5033.60864494
5033.70022872
5033.81464767
5033.91705658
5034.02087397
5034.10657268
5034.16997479
5034.26017495
5034.37018876
5034.47154027
5034.57537717
5034.66644602
5034.76769586
5034.86233652
5034.96406739
5035.05792591
5035.16558281
5035.25313813
5035.35501529
5035.46033577
5035.56420339
5035.64881203
5035.70913946
5035.80728804
5035.91763148
5036.01472364
5036.11760968
5036.22166699
5036.32348612
5036.42602400
5036.51904967
5036.61472725
5036.73737745
5036.84021448
5036.94227475
5037.03318293
5037.13942305
5037.24206773
5037.32609049
5037.42759438
5037.51976891
5037.62254475
5037.71456129
5037.81726959
5037.92193569
5038.01813478
5038.11601249
5038.21539914
5038.30878832
5038.41536418
5038.52152848
5038.63354030
5038.72408302
5038.82793308
5038.93062456
5039.03402480
5039.13814013
5039.24158889
5039.33791207
5039.44606878
5039.55259027
5039.65455544
5039.73827466
5039.79650972
5039.87658814
5039.93561363
5040.02051167
5040.12133680
5040.22408704
5040.31735310
5040.41997754
5040.52307204
5040.62639815
5040.71178430
5040.77574717
5040.86545337
5040.96324112
5041.06627174
5041.17473054
5041.27593600
5041.38567138
5041.48876612
5041.59060574
5041.68508914
5041.78790765
5041.89161045
5041.98241501
5042.08858078
5042.19042917
5042.27780431
5042.33532916
5042.43522098
5042.54631705
5042.64143460
5042.73690202
5042.83652394
5042.94027527
5043.04127423
5043.13581443
5043.23699844
5043.33358787
5043.44641597
5043.54196603
5043.63995127
5043.74380109
5043.84646356
5043.93932538
5044.04265150
5044.14560679
5044.24575193
5044.34525926
5044.45620393
5044.55898319
5044.65089757
5044.75524184
5044.83714322
5044.90084131
5045.00015994
5045.10187448
5045.19893348
5045.29706402
5045.38130890
5045.49133319
5045.58925333
5045.68875383
5045.79145726
5045.88764270
5045.99900233
5046.10100627
5046.20622728
5046.29704159
5046.40312422
5046.50568527
5046.61540041
5046.70904413
5046.79730991
5046.85889003
5046.95449617
5047.05806220
5047.16152266
5047.26442723
5047.35094977
5047.41356779
5047.50532199
5047.59996387
5047.70433008
5047.80774080
5047.89769203
5048.00481840
5048.10521515
5048.20778351
5048.30272723
5048.42564513
5048.50816822
5048.61080485
5048.71443621
5048.81815584
5048.90969793
5049.01648346
5049.10930652
5049.20519231
5049.30167007
5049.40524829
5049.50714276
5049.60775333
5049.71400101
5049.81744465
5049.90271889
5049.96224492
5050.06081505
5050.16868797
5050.26825796
5050.37208730
5050.47929633
5050.58851044
5050.67991697
5050.78381214
5050.88336360
5050.97935301
5051.08205571
5051.17577501
5051.26589764
5051.37200685
5051.47409661
5051.57753049
5051.66937100
5051.77296628
5051.86959789
5051.96788228
5052.06410721
5052.17469299
5052.26758846
5052.36868738
5052.46205438
5052.54347716
5052.60384775
5052.69634435
5052.80004106
5052.88977091
5052.97364885
5053.07871431
5053.19133443
5053.28264953
5053.38526422
5053.48410254
5053.59401712
5053.69984935
5053.80963349
5053.90276424
5054.00363690
5054.10762399
5054.22087826
5054.31606506
5054.41811361
5054.52178253
5054.61147435
5054.71638181
5054.82002635
5054.92365089
5055.01063764
5055.06428129
5055.14491876
5055.23779570
5055.34061055
5055.44531151
5055.53648106
5055.64934816
5055.74174675
5055.84498388
5055.93962381
5056.04336562
5056.14487439
5056.23602955
5056.34008636
5056.44512963
5056.54664254
5056.64253321
5056.75414104
5056.86371989
5056.96064431
5057.06441514
5057.16688890
5057.27086062
5057.37048718
5057.46635542
5057.56673608
5057.66094081
5057.76484353
5057.86669997
5057.95946647
5058.06346136
5058.16617064
5058.27367882
5058.37167868
5058.47641865
5058.57505095
5058.67241203
5058.77464028
5058.87820119
5058.98168602
5059.08347078
5059.18610009
5059.28848998
5059.39271137
5059.48951949
5059.58905877
5059.68100826
5059.77584348
5059.88896707
5059.99010841
5060.09480889
5060.19714343
5060.29604393
5060.40379884
5060.50758722
5060.61022799
5060.70293037
5060.80455055
5060.89837543
5061.01185108
5061.10540362
5061.20873729
5061.30372806
5061.39416862
5061.49623546
5061.60055632
5061.70164501
5061.78851278
5061.85122954
5061.94272847
5062.04001788
5062.14203498
5062.24502001
5062.33646287
5062.44289097
5062.54370537
5062.64574515
5062.73956466
5062.84518795
5062.95140857
5063.05862979
5063.16366281
5063.26710060
5063.39245586
5063.47448890
5063.57590379
5063.67704514
5063.77129619
5063.87404082
5063.97693443
5064.08089908
5064.18565075
5064.28743575
5064.37114791
5064.43885788
5064.54448629
5064.65053966
5064.73943203
5064.83194106
5064.93520111
5065.02650743
5065.12852137
5065.22303744
5065.32191745
5065.41758162
5065.52124981
5065.62389423
5065.71377452
5065.81949582
5065.92225167
5066.02772526
5066.13230017
5066.24427323
5066.34114864
5066.44026807
5066.54155351
5066.64622424
5066.73752617
5066.84036882
5066.94371688
5067.02486854
5067.09125073
5067.18839556
5067.29298193
5067.38166608
5067.47726564
5067.58483209
5067.69692047
5067.78679100
5067.88955026
5067.98753842
5068.09618470
5068.19948522
5068.30232104
5068.39449337
5068.48230859
5068.54190337
5068.63610444
5068.73204290
5068.83387593
5068.93806440
5069.01831154
5069.13272196
5069.23662322
5069.33890779
5069.43195247
5069.53564967
5069.63352641
5069.73997718
5069.84486807
5069.94737597
5070.04087145
5070.15367468
5070.25772467
5070.35820041
5070.45416691
5070.57771018
5070.64957881
5070.73839242
5070.83258106
5070.93642747
5071.03918307
5071.12532113
5071.19219532
5071.29084128
5071.38876093
5071.47438503
5071.56230460
5071.66409545
5071.76488620
5071.85954417
5071.95912318
5072.05596715
5072.16265101
5072.27731889
5072.37516564
5072.47846348
5072.56384938
5072.63634777
5072.73364009
5072.83758403
5072.93625144
5073.03351597
5073.13705640
5073.24038227
5073.33316510
5073.43348067
5073.52675526
5073.62222243
5073.76015313
5073.87120142
5073.97279649
5074.06475306
5074.16846854
5074.27114710
5074.37462097
5074.47771522
5074.58203779
5074.67931208
5074.78843379
5074.89149537
5074.99433729
5075.08547392
5075.18791184
5075.28816621
5075.39403818
5075.48902919
5075.59180040
5075.69457990
5075.79779216
5075.90153812
5076.00492982
5076.10813062
5076.21004362
5076.31356747
5076.42361127
5076.53204568
5076.71883258
5076.81526353
5076.90617050
5077.02286370
5077.13335537
5077.23543368
5077.33086086
5077.43247325
5077.53669366
5077.62565185
5077.73122102
5077.83453373
5077.95907662
5078.04332539
5078.14438677
5078.24378244
5078.34026873
5078.44300386
5078.54540765
5078.65434577
5078.70933134
5078.80121963
5078.88398093
5078.94178908
5079.04676969
5079.14931293
5079.24127778
5079.34483333
5079.43751937
5079.54121876
5079.64397022
5079.74623089
5079.84607883
5079.94209384
5080.04623599
5080.14908668
5080.24141310
5080.34416407
5080.42740494
5080.48317363
5080.58898416
5080.69275938
5080.78942536
5080.88661041
5080.99133429
5081.09473843
5081.18838410
5081.28950155
5081.39423079
5081.49371667
5081.60340328
5081.71310063
5081.81651964
5081.90835429
5082.02230562
5082.13469364
5082.24661794
5082.34024923
5082.42798667
5082.48936053
5082.59406880
5082.70267266
5082.80801094
5082.90555805
5082.99234512
5083.05841255
5083.16537119
5083.27639436
5083.37877206
5083.48088962
5083.57257848
5083.68704327
5083.79161208
5083.89248402
5083.98570156
5084.08888603
5084.18580167
5084.29509843
5084.39886097
5084.50184942
5084.60559537
5084.71963179
5084.81884655
5084.91272823
5085.00847262
5085.11135354
5085.21406282
5085.30387752
5085.41057016
5085.51246999
5085.59688895
5085.65204201
5085.74574522
5085.84372485
5085.94194121
5086.02593667
5086.11186724
5086.22327198
5086.32436993
5086.42476619
5086.52376567
5086.62069960
5086.72463183
5086.82826954
5086.91707706
5087.02377774
5087.12690223
5087.22959981
5087.32034220
5087.42388555
5087.52154335
5087.64113984
5087.71618286
5087.83306380
5087.93064578
5088.01777101
5088.08219639
5088.18293057
5088.28891007
5088.39043224
5088.49513028
5088.58441493
5088.66933833
5088.75842940
5088.85208946
5088.94717921
5089.04853389
5089.14642696
5089.25742552
5089.35738122
5089.46142170
5089.55470312
5089.65498698
5089.75037467
5089.86147197
5089.95541168
5090.05941168
5090.16131493
5090.26389743
5090.35854809
5090.46326416
5090.56424849
5090.64996012
5090.70544599
5090.78492537
5090.87970427
5090.98282291
5091.08598982
5091.17844741
5091.27956096
5091.37215362
5091.47502138
5091.57012137
5091.65466028
5091.72074063
5091.81333159
5091.91823759
5092.01982291
5092.12319365
5092.23083348
5092.34495255
5092.44143446
5092.53643620
5092.62720199
5092.71325886
5092.77793829
5092.87184508
5092.96511626
5093.04877429
5093.10435841
5093.19933723
5093.29190356
5093.38342419
5093.48746101
5093.58918921
5093.69781866
5093.79953467
5093.89987120
5093.99855177
5094.09518850
5094.19843635
5094.30227106
5094.39491394
5094.49609259
5094.62262862
5094.69664106
5094.80013370
5094.91145994
5095.01293506
5095.10383812
5095.20048825
5095.31241328
5095.41559653
5095.51833824
5095.62104069
5095.69971038
5095.77367650
5095.87651793
5095.98074078
5096.06705218
5096.12947417
5096.22510080
5096.33598037
5096.43166916
5096.53395471
5096.63798665
5096.74137592
5096.84289712
5096.94765854
5097.05022251
5097.13753158
5097.20374506
5097.30188194
5097.39837896
5097.50220684
5097.59790295
5097.68059061
5097.74655467
5097.83823451
5097.93922055
5098.03255658
5098.13580322
5098.24382072
5098.35544488
5098.45868323
5098.56099266
5098.64664310
5098.71482655
5098.81557024
5098.91585192
5099.01143904
5099.11460669
5099.21737326
5099.32056724
5099.42463649
5099.52734357
5099.61013096
5099.67811351
5099.77297067
5099.86965348
5099.96641113
5100.07015563
5100.15485350
5100.21523701
5100.32680290
5100.43032968
5100.52617329
5100.62388351
5100.72802663
5100.82996279
5100.92465733
5101.02727080
5101.13622403
5101.24816320
5101.33676422
5101.44067743
5101.53740363
5101.65506939
5101.74314402
5101.85346674
5101.95681285
5102.05408933
5102.13646784
5102.20404177
5102.29979298
5102.39431929
5102.48073139
5102.54339159
5102.64235913
5102.74350218
5102.84636750
5102.95089145
5103.04386494
5103.14233024
5103.23895575
5103.34368816
5103.43747914
5103.53048676
5103.61727262
5103.67985772
5103.77311037
5103.87115924
5103.97170911
5104.05891992
5104.13831007
5104.24014237
5104.33312829
5104.41755529
5104.48516238
5104.57778064
5104.67716363
5104.77540633
5104.87920153
5104.97307468
5105.06638536
5105.15372271
5105.21571999
5105.30762901
5105.41521765
5105.52012438
5105.62770790
5105.72441777
5105.81867345
5105.91237837
5105.99840719
5106.05250944
5106.15654310
5106.25456271
5106.35456010
5106.45861643
5106.56260278
5106.65498723
5106.74421288
5106.80372477
5106.89789805
5106.99881411
5107.08041731
5107.16442131
5107.27166861
5107.37706881
5107.47951868
5107.56615606
5107.62091074
5107.72463012
5107.82475746
5107.92299504
5108.01561038
5108.10824326
5108.20195208
5108.30422933
5108.39705191
5108.51689440
5108.61659263
5108.70284284
5108.76837511
5108.87228930
5108.96663031
5109.07063495
5109.17741878
5109.28915339
5109.39073432
5109.49038282
5109.58809475
5109.69128506
5109.78594864
5109.87867052
5110.01607483
5110.11781839
5110.22028118
5110.31489648
5110.41888283
5110.50642840
5110.57262359
5110.67539991
5110.78028958
5110.88337872
5110.98647078
5111.07996432
5111.17883287
5111.27633097
5111.38061673
5111.47333909
5111.57014161
5111.67088676
5111.77333687
5111.87424977
5111.96984908
5112.05557754
5112.12008898
5112.22612626
5112.31956591
5112.42323775
5112.50885820
5112.57930323
5112.69281765
5112.79191368
5112.88796184
5112.99094639
5113.08854835
5113.17583499
5113.27906773
5113.38385866
5113.47532809
5113.58210825
5113.66920911
5113.73291476
5113.83750040
5113.94334580
5114.04532438
5114.13178037
5114.20116994
5114.31339461
5114.41285294
5114.51035373
5114.61751106
5114.72636019
5114.82118737
5114.92539120
5115.01708713
5115.11481173
5115.20351319
5115.29044314
5115.35905107
5115.45013772
5115.55663360
5115.63941221
5115.72521673
5115.83245940
5115.93578235
5116.03501345
5116.13703519
5116.25155654
5116.36311049
5116.45838066
5116.55746816
5116.64986016
5116.75271110
5116.84779695
5116.93550879
5117.00338944
5117.09407161
5117.19820376
5117.28272292
5117.34969196
5117.44501089
5117.54444045
5117.63685879
5117.73325707
5117.82538332
5117.93006136
5118.01439450
5118.07913317
5118.18721308
5118.28414677
5118.37295892
5118.46068466
5118.52670382
5118.61810279
5118.72387236
5118.80771934
5118.87328697
5118.98387714
5119.05078571
5119.15105641
5119.24743836
5119.35097708
5119.45550591
5119.54811247
5119.65084345
5119.75485004
5119.85704683
5119.95256228
5120.04000105
5120.10693230
5120.19672164
5120.29083128
5120.37645319
5120.42818342
5120.52948178
5120.64128052
5120.74035826
5120.83636010
5120.93024276
5121.03461214
5121.12394677
5121.22061861
5121.32349734
5121.42642263
5121.52116350
5121.62364969
5121.72119631
5121.83037385
5121.92694792
5122.02772745
5122.13018000
5122.23484415
5122.32738488
5122.42775212
5122.52412870
5122.61742524
5122.72166004
5122.81166783
5122.89710274
5122.99044121
5123.09733963
5123.20833550
5123.29722884
5123.36152524
5123.45584017
5123.55841463
5123.64225624
5123.70782825
5123.80638692
5123.89600633
5123.97773851
5124.04816549
5124.14202304
5124.23553973
5124.32587691
5124.43019729
5124.52366010
5124.62820819
5124.72132651
5124.80212343
5124.90092543
5125.01082928
5125.11558314
5125.20024371
5125.25531681
5125.34691375
5125.44233996
5125.54364807
5125.64995013
5125.75463841
5125.85759906
5125.94882858
5126.03286110
5126.13825911
5126.23955674
5126.34709637
5126.45099300
5126.55754715
5126.66631509
5126.76904022
5126.85590263
5126.91343089
5127.01445326
5127.08321381
5127.18181271
5127.28343972
5127.38950723
5127.49434326
5127.57964505
5127.63891678
5127.74709446
5127.83790049
5127.93374995
5128.02631775
5128.11891358
5128.21371174
5128.31757277
5128.42069117
5128.52296281
5128.61906876
5128.71119014
5128.79856309
5128.86405586
5128.96782035
5129.06173640
5129.14704599
5129.21308051
5129.30767168
5129.40435326
5129.52375397
5129.59811701
5129.72693875
5129.83683163
5129.93960893
5130.03242639
5130.13509325
5130.22996333
5130.31685939
5130.38039047
5130.48629707
5130.57889363
5130.68866777
5130.78998661
5130.90203183
5130.99449844
5131.09362763
5131.18967653
5131.29441114
5131.38735439
5131.47958378
5131.58267877
5131.68827938
5131.78984617
5131.88559470
5131.97156794
5132.03952319
5132.13207538
5132.23488876
5132.31856410
5132.41002012
5132.52666237
5132.62886258
5132.72862421
5132.82458217
5132.92912245
5133.03187757
5133.12537891
5133.22768127
5133.32051019
5133.42323727
5133.51859887
5133.60681588
5133.67199146
5133.76366130
5133.85770560
5133.94240104
5134.00741643
5134.10100213
5134.19506081
5134.29587887
5134.39371270
5134.49652121
5134.60094008
5134.69266527
5134.79564371
5134.88950662
5134.99206108
5135.08570505
5135.18307418
5135.28663801
5135.39721575
5135.50109726
5135.58653827
5135.65497553
5135.74737021
5135.83996507
5135.93999464
5136.03748445
5136.14128990
5136.24430516
5136.33469720
5136.43039331
5136.52319760
5136.62606828
5136.72143573
5136.82240349
5136.90996977
5137.01921266
5137.11326817
5137.19808673
5137.26463691
5137.35908227
5137.45178367
5137.55219920
5137.64801965
5137.74198130
5137.83447619
5137.92442425
5138.00897291
5138.10366526
5138.19868894
5138.30961191
5138.41827063
5138.48624343
5138.57672738
5138.68059183
5138.76726675
5138.82160257
5138.91568076
5139.00922160
5139.10928652
5139.20503188
5139.29878556
5139.40363012
5139.49242863
5139.58796821
5139.68885892
5139.78572507
5139.87906354
5139.96603054
5140.03121539
5140.12267702
5140.22756717
5140.31288456
5140.37948667
5140.47114968
5140.56660418
5140.66783841
5140.77337369
5140.86685040
5140.97059538
5141.06249806
5141.16652514
5141.26052823
5141.36382509
5141.45624489
5141.54366490
5141.62192450
5141.72591841
5141.82062685
5141.91124173
5142.01416410
5142.11678732
5142.21055611
5142.31204732
5142.41854272
5142.51126801
5142.59946967
5142.67961733
5142.77784027
5142.87066090
5142.97591384
5143.06190488
5143.12551301
5143.21753954
5143.31493280
5143.41878872
5143.50443989
5143.55843242
5143.65976272
5143.75740662
5143.85874423
5143.96843475
5144.06802717
5144.16114597
5144.25115255
5144.35806144
5144.44998363
5144.55440591
5144.64217725
5144.70586266
5144.79519681
5144.89456298
5144.99697896
5145.08305850
5145.14720008
5145.24284767
5145.33655625
5145.43246203
5145.52097357
5145.61309738
5145.70677426
5145.79955246
5145.89219998
5145.98672069
5146.09059513
5146.19441374
5146.27373026
5146.34191322
5146.44100194
5146.54422224
5146.63003725
5146.69828385
5146.79304641
5146.89954815
5147.01667655
5147.09225401
5147.19729850
5147.29686873
5147.38890624
5147.48226983
5147.57483786
5147.66875489
5147.77145637
5147.87588207
5147.97563273
5148.07252813
5148.15776580
5148.21850356
5148.30859864
5148.41550559
5148.51684637
5148.59868289
5148.65669804
5148.75002115
5148.83655198
5148.93589743
5149.02913228
5149.12219037
5149.21609546
5149.30297030
5149.36965921
5149.46866478
5149.56459690
5149.65130425
5149.71035680
5149.79979237
5149.90440239
5150.00719067
5150.10992213
5150.21596721
5150.32232559
5150.41604782
5150.51465672
5150.61878789
5150.71161656
5150.80576375
5150.89352777
5150.96029444
5151.05763578
5151.15493761
5151.25249691
5151.35097805
5151.45592648
5151.55979507
5151.66299807
5151.74769253
5151.80417996
5151.89834129
5151.99608028
5152.09387022
5152.19805577
5152.29212786
5152.38330472
5152.46554280
5152.55711854
5152.66764654
5152.76684375
5152.86738117
5152.97069754
5153.07438425
5153.17874827
5153.28129395
5153.38399690
5153.48982718
5153.58569298
5153.68958157
5153.78919350
5153.89484946
5153.99696969
5154.09177005
5154.17851007
5154.24406989
5154.33279793
5154.44086687
5154.54382313
5154.64768270
5154.73815642
5154.84433925
5154.93892798
5155.03939836
5155.14440066
5155.24821952
5155.34705321
5155.44741022
5155.54793668
5155.65149027
5155.73805767
5155.85905631
5155.93614855
5156.04117865
5156.13780075
5156.22569984
5156.28346093
5156.37119642
5156.46725239
5156.55092968
5156.61449685
5156.72406083
5156.82745034
5156.92510326
5157.02277422
5157.11733369
5157.21520848
5157.31397707
5157.40263685
5157.46668968
5157.55720704
5157.65309624
5157.73871011
5157.80965348
5157.89718905
5157.99195015
5158.07632741
5158.15339162
5158.24719089
5158.34094262
5158.44035901
5158.53824331
5158.64617255
5158.75692144
5158.84987494
5158.95096289
5159.04539582
5159.14715059
5159.24378707
5159.34668116
5159.44868266
5159.54092984
5159.63588794
5159.71885331
5159.79864257
5159.89206589
5159.98502402
5160.08398814
5160.18376343
5160.28643443
5160.39056780
5160.48272770
5160.58337899
5160.67811595
5160.78010916
5160.87596058
5160.96175023
5161.06209992
5161.15136508
5161.24730792
5161.33108175
5161.41212444
5161.50455911
5161.59316135
5161.68024123
5161.75605153
5161.86708056
5161.96882435
5162.06089234
5162.16382812
5162.25769956
5162.36036690
5162.45560343
5162.55876693
5162.66350739
5162.75380361
5162.85994719
5162.94362155
5163.02169805
5163.11983615
5163.21898021
5163.31825836
5163.42646652
5163.51950925
5163.62332128
5163.71660855
5163.79695736
5163.89358092
5163.99328744
5164.08844059
5164.17479953
5164.24313586
5164.33379803
5164.43828980
5164.56416779
5164.63637459
5164.74176333
5164.84142012
5164.94140898
5165.04872406
5165.14161734
5165.24631074
5165.33904140
5165.44271421
5165.53631649
5165.63839893
5165.73285869
5165.82065830
5165.88767293
5165.97751494
5166.08194795
5166.19116669
5166.30177735
5166.40426817
5166.50666952
5166.60674323
5166.71568598
5166.80826572
5166.90122507
5166.99351321
5167.09652433
5167.18977308
5167.29243750
5167.38676803
5167.47470345
5167.54282424
5167.63287251
5167.72986641
5167.82973849
5167.92436232
5168.02609174
5168.13070395
5168.22946279
5168.33734424
5168.44036608
5168.53556604
5168.62761964
5168.73091211
5168.83485141
5168.93829992
5169.03218965
5169.13536826
5169.22235892
5169.32105754
5169.42148550
5169.51686026
5169.61178252
5169.69986690
5169.75637043
5169.84494219
5169.95923704
5170.06456362
5170.16444398
5170.27207479
5170.36531282
5170.45881342
5170.55310348
5170.64881520
5170.74545655
5170.83197105
5170.93048925
5171.03694369
5171.13053279
5171.22544140
5171.31824300
5171.41370627
5171.49538628
5171.56020126
5171.65333493
5171.76925551
5171.85639927
5171.96151617
5172.05281884
5172.14573650
5172.24478596
5172.34571982
5172.43618037
5172.53482730
5172.62942919
5172.72504021
5172.81846670
5172.91273287
5173.00800475
5173.10993798
5173.21787283
5173.31204269
5173.41667075
5173.51809979
5173.61717534
5173.71096218
5173.80933190
5173.91078507
5174.00523117
5174.09404259
5174.19423089
5174.28782780
5174.38375870
5174.48775090
5174.58223479
5174.67619108
5174.78004724
5174.87754192
5174.97137704
5175.06525969
5175.15686419
5175.25675504
5175.34885057
5175.44349172
5175.54779576
5175.64045571
5175.73081191
5175.84357637
5175.93641308
5176.03083358
5176.13607116
5176.22882815
5176.32568040
5176.41723029
5176.51462721
5176.61883617
5176.71838568
5176.78266014
5176.89118573
5176.98491747
5177.07962006
5177.18522604
5177.28283020
5177.37928675
5177.49076609
5177.58572468
5177.68945649
5177.79501664
5177.88837681
5177.99565654
5178.08716790
5178.18386680
5178.28178255
5178.38737195
5178.46476042
5178.56490385
5178.67270509
5178.78164004
5178.87650598
5178.97101132
5179.06016213
5179.17146837
5179.26814947
5179.37532606
5179.46580539
5179.54764362
5179.64512588
5179.75085156
5179.85580438
5179.94667477
5180.04196884
5180.14571553
5180.23972740
5180.33565025
5180.43056690
5180.52376592
5180.61963952
5180.70951175
5180.80926070
5180.90296635
5180.99736467
5181.07578786
5181.14442505
5181.24345939
5181.33962971
5181.44582961
5181.54051976
5181.63412837
5181.73913165
5181.83502525
5181.92986778
5182.02447967
5182.11830722
5182.22399537
5182.31394806
5182.41320037
5182.50588616
5182.61126491
5182.72087570
5182.83578203
5182.93943949
5183.03091160
5183.13857533
5183.23249821
5183.33783600
5183.44296850
5183.53619166
5183.64098648
5183.74093609
5183.82558617
5183.88442198
5183.97237666
5184.07039627
5184.16650124
5184.26426510
5184.35425509
5184.44836157
5184.54277036
5184.64101549
5184.73207289
5184.82621374
5184.91558958
5185.01432136
5185.10838394
5185.20473370
5185.30007117
5185.40248203
5185.49666847
5185.58727140
5185.70027529
5185.80269858
5185.89631256
5186.00200655
5186.09713044
5186.19032775
5186.28455612
5186.37943961
5186.47328521
5186.56190549
5186.66179999
5186.76839096
5186.86204785
5186.95705178
5187.06256560
5187.15593699
5187.26432337
5187.36617737
5187.46166941
5187.55563032
5187.66026424
5187.75541567
5187.85971069
5187.95275440
5188.06028769
5188.15324363
5188.24277380
5188.34236525
5188.44951966
5188.54298881
5188.63698143
5188.73502030
5188.79494081
5188.88359644
5188.99258405
5189.08749168
5189.18142920
5189.27713311
5189.37093457
5189.46600165
5189.55826736
5189.63609762
5189.70237302
5189.80588029
5189.91494934
5190.00893220
5190.10915706
5190.19808015
5190.29273714
5190.38659932
5190.47706035
5190.58050057
5190.69240073
5190.79066001
5190.87806855
5190.98770909
5191.08008915
5191.17389013
5191.27967287
5191.37849510
5191.47323694
5191.57303050
5191.67165135
5191.77318864
5191.88039035
5191.97403602
5192.07845587
5192.16973050
5192.26836670
5192.37313983
5192.46636371
5192.55917385
5192.66601691
5192.76081117
5192.85561348
5192.96112023
5193.05456963
5193.14325939
5193.25734969
5193.35912372
5193.46460682
5193.57022645
5193.66885217
5193.73467531
5193.82950297
5193.92609629
5194.02065064
5194.11484074
5194.20737928
5194.31423307
5194.40898783
5194.50373674
5194.59793611
5194.69178853
5194.79129806
5194.88236910
5194.97590848
5195.06956366
5195.17664517
5195.25400536
5195.33985133
5195.43416431
5195.54161812
5195.63553125
5195.72989128
5195.83360335
5195.93011817
5196.02352394
5196.11840182
5196.21290521
5196.31032262
5196.38096367
5196.47420218
5196.57952729
5196.67513538
5196.76813862
5196.86087317
5196.95714979
5197.04928775
5197.15647288
5197.25025118
5197.34460659
5197.44921587
5197.54516530
5197.64982505
5197.74466539
5197.84317067
5197.93290369
5198.02426317
5198.12281404
5198.21772020
5198.31133223
5198.40406971
5198.49917190
5198.59515107
5198.69744295
5198.80417460
5198.89981488
5199.00400140
5199.10901443
5199.20464496
5199.29932121
5199.39576191
5199.49655900
5199.60033495
5199.70243860
5199.78287884
5199.84208011
5199.93762238
5200.03063463
5200.12405064
5200.22105966
5200.31394294
5200.42066483
5200.51786208
5200.61890663
5200.71247306
5200.80851684
5200.90826701
5201.00912359
5201.11364315
5201.20757213
5201.29769573
5201.40692691
5201.50174677
5201.59567112
5201.70084043
5201.79524216
5201.88934693
5201.98318691
5202.07958641
5202.18580216
5202.27844919
5202.37378592
5202.47154612
5202.57358590
5202.66757876
5202.76212335
5202.85719287
5202.93713330
5203.01219485
5203.10687574
5203.21051686
5203.31546967
5203.41035853
5203.51690293
5203.60890313
5203.68646447
5203.75455942
5203.85530359
5203.93522037
5204.00779141
5204.10153461
5204.20666199
5204.30002996
5204.39528185
5204.48643506
5204.59488727
5204.68963082
5204.79459290
5204.88837998
5204.97286110
5205.06959657
5205.17039268
5205.26619509
5205.36486494
5205.45914354
5205.56012300
5205.65268177
5205.74958790
5205.85479891
5205.94955294
5206.04156338
5206.13397733
5206.23234437
5206.32615973
5206.42188851
5206.51543788
5206.60987935
5206.70268290
5206.80149952
5206.90335889
5207.00239006
5207.09797231
5207.19595730
5207.29247675
5207.38661395
5207.49179472
5207.58539626
5207.69105734
5207.79164841
5207.89144856
5207.98387251
5208.08091517
5208.17054726
5208.28238598
5208.39286838
5208.49083582
5208.58267999
5208.67760395
5208.78249947
5208.87791812
5208.97282673
5209.06735596
5209.16140124
5209.25515663
5209.34508982
5209.43470386
5209.52819910
5209.62659857
5209.71683944
5209.81099736
5209.91579511
5210.00920794
5210.10510373
5210.19907391
5210.28863871
5210.38743363
5210.48244976
5210.57671665
5210.68142176
5210.77615458
5210.86998213
5210.96098320
5211.06400529
5211.15310490
5211.24862327
5211.34215045
5211.43641808
5211.53052431
5211.62425605
5211.72092617
5211.81510652
5211.90211302
5212.00310345
5212.09696002
5212.19079610
5212.29752385
5212.39212208
5212.50486558
5212.60605886
5212.71024733
5212.80109139
5212.89614360
5212.98978464
5213.08585962
5213.18035326
5213.27293057
5213.37850046
5213.47321377
5213.57242561
5213.67178398
5213.76703733
5213.86120670
5213.96014353
5214.04570668
5214.12566856
5214.22493037
5214.32407248
5214.41646766
5214.51255410
5214.61476699
5214.71067716
5214.80635499
5214.89902835
5214.99525815
5215.08892650
5215.17827089
5215.28713587
5215.38591836
5215.49441299
5215.60432659
5215.70949591
5215.80387228
5215.89382497
5215.99169196
5216.08642185
5216.18122318
5216.28406680
5216.38177238
5216.47455204
5216.56915247
5216.66397428
5216.76851238
5216.85696613
5216.97001829
5217.05649426
5217.15812006
5217.25204294
5217.34584806
5217.44135546
5217.53241846
5217.64181763
5217.73598578
5217.82843411
5217.93127944
5218.05390476
5218.15471867
5218.25001128
5218.34473702
5218.44352341
5218.50115358
5218.59525201
5218.69058216
5218.78336133
5218.87889141
5218.97068169
5219.06643315
5219.15917160
5219.30271796
5219.39755635
5219.50548754
5219.59809848
5219.69386530
5219.80094998
5219.89430674
5219.99288589
5220.08343689
5220.17282541
5220.28274925
5220.37790118
5220.47184235
5220.57743979
5220.67116422
5220.76578464
5220.85665405
5220.96537250
5221.06093330
5221.15442610
5221.24690929
5221.35352025
5221.45463575
5221.55422428
5221.65918148
5221.75260236
5221.84286786
5221.95302283
5222.04763716
5222.16271245
5222.24999616
5222.35324450
5222.44703573
5222.53763574
5222.63493172
5222.74051259
5222.83510010
5222.92862362
5223.02273643
5223.11777035
5223.21292643
5223.30644971
5223.39994056
5223.50088393
5223.61069464
5223.70641294
5223.81239268
5223.91722993
5224.02110657
5224.12767120
5224.22634422
5224.31599703
5224.42164153
5224.51926983
5224.58524681
5224.69321116
5224.78869734
5224.87636750
5224.95860070
5225.08371922
5225.15882028
5225.25084608
5225.34444543
5225.43806989
5225.53211980
5225.62872946
5225.72230808
5225.80960472
5225.91266801
5226.01975635
5226.12214356
5226.22648612
5226.32277395
5226.42637582
5226.51614127
5226.61532580
5226.71033144
5226.80500087
5226.89708738
5226.99281348
5227.08738563
5227.19047306
5227.28641834
5227.38081080
5227.47701183
5227.56766450
5227.66384116
5227.76831733
5227.86346413
5227.95809480
5228.06414353
5228.16558111
5228.26281151
5228.35894233
5228.45206186
5228.54499073
5228.64068001
5228.73657288
5228.83250060
5228.92880965
5229.03327948
5229.11700699
5229.21831802
5229.31268610
5229.40658436
5229.50127061
5229.58302449
5229.65974468
5229.75978132
5229.86701887
5229.96105537
5230.05659544
5230.15945272
5230.25744868
5230.35005426
5230.44540928
5230.54302197
5230.64778413
5230.73259025
5230.83336149
5230.93688095
5231.03179395
5231.12646215
5231.23147446
5231.32699283
5231.40904196
5231.48371001
5231.57756633
5231.69325138
5231.77953524
5231.88499298
5231.98291629
5232.09106520
5232.19770688
5232.30288790
5232.39253656
5232.49226357
5232.58610892
5232.68087441
5232.77470611
5232.86983219
5232.96419734
5233.06562346
5233.17435970
5233.26969497
5233.36335771
5233.45581238
5233.55663652
5233.65697013
5233.75573726
5233.83846369
5233.92813381
5234.01894886
5234.11767990
5234.21141164
5234.30731864
5234.41154027
5234.50494262
5234.60113318
5234.71662708
5234.82723067
5234.92990460
5235.03446658
5235.11637698
5235.23114970
5235.33385752
5235.43775318
5235.55266902
5235.62397957
5235.72983057
5235.82966632
5235.93390892
5236.03668086
5236.14107437
5236.24254340
5236.33605571
5236.41806339
5236.48792522
5236.58153993
5236.67163062
5236.75253872
5236.84923372
5236.95399539
5237.05756995
5237.16134663
5237.26316698
5237.37692667
5237.48487810
5237.59630258
5237.68793561
5237.77669437
5237.84132942
5237.94815396
5238.03711703
5238.14180385
5238.24409208
5238.34693765
5238.44179505
5238.54546006
5238.64723336
5238.75186581
5238.84355199
5238.94152601
5239.10015977
5239.19797336
5239.29144325
5239.38554484
5239.46435838
5239.53695234
5239.63702141
5239.74348462
5239.84797591
5239.95084171
5240.04044357
5240.14603711
5240.23937583
5240.34330367
5240.43470459
5240.54152888
5240.60038371
5240.69189654
5240.79514756
5240.90408349
5241.01758304
5241.12696196
5241.22383933
5241.32133304
5241.42862935
5241.53273712
5241.63473058
5241.72554709
5241.80986316
5241.90380189
5242.00954757
5242.11009353
5242.19787462
5242.26987880
5242.37650610
5242.47301775
5242.57409156
5242.66554466
5242.77945356
5242.87163321
5242.97446854
5243.06985086
5243.17255161
5243.26554095
5243.35644426
5243.45417861
5243.55433692
5243.65747603
5243.75084352
5243.84326771
5243.94937350
5244.04994823
5244.15384510
5244.25747769
5244.35012350
5244.45301466
5244.54578019
5244.65836642
5244.75437632
5244.85799866
5244.94484840
5245.01215170
5245.11610538
5245.21706265
5245.32125551
5245.42412936
5245.52395560
5245.58849240
5245.69178000
5245.79618302
5245.89005665
5245.98050696
5246.08320259
5246.17703990
5246.27772556
5246.37181399
5246.46948300
5246.55360695
5246.61553353
5246.72173538
5246.81588451
5246.91893245
5247.02549294
5247.13987093
5247.24660965
5247.34414627
5247.42803056
5247.49000662
5247.57720257
5247.68241479
5247.78472277
5247.90878291
5247.98456590
5248.08530471
5248.18892999
5248.28025655
5248.36362176
5248.43330659
5248.52728677
5248.63076990
5248.73299010
5248.83363212
5248.93008575
5249.02314945
5249.10960518
5249.17348711
5249.26757554
5249.36125900
5249.46371545
5249.55669991
5249.65961619
5249.75318628
5249.84458428
5249.95313815
5250.04508448
5250.14693043
5250.25149534
5250.35338616
5250.43300646
5250.49490085
5250.61869988
5250.71375940
5250.80537755
5250.89280585
