4467.48482933
4467.61942521
4467.73181738
4467.82302910
4467.91277456
4468.01212927
4468.10287556
4468.20210178
4468.29425973
4468.39512021
4468.48667521
4468.57743345
4468.67512831
4468.77343562
4468.87201843
4468.95794656
4469.05739075
4469.15623687
4469.25222043
4469.34950861
4469.44742314
4469.54390456
4469.64041548
4469.72654744
4469.81602227
4469.92598414
4470.02442725
4470.12128974
4470.21843822
4470.30521311
4470.40207950
4470.49825981
4470.57347887
4470.67021921
4470.75601130
4470.86347145
4470.94829318
4471.04721829
4471.13326565
4471.21983817
4471.36047320
4471.42546544
4471.51197798
4471.63108149
4471.71743921
4471.81427927
4471.89991362
4472.07353263
4472.14910960
4472.25591122
4472.34280557
4472.41876702
4472.51733569
4472.59270250
4472.69439753
4472.79367861
4472.89141882
4472.98826692
4473.07557526
4473.18340186
4473.28041673
4473.37890104
4473.47639841
4473.57488589
4473.67277653
4473.76970777
4473.86676848
4473.97623177
4474.06177054
4474.14922662
4474.25752401
4474.35506015
4474.45182707
4474.54873589
4474.63605056
4474.74546752
4474.83148806
4474.93811268
4475.03552788
4475.12148357
4475.21824903
4475.33911503
4475.44692236
4475.53554556
4475.62225632
4475.71804727
4475.80491407
4475.90188433
4476.00932400
4476.08445479
4476.19191226
4476.27719186
4476.38469956
4476.48245488
4476.59034437
4476.67621960
4476.77693891
4476.88458338
4476.98326152
4477.06936568
4477.16552966
4477.26206496
4477.36854622
4477.54963213
4477.63567266
4477.72024473
4477.82814690
4477.92599633
4478.02261185
4478.10773248
4478.19829958
4478.30682420
4478.39499611
4478.48154986
4478.57892703
4478.66751439
4478.76450903
4478.87154544
4478.95708738
4479.05345250
4479.13976926
4479.23976470
4479.34907805
4479.43579759
4479.52161869
4479.60302831
4479.71118575
4479.79717215
4479.88339944
4479.97997253
4480.07813355
4480.18682177
4480.27404404
4480.40472580
4480.51389847
4480.61058517
4480.70781777
4480.79566809
4480.88260974
4480.99024665
4481.08700723
4481.17127039
4481.26821237
4481.35412002
4481.49378981
4481.57122436
4481.67929257
4481.76509124
4481.86231506
4481.97160597
4482.06989621
4482.15590456
4482.30714919
4482.40326661
4482.50644059
4482.61469824
4482.71138177
4482.80771008
4482.90443774
4483.00658187
4483.10408997
4483.21146723
4483.28528706
4483.39334162
4483.49052521
4483.59878115
4483.68441891
4483.77932020
4483.87624169
4483.96720619
4484.06474013
4484.16131176
4484.24883417
4484.35737658
4484.45413180
4484.54058900
4484.63726449
4484.72308218
4484.82017726
4484.92805798
4485.02593618
4485.12296422
4485.22050792
4485.32842155
4485.41524252
4485.55625131
4485.65316280
4485.74876626
4485.84544297
4485.93272352
4486.02918372
4486.12715360
4486.23485561
4486.32257184
4486.40818643
4486.50402834
4486.63453919
4486.70946714
4486.80813114
4486.89441279
4487.00229693
4487.09922183
4487.19565863
4487.28059398
4487.37596143
4487.47296460
4487.58076657
4487.67755373
4487.77430358
4487.92783734
4488.02733467
4488.21123805
4488.31956372
4488.40349822
4488.51021549
4488.61687301
4488.71554774
4488.81222713
4488.90887995
4488.98309475
4489.09080603
4489.17557729
4489.29418561
4489.38001281
4489.45637070
4489.56462323
4489.66144915
4489.75806491
4489.84290760
4489.93965111
4490.03657114
4490.13493940
4490.23137913
4490.32742974
4490.41272275
4490.51925862
4490.61535555
4490.71132472
4490.80804507
4490.90364902
4490.99969085
4491.09644850
4491.18313732
4491.28059812
4491.38793442
4491.48423590
4491.59112920
4491.67726822
4491.80638888
4491.86883501
4491.97669232
4492.06166082
4492.16860483
4492.26533176
4492.37201879
4492.45868591
4492.53393374
4492.68427335
4492.78156763
4492.88945713
4492.98670971
4493.08308264
4493.18013335
4493.28853704
4493.37658656
4493.46217165
4493.57109149
4493.66776527
4493.75434340
4493.86214196
4493.94780800
4494.04329102
4494.12831437
4494.22425405
4494.32209324
4494.41987977
4494.53066669
4494.62605390
4494.72261016
4494.80730730
4494.90343520
4494.97860623
4495.08697725
4495.18372929
4495.27158108
4495.36953023
4495.46659240
4495.57227445
4495.65730317
4495.74659539
4495.84388747
4495.93100734
4496.02764968
4496.13031654
4496.22722681
4496.31363501
4496.39866227
4496.47225999
4496.58017948
4496.67617060
4496.81052632
4496.88567906
4496.97100108
4497.06764878
4497.16433548
4497.27016138
4497.34601970
4497.45353983
4497.53972274
4497.63893385
4497.79962853
4497.87438313
4497.97452583
4498.06146797
4498.17244141
4498.26985832
4498.35708109
4498.44378258
4498.54406889
4498.61886884
4498.70539991
4498.92094436
4498.99928369
4499.09532552
4499.20404226
4499.30401186
4499.40198417
4499.48769507
4499.58579221
4499.67089505
4499.75691071
4499.84253799
4499.95043285
4500.04599364
4500.14322258
4500.24041763
4500.34806331
4500.43361549
4500.52181471
4500.61852702
4500.71449156
4500.81065334
4500.89598805
4500.98201809
4501.07791095
4501.17493168
4501.27534330
4501.37115498
4501.46649756
4501.61809084
4501.72624341
4501.80138396
4501.90372168
4501.98991410
4502.09909798
4502.20708939
4502.31573152
4502.40135636
4502.50883089
4502.60579262
4502.70254222
4502.77753088
4502.87430268
4502.96032638
4503.04595244
4503.15348963
4503.24960631
4503.35723274
4503.45276086
4503.55914386
4503.69896432
4503.77207809
4503.96727665
4504.05313140
4504.15033888
4504.25812427
4504.35452840
4504.45108004
4504.54795423
4504.65563479
4504.76326853
4504.84928248
4504.94636196
4505.05734369
4505.15400699
4505.24977649
4505.34751840
4505.45297346
4505.55052910
4505.65813944
4505.73442150
4505.83077370
4505.92820963
4506.00363203
4506.08992953
4506.17482050
4506.26057626
4506.35769549
4506.44460178
4506.54188265
4506.64876497
4506.75724912
4506.84314946
4506.94061319
4507.03663966
4507.12191097
4507.21803301
4507.30279208
4507.37734139
4507.47439601
4507.57227006
4507.71363871
4507.77755648
4507.87427366
4507.97108837
4508.06781920
4508.15380122
4508.24993179
4508.33608692
4508.43109987
4508.52643051
4508.62333494
4508.70934767
4508.79815934
4508.90569092
4508.99160223
4509.11712694
4509.21391897
4509.29994292
4509.39637119
4509.48033203
4509.58726457
4509.69533376
4509.78191116
4509.87930418
4509.97551204
4510.07190154
4510.14739001
4510.23332960
4510.31906952
4510.42614786
4510.52240766
4510.60796252
4510.70497666
4510.80005495
4510.89603827
4510.99462157
4511.07963444
4511.16556721
4511.25214436
4511.36002801
4511.43568422
4511.54359785
4511.65117820
4511.75771138
4511.85434713
4511.95699692
4512.05308776
4512.14036099
4512.22645150
4512.31296819
4512.40981776
4512.49763712
4512.59547680
4512.69105393
4512.79756932
4512.89473560
4513.00251831
4513.08627142
4513.22711588
4513.32367117
4513.40872086
4513.49450832
4513.59047944
4513.68640376
4513.79516024
4513.89194959
4513.96626021
4514.07375303
4514.16947840
4514.29119139
4514.37697787
4514.48596573
4514.57247754
4514.66986471
4514.75613247
4514.85254855
4514.93847693
4515.03550033
4515.12176273
4515.21755661
4515.31367743
4515.39919621
4515.48520821
4515.55995891
4515.64610745
4515.75522892
4515.86197446
4515.95889498
4516.06704267
4516.17435800
4516.26095246
4516.35674170
4516.44178676
4516.52715194
4516.61406458
4516.71426896
4516.78773015
4516.88395825
4516.99132795
4517.08724373
4517.18308466
4517.26931853
4517.36596501
4517.45260409
4517.53749408
4517.63379070
4517.72975061
4517.80488360
4517.91269629
4518.05362536
4518.16198175
4518.22629107
4518.32286611
4518.42041127
4518.51616711
4518.61318833
4518.68918270
4518.78570093
4518.87219446
4518.97039473
4519.12562638
4519.18910504
4519.29610927
4519.39836628
4519.49427255
4519.56914589
4519.66606104
4519.75160201
4519.84891116
4519.92371672
4520.02291539
4520.13066250
4520.21633976
4520.30189462
4520.39858327
4520.49565642
4520.59138373
4520.67750326
4520.76297376
4520.84966112
4520.94416963
4521.04037530
4521.14768282
4521.24552519
4521.35301679
4521.46089702
4521.54650162
4521.63222446
4521.72804735
4521.81373534
4521.91428812
4521.99057068
4522.08671978
4522.18366834
4522.28045988
4522.37689181
4522.46257686
4522.54643920
4522.63224860
4522.71802289
4522.81476421
4522.91055882
4523.00747349
4523.10411826
4523.21177930
4523.30907090
4523.39377097
4523.47993364
4523.56642083
4523.66271769
4523.74768838
4523.82320172
4523.90776745
4524.00629369
4524.10297406
4524.18835313
4524.28589512
4524.38202838
4524.46136416
4524.55845827
4524.65582666
4524.74663830
4524.84310460
4524.96226808
4525.04783221
4525.14362852
4525.23895916
4525.34589561
4525.44272640
4525.57301514
4525.65976028
4525.74696793
4525.83222729
4525.91872667
4526.00459312
4526.11187553
4526.21881344
4526.31463073
4526.41028465
4526.50667928
4526.60312144
4526.69893628
4526.79818908
4526.88473259
4526.97331288
4527.08154249
4527.17705428
4527.27390605
4527.38390157
4527.49025848
4527.58740501
4527.67448636
4527.77242478
4527.85191952
4527.94925842
4528.04531951
4528.14312237
4528.25034651
4528.34571933
4528.44211273
4528.52772197
4528.63533913
4528.73243397
4528.83969273
4528.94746130
4529.03244955
4529.13900541
4529.23675854
4529.34533850
4529.45312535
4529.53903715
4529.63615540
4529.74390593
4529.84032322
4529.93701066
4530.04380618
4530.13949132
4530.24696902
4530.35388743
4530.45059803
4530.54742956
4530.64395120
4530.75075550
4530.88040205
4530.97772632
4531.09721675
4531.18236372
4531.28001591
4531.39901189
4531.48328480
4531.59050821
4531.68914222
4531.78798713
4531.88774949
4531.98568084
4532.10386372
4532.18894193
4532.28621817
4532.39330822
4532.49052009
4532.58908851
4532.69598912
4532.79597920
4532.89295213
4532.99470885
4533.09314708
4533.20392791
4533.31174866
4533.40855629
4533.51850988
4533.61558229
4533.71162802
4533.81777038
4533.92468366
4534.01219363
4534.10917364
4534.21707313
4534.31634787
4534.41173776
4534.53037827
4534.63797178
4534.74575766
4534.84446042
4534.95182158
4535.04909148
4535.15734499
4535.25441252
4535.36219279
4535.45986863
4535.55773781
4535.64281627
4535.73912312
4535.83697718
4535.94585460
4536.05418588
4536.15096450
4536.24793036
4536.36525382
4536.46213337
4536.56932387
4536.67715339
4536.80003984
4536.89711298
4537.00440100
4537.10081293
4537.19798506
4537.30430930
4537.41087394
4537.51752611
4537.64872035
4537.71258375
4537.82097111
4537.91786456
4538.01567523
4538.11294903
4538.21982330
4538.31670920
4538.41320330
4538.55379176
4538.64917091
4538.75494390
4538.85475283
4538.95092071
4539.06031890
4539.16913194
4539.27678421
4539.37339607
4539.47033658
4539.57823339
4539.67487231
4539.77245136
4539.88192098
4539.98880330
4540.08605808
4540.18277137
4540.28927310
4540.38705061
4540.49369351
4540.60240854
4540.70201169
4540.79893758
4540.90759361
4541.00518217
4541.10109502
4541.20796588
4541.31862408
4541.41693285
4541.51419104
4541.61035380
4541.71010494
4541.80681262
4541.91293084
4542.02173535
4542.11855445
4542.25816816
4542.33316974
4542.42995153
4542.53861683
4542.63630998
4542.74359751
4542.85265924
4542.94921380
4543.05601152
4543.16391296
4543.26066208
4543.35776180
4543.47701525
4543.57387091
4543.68043384
4543.77763304
4543.86403245
4543.96006404
4544.05662592
4544.15354839
4544.25048963
4544.34904416
4544.45893070
4544.56872873
4544.65616239
4544.75847085
4544.85715971
4544.96659886
4545.06434687
4545.16242256
4545.30374781
4545.40118057
4545.49811084
4545.60546152
4545.71283122
4545.81018913
4545.91729283
4546.00308346
4546.10115646
4546.20003355
4546.29882335
4546.40723655
4546.50777374
4546.61547769
4546.71263812
4546.81994077
4546.91677425
4547.02421904
4547.12144992
4547.21759245
4547.33756147
4547.43673430
4547.53736389
4547.63532742
4547.74382815
4547.85063002
4547.94878933
4548.03408063
4548.12989913
4548.22604653
4548.34467875
4548.44090295
4548.53913321
4548.64633883
4548.75481737
4548.84157982
4548.94926329
4549.05806512
4549.15509219
4549.24481790
4549.34262198
4549.45008383
4549.54735397
4549.65452423
4549.76532701
4549.86202712
4549.94959756
4550.05766528
4550.15355278
4550.23797831
4550.34531656
4550.45317924
4550.55012414
4550.69060679
4550.76467774
4550.87172220
4550.96783498
4551.07525904
4551.18274698
4551.27975601
4551.38707377
4551.48427808
4551.57997200
4551.74279855
4551.82844459
4551.91362886
4552.01211586
4552.10954252
4552.20553145
4552.31308327
4552.40896321
4552.51731594
4552.62513620
4552.71079663
4552.81738540
4552.91370591
4553.00993328
4553.10631741
4553.21188950
4553.31984971
4553.41873386
4553.51537449
4553.62300531
4553.72091910
4553.81775087
4553.92530440
4554.03186173
4554.12962241
4554.23615072
4554.34422039
4554.45097715
4554.54774529
4554.64539772
4554.76321976
4554.85934546
4554.96766236
4555.07556770
4555.17201938
4555.31156214
4555.37547064
4555.47160610
4555.57806078
4555.66323383
4555.78264454
4555.87938293
4555.97682959
4556.09574828
4556.20346663
4556.30061462
4556.40900880
4556.51677737
4556.62845103
4556.72491831
4556.82195341
4556.92985486
4557.02671247
4557.12264337
4557.22979388
4557.34762226
4557.44478440
4557.55101282
4557.65845298
4557.74403661
4557.85129220
4557.95905297
4558.05878217
4558.16541020
4558.27319071
4558.40294819
4558.50953940
4558.60622221
4558.71533221
4558.81270646
4558.92216463
4559.03022747
4559.12876298
4559.25979242
4559.36812686
4559.46488623
4559.56152100
4559.66828410
4559.76444271
4559.91501882
4560.02199038
4560.11887822
4560.23643208
4560.33211258
4560.42730157
4560.53517497
4560.63167126
4560.73969120
4560.83549239
4560.92308647
4561.03080042
4561.12685713
4561.22383153
4561.32162781
4561.41906032
4561.52558742
4561.63338353
4561.73073559
4561.83915074
4561.94688884
4562.03310686
4562.14079692
4562.25158750
4562.34952909
4562.44581937
4562.55329487
4562.64979531
4562.74592662
4562.85250150
4562.94975871
4563.05662568
4563.16357285
4563.26044266
4563.36725086
4563.47474124
4563.57270697
4563.66944780
4563.75493561
4563.86297213
4563.96060603
4564.06771241
4564.16640786
4564.27542693
4564.36097399
4564.46893151
4564.56590176
4564.67314834
4564.77462931
4564.88310370
4564.98049745
4565.07831397
4565.18556176
4565.29325475
4565.38912640
4565.48707311
4565.56151734
4565.65817503
4565.74457665
4565.85246834
4565.93919641
4566.01377815
4566.12162912
4566.21839409
4566.32695406
4566.42397186
4566.53120137
4566.63270769
4566.75201965
4566.84850936
4566.94439564
4567.04046649
4567.13671458
4567.28804503
4567.35217418
4567.46319199
4567.55932720
4567.66649478
4567.76241276
4567.85891343
4567.94440344
4568.02986761
4568.12562760
4568.21177101
4568.32074595
4568.41814263
4568.52801990
4568.61469238
4568.72206110
4568.81978839
4568.91813300
4569.01547287
4569.12358569
4569.22127811
4569.32780959
4569.43478529
4569.53191841
4569.64001271
4569.74753820
4569.85520168
4569.95322983
4570.03992523
4570.13648637
4570.24328141
4570.33949220
4570.43600092
4570.54361540
4570.63960652
4570.74734266
4570.83314743
4570.93970792
4571.04537339
4571.14583109
4571.24298786
4571.32786396
4571.42428955
4571.52131978
4571.62888038
4571.73547939
4571.82517267
4571.92232676
4572.03089673
4572.12790087
4572.23169535
4572.34018779
4572.43628813
4572.53533564
4572.62240675
4572.72960115
4572.82654507
4572.93362854
4573.04211147
4573.13814964
4573.23925197
4573.34653317
4573.44351634
4573.55141608
4573.65899399
4573.75611199
4573.86296433
4573.96049437
4574.06842409
4574.15334115
4574.24890780
4574.35689116
4574.45397040
4574.56173896
4574.65869703
4574.76609403
4574.87271523
4574.96858323
4575.07539777
4575.17221004
4575.26988880
4575.37772295
4575.47452279
4575.56127500
4575.66989909
4575.75604933
4575.86335588
4575.97019700
4576.06686737
4576.17379650
4576.27053124
4576.36742006
4576.47402444
4576.57059875
4576.67768075
4576.77443206
4576.87287785
4576.98041431
4577.05597909
4577.16401804
4577.27307588
4577.36881124
4577.46534312
4577.56093244
4577.65733072
4577.78644162
4577.87223298
4577.97007241
4578.07770737
4578.17443163
4578.28094409
4578.36720917
4578.46326733
4578.57047684
4578.66791692
4578.77599025
4578.87247654
4578.97976408
4579.08662714
4579.19435669
4579.29250382
4579.39099934
4579.47913761
4579.58645245
4579.72719475
4579.81291882
4579.90998318
4580.00673035
4580.10378887
4580.20038220
4580.30829144
4580.40522878
4580.51373999
4580.61205242
4580.71895083
4580.81585867
4580.92242965
4581.03021796
4581.13794143
4581.24480961
4581.38597858
4581.48224837
4581.57911501
4581.68676825
4581.78488124
4581.89231701
4582.00062659
4582.09748957
4582.20440359
4582.30137628
4582.40965709
4582.50634160
4582.61408969
4582.73273581
4582.82997376
4582.92717808
4583.03424545
4583.13092191
4583.22809039
4583.33488201
4583.41996413
4583.52752204
4583.63522234
4583.73288867
4583.83965640
4583.92585492
4584.03415670
4584.13162067
4584.23886944
4584.32438724
4584.43145071
4584.53921026
4584.63903576
4584.73986698
4584.84779451
4584.94417743
4585.04090437
4585.14778693
4585.24480327
4585.34165284
4585.43843048
4585.53754772
4585.64957442
4585.73533262
4585.84282763
4585.94268264
4586.05149739
4586.14292440
4586.24053587
4586.34752108
4586.44438065
4586.55307228
4586.65122623
4586.75892750
4586.85534041
4586.96233415
4587.05760701
4587.15339796
4587.25015756
4587.34587878
4587.44273006
4587.53928438
4587.62432553
4587.73146702
4587.83816063
4587.94521728
4588.05356636
4588.15043616
4588.26011985
4588.35687092
4588.49691764
4588.57029667
4588.66582748
4588.76176788
4588.84683464
4588.95557673
4589.04532975
4589.15254609
4589.24967092
4589.35700136
4589.44278955
4589.55265317
4589.62701450
4589.73383660
4589.85270946
4589.95070152
4590.04867969
4590.15681275
4590.26361998
4590.39341135
4590.47917881
4590.56649008
4590.67453390
4590.77232311
4590.88030721
4590.97693759
4591.08438702
4591.19099578
4591.28820936
4591.39556394
4591.49232574
4591.58895417
4591.68610802
4591.79355305
4591.89043870
4591.99843377
4592.09456337
4592.18995886
4592.29735269
4592.40529364
4592.50153856
4592.59910200
4592.68389667
4592.79160965
4592.89930946
4593.00704462
4593.10569375
4593.19319519
4593.30106518
4593.39782795
4593.50537929
4593.61360865
4593.72119631
4593.81973426
4593.92829765
4594.02590571
4594.12356131
4594.27442829
4594.33698170
4594.44372602
4594.54038298
4594.63825167
4594.73495057
4594.82227232
4594.99412054
4595.09057026
4595.19719975
4595.29402787
4595.40233794
4595.50970324
4595.60720403
4595.70294036
4595.80276587
4595.90926200
4595.99554097
4596.13555526
4596.21069069
4596.32880750
4596.42662719
4596.57768580
4596.68565429
4596.78156812
4596.88904997
4596.98735069
4597.09472477
4597.24619152
4597.34290431
4597.44909909
4597.55602383
4597.64125565
4597.75257847
4597.84866467
4597.95794680
4598.05420611
4598.15092256
4598.23672099
4598.34330903
4598.44076008
4598.54160788
4598.64878253
4598.74537317
4598.84309265
4598.94535259
4599.05456622
4599.15147162
4599.24706606
4599.35070157
4599.46889347
4599.56516814
4599.66179268
4599.76936571
4599.87600373
4599.98472413
4600.08227197
4600.18109469
4600.29083762
4600.39846137
4600.49632543
4600.60505168
4600.71270468
4600.82045643
4600.91735622
4601.03584801
4601.13367866
4601.24068021
4601.33724379
4601.43539750
4601.53167094
4601.62747116
4601.72331550
4601.82101134
4601.91788407
4602.02553000
4602.12321096
4602.23008011
4602.33767606
4602.43363622
4602.55211021
4602.66076088
4602.74827767
4602.85586533
4602.95264615
4603.03881638
4603.13546140
4603.23145690
4603.34058178
4603.43778268
4603.53404150
4603.64228306
4603.74920439
4603.84578260
4603.94650752
4604.04175770
4604.14946288
4604.25581199
4604.35604100
4604.46382565
4604.57147793
4604.66816561
4604.77602511
4604.87149302
4604.97874520
4605.07603143
4605.17354489
4605.29192599
4605.38901132
4605.48545105
4605.59330202
4605.69022839
4605.78687414
4605.88333630
4605.96923737
4606.07717904
4606.17373994
4606.27079138
4606.38915712
4606.49713366
4606.60489296
4606.70455219
4606.80120988
4606.94144287
4607.04122278
4607.13821230
4607.24484983
4607.34050328
4607.43759739
4607.53437845
4607.64201682
4607.72790863
4607.83557211
4607.93223395
4608.03948588
4608.13675578
4608.23368727
4608.35314186
4608.44981126
4608.54784891
4608.65573889
4608.75368512
4608.89447350
4609.00193926
4609.10052134
4609.21099229
4609.30888024
4609.43874256
4609.51415252
4609.62090391
4609.70676988
4609.80421653
4609.91110812
4610.01004202
4610.10713125
4610.21569415
4610.35608659
4610.45301125
4610.56061866
4610.66035347
4610.76812886
4610.87581161
4610.97252440
4611.06942712
4611.18718870
4611.28417724
4611.42524528
4611.48934736
4611.58516562
4611.68270078
4611.77961228
4611.88718848
4611.99444261
4612.09076726
4612.19858020
4612.29658201
4612.40450613
4612.51501877
4612.61476723
4612.72340547
4612.82168230
4612.92949987
4613.02672832
4613.13560963
4613.23171778
4613.32869242
4613.42927130
4613.52963953
4613.63037761
4613.73832172
4613.83615994
4613.94383366
4614.05184311
4614.15032913
4614.25918606
4614.35663053
4614.47448768
4614.56967739
4614.68753259
4614.77351607
4614.88165889
4614.97533114
4615.08371678
4615.18057196
4615.27708800
4615.38511623
4615.49286773
4615.59980515
4615.69600740
4615.79300740
4615.90036662
4616.00805253
4616.11452525
4616.22172575
4616.32867926
4616.43610674
4616.53356071
4616.64073853
4616.72783792
4616.82571515
4616.93302023
4617.02993588
4617.12693783
4617.23520206
4617.33295031
4617.42953778
4617.53745898
4617.63450530
4617.74510205
4617.86382790
4617.94957439
4618.05710817
4618.16403706
4618.27285864
4618.38029173
4618.47643840
4618.58409115
4618.68302285
4618.78049097
4618.87645527
4618.99473518
4619.07990995
4619.18667646
4619.28321858
4619.39122755
4619.48776114
4619.58441225
4619.69356224
4619.80145930
4619.89832032
4620.00545718
4620.10114183
4620.21880272
4620.31608822
4620.42362980
4620.53026636
4620.61516781
4620.72349080
4620.82115591
4620.93884508
4621.02458963
4621.12237689
4621.22994358
4621.32762698
4621.42317948
4621.53011300
4621.62590712
4621.73175886
4621.82896415
4621.93722789
4622.04493819
4622.14126747
4622.24748419
4622.34536971
4622.45287033
4622.53782420
4622.63602765
4622.74387667
4622.85097476
4622.94749324
4623.04453834
4623.13010003
4623.24798668
4623.34349725
4623.45053317
4623.55908998
4623.67652192
4623.77313646
4623.87970963
4623.97557543
4624.07135395
4624.17900524
4624.27519750
4624.39363614
4624.49049766
4624.59820113
4624.69443142
4624.79204631
4624.88802475
4624.98400806
4625.09145529
4625.20037829
4625.30201798
4625.39777748
4625.50612022
4625.61382906
4625.70982798
4625.81763116
4625.91484328
4626.01231481
4626.12032011
4626.21655211
4626.32315405
4626.41089125
4626.52853507
4626.61350113
4626.72034079
4626.81700384
4626.91381830
4627.00036449
4627.10816476
4627.19501912
4627.29172094
4627.41035097
4627.51907917
4627.60586381
4627.71364920
4627.82485426
4627.92201322
4628.01248328
4628.16437303
4628.27188121
4628.36956753
4628.50095927
4628.57585576
4628.67355867
4628.75945706
4628.86710055
4628.96356710
4629.08155444
4629.18069045
4629.27777335
4629.38701160
4629.49490622
4629.59165729
4629.68861974
4629.79712290
4629.89388324
4630.00122758
4630.09923232
4630.20754751
4630.30360835
4630.40071587
4630.49750693
4630.60837334
4630.71432236
4630.82042376
4630.91821662
4631.02812681
4631.12688590
4631.22374449
4631.32037121
4631.42716576
4631.51290202
4631.61138584
4631.72024448
4631.80663902
4631.91487327
4632.00135875
4632.10909075
4632.19509324
4632.30118367
4632.39781869
4632.49444444
4632.58352576
4632.69098493
4632.78751414
4632.90548954
4633.00206165
4633.09684567
4633.19281119
4633.27931105
4633.37601556
4633.47339297
4633.56936898
4633.65315183
4633.74903738
4633.84712989
4633.95465904
4634.03962924
4634.14705136
4634.23316845
4634.32951796
4634.42801739
4634.52561082
4634.62139104
4634.72714063
4634.81270110
4634.91098329
4635.00881639
4635.11558095
4635.21270432
4635.30892754
4635.40572396
4635.50139130
4635.58755373
4635.69630656
4635.79247054
4635.91034841
4636.00791576
4636.11547099
4636.20139961
4636.29688970
4636.39462698
4636.47951234
4636.58709001
4636.67276287
4636.76824370
4636.85254660
4636.94789796
4637.04544775
4637.14125723
4637.23816117
4637.33537572
4637.43134953
4637.52826347
4637.62385864
4637.72079793
4637.82905509
4637.92955058
4638.01540265
4638.12252732
4638.21862425
4638.31608285
4638.41205130
4638.50482486
4638.60216912
4638.68805288
4638.77378524
4638.87082352
4638.97798476
4639.07514689
4639.17178044
4639.25810769
4639.35441528
4639.44409368
4639.55093651
4639.65153367
4639.73748716
4639.84529888
4639.94187734
4640.03856429
4640.12527505
4640.23273227
4640.32943629
4640.42647700
4640.51234760
4640.60957775
4640.70888151
4640.80577496
4640.91341382
4641.00988476
4641.10776174
4641.20487316
4641.29151712
4641.38889941
4641.54023743
4641.61506736
4641.71110944
4641.80821037
4641.91413989
4642.01102359
4642.10748477
4642.20395815
4642.30054684
4642.40768565
4642.50454716
4642.59230777
4642.69868687
4642.79690518
4642.90822849
4643.00489081
4643.10089973
4643.18676935
4643.29544147
4643.39434953
4643.47964961
4643.58734137
4643.68370747
4643.78136990
4643.88927208
4643.99770990
4644.08314846
4644.18002242
4644.27688320
4644.38399958
4644.47988878
4644.57663278
4644.66264089
4644.75892701
4644.85510367
4644.95197177
4645.04119499
4645.15012921
4645.24689344
4645.34362160
4645.44049725
4645.53674096
4645.62293704
4645.73053226
4645.83696426
4645.94391217
4646.04065861
4646.13769079
4646.23435604
4646.32162147
4646.41944603
4646.51719843
4646.60410034
4646.70124784
4646.78666324
4646.89374549
4646.98217827
4647.08982664
4647.18660453
4647.30560783
4647.38033537
4647.47826306
4647.58717924
4647.68519568
4647.77072446
4647.86869092
4647.95621137
4648.05390671
4648.15360885
4648.25998307
4648.34698616
4648.44443550
4648.53043020
4648.62029634
4648.71695671
4648.81369340
4648.92149171
4649.00723358
4649.10391784
4649.18973773
4649.28690279
4649.39373732
4649.50181699
4649.58723776
4649.68501770
4649.77140298
4649.87132918
4649.97886588
4650.07535096
4650.17236729
4650.26820359
4650.36859400
4650.45463965
4650.55136147
4650.64784630
4650.74367260
4650.83947330
4650.94222793
4651.03737035
4651.12443586
4651.23128599
4651.33785648
4651.42301077
4651.51770165
4651.60399184
4651.70134073
4651.79918919
4651.90770796
4651.98263859
4652.09067656
4652.17634553
4652.27279257
4652.35777667
4652.46572590
4652.55212557
4652.64833928
4652.73441931
4652.84182996
4652.92791877
4653.03684714
4653.17848179
4653.27477352
4653.37174451
4653.48083842
4653.56585227
4653.66582016
4653.77418435
4653.85921844
4653.95488992
4654.05042219
4654.13495111
4654.24298469
4654.34034846
4654.43659045
4654.52456805
4654.61080070
4654.70245543
4654.81104807
4654.89706666
4655.00465724
4655.10131835
4655.19800457
4655.29423242
4655.39290471
4655.49046767
4655.59809166
4655.68496138
4655.79201461
4655.88896195
4655.98771835
4656.09507171
4656.18081821
4656.28847926
4656.38608122
4656.48873760
4656.59710837
4656.69793691
4656.78507824
4656.88114274
4656.97796549
4657.08523669
4657.19174818
4657.28796579
4657.39521163
4657.49117179
4657.58809377
4657.67488109
4657.76379028
4657.87118704
4657.96716279
4658.07454834
4658.16148901
4658.25833371
4658.35530762
4658.45186193
4658.54827728
4658.64464435
4658.74103093
4658.83779443
4658.93334255
4659.01957374
4659.12726307
4659.21337308
4659.34482455
4659.44320183
4659.57074113
4659.64758810
4659.74369820
4659.85106424
4659.94839777
4660.04672751
4660.14016960
4660.23619266
4660.32719032
4660.43441787
4660.54169565
4660.63757583
4660.72344448
4660.82090699
4660.91800719
4661.02451161
4661.11937291
4661.21544912
4661.30285864
4661.41043752
4661.49598873
4661.60324920
4661.70237302
4661.80023001
4661.90760507
4662.00482669
4662.10124106
4662.19797726
4662.29483878
4662.41344393
4662.51122924
4662.60843868
4662.74943235
4662.81346471
4662.91115347
4663.00723870
4663.10350776
4663.18779896
4663.28716829
4663.39576167
4663.49174791
4663.59912004
4663.68601317
4663.79580633
4663.90421466
4664.00117809
4664.10939307
4664.21121976
4664.31792825
4664.41642133
4664.51262213
4664.60901407
4664.71653078
4664.81348446
4664.92220900
4665.02034442
4665.12777507
4665.22663631
4665.31400243
4665.42159716
4665.50738608
4665.60430514
4665.70129831
4665.80847978
4665.91610523
4666.00198046
4666.11073280
4666.19649149
4666.30520945
4666.40257126
4666.51057486
4666.60821193
4666.71527004
4666.78946876
4666.89641910
4666.99789715
4667.09469356
4667.20237046
4667.31006905
4667.40660704
4667.49250713
4667.58933744
4667.69712161
4667.78401743
4667.86959521
4667.99932440
4668.06809349
4668.17695920
4668.27397041
4668.36991155
4668.46706320
4668.55745255
4668.66440241
4668.77249988
4668.83610337
4668.94350111
4669.02927052
4669.12592114
4669.22287604
4669.33026402
4669.43713464
4669.53379574
4669.63173880
4669.72806613
4669.83657539
