5270.75644040
5270.86546556
5270.97480475
5271.05759799
5271.13834030
5271.23603467
5271.33712505
5271.43683158
5271.53361142
5271.63497366
5271.74821282
5271.85252368
5271.95422042
5272.03507659
5272.10186497
5272.20188284
5272.30142748
5272.40208608
5272.48496757
5272.56776471
5272.64258880
5272.74822086
5272.83230165
5272.88797989
5272.98156558
5273.07539728
5273.17220735
5273.27341965
5273.38503382
5273.47525616
5273.57206965
5273.68067936
5273.74672192
5273.83346194
5273.93101807
5274.03467553
5274.11968670
5274.18729013
5274.28020461
5274.38473101
5274.50843836
5274.58119836
5274.68791001
5274.77137006
5274.86955376
5274.98174600
5275.06352670
5275.16021048
5275.26001428
5275.35482463
5275.45454359
5275.56019321
5275.66692998
5275.76366667
5275.81004284
5275.90987298
5276.01575544
5276.11648499
5276.22331026
5276.33587968
5276.43323930
5276.54108954
5276.61668845
5276.67267266
5276.76936815
5276.86901543
5276.97571221
5277.07249473
5277.17922516
5277.27307783
5277.38582303
5277.46955956
5277.55240717
5277.64671088
5277.74796438
5277.85099427
5277.95698839
5278.05278300
5278.17043267
5278.26622093
5278.34796652
5278.41873143
5278.51060582
5278.60538448
5278.70393316
5278.79878056
5278.90352955
5279.00516583
5279.08808950
5279.19698593
5279.28704615
5279.39966530
5279.50435212
5279.60808369
5279.70601967
5279.82459631
5279.91749373
5280.01712175
5280.11574162
5280.21555835
5280.31096700
5280.40356381
5280.50622213
5280.61864209
5280.71130156
5280.80673289
5280.90985665
5281.01288361
5281.10679626
5281.21049662
5281.31625498
5281.42390798
5281.51088011
5281.61446418
5281.71333932
5281.81203330
5281.91290109
5282.01849171
5282.11517671
5282.23699528
5282.33197678
5282.42655746
5282.49344653
5282.59991389
5282.70964585
5282.79757346
5282.85425180
5282.95927971
5283.07665119
5283.16250765
5283.26511940
5283.36585139
5283.47882090
5283.53176481
5283.62789734
5283.70486792
5283.76680644
5283.86028120
5283.96750486
5284.05636919
5284.16181230
5284.26486999
5284.35750531
5284.44337006
5284.50802852
5284.59864364
5284.69365489
5284.79723116
5284.86993508
5284.93897430
5285.03173421
5285.12749688
5285.21896144
5285.31023119
5285.41552241
5285.51123315
5285.62086612
5285.71571012
5285.79739451
5285.86634157
5285.96098662
5286.06474964
5286.16255933
5286.27515679
5286.39601133
5286.48679541
5286.58156456
5286.67540162
5286.77962715
5286.87683634
5286.97391460
5287.07719050
5287.18514802
5287.28444860
5287.38825673
5287.49087654
5287.59760038
5287.69740931
5287.80321765
5287.90202379
5288.00660699
5288.10237990
5288.20803951
5288.31986677
5288.41162487
5288.49753082
5288.54817244
5288.65190938
5288.75082499
5288.87947168
5288.96230563
5289.07278779
5289.16455711
5289.25240548
5289.35101901
5289.45678420
5289.55353186
5289.65243845
5289.76605380
5289.83364187
5289.92913855
5290.02113339
5290.12540744
5290.21055319
5290.27066777
5290.37077536
5290.47867388
5290.56734268
5290.66979376
5290.77048357
5290.86773372
5290.95653027
5291.01733801
5291.10737287
5291.22008857
5291.33065631
5291.42041542
5291.52515100
5291.61791896
5291.72352323
5291.80420825
5291.87509408
5291.96889482
5292.07805480
5292.17710865
5292.26853907
5292.36641825
5292.47638890
5292.56891744
5292.67252248
5292.77236724
5292.87798663
5292.99284005
5293.06756052
5293.13265198
5293.22737090
5293.32097123
5293.42358640
5293.51071456
5293.57630754
5293.66406498
5293.77335248
5293.88809472
5293.97495567
5294.08762578
5294.19557988
5294.29290439
5294.38966229
5294.48744590
5294.59029634
5294.70513367
5294.78603178
5294.86873407
5294.97452657
5295.08639454
5295.19067956
5295.28090045
5295.34370181
5295.43462877
5295.53815920
5295.62218172
5295.70988283
5295.77472439
5295.88187807
5295.97529432
5296.07391175
5296.16088046
5296.22652050
5296.31915509
5296.43309179
5296.50680021
5296.58592631
5296.67868476
5296.78349470
5296.88123515
5296.97905483
5297.08567287
5297.20552048
5297.29133378
5297.39187559
5297.49886178
5297.59545071
5297.69235051
5297.78096835
5297.84108293
5297.94978261
5298.04965297
5298.14635114
5298.23340080
5298.30196995
5298.40367377
5298.50247991
5298.60095739
5298.70463045
5298.82521168
5298.90906719
5299.01199127
5299.12058269
5299.21435076
5299.32151102
5299.43056666
5299.52744061
5299.63329820
5299.71534318
5299.80820257
5299.90181899
5300.00368420
5300.10544726
5300.19626816
5300.29496361
5300.40687766
5300.49735479
5300.60718550
5300.70612744
5300.80192985
5300.89758085
5300.99678854
5301.08852592
5301.19726388
5301.28588415
5301.38923270
5301.49202853
5301.58679183
5301.68254328
5301.78347617
5301.88104156
5302.00275480
5302.09271188
5302.19428891
5302.29019738
5302.39201773
5302.48607837
5302.58284212
5302.67950347
5302.79531433
5302.87506653
5302.97181224
5303.07262688
5303.18136312
5303.29604076
5303.40482698
5303.50148395
5303.60725888
5303.69594621
5303.79872522
5303.90048535
5303.99679366
5304.12041008
5304.19624426
5304.29999827
5304.40952885
5304.48733204
5304.56925146
5304.66283106
5304.77164069
5304.86852220
5304.98617358
5305.06692198
5305.15884807
5305.27066948
5305.35479976
5305.45873077
5305.55952103
5305.65414511
5305.75884558
5305.84366195
5305.89253010
5306.01068397
5306.12993985
5306.21873055
5306.31654268
5306.42586285
5306.53123989
5306.61989649
5306.70180885
5306.76940009
5306.87669981
5306.98461832
5307.06040228
5307.11629458
5307.20832209
5307.30092548
5307.40902148
5307.48534182
5307.54538863
5307.64315736
5307.71027951
5307.80390812
5307.91733769
5308.00746276
5308.10676871
5308.19161335
5308.28744234
5308.37730994
5308.47442429
5308.57877050
5308.68986756
5308.77361287
5308.87751047
5308.98224020
5309.10295967
5309.19945401
5309.30337259
5309.39888340
5309.50975127
5309.60242073
5309.71142005
5309.82902632
5309.92379278
5310.03304274
5310.12682494
5310.24328287
5310.33792914
5310.43960394
5310.53426507
5310.61723970
5310.71295556
5310.81167222
5310.90542322
5311.01825059
5311.10712296
5311.21691051
5311.31970220
5311.40054569
5311.47310894
5311.56395056
5311.66030983
5311.75704383
5311.86385033
5311.95677140
5312.04757523
5312.14315236
5312.25018121
5312.34164357
5312.45234590
5312.54635826
5312.64804622
5312.74662269
5312.85746545
5312.96097418
5313.05970377
5313.15943102
5313.25919143
5313.35371896
5313.46345897
5313.55013047
5313.65381889
5313.75463012
5313.85123222
5313.95299089
5314.05782400
5314.16179475
5314.27356715
5314.36732034
5314.46700688
5314.56309966
5314.66738444
5314.75525866
5314.85644389
5314.95732972
5315.04813721
5315.09479182
5315.19557281
5315.30637120
5315.39120853
5315.45691756
5315.56314574
5315.66188654
5315.76162208
5315.87081913
5315.96931587
5316.06253147
5316.16205757
5316.26580938
5316.35148444
5316.45721964
5316.53912346
5316.64580196
5316.71657686
5316.77659660
5316.87449602
5316.97398921
5317.06693515
5317.14949335
5317.24227716
5317.34605481
5317.46300719
5317.55464436
5317.65322473
5317.74810603
5317.84286664
5317.92380473
5317.99361781
5318.08723837
5318.17997755
5318.29275835
5318.41246894
5318.52314152
5318.62287657
5318.70461265
5318.79651143
5318.89791463
5318.98746845
5319.10027168
5319.19627377
5319.31682013
5319.40536458
5319.51926300
5319.62918148
5319.72453553
5319.83533001
5319.92024707
5320.02201086
5320.11551097
5320.24130436
5320.31128713
5320.40480748
5320.50785322
5320.61940107
5320.71136690
5320.81483492
5320.91453754
5320.98936748
5321.06843409
5321.15897851
5321.24869885
5321.35747411
5321.47322670
5321.55609283
5321.65556579
5321.75504801
5321.85901705
5321.95484287
5322.06354474
5322.15738546
5322.26105803
5322.35597663
5322.45356592
5322.54522040
5322.64205242
5322.75166906
5322.84551197
5322.93139695
5322.99899599
5323.08073719
5323.16650978
5323.24644166
5323.30639509
5323.40244155
5323.50481170
5323.61155358
5323.70331851
5323.79593824
5323.90072965
5323.99454428
5324.09112054
5324.17603028
5324.24294032
5324.33759366
5324.43231770
5324.53995241
5324.64381052
5324.75550003
5324.82504662
5324.88499517
5324.97998716
5325.06817029
5325.16776125
5325.26053603
5325.35333569
5325.45202065
5325.56279051
5325.64663993
5325.74715054
5325.85467798
5325.95238625
5326.03513657
5326.12695148
5326.21779944
5326.31396488
5326.42577751
5326.52009829
5326.61403239
5326.71174285
5326.81254847
5326.90514381
5326.99605078
5327.09391971
5327.20941435
5327.29331009
5327.39706044
5327.50193767
5327.60345936
5327.69446458
5327.79005536
5327.89696865
5327.99899234
5328.09266727
5328.19645760
5328.29026150
5328.37899417
5328.47801487
5328.57246901
5328.66314094
5328.76900365
5328.86113478
5328.96447407
5329.05754045
5329.15616714
5329.24791110
5329.34033675
5329.43423574
5329.54852475
5329.63518382
5329.72633606
5329.81816047
5329.91488741
5330.01255788
5330.11249652
5330.20738293
5330.29425876
5330.40523366
5330.49702565
5330.59094317
5330.68946429
5330.78823654
5330.89530075
5330.98326615
5331.07998748
5331.19472631
5331.28452004
5331.37138854
5331.48600669
5331.56094658
5331.66064141
5331.75161371
5331.86030388
5331.96690338
5332.04972343
5332.14960672
5332.24722941
5332.34550283
5332.44331813
5332.53546949
5332.62736023
5332.72290030
5332.82772121
5332.91542501
5333.01541021
5333.10200735
5333.17297267
5333.26958063
5333.37034553
5333.48424517
5333.55404166
5333.65758209
5333.75211401
5333.85075802
5333.94567515
5334.04426138
5334.14792517
5334.23905546
5334.33545106
5334.45909649
5334.52593484
5334.63066287
5334.71445182
5334.78349250
5334.88075606
5334.97898608
5335.07284509
5335.16851730
5335.26926562
5335.36292081
5335.46979971
5335.55368131
5335.65523616
5335.74796535
5335.83988949
5335.93566020
5336.03829536
5336.12112444
5336.21701779
5336.33531038
5336.40486282
5336.51260238
5336.61245665
5336.69930297
5336.75612687
5336.86075103
5336.95255984
5337.05841840
5337.15612813
5337.25610163
5337.38647376
5337.45454969
5337.54705531
5337.65004985
5337.73301960
5337.83358629
5337.92132519
5338.02510601
5338.13215193
5338.22455491
5338.31043014
5338.36730108
5338.47089271
5338.56667147
5338.66046318
5338.74954792
5338.85903363
5338.95091754
5339.03855673
5339.15542694
5339.27091694
5339.35874850
5339.46138488
5339.56714470
5339.66108417
5339.74890743
5339.84849205
5339.93323747
5339.99119093
5340.09492104
5340.18963972
5340.30443901
5340.38510379
5340.48083793
5340.57385336
5340.67138023
5340.78224737
5340.88784092
5340.98460003
5341.10235649
5341.21497979
5341.30595965
5341.40578369
5341.51445533
5341.62305699
5341.69083158
5341.77507255
5341.87753900
5341.96079303
5342.04445252
5342.15016236
5342.25395928
5342.34798676
5342.46931405
5342.55712195
5342.63589843
5342.70891393
5342.80066570
5342.89774055
5342.98276586
5343.09291034
5343.18668938
5343.31410678
5343.38768256
5343.49345579
5343.58310738
5343.68002083
5343.78958286
5343.88436298
5343.96129894
5344.04391541
5344.15233275
5344.23238167
5344.34315226
5344.44489996
5344.54060143
5344.63260383
5344.72542616
5344.81952629
5344.92385520
5345.01768568
5345.12252878
5345.21625808
5345.30489250
5345.41658200
5345.50844397
5345.61805086
5345.72407716
5345.80952524
5345.90027056
5346.00903557
5346.11040658
5346.20625288
5346.32570137
5346.41665344
5346.52745938
5346.60924057
5346.71506695
5346.80784295
5346.90452771
5346.98721245
5347.06400554
5347.14870951
5347.22268026
5347.31549600
5347.41969399
5347.49954152
5347.59820917
5347.69895067
5347.79591483
5347.89710152
5348.00290816
5348.10075808
5348.19844123
5348.29406273
5348.38792613
5348.48355348
5348.58927673
5348.69014745
5348.78496779
5348.88260731
5349.00665916
5349.08517208
5349.17495874
5349.27482765
5349.37652609
5349.47225170
5349.54932054
5349.61800039
5349.70686472
5349.81342643
5349.89530514
5349.99988590
5350.10054426
5350.19710394
5350.29119407
5350.39090036
5350.48580750
5350.59297629
5350.67603626
5350.76552449
5350.85840192
5350.96506335
5351.06785553
5351.16150803
5351.27031986
5351.37432864
5351.45577922
5351.55362377
5351.64458559
5351.73713924
5351.83202176
5351.92884086
5352.01984071
5352.11926027
5352.22504106
5352.30899264
5352.39769946
5352.49746085
5352.60407620
5352.69569655
5352.78453893
5352.88137144
5352.97608012
5353.08272277
5353.13160653
5353.22136881
5353.31612625
5353.41313162
5353.52578953
5353.60851962
5353.69934759
5353.80991436
5353.91487351
5354.00147505
5354.09850674
5354.20302801
5354.29683411
5354.39606667
5354.49635005
5354.60104589
5354.70284967
5354.78508750
5354.87741197
5354.97160768
5355.06728526
5355.15397652
5355.22287823
5355.32074010
5355.41842276
5355.52210387
5355.60079599
5355.69956678
5355.80152220
5355.90613563
5355.99401668
5356.09463895
5356.18748469
5356.27241393
5356.38493483
5356.47073472
5356.56151222
5356.66206989
5356.76388341
5356.88061051
5356.97550205
5357.07409436
5357.18757855
5357.26737098
5357.36708141
5357.47163584
5357.56240115
5357.66058143
5357.76036720
5357.85806790
5357.93915862
5358.04965102
5358.14937364
5358.24022355
5358.33720527
5358.43665921
5358.53559457
5358.62946649
5358.72998978
5358.82236984
5358.87726130
5358.96439215
5359.01634497
5359.11113582
5359.19505545
5359.29549682
5359.40034284
5359.48728401
5359.58776560
5359.68259082
5359.74133057
5359.83909589
5359.93991296
5360.04569400
5360.14837012
5360.24624320
5360.34950983
5360.47074204
5360.55559790
5360.64920285
5360.75289615
5360.85079312
5360.95057596
5361.04426089
5361.13604605
5361.24275771
5361.32514597
5361.42652747
5361.53424752
5361.62298068
5361.68781809
5361.77684066
5361.87919398
5361.98217632
5362.09892317
5362.17851763
5362.27116417
5362.36589406
5362.46072221
5362.55336534
5362.66043661
5362.75414689
5362.87422246
5362.97698684
5363.06986574
5363.18076579
5363.28980850
5363.39466087
5363.49010317
5363.59552532
5363.69918521
5363.78451602
5363.87519892
5363.97498883
5364.06481767
5364.15541816
5364.25035749
5364.34413018
5364.44570307
5364.56044873
5364.64615792
5364.73591678
5364.84568410
5364.95037189
5365.05712865
5365.17139425
5365.27168665
5365.37782925
5365.44617484
5365.52335680
5365.62511133
5365.71983269
5365.82069146
5365.91651825
5366.01007810
5366.10984460
5366.22879207
5366.31153922
5366.41812605
5366.51166810
5366.59951648
5366.68422191
5366.79015727
5366.88888710
5366.97873203
5367.08727006
5367.16515810
5367.25977291
5367.35445575
5367.45426906
5367.55107036
5367.64801818
5367.73253588
5367.83228312
5367.91997790
5368.00778556
5368.09565588
5368.19143440
5368.28791557
5368.38158416
5368.47631430
5368.58688350
5368.66390016
5368.74358288
5368.82946810
5368.93312970
5369.03505441
5369.13142294
5369.21702852
5369.26605588
5369.39220230
5369.48360858
5369.58880130
5369.66455138
5369.76343871
5369.85640244
5369.94854771
5370.04470096
5370.13645882
5370.23118408
5370.32734928
5370.43975583
5370.52269681
5370.62226924
5370.73377711
5370.82718264
5370.92987583
5371.02355344
5371.12622932
5371.21728452
5371.26959964
5371.36134433
5371.44863926
5371.51064313
5371.62226461
5371.71400833
5371.80579934
5371.91143994
5372.02629361
5372.11096052
5372.20868146
5372.32138936
5372.42269893
5372.53361898
5372.62631697
5372.72403230
5372.82946030
5372.90906939
5373.01721293
5373.10812038
5373.19501059
5373.30753929
5373.40124177
5373.49225820
5373.60890533
5373.69147889
5373.78720474
5373.89255594
5373.99826603
5374.09916161
5374.18375660
5374.25496060
5374.34651903
5374.45230250
5374.52032211
5374.60098811
5374.70267510
5374.80556919
5374.89629988
5374.99089811
5375.09366298
5375.20385501
5375.31320371
5375.40938256
5375.51971039
5375.61039378
5375.71358776
5375.80338661
5375.90700505
5376.00140532
5376.10752183
5376.19379496
5376.30388483
5376.39839554
5376.48523723
5376.59591663
5376.68960863
5376.88133511
5376.99963697
5377.10171113
5377.19399781
5377.30342647
5377.40262149
5377.49617817
5377.58623253
5377.68996435
5377.77480826
5377.87048048
5377.95450349
5378.02201524
5378.12086308
5378.21566172
5378.33082088
5378.42437756
5378.53280685
5378.62300019
5378.72470619
5378.81839843
5378.91818151
5379.02350394
5379.11731565
5379.20990514
5379.31181522
5379.41342077
5379.50645205
5379.58494497
5379.64676744
5379.74157462
5379.83631719
5379.94204873
5380.03771680
5380.15250635
5380.22605824
5380.29199645
5380.38668514
5380.48344937
5380.58832856
5380.67914361
5380.76691835
5380.86097630
5380.96445480
5381.05145521
5381.15383657
5381.25790289
5381.35167998
5381.45229933
5381.57212183
5381.65774739
5381.77102702
5381.85360595
5381.95832056
5382.05104171
5382.13985167
5382.28452418
5382.36134702
5382.46001345
5382.55870866
5382.65635061
5382.74899008
5382.84384822
5382.95045284
5383.05633408
5383.15417181
5383.24880930
5383.35173971
5383.43244765
5383.53211736
5383.63479885
5383.72869832
5383.82929207
5383.92528807
5384.03105033
5384.13453005
5384.21642972
5384.32017007
5384.41570722
5384.51246487
5384.62000962
5384.72083279
5384.81638164
5384.92418946
5385.02368192
5385.10844148
5385.20837524
5385.30993057
5385.40662264
5385.50345539
5385.60717453
5385.70591728
5385.78681733
5385.88348087
5385.97674011
5386.07651539
5386.17614024
5386.26092467
5386.32127623
5386.41730856
5386.52588145
5386.61340922
5386.70318905
5386.79698466
5386.90273864
5386.99794932
5387.09514291
5387.19280558
5387.30856207
5387.39178319
5387.48549469
5387.59227120
5387.69068846
5387.79774584
5387.89548409
5388.00172032
5388.10594219
5388.20574868
5388.30756513
5388.40719779
5388.50588421
5388.60561780
5388.71071959
5388.81632435
5388.92966932
5389.01831251
5389.12573804
5389.21501709
5389.31782902
5389.42178758
5389.52527193
5389.61125248
5389.68230337
5389.78452747
5389.87037710
5389.97704804
5390.07384227
5390.17412272
5390.27485983
5390.37510225
5390.47735585
5390.58916019
5390.66309827
5390.73886224
5390.85228597
5390.95196494
5391.05267280
5391.14152079
5391.19732970
5391.30024769
5391.41969228
5391.50576182
5391.60824997
5391.70909362
5391.81464377
5391.91719848
5392.02052947
5392.10434622
5392.20448380
5392.29707768
5392.39342695
5392.50808947
5392.60595450
5392.70770562
5392.79543282
5392.86226752
5392.97378026
5393.06473867
5393.16031605
5393.26214249
5393.36728499
5393.46146973
5393.56134058
5393.66412788
5393.76650997
5393.84890506
5393.94680106
5394.04788243
5394.16314545
5394.26088078
5394.34463243
5394.41445843
5394.51534767
5394.63088693
5394.71964227
5394.81453649
5394.90116655
5394.96798419
5395.05768064
5395.14453135
5395.24638559
5395.36317973
5395.46381151
5395.53328740
5395.62911321
5395.72771943
5395.81041465
5395.89522468
5396.00848944
5396.10670044
5396.21138750
5396.32024419
5396.40500789
5396.51465330
5396.60755658
5396.69430366
5396.79511197
5396.90073209
5396.99866076
5397.10349020
5397.19999771
5397.29479440
5397.39748467
5397.47745581
5397.54056608
5397.65511572
5397.72869174
5397.83172968
5397.94538258
5398.02903549
5398.13131274
5398.22515370
5398.32685020
5398.43072709
5398.53405564
5398.63672128
5398.74147295
5398.83330664
5398.92907369
5399.02680805
5399.13055620
5399.22840807
5399.32789492
5399.43022094
5399.53093050
5399.59784833
5399.66162152
5399.76854480
5399.86910881
5399.97165742
5400.07480824
5400.16883693
5400.27074067
5400.36838433
5400.42336039
5400.51306147
5400.62063085
5400.71746335
5400.79523923
5400.86695426
5400.96085472
5401.05270547
5401.17023274
5401.26897890
5401.37471995
5401.47549461
5401.57077697
5401.65220853
5401.74812114
5401.84794226
5401.96372070
5402.04246670
5402.10634399
5402.19913340
5402.30300614
5402.39965262
5402.52148630
5402.60210890
5402.71681677
5402.81684585
5402.90138403
5403.00505319
5403.11062455
5403.20316138
5403.30562661
5403.39033764
5403.45871663
5403.56084175
5403.66553076
5403.75435023
5403.86132081
5403.96600177
5404.06551740
5404.14928928
5404.21219451
5404.31581466
5404.41569893
5404.51938808
5404.61442102
5404.71521250
5404.80984097
5404.90206865
5404.99627459
5405.08628141
5405.15115589
5405.26629944
5405.38013228
5405.47385621
5405.58945740
5405.69045489
5405.80815479
5405.90785034
5406.00260803
5406.09737717
5406.21325825
5406.30096229
5406.40267537
5406.50686067
5406.60298247
5406.71464150
5406.81926566
5406.91801914
5407.03561078
5407.13052255
5407.22132273
5407.32798489
5407.42493442
5407.52456317
5407.62441135
5407.73116250
5407.83974149
5407.93656961
5408.02951945
5408.10516493
5408.18588432
5408.28778440
5408.39246171
5408.48520114
5408.57782794
5408.68265714
5408.77630428
5408.90302097
5408.99479906
5409.08560045
5409.18341356
5409.28612187
5409.38207739
5409.47593030
5409.53278076
5409.63175026
5409.72746855
5409.82535992
5409.91788139
5410.01145294
5410.10710736
5410.20904791
5410.31383103
5410.41131914
5410.51618711
5410.61684863
5410.70660238
5410.80343074
5410.90711721
5410.99997342
5411.11401106
5411.19576250
5411.28375033
5411.35038462
5411.44615436
5411.54586747
5411.62967812
5411.71365066
5411.80236773
5411.92488042
5412.00586410
5412.10270806
5412.21011847
5412.30589626
5412.40138391
5412.51384727
5412.60206380
5412.72248997
5412.81335646
5412.92089974
5413.01462441
5413.11448112
5413.21610692
5413.31729117
5413.40766468
5413.51251680
5413.61015168
5413.68690186
5413.74698329
5413.83887963
5413.94109715
5414.03439954
5414.11634505
5414.21286401
5414.33178905
5414.42629366
5414.52905755
5414.62647447
5414.72576969
5414.82659457
5414.93240974
5415.03998959
5415.14719106
5415.24196362
5415.33628391
5415.45042590
5415.56121575
5415.66104369
5415.75474252
5415.83852684
5415.94225768
5416.04113769
5416.13669410
5416.24140505
5416.34216776
5416.44522740
5416.54866201
5416.64930379
5416.75287981
5416.84552367
5416.93323113
5416.99125871
5417.08182994
5417.18363177
5417.28344313
5417.37819180
5417.48180171
5417.59452351
5417.68737558
5417.79111837
5417.89494015
5417.99251603
5418.10336098
5418.19601143
5418.30364809
5418.41370115
5418.49970170
5418.59940018
5418.70492643
5418.80565696
5418.88655555
5418.94728283
5419.05503238
5419.15891146
5419.27263166
5419.36420592
5419.46807281
5419.56490922
5419.62590980
5419.72393234
5419.82666820
5419.92504913
5420.01597633
5420.13357968
5420.21924840
5420.31996917
5420.40782633
5420.50553557
5420.60620782
5420.69997954
5420.80673582
5420.91551424
5420.99223980
5421.04920558
5421.15190292
5421.25834882
5421.34914412
5421.44920027
5421.54700728
5421.65778762
5421.76554546
5421.85133974
5421.94896804
5422.04486675
5422.14944849
5422.25026508
5422.34590194
5422.44875556
5422.57042394
5422.64440249
5422.74692160
5422.84917862
5422.94845214
5423.04447276
5423.14807706
5423.24990181
5423.36363712
5423.45917329
5423.56193669
5423.63781574
5423.71366285
5423.81451772
5423.91540331
5424.00024308
5424.10292993
5424.21527967
5424.30979672
5424.41556556
5424.53214052
5424.62592931
5424.72570142
5424.82366130
5424.92518079
5425.02998878
5425.12572146
5425.22694716
5425.30268407
5425.42545593
5425.53959231
5425.64349016
5425.74260325
5425.85506539
5425.94662601
5426.05270766
5426.15388216
5426.25932674
5426.35606001
5426.45361907
5426.55546405
5426.66911914
5426.75297734
5426.85451365
5426.94036084
5426.99536616
5427.10397343
5427.20409273
5427.29749215
5427.39845600
5427.50373650
5427.60089376
5427.70756689
5427.80860925
5427.91660456
5428.01308719
5428.11889212
5428.22165577
5428.33433758
5428.41895402
5428.52061005
5428.62447084
5428.72640652
5428.82247127
5428.92321715
5429.01879257
5429.12484838
5429.22092191
5429.32217565
5429.42387190
5429.50295826
5429.56869874
5429.65657126
5429.76409065
5429.86793340
5429.98042797
5430.06623810
5430.16501084
5430.27668181
5430.38172264
5430.46717023
5430.55412163
5430.63675151
5430.75758485
5430.84317018
5430.94400628
5431.05270327
5431.13658950
5431.19926165
5431.28914778
5431.39977599
5431.50151028
5431.61922992
5431.72984276
5431.81975279
5431.92361090
5432.02049729
5432.11549610
5432.21455020
5432.30740471
5432.42519140
5432.51884877
5432.60958141
5432.70239009
5432.75316531
5432.84713989
5432.95969662
5433.05259795
5433.15513607
5433.27190925
5433.36292812
5433.46388758
5433.57215352
5433.66770920
5433.76234205
5433.86536292
5433.96218909
5434.08089859
5434.17560264
5434.27636072
5434.37807770
5434.47694552
5434.57922496
5434.67687520
5434.76538430
5434.87600178
5434.96673125
5435.05865197
5435.16237306
5435.25811038
5435.33701924
5435.40578881
5435.50159805
5435.60921862
5435.71812383
5435.80885135
5435.90950678
5436.00434249
5436.11713548
5436.21193607
5436.29858832
5436.40128614
5436.48906162
5436.54798593
5436.65135496
5436.75388967
5436.86076200
5436.94367884
5437.00046226
5437.10243280
5437.21292106
5437.31759788
5437.39227227
5437.47213370
5437.58891955
5437.69000384
5437.78143280
5437.87701578
5437.97468675
5438.08660275
5438.18020235
5438.27219499
5438.37580320
5438.47952161
5438.56524519
5438.63398111
5438.74677264
5438.85449269
5438.94238934
5439.03113834
5439.08704893
5439.19626572
5439.29749752
5439.40308789
5439.47929901
5439.58165428
5439.69539861
5439.78943097
5439.88520485
5439.98798191
5440.09068388
5440.19455613
5440.29629334
5440.40094262
5440.50926487
5440.59522982
5440.70199755
5440.80171139
5440.89624624
5440.99404569
5441.09891244
5441.17465544
5441.23651180
5441.33923010
5441.43199782
5441.52544235
5441.62984367
5441.73064343
5441.83572059
5441.93857128
5442.04276561
5442.15608937
5442.24052320
5442.35506747
5442.45082404
5442.54860594
5442.65241016
5442.73224551
5442.78516625
5442.88673305
5443.00670012
5443.09835826
5443.18206919
5443.24788453
5443.35356267
5443.46323515
5443.56113822
5443.66733129
5443.79757054
5443.89228263
5443.99513137
5444.09583996
5444.19663314
5444.29323159
5444.39888462
5444.51854986
5444.60450847
5444.71027463
5444.80294580
5444.90267915
5445.00446780
5445.10620477
5445.19764032
5445.28531388
5445.39510680
5445.48398892
5445.58564178
5445.68323180
5445.78893872
5445.88471991
5445.98066129
5446.08619901
5446.19608945
5446.27984451
5446.38452157
5446.47904569
5446.59006350
5446.69273036
5446.78968599
5446.89020952
5446.98703057
5447.04279413
5447.14752801
5447.26029930
5447.36616006
5447.46116399
5447.55711707
5447.66907233
5447.78190043
5447.87057166
5447.96751461
5448.07403926
5448.17791590
5448.28850608
5448.39337843
5448.49306960
5448.58178959
5448.63751293
5448.74845053
5448.85205094
5448.94586971
5449.04899883
5449.14832356
5449.25367402
5449.35733221
5449.46604188
5449.57211402
5449.65658101
5449.73545404
5449.83209515
5449.93392720
5450.03566808
5450.13637471
5450.22707882
5450.29206374
5450.40181253
5450.49256028
5450.58870061
5450.67550134
5450.74138689
5450.83386447
5450.93597935
5451.04115866
5451.14584182
5451.23767063
5451.29848202
5451.38945140
5451.49201415
5451.59385206
5451.69668129
5451.80420508
5451.90288053
5452.01661755
5452.10532609
5452.20183822
5452.30417423
5452.39322532
5452.48860472
5452.59255304
5452.70318710
5452.80615287
5452.89067154
5452.99359074
5453.09028769
5453.18906774
5453.27668572
5453.35527714
5453.46917264
5453.57824168
5453.66490783
5453.75303439
5453.83755623
5453.89764961
5454.00600746
5454.08993660
5454.19357138
5454.29543270
5454.40919166
5454.50370285
5454.60769384
5454.70232816
5454.79984967
5454.90297635
5455.00297447
5455.10068957
5455.21255340
5455.29516158
5455.39713407
5455.50089173
5455.60348789
5455.69136235
5455.77297092
5455.86962227
5455.98156534
5456.07620234
5456.17901426
5456.28367353
5456.39219571
5456.49388319
5456.59195839
5456.69045928
5456.78942658
5456.88394362
5456.96289686
5457.01771494
5457.11560728
5457.22640176
5457.32820700
5457.42288642
5457.51975525
5457.63967430
5457.79468749
5457.88071266
5457.97748251
5458.06825391
5458.17602736
5458.27970481
5458.39633925
5458.47806875
5458.57777235
5458.66358224
5458.71552726
5458.81021644
5458.91412038
5459.01680041
5459.10859313
5459.22239695
5459.31512127
5459.42056024
5459.53340882
5459.60630291
5459.69899846
5459.81165028
5459.92530172
5460.03310393
5460.13299966
5460.22552454
5460.32786591
5460.41557629
5460.52533654
5460.62002839
5460.71082052
5460.82618984
5460.91587386
5460.99773062
5461.06602940
5461.16396587
5461.27972090
5461.38830452
5461.46912070
5461.56891476
5461.67940741
5461.75537545
5461.83030388
5461.92476071
5462.01482092
5462.11123797
5462.20612342
5462.29126770
5462.39219888
5462.49621133
5462.57891484
5462.67882543
5462.79029454
5462.88438663
5462.97373882
5463.08563313
5463.18051174
5463.29300241
5463.38867584
5463.48261506
5463.57917742
5463.65508475
5463.71880259
5463.81170757
5463.89886621
5463.99942022
5464.10314302
5464.18773776
5464.29652496
5464.39855694
5464.49390367
5464.59963741
5464.70248298
5464.79444173
5464.89648176
5464.98424310
5465.08602907
5465.19373498
5465.28096749
5465.36222936
5465.42303173
5465.52644757
5465.62824720
5465.73173277
5465.80568841
5465.88535650
5465.98610141
5466.08386526
5466.16713929
5466.23596299
5466.32762576
5466.42332187
5466.51312194
5466.61884763
5466.70511782
5466.79128367
5466.90178388
5466.99612953
5467.10198834
5467.20678073
5467.31248618
5467.40328513
5467.47398324
5467.56989048
5467.69976987
5467.77657905
5467.87241072
5467.96920470
5468.06211675
5468.17727932
5468.24197410
5468.30293422
5468.39844869
5468.49917434
5468.60300514
5468.69470351
5468.79250564
5468.89328518
5469.00788869
5469.09794135
5469.18869252
5469.28642346
5469.37359819
5469.48035470
5469.57345302
5469.67034575
5469.78527816
5469.86689307
5469.96260576
5470.04955960
5470.16407095
5470.25298526
5470.34379275
5470.45432733
5470.57028765
5470.66472985
5470.76711413
5470.86592515
5470.95867067
5471.04530074
5471.14173851
5471.23552974
5471.34926359
5471.44709912
5471.53985074
5471.63460185
5471.73243763
5471.83698206
5471.92667583
5472.01752501
5472.13105869
5472.22683794
5472.32384550
5472.41088686
5472.52148167
5472.61940473
5472.70909947
5472.81400450
5472.91578926
5473.00331849
5473.09609693
5473.19482651
5473.28589195
5473.38354195
5473.49712781
5473.58686838
5473.71135032
5473.79901169
5473.89967347
5473.99563825
5474.08310092
5474.19390979
5474.28765689
5474.38258207
5474.48332454
5474.56886210
5474.66559756
5474.75844769
5474.85203582
5474.94785798
5475.04422724
5475.14729834
5475.25893786
5475.34277046
5475.44353024
5475.54013064
5475.63693681
5475.72968868
5475.82341237
5475.91713850
5476.00913553
5476.11179581
5476.19855289
5476.29277956
5476.40934745
5476.48311706
5476.59073934
5476.69549760
5476.80626843
5476.90003357
5476.92084635
5477.03855088
5477.13043698
5477.22503619
5477.32488315
5477.43353552
5477.52636322
5477.61976118
5477.72494269
5477.83027024
5477.91496396
5477.99883484
5478.08859833
5478.19718878
5478.27302589
5478.38376065
5478.47751530
5478.56719810
5478.68788929
5478.77958473
5478.87533716
5478.96424172
5479.07396393
5479.16639202
5479.25909366
5479.35485364
5479.49040696
5479.63620221
5479.73483037
5479.82850457
5479.92322568
5480.01116086
5480.11791713
5480.20749289
5480.30733449
5480.39415082
5480.48477765
5480.58114374
5480.66803639
5480.76765661
5480.86137249
5480.95506986
5481.04687696
5481.16379106
5481.24949513
5481.34310253
5481.43093725
5481.53170873
5481.60639117
5481.68610582
5481.77483508
5481.86679018
5481.98644104
5482.07274951
5482.16595999
5482.26568675
5482.37370132
5482.47567088
5482.56005254
5482.65565868
5482.76136413
5482.84416761
