4904.22284581
4904.30222522
4904.40222968
4904.50508866
4904.60624074
4904.70490108
4904.79464556
4904.90315360
4904.98959325
4905.09810348
4905.20340372
4905.30395578
4905.40341533
4905.49242204
4905.58443151
4905.67290063
4905.75971818
4905.85811959
4905.94410258
4906.04176306
4906.13897420
4906.23517670
4906.34184398
4906.43861066
4906.54550614
4906.65341905
4906.75069431
4906.85804913
4906.96665299
4907.07382886
4907.17022738
4907.26708183
4907.36476815
4907.47229071
4907.55827931
4907.65693526
4907.76462313
4907.86148660
4907.96899868
4908.06692296
4908.18523896
4908.28618452
4908.39422299
4908.54441437
4908.66340206
4908.74783223
4908.85447196
4908.96133648
4909.05700358
4909.16514810
4909.27343013
4909.37054448
4909.48064825
4909.57639093
4909.68410586
4909.79162842
4909.87670176
4909.97386804
4910.08094028
4910.17669271
4910.27359226
4910.38113092
4910.47835254
4910.59197716
4910.68858731
4910.79492984
4910.89401246
4910.98976221
4911.07513226
4911.17297023
4911.28064542
4911.38673268
4911.48409035
4911.59190695
4911.69076282
4911.82074705
4911.92887353
4912.02652523
4912.12225181
4912.21961899
4912.30511680
4912.41186600
4912.51291031
4912.62034754
4912.72890751
4912.82628615
4912.93626119
4913.03481986
4913.18649823
4913.27093962
4913.40083705
4913.48554930
4913.59308942
4913.68981416
4913.79793503
4913.89550408
4913.99630580
4914.09880370
4914.20676049
4914.29231462
4914.38990537
4914.48717966
4914.58711683
4914.67313468
4914.77023050
4914.87833065
4914.96515478
4915.07244036
4915.16751061
4915.26469518
4915.37236915
4915.46926943
4915.56771668
4915.66370487
4915.76029649
4915.86812699
4915.97569392
4916.06175445
4916.15934130
4916.25468632
4916.39358908
4916.47932315
4916.58729749
4916.68535270
4916.79304617
4916.90046609
4916.99740806
4917.10598340
4917.21377976
4917.31013878
4917.41712277
4917.51383118
4917.60977280
4917.71745335
4917.82661041
4917.95555650
4918.04019683
4918.14808706
4918.24483009
4918.35258988
4918.45196433
4918.56199960
4918.65739265
4918.74301163
4918.83797997
4918.92398369
4919.00997716
4919.10661120
4919.20345029
4919.28975852
4919.39893777
4919.50674608
4919.59143152
4919.69917156
4919.78831749
4919.89571717
4920.00270872
4920.09977796
4920.19703616
4920.29393693
4920.39051855
4920.49813742
4920.58410383
4920.69151351
4920.79887541
4920.89611166
4920.99415760
4921.09081529
4921.17672685
4921.27231812
4921.38026978
4921.47767695
4921.58578831
4921.69395575
4921.79037280
4921.89791243
4922.00486887
4922.09997594
4922.20728980
4922.31397147
4922.47552314
4922.53976785
4922.64926405
4922.74777811
4922.85559592
4922.96307899
4923.05975960
4923.16749355
4923.27537183
4923.36017966
4923.46747743
4923.57507338
4923.66035737
4923.76758249
4923.86415290
4923.95072152
4924.05898355
4924.15565783
4924.25271951
4924.34898272
4924.45491516
4924.55145826
4924.65987999
4924.76677840
4924.86102409
4924.96952019
4925.07723633
4925.16238087
4925.27046346
4925.36698120
4925.49745914
4925.59379964
4925.70042962
4925.79956929
4925.89784660
4925.98276195
4926.08892333
4926.19739407
4926.31567935
4926.41277687
4926.50945407
4926.61649316
4926.71299579
4926.81910036
4926.92546337
4927.06729257
4927.19730020
4927.28202636
4927.38808680
4927.48598767
4927.59700110
4927.69359052
4927.79137486
4927.88802938
4927.98427625
4928.09285280
4928.19022169
4928.29757724
4928.40513540
4928.50065280
4928.60866006
4928.70551913
4928.79213944
4928.89959935
4929.00718847
4929.10418360
4929.21283353
4929.32003744
4929.40673382
4929.51394309
4929.59840934
4929.69647162
4929.79222917
4929.87849619
4929.98746772
4930.09441392
4930.19179889
4930.29004695
4930.38568089
4930.49241400
4930.58935036
4930.68890622
4930.79095404
4930.89711347
4930.99561631
4931.09382780
4931.20208472
4931.29910300
4931.40653609
4931.51411497
4931.64418087
4931.73030454
4931.82491058
4931.93181557
4932.02808878
4932.13580517
4932.24346865
4932.34193882
4932.44998997
4932.55682328
4932.65245844
4932.74819673
4932.84915326
4932.96060701
4933.05802343
4933.16500718
4933.27159132
4933.36776066
4933.48156595
4933.55745889
4933.66861324
4933.77618310
4933.87383968
4933.98133957
4934.08905182
4934.17526789
4934.27161546
4934.36796229
4934.47387303
4934.57837212
4934.67482184
4934.77205297
4934.88011119
4934.98652710
4935.07203320
4935.17925076
4935.28646832
4935.39414960
4935.48007457
4935.58766125
4935.69463086
4935.79006048
4935.88754713
4935.99524840
4936.10381154
4936.18899460
4936.28578858
4936.39364955
4936.49000882
4936.58572711
4936.68245356
4936.76713290
4936.87485173
4936.95952327
4937.06681446
4937.17524034
4937.26286295
4937.37057276
4937.47815408
4937.58379761
4937.67995354
4937.83183208
4937.91720140
4938.02347639
4938.13126568
4938.22691474
4938.33369466
4938.43027750
4938.52894540
4938.63649161
4938.74439184
4938.84087789
4938.93595887
4939.03170203
4939.12848992
4939.22410727
4939.32089102
4939.40671919
4939.51349082
4939.60962018
4939.71690113
4939.81264258
4939.92036995
4940.01706640
4940.11417831
4940.22363648
4940.31955665
4940.42688685
4940.52219140
4940.62760916
4940.77968957
4940.84564680
4940.95301966
4941.05975107
4941.16910342
4941.26497288
4941.37082998
4941.46722850
4941.56508671
4941.65059915
4941.74784783
4941.85427716
4941.95998164
4942.06791916
4942.16619599
4942.27332676
4942.37086143
4942.47932632
4942.58603431
4942.68275588
4942.77965592
4942.87622804
4942.97240762
4943.07986728
4943.16470803
4943.27313195
4943.37101357
4943.46851874
4943.57614687
4943.68411780
4943.78001481
4943.88713362
4943.99503897
4944.10258031
4944.19831518
4944.30416814
4944.40127444
4944.50888234
4944.60444533
4944.74449960
4944.85195049
4944.95920364
4945.04359870
4945.15117539
4945.24801350
4945.34293649
4945.44398324
4945.54125947
4945.64869792
4945.74449473
4945.84229198
4945.94914310
4946.04474022
4946.15066803
4946.24758416
4946.35518401
4946.46254614
4946.56096950
4946.66753219
4946.77364749
4946.86963446
4946.97675449
4947.07557404
4947.18314903
4947.29078472
4947.37597216
4947.47334909
4947.58032064
4947.73135975
4947.82732014
4947.93444164
4948.03008241
4948.13699301
4948.22255055
4948.30904603
4948.40925968
4948.50539196
4948.60304952
4948.69859836
4948.80630696
4948.90307582
4949.00970605
4949.10549090
4949.21310514
4949.30907309
4949.41649862
4949.52553817
4949.62309503
4949.73102061
4949.83760987
4949.93522232
4950.04340122
4950.13840686
4950.24730621
4950.33308221
4950.42501561
4950.53343929
4950.63002945
4950.73781338
4950.82626689
4950.92130105
4951.02807805
4951.12475890
4951.21095937
4951.29568211
4951.40317054
4951.48900798
4951.59653640
4951.70356330
4951.81099638
4951.90828164
4952.01618211
4952.12564856
4952.22262199
4952.33038568
4952.43731920
4952.53749457
4952.68378354
4952.76984528
4952.88023163
4952.96727300
4953.07766446
4953.17398838
4953.28311740
4953.38946505
4953.48626537
4953.58342092
4953.68094414
4953.77782491
4953.87443360
4953.97128561
4954.06851381
4954.15281915
4954.29364265
4954.40117009
4954.49791238
4954.58418916
4954.69136162
4954.80224070
4954.88958098
4954.99584768
4955.10265101
4955.21054782
4955.30649822
4955.41430336
4955.52162064
4955.61849898
4955.72589086
4955.83338636
4955.94122490
4956.03806570
4956.14484586
4956.25166698
4956.34522318
4956.46174401
4956.56918100
4956.71034631
4956.86328810
4956.96099930
4957.05738660
4957.15409598
4957.24974065
4957.32495117
4957.42098032
4957.52872353
4957.62556384
4957.72209426
4957.82884468
4957.93507140
4958.04182426
4958.13908002
4958.24760659
4958.34346312
4958.45110393
4958.54822754
4958.65553848
4958.79515658
4958.86953669
4958.96541541
4959.07200199
4959.17871974
4959.28730410
4959.37387833
4959.48529135
4959.57145281
4959.66815268
4959.77688357
4959.87385138
4959.98433842
4960.08094077
4960.17804220
4960.28745916
4960.38343882
4960.45841065
4960.56872776
4960.67691251
4960.77284901
4960.88473430
4960.98100506
4961.08827821
4961.19519028
4961.30221108
4961.41303629
4961.51394699
4961.62030877
4961.77137372
4961.84612759
4961.95298529
4962.04989825
4962.15739107
4962.26617071
4962.34144145
4962.44869778
4962.55654120
4962.64173693
4962.74884672
4962.85657116
4962.96566215
4963.05338764
4963.16220630
4963.26023103
4963.36759146
4963.46431766
4963.54990251
4963.64726140
4963.74395883
4963.84066480
4963.95914196
4964.05925760
4964.16676553
4964.26549390
4964.41734586
4964.49087849
4964.59872312
4964.69648868
4964.86889767
4964.96533227
4965.06155233
4965.15636048
4965.26231462
4965.35907203
4965.46704516
4965.57660060
4965.67742963
4965.76811155
4965.87576699
4965.98225361
4966.13342462
4966.19853534
4966.30507803
4966.41157124
4966.51856254
4966.62526785
4966.72325455
4966.83525735
4966.94243493
4967.02729493
4967.12302152
4967.21875859
4967.32659371
4967.42381046
4967.53403199
4967.64020068
4967.74665512
4967.84252701
4967.95042748
4968.05839573
4968.16582589
4968.26288343
4968.36057439
4968.46911339
4968.56694185
4968.66362710
4968.77229995
4968.86880648
4968.96572408
4969.07316984
4969.18100497
4969.27877248
4969.38642426
4969.49408994
4969.60176464
4969.69854131
4969.79384977
4969.94639756
4970.05326891
4970.14231463
4970.22717391
4970.33380072
4970.44038535
4970.52724800
4970.63497707
4970.74363505
4970.85219064
4970.94887808
4971.05678732
4971.19632740
4971.30265896
4971.38896402
4971.50078836
4971.64425816
4971.74114942
4971.84896894
4971.93474153
4972.04169358
4972.14952578
4972.25708833
4972.34657656
4972.45320581
4972.54837578
4972.64930135
4972.75661814
4972.89628574
4972.99353857
4973.09241346
4973.19965467
4973.32951918
4973.42637290
4973.53366457
4973.63952582
4973.73641269
4973.83434600
4973.94192902
4974.05334815
4974.13738066
4974.23758968
4974.34540506
4974.44141300
4974.55517781
4974.65399980
4974.76142996
4974.86926094
4974.96631263
4975.07245011
4975.18082552
4975.27815077
4975.38447257
4975.48192459
4975.57962262
4975.68832717
4975.78540446
4975.89563598
4975.99293124
4976.09992669
4976.20748338
4976.31428013
4976.41074521
4976.51070652
4976.61778730
4976.70478283
4976.81070015
4976.91934156
4977.02713695
4977.13395929
4977.21860718
4977.32550706
4977.43287236
4977.53996607
4977.64750423
4977.73555278
4977.83259228
4977.95132836
4978.03793087
4978.13588343
4978.24371783
4978.33989400
4978.43618939
4978.54364173
4978.65093853
4978.74719881
4978.83322203
4978.94113274
4979.04869334
4979.15625053
4979.25276973
4979.40403851
4979.49967805
4979.60730813
4979.70427863
4979.81221860
4979.92117891
4980.00582338
4980.10052963
4980.19796702
4980.29450037
4980.40228479
4980.51090912
4980.60804688
4980.71732511
4980.81383018
4980.91150407
4981.01908685
4981.12640388
4981.28827397
4981.39709896
4981.50456667
4981.61120542
4981.71056135
4981.81927931
4981.92714419
4982.02334644
4982.13019999
4982.22550674
4982.33196727
4982.43883106
4982.54700021
4982.68729756
4982.77790781
4982.87547296
4982.98549871
4983.07223508
4983.17959721
4983.28793507
4983.39559368
4983.49366766
4983.59264252
4983.69264722
4983.79325585
4983.89034801
4983.99749096
4984.10370427
4984.21137629
4984.35265644
4984.42793669
4984.53675802
4984.64425084
4984.74301480
4984.85082799
4984.95275440
4985.04938381
4985.14564555
4985.23016910
4985.32643938
4985.42508485
4985.53292339
4985.62318865
4985.71331811
4985.82081092
4985.97220331
4986.04657805
4986.14514892
4986.25212925
4986.35862537
4986.46525291
4986.56151173
4986.66911988
4986.77851441
4986.87536837
4986.97255927
4987.07916950
4987.17582451
4987.27170347
4987.37932892
4987.47703548
4987.58410603
4987.69154960
4987.79933962
4987.89588857
4987.99165343
4988.10083439
4988.19785999
4988.28436815
4988.39179879
4988.48675201
4988.58241740
4988.68917684
4988.77448010
4988.88213212
4988.98947768
4989.09742252
4989.23830331
4989.31336682
4989.42100885
4989.51792912
4989.62372235
4989.73171936
4989.84038369
4989.93707941
4990.02279007
4990.12867009
4990.23648157
4990.34406362
4990.44153832
4990.55053398
4990.65818284
4990.76497836
4990.90566849
4990.97930888
4991.08627751
4991.18643021
4991.28385615
4991.37968659
4991.48047685
4991.57716307
4991.67474992
4991.78261503
4991.87923445
4991.98709908
4992.09583264
4992.19391418
4992.30178222
4992.41002524
4992.50839862
4992.61501348
4992.72189190
4992.81953922
4992.91750860
4993.05868830
4993.15461408
4993.25238842
4993.34917435
4993.44472393
4993.54061192
4993.64824395
4993.75553563
4993.86298017
4993.97057198
4994.07853218
4994.17630652
4994.28423112
4994.39229226
4994.48849281
4994.59835643
4994.73948762
4994.81333841
4994.92024170
4995.03794355
4995.14658446
4995.25422747
4995.33988351
4995.44964108
4995.54623855
4995.64403215
4995.75064725
4995.87118850
4995.98416995
4996.09197509
4996.21060487
4996.31801017
4996.42481398
4996.53430311
4996.64104743
4996.74961813
4996.84643723
4996.95443790
4997.06208237
4997.17077205
4997.27830217
4997.38574086
4997.50431579
4997.61169816
4997.70163086
4997.80907565
4997.91763880
4998.01605850
4998.12307638
4998.23647206
4998.33240856
4998.44021248
4998.54699509
4998.65739533
4998.76616254
4998.86048991
4998.96766187
4999.07530268
4999.19610139
4999.31547528
4999.42230786
4999.51030009
4999.62692625
4999.72501266
4999.84407057
4999.95184158
5000.03768950
5000.14605052
5000.25515273
5000.33949805
5000.43615989
5000.54410887
5000.64100574
5000.75989835
5000.87330062
5000.97013361
5001.07006078
5001.16667166
5001.26727492
5001.37413652
5001.51573606
5001.61142485
5001.71884380
5001.82771950
5001.93023764
5002.02676440
5002.12409477
5002.23793394
5002.32259622
5002.43026531
5002.58616207
5002.70406481
5002.81177584
5002.91929816
5003.03378294
5003.13141563
5003.21715237
5003.32437944
5003.43141780
5003.52829004
5003.62452448
5003.73227062
5003.84980716
5003.95655977
5004.15113687
5004.23605807
5004.33267017
5004.41940751
5004.51754317
5004.61308885
5004.69789741
5004.80533562
5004.96704430
5005.04106431
5005.14919322
5005.25651586
5005.34340266
5005.44399421
5005.55170475
5005.65245722
5005.76038646
5005.85653386
5005.96341471
5006.07108698
5006.16614601
5006.26261743
5006.37007393
5006.47845860
5006.58586877
5006.68234043
5006.77989169
5006.89856511
5006.97434468
5007.08209862
5007.16776612
5007.27466381
5007.42533134
5007.50101827
5007.60981474
5007.71894693
5007.82621642
5007.93320358
5008.03154307
5008.12963070
5008.24805154
5008.34464657
5008.45127216
5008.59217782
5008.67787360
5008.77836885
5008.89730364
5008.99501264
5009.10125106
5009.18610765
5009.28286555
5009.39061169
5009.50958841
5009.60470254
5009.72231345
5009.80812090
5009.91384464
5010.02125334
5010.11735003
5010.21483618
5010.30934080
5010.42636997
5010.54477106
5010.64157455
5010.75112414
5010.85795356
5010.96573578
5011.06111372
5011.16855095
5011.26853420
5011.37599703
5011.46195052
5011.55854921
5011.66659742
5011.75266477
5011.85096184
5011.95959276
5012.06726673
5012.16508959
5012.27276282
5012.38569893
5012.49618768
5012.58194929
5012.69954313
5012.80665438
5012.89091828
5012.98902566
5013.10784098
5013.21555640
5013.31224920
5013.40908853
5013.50573988
5013.61267535
5013.72063628
5013.81685341
5013.92362163
5014.01966005
5014.11411492
5014.22302086
5014.32086249
5014.42831191
5014.53550826
5014.63195189
5014.73959830
5014.82434421
5014.92133348
5015.02902427
5015.13630790
5015.24500051
5015.36191095
5015.45840748
5015.55549135
5015.65126889
5015.75894506
5015.86711128
5015.96454087
5016.06122611
5016.16915584
5016.31008027
5016.40718852
5016.51634290
5016.62475366
5016.73270826
5016.84041002
5016.92798094
5017.04601973
5017.13130226
5017.23906424
5017.34653634
5017.47706669
5017.58375787
5017.69176707
5017.78820022
5017.89390177
5018.01265102
5018.12091720
5018.22907196
5018.32548633
5018.42126534
5018.56547290
5018.65132911
5018.75898212
5018.86579593
5018.95153486
5019.06993230
5019.16758985
5019.27528113
5019.38332228
5019.47294607
5019.58042548
5019.73075315
5019.81604762
5019.91389876
5020.02281031
5020.13103065
5020.22598436
5020.35530786
5020.46121860
5020.56903349
5020.65576352
5020.75434560
5020.90574529
5020.98054012
5021.07556185
5021.18254560
5021.30067362
5021.39908406
5021.49580709
5021.59310186
5021.70066782
5021.79753494
5021.91824222
5022.01690622
5022.12541987
5022.24897557
5022.34485942
5022.44244407
5022.53850662
5022.64657044
5022.73210702
5022.84031469
5022.94744594
5023.04434549
5023.12996057
5023.23696919
5023.33379413
5023.44130182
5023.54869639
5023.64738233
5023.75535253
5023.89576155
5024.00271750
5024.10900273
5024.20866049
5024.31600508
5024.41199156
5024.50827135
5024.61579733
5024.72337572
5024.82098330
5024.92871749
5025.03642510
5025.13235064
5025.23879386
5025.33563928
5025.47665222
5025.55138707
5025.65988682
5025.75695265
5025.86394785
5025.97083237
5026.06798426
5026.17655057
5026.27422885
5026.38280906
5026.47866632
5026.57586015
5026.68217342
5026.78981082
5026.88670550
5026.99452648
5027.10208147
5027.19927652
5027.30619200
5027.41192476
5027.50870606
5027.61475894
5027.72237513
5027.81933393
5027.90592035
5027.99460036
5028.08032515
5028.18707899
5028.29454206
5028.38936168
5028.53989780
5028.64643050
5028.75324041
5028.84795567
5028.94396459
5029.05232317
5029.14951651
5029.25739601
5029.35422632
5029.45317558
5029.56124403
5029.65815407
5029.76827442
5029.87469984
5029.97121368
5030.12261533
5030.19651148
5030.29246212
5030.39896898
5030.50688018
5030.60494196
5030.71318352
5030.82132317
5030.90734566
5031.01799654
5031.11458962
5031.22177353
5031.31635933
5031.42238052
5031.51910355
5031.62580838
5031.73243665
5031.82045618
5031.91788504
5032.02575016
5032.12170324
5032.21864400
5032.30239540
5032.38933388
5032.49724435
5032.59456715
5032.70273239
5032.81032030
5032.90587037
5033.01448958
5033.16601752
5033.27672984
5033.38343906
5033.47924635
5033.57517285
5033.67060662
5033.77749504
5033.88316587
5033.98074199
5034.08693434
5034.19595706
5034.29198304
5034.40353016
5034.49943741
5034.60688732
5034.74780785
5034.82167108
5034.93017083
5035.02807659
5035.13545506
5035.24165740
5035.34834077
5035.44593688
5035.55487037
5035.64065856
5035.75212449
5035.84865150
5035.96101539
5036.05831308
5036.15565783
5036.25333415
5036.36256996
5036.47000890
5036.57112367
5036.65882162
5036.76661164
5036.87346543
5036.97007997
5037.07566352
5037.18414572
5037.28304036
5037.39050734
5037.49835026
5037.59502015
5037.70081995
5037.85241080
5037.95013077
5038.05790104
5038.15527504
5038.26362705
5038.37196735
5038.46882570
5038.57919229
5038.67659946
5038.78616392
5038.88502199
5038.99340472
5039.07932115
5039.18688272
5039.28369450
5039.42432490
5039.50965789
5039.61662092
5039.71444377
5039.82239593
5039.93004137
5040.02673710
5040.12278210
5040.23241191
5040.32920832
5040.42578044
5040.51309341
5040.62152099
5040.72879999
5040.82736257
5040.93614587
5041.03322925
5041.14090127
5041.24723404
5041.34358722
5041.45122145
5041.55891955
5041.65585495
5041.75400329
5041.86104725
5041.95891619
5042.06655066
5042.16335732
5042.27096181
5042.37732433
5042.48285302
5042.57979085
5042.68699036
5042.79389633
5042.89077638
5042.98811844
5043.09570586
5043.19246035
5043.29813752
5043.40596582
5043.50404589
5043.60037859
5043.70289160
5043.81095177
5043.90662788
5044.04737019
5044.12173177
5044.21996300
5044.32725176
5044.43599044
5044.53482145
5044.64239131
5044.73933621
5044.84689876
5044.95350850
5045.05046340
5045.20179556
5045.31075099
5045.40938719
5045.51908258
5045.61585048
5045.72220422
5045.82932621
5045.92689331
5046.03813055
5046.13510275
5046.24468502
5046.34145974
5046.44890648
5046.54374925
5046.64016850
5046.74826621
5046.85597895
5046.95193837
5047.05043877
5047.20098075
5047.29697430
5047.39434343
5047.50157001
5047.60933419
5047.70605259
5047.81327502
5047.91019335
5048.01318472
5048.11972570
5048.22691059
5048.32639086
5048.43304620
5048.54141307
5048.62690479
5048.77709129
5048.84981837
5048.95753623
5049.05460913
5049.16323176
5049.26182871
5049.36991764
5049.46615720
5049.56346318
5049.68132399
5049.78822679
5049.87316506
5049.98102750
5050.08880923
5050.18499564
5050.29311017
5050.40043720
5050.50709131
5050.59332689
5050.70053543
5050.80747261
5050.88342407
5050.98009590
5051.06658065
5051.18021161
5051.28703932
5051.38313430
5051.49060615
5051.58884519
5051.69578676
5051.83631110
5051.94326802
5052.05126138
5052.15119685
5052.25731336
5052.35334959
5052.45097179
5052.55944813
5052.66765921
5052.77385765
5052.88240153
5052.98014588
5053.08695067
5053.19554234
5053.30195581
5053.39917110
5053.50631844
5053.61237595
5053.72084279
5053.82834951
5053.92860241
5054.03530358
5054.14357220
5054.25118083
5054.35916127
5054.45882610
5054.55557035
5054.66339597
5054.77158535
5054.86967176
5054.97707023
5055.12771387
5055.21241296
5055.31915339
5055.40505031
5055.51379899
5055.62153806
5055.72970477
5055.83771081
5055.93418808
5056.04312766
5056.13864896
5056.24508779
5056.35385890
5056.45207185
5056.55945008
5056.66715282
5056.77783784
5056.87453356
5056.98232797
5057.09039423
5057.19796044
5057.30583945
5057.40558109
5057.51595305
5057.62175408
5057.71975540
5057.82633125
5057.93952165
5058.03177249
5058.13941793
5058.23784641
5058.33780772
5058.44394740
5058.54021231
5058.64808279
5058.76048861
5058.85738231
5058.96466107
5059.07164969
5059.17872486
5059.27622955
5059.38477684
5059.48183682
5059.59406344
5059.68335322
5059.77972394
5059.88746009
5059.99436874
5060.10324127
5060.20017959
5060.35284539
5060.43728263
5060.54600376
5060.64497544
5060.75148791
5060.85921942
5060.96689217
5061.07427625
5061.17137938
5061.27892608
5061.38624555
5061.47639085
5061.58363718
5061.69208939
5061.79998815
5061.90858250
5062.00555105
5062.11329450
5062.20968742
5062.31705443
5062.42535329
5062.52221261
5062.62983172
5062.73657507
5062.84476616
5062.94625127
5063.05315383
5063.16008272
5063.27145869
5063.36860717
5063.47651008
5063.58411529
5063.69243316
5063.78741710
5063.89552651
5064.00672426
5064.11320917
5064.21088867
5064.31862432
5064.41531103
5064.52387075
5064.67461582
5064.73961220
5064.84733250
5064.95704227
5065.05279836
5065.15044933
5065.25795800
5065.36476522
5065.53716567
5065.64598823
5065.74393348
5065.89633206
5065.99311605
5066.10115256
5066.19911683
5066.29676146
5066.40510346
5066.51281742
5066.60968625
5066.71413145
5066.82577464
5066.93255919
5067.04036799
5067.14816386
5067.24496808
5067.35242384
5067.46041671
5067.55855774
5067.64455731
5067.74201957
5067.84930272
5067.95697010
5068.06477354
5068.16174647
5068.27129753
5068.36804446
5068.47559823
5068.58296427
5068.67979068
5068.78902161
5068.89704057
5068.99568604
5069.10318495
5069.20942532
5069.31596363
5069.40154361
5069.50851492
5069.61506883
5069.71316085
5069.82101719
5069.92858242
5070.02855933
5070.13542385
5070.24405916
5070.35177653
5070.46035089
5070.55799698
5070.66782671
5070.81926371
5070.89525686
5070.99540688
5071.16959689
5071.27186463
5071.38254526
5071.48142795
5071.59036266
5071.69742125
5071.80597440
5071.90405521
5072.05585109
5072.16438815
5072.26502676
5072.37450491
5072.48184804
5072.57896238
5072.68666122
5072.78423125
5072.89389909
5072.99094517
5073.09831779
5073.20602102
5073.31342655
5073.42045808
5073.52662799
5073.62221341
5073.72852619
5073.82655141
5073.93419588
5074.04196664
5074.14871999
5074.24540596
5074.35307067
5074.46116058
5074.56416706
5074.67122980
5074.77804849
5074.89503402
5075.00324193
5075.10005615
5075.21401698
5075.32164341
5075.41850346
5075.52264196
5075.62940286
5075.72516138
5075.83311915
5075.94430982
5076.04100311
5076.16892544
5076.27821464
5076.38534053
5076.49518855
5076.59399030
5076.70240667
5076.79871449
5076.90589304
5077.04768373
5077.13280388
5077.24438489
5077.33260605
5077.44024832
5077.55017241
5077.64611818
5077.75435827
5077.86276440
5077.96922371
5078.06611595
5078.20969522
5078.31793580
5078.42562586
5078.52235597
5078.62010519
5078.72678198
5078.83456591
5078.94305689
5079.04979731
5079.14717668
5079.26042461
5079.34573689
5079.44203276
5079.54967699
5079.65282537
5079.76015508
5079.86756281
5079.96379091
5080.07045380
5080.18066315
5080.27816101
5080.38495336
5080.49262562
5080.60162006
5080.70113130
5080.80317693
5080.90733347
5081.00481645
5081.11243337
5081.21994350
5081.32756505
5081.42844649
5081.53593175
5081.64346943
5081.75029934
5081.85006218
5081.95792974
5082.06599600
5082.16822985
5082.27582994
5082.38324865
5082.49072050
5082.58793286
5082.70837146
5082.81637116
5082.91335921
5083.02169439
5083.12964460
5083.22472777
5083.33169689
5083.42765314
5083.52451392
5083.63262968
5083.73973923
5083.83760182
5083.94449950
5084.05120482
5084.15770582
5084.26436628
5084.37132540
5084.47929267
5084.58654485
5084.69399573
5084.79018604
5084.89766277
5084.99347201
5085.09017163
5085.19682356
5085.30358202
5085.39958923
5085.50656883
5085.61424109
5085.70894953
5085.80649956
5085.91459630
5086.02222687
5086.12945638
5086.22647539
5086.33439244
5086.44297606
5086.55085946
5086.64870183
5086.74615287
5086.85339311
5086.95023512
5087.06084065
5087.16914901
5087.26695139
5087.36373830
5087.46259052
5087.56912468
5087.67695664
5087.77901129
5087.88715606
5087.99470178
5088.10137394
5088.19840466
5088.30639802
5088.40481211
5088.50597320
5088.61345895
5088.72100395
5088.82087310
5088.97222525
5089.04599925
5089.14520767
5089.25251715
5089.36017259
5089.45770653
5089.55500763
5089.66368000
5089.76320806
5089.87154690
5089.96870976
5090.06829658
5090.17527082
5090.26314991
5090.37470752
5090.47277516
5090.62407343
5090.68874238
5090.80722343
5090.90394086
5091.01148951
5091.11830893
5091.22605994
5091.32525252
5091.43240839
5091.53379891
5091.63016647
5091.74203274
5091.83952840
5091.94659919
5092.05474493
5092.15183831
5092.30299639
5092.38847714
5092.49651462
5092.59438722
5092.70194904
5092.80982488
5092.90704114
5093.01627890
5093.12344892
5093.22454150
5093.33211234
5093.42925082
5093.52722728
5093.63459917
5093.74220438
5093.84949508
5093.94652849
5094.09826756
5094.20552901
5094.31220360
5094.41062550
5094.56332592
5094.66020840
5094.76624690
5094.87424587
5094.98193642
5095.08944825
5095.19621671
5095.29433287
5095.38985051
5095.49744500
5095.60433269
5095.70151262
5095.81977839
5095.92736654
5096.02812267
5096.13661120
5096.28734944
5096.38352342
5096.49306570
5096.60112221
5096.70923479
5096.80624503
5096.91424838
5097.02311873
5097.11760188
5097.22654634
5097.33529063
5097.44240945
5097.58316834
5097.69047293
5097.79793650
5097.89490870
5098.00163474
5098.11157175
5098.21859426
5098.32591739
5098.42285692
5098.53030927
5098.63768287
5098.73492351
5098.84376020
5098.94504637
5099.05102026
5099.15879516
5099.31025313
5099.41713691
5099.50504575
5099.61271899
5099.76363083
5099.85007559
5099.95927435
5100.06718310
5100.16510275
5100.27361104
5100.38086127
5100.47821528
5100.58576466
5100.69353688
5100.80218024
5100.89925558
5101.01576227
5101.12430274
5101.22030702
5101.31819839
5101.42567511
5101.53306431
5101.64052544
5101.74742117
5101.84522720
5101.95176868
5102.05861711
5102.16646686
5102.26187918
5102.37021095
5102.47764013
5102.58333632
5102.69132822
5102.77587615
5102.87255944
5102.97991475
5103.08716522
5103.18277307
5103.27940004
5103.38645718
5103.49380078
5103.60238514
5103.69823631
5103.80509303
5103.91272531
5104.02031882
5104.12611302
5104.22331367
5104.33091596
5104.43919580
5104.53577279
5104.63177415
5104.73853018
5104.83580080
5104.94262217
5105.02964696
5105.13719342
5105.24353814
5105.33978623
5105.43664458
5105.53736925
5105.64368131
5105.75046561
5105.84484491
5105.94220477
5106.04955009
5106.15741959
5106.26528934
5106.36234493
5106.47547852
5106.57382971
5106.68045993
5106.78687243
5106.88644291
5106.99333279
5107.09978040
5107.19490600
5107.30270406
5107.39991155
5107.51809369
5107.62574670
5107.73357207
5107.83032899
5107.93607297
5108.04335465
5108.13897737
5108.24614885
5108.34259662
5108.44872972
5108.55647707
5108.66411203
5108.76211848
5108.87050608
5108.97741936
5109.08408055
5109.19194152
5109.28915948
5109.39646920
5109.50353024
5109.60160373
5109.71189499
5109.80695646
5109.91433469
5110.00215089
5110.11052507
5110.21778286
5110.31526999
5110.41246285
5110.52002881
5110.62683945
5110.72582796
5110.83366967
5110.94156550
5111.03737450
5111.14615829
5111.25332416
5111.37137733
5111.47894744
5111.57481494
5111.68169824
5111.78956847
5111.89582786
5112.00247271
5112.09924158
5112.20637698
5112.31509640
5112.42252193
5112.53023442
5112.62677094
5112.74366553
5112.84060702
5112.94754371
5113.05410225
5113.16169698
5113.26963792
5113.36657429
5113.47297143
5113.58100770
5113.69051146
5113.79878056
5113.89435696
5113.99051680
5114.09766584
5114.17250651
5114.28021924
5114.38803657
5114.49551403
5114.60237758
5114.70009584
5114.80791341
5114.91680911
5115.02306972
5115.13053011
5115.23737976
5115.32358121
5115.42738470
5115.53530638
5115.64292598
5115.75050853
5115.85634076
5115.96384991
5116.07183986
5116.16954032
5116.27809883
5116.38631162
5116.52698517
5116.61364132
5116.72261797
5116.81742661
5116.92405854
5117.02228977
5117.13010003
5117.22647515
5117.33407427
5117.44304335
5117.52888835
5117.68052917
5117.78825581
5117.89578495
5118.00217941
5118.09842043
5118.19477214
5118.30287790
5118.41084834
5118.51145306
5118.58736697
