5502.77515252
5502.87806099
5502.97366104
5503.09136849
5503.20323574
5503.30676861
5503.39476205
5503.49454733
5503.59000792
5503.67578440
5503.75562828
5503.82600235
5503.93921616
5504.02402472
5504.12124269
5504.22497109
5504.32468883
5504.42347425
5504.52116862
5504.60507362
5504.68426433
5504.78648697
5504.86932092
5504.96109584
5505.05789421
5505.15372905
5505.25165479
5505.36228690
5505.45575142
5505.57010796
5505.65510767
5505.74472342
5505.80751162
5505.90032663
5506.00113371
5506.10575958
5506.19382836
5506.28942255
5506.41509891
5506.48286911
5506.58515514
5506.67891540
5506.77219146
5506.87049413
5506.96933489
5507.06295789
5507.15205896
5507.26049873
5507.35337616
5507.45895264
5507.55323319
5507.65861170
5507.75321432
5507.84592986
5507.95186206
5508.06045494
5508.15137605
5508.25296844
5508.35125063
5508.44400494
5508.54328577
5508.65293411
5508.74779688
5508.84815023
5508.95066666
5509.05843011
5509.15510730
5509.24393994
5509.34175792
5509.43579490
5509.52825347
5509.63121022
5509.71695013
5509.81255603
5509.90622072
5510.00257048
5510.09446414
5510.19266393
5510.29152712
5510.38510452
5510.49195978
5510.57775894
5510.68745067
5510.79203119
5510.88284502
5510.99256284
5511.08421050
5511.17820921
5511.29391669
5511.37779756
5511.47287244
5511.56761964
5511.66036078
5511.75616271
5511.83384131
5511.91020773
5512.00854430
5512.12408136
5512.20390402
5512.30663354
5512.40241449
5512.49020777
5512.58987455
5512.68178772
5512.77362774
5512.86952060
5512.97420157
5513.05778548
5513.15358593
5513.24735351
5513.34112280
5513.42992032
5513.53165875
5513.63236977
5513.72231198
5513.83085708
5513.92371233
5514.02000260
5514.10835347
5514.20751264
5514.30278793
5514.39491736
5514.49123542
5514.58166208
5514.68735242
5514.77098802
5514.86485702
5514.96146643
5515.06636171
5515.17811948
5515.27283304
5515.36348888
5515.48015259
5515.57594695
5515.67062979
5515.76748643
5515.88213554
5515.97243419
5516.05920688
5516.16187667
5516.26458692
5516.34753839
5516.44319964
5516.55113838
5516.61280871
5516.71050503
5516.80824183
5516.91196462
5517.00470162
5517.10986435
5517.18282378
5517.28401974
5517.37530241
5517.46151337
5517.51785622
5517.61277702
5517.71431724
5517.80812845
5517.91109447
5518.00079311
5518.11039927
5518.20766600
5518.30475523
5518.41330594
5518.50813579
5518.59873239
5518.71738289
5518.80367796
5518.89692354
5518.98279097
5519.09239859
5519.18969872
5519.28590512
5519.39664889
5519.50359119
5519.59906007
5519.70236254
5519.80425384
5519.89981707
5519.98979244
5520.08657715
5520.18032986
5520.28636787
5520.36756293
5520.48338525
5520.56119625
5520.66931224
5520.76657409
5520.86032387
5520.94808399
5521.09464383
5521.17401032
5521.26541490
5521.36387361
5521.46643490
5521.56572159
5521.66095641
5521.76874911
5521.87364220
5521.95539120
5522.06107909
5522.15573024
5522.25255616
5522.34425160
5522.43720071
5522.53240725
5522.65243625
5522.74277173
5522.83566842
5522.93077061
5523.02593180
5523.11368021
5523.17749411
5523.27980111
5523.38054407
5523.48325457
5523.56205835
5523.65788661
5523.75346203
5523.85166840
5523.93961430
5524.03747348
5524.13954496
5524.22844659
5524.33711335
5524.42002532
5524.51055779
5524.61133903
5524.71455934
5524.80775031
5524.89455469
5524.99441360
5525.08908059
5525.19627425
5525.28372424
5525.39142674
5525.49460267
5525.59434675
5525.68606364
5525.78089447
5525.85865012
5525.93466619
5526.03820954
5526.13802066
5526.23082202
5526.33437123
5526.43819862
5526.52695250
5526.62557237
5526.71872750
5526.82182395
5526.90622535
5526.99845254
5527.09915406
5527.20887675
5527.30448143
5527.39726817
5527.48707019
5527.59575548
5527.67842559
5527.76830782
5527.86781077
5527.95943502
5528.05513746
5528.14397522
5528.25368475
5528.36390336
5528.44421364
5528.51763533
5528.63016452
5528.73015338
5528.84590889
5528.92144636
5529.02709062
5529.13284264
5529.23270009
5529.32662053
5529.41436480
5529.52789653
5529.62870922
5529.72694704
5529.81473471
5529.93195113
5530.01665242
5530.10746600
5530.20624995
5530.31115084
5530.40268049
5530.49645489
5530.59028123
5530.70393316
5530.78570361
5530.88253026
5530.98741969
5531.08150641
5531.17613049
5531.25852290
5531.35729027
5531.45305709
5531.56065182
5531.65348585
5531.74927485
5531.84306681
5531.94021578
5532.03158963
5532.12668548
5532.21956413
5532.31531680
5532.40165990
5532.45856620
5532.55183275
5532.64148580
5532.75205184
5532.84285664
5532.93956822
5533.03550789
5533.15119148
5533.26176435
5533.33760170
5533.43847632
5533.53412732
5533.63788279
5533.73609769
5533.82649241
5533.92061644
5534.01002983
5534.11795175
5534.21741178
5534.31994333
5534.41471564
5534.49363012
5534.59259888
5534.69558927
5534.79099061
5534.89376426
5534.96850813
5535.04952912
5535.13130323
5535.22401292
5535.31995723
5535.42139504
5535.51890387
5535.61768563
5535.73647365
5535.82022188
5535.91108203
5536.01991605
5536.12740228
5536.23049239
5536.32816482
5536.43690960
5536.54086304
5536.62921903
5536.73033307
5536.82502736
5536.91602527
5537.01463953
5537.09836192
5537.16633789
5537.26604247
5537.38762575
5537.46043232
5537.51639044
5537.61526875
5537.71004497
5537.80367918
5537.90227125
5538.00205604
5538.09669109
5538.19493867
5538.28623597
5538.37967903
5538.47136692
5538.58024994
5538.67193392
5538.76955100
5538.85843484
5538.97718701
5539.06095548
5539.15577242
5539.24934348
5539.34321200
5539.44029002
5539.52618743
5539.62684189
5539.73151847
5539.83020124
5539.92212172
5540.02180728
5540.11546806
5540.21659259
5540.31690132
5540.41365361
5540.51252850
5540.63419420
5540.72589647
5540.81582454
5540.92243135
5541.01670288
5541.11375335
5541.21332286
5541.31916070
5541.42780576
5541.51343986
5541.62337273
5541.71814455
5541.80980879
5541.91859965
5542.00727015
5542.07106016
5542.17878021
5542.29159538
5542.37391197
5542.47701549
5542.57235832
5542.66820047
5542.76290964
5542.85671062
5542.94948516
5543.04432891
5543.14191527
5543.23178507
5543.32544172
5543.41535930
5543.51411278
5543.61770245
5543.71251232
5543.80221364
5543.91998448
5544.00368030
5544.09646460
5544.20314480
5544.29602540
5544.42200920
5544.53890964
5544.66454601
5544.77118379
5544.87992540
5544.99664689
5545.11432704
5545.23123869
5545.32888260
5545.44551460
5545.54284814
5545.63777941
5545.75639067
5545.87361684
5545.97994449
5546.07716612
5546.20376066
5546.31260321
5546.41928975
5546.53618239
5546.65459055
5546.76219942
5546.93262794
5547.04117134
5547.14778279
5547.25548187
5547.37192419
5547.47924098
5547.59891622
5547.71393714
5547.82136681
5547.91810447
5548.01486529
5548.17541783
5548.26030954
5548.36635510
5548.48420421
5548.59379354
5548.69845208
5548.81526353
5548.93361440
5549.05466423
5549.17040487
5549.28707248
5549.38487412
5549.49165746
5549.58957247
5549.70611525
5549.82278700
5549.93961649
5550.05720253
5550.16592341
5550.26425510
5550.36783624
5550.47452254
5550.59315598
5550.71088513
5550.83052428
5550.93566849
5551.05840816
5551.15022088
5551.25585368
5551.37460731
5551.49195612
5551.60694973
5551.71619042
5551.82374858
5551.91955270
5552.03927987
5552.15591236
5552.33642800
5552.41624165
5552.52189346
5552.61478016
5552.72263771
5552.82921674
5552.94665697
5553.07380204
5553.16285337
5553.26789078
5553.38549706
5553.49207705
5553.59906421
5553.71585494
5553.84544761
5553.94016433
5554.05802928
5554.16864140
5554.27235493
5554.38296583
5554.55203219
5554.63197212
5554.74442573
5554.85419329
5554.97008534
5555.07768421
5555.19652562
5555.36400795
5555.43981142
5555.55665530
5555.65217757
5555.77114820
5555.88873204
5555.99630507
5556.11593496
5556.22179864
5556.33862058
5556.44533297
5556.55194466
5556.66254995
5556.77649250
5556.89627501
5557.00098792
5557.18328361
5557.29092418
5557.40289870
5557.50520399
5557.61177886
5557.72006309
5557.83572230
5557.94750007
5558.04935455
5558.16870893
5558.26553778
5558.38434628
5558.48126557
5558.59592395
5558.71456300
5558.82117956
5558.92819793
5559.04629011
5559.16083219
5559.24822610
5559.36607765
5559.52754545
5559.61234450
5559.73008877
5559.82889978
5559.94550912
5560.04042869
5560.15816760
5560.27593893
5560.38270178
5560.59734828
5560.71500965
5560.82185345
5560.91835803
5561.04115378
5561.14288466
5561.26107583
5561.37009294
5561.48464160
5561.58730870
5561.69999027
5561.86169189
5561.94436175
5562.06399676
5562.15983111
5562.27653358
5562.37426062
5562.49188761
5562.60257190
5562.75947388
5562.87626071
5562.99493438
5563.09270262
5563.20943947
5563.32847373
5563.45604107
5563.57380533
5563.70048277
5563.79812399
5563.91917236
5564.03285890
5564.14082764
5564.24695757
5564.36366442
5564.54017721
5564.61087433
5564.71060792
5564.81432072
5564.93302413
5565.04984461
5565.16794898
5565.28376057
5565.38049043
5565.49968585
5565.59362019
5565.70164866
5565.80942845
5565.93214496
5566.08869464
5566.16157118
5566.27426688
5566.36622174
5566.47303457
5566.57952387
5566.69635605
5566.82424547
5566.93281373
5567.04243671
5567.14609246
5567.25294893
5567.35047020
5567.46634762
5567.59493335
5567.76754470
5567.87419832
5567.98302454
5568.08781278
5568.19955641
5568.36591698
5568.44346612
5568.56316964
5568.66792935
5568.78680538
5568.89354069
5569.00014677
5569.17169316
5569.26258574
5569.37921824
5569.48196458
5569.58947495
5569.70684789
5569.81451528
5569.94687762
5570.05199574
5570.15652603
5570.33896411
5570.45754976
5570.58119397
5570.70701490
5570.81469180
5570.92748966
5571.04502084
5571.15272846
5571.27156328
5571.36827729
5571.48405792
5571.58002490
5571.69810441
5571.80585688
5571.91257219
5572.02042415
5572.13725803
5572.26279932
5572.36258752
5572.47926219
5572.59604683
5572.70375103
5572.82240373
5572.93316237
5573.03972335
5573.13260834
5573.24983695
5573.36755611
5573.47391229
5573.58154115
5573.68338540
5573.79227037
5573.90576114
5574.03046275
5574.15224596
5574.24319242
5574.39358543
5574.52324612
5574.61911118
5574.71497528
5574.83362554
5574.95223923
5575.07115549
5575.17470103
5575.29337982
5575.39112076
5575.48575947
5575.64628689
5575.74309916
5575.84878194
5575.95665169
5576.07224751
5576.17209666
5576.27689198
5576.38450573
5576.50234435
5576.62395665
5576.71580081
5576.83558162
5576.92944892
5577.04896202
5577.15365518
5577.27152427
5577.39109467
5577.50682751
5577.63310705
5577.73424182
5577.83913270
5577.94643608
5578.06422984
5578.18089647
5578.29251698
5578.41718348
5578.51213475
5578.63173490
5578.74036850
5578.85604819
5578.97366811
5579.06954196
5579.19706127
5579.29439480
5579.40168136
5579.50892671
5579.62609851
5579.79060856
5579.87249922
5579.98843052
5580.08693531
5580.19285775
5580.30041372
5580.41804900
5580.53391813
5580.64434495
5580.75879121
5580.84909475
5580.96280153
5581.06945882
5581.18795353
5581.29682802
5581.41256915
5581.53017761
5581.63100176
5581.74377524
5581.86130789
5582.02285029
5582.11780376
5582.24560442
5582.41883431
5582.54270843
5582.64443541
5582.75007235
5582.86775981
5582.99733175
5583.11403617
5583.22174549
5583.32870583
5583.43611088
5583.55827297
5583.67100452
5583.80189840
5583.89951572
5584.00212724
5584.10384251
5584.20665980
5584.31434206
5584.41902863
5584.54960360
5584.65636499
5584.76219040
5584.86843541
5584.97809861
5585.08386453
5585.19055693
5585.32018568
5585.42620906
5585.53164534
5585.62842640
5585.73522827
5585.85685495
5585.96054459
5586.08864685
5586.23819311
5586.32391669
5586.43186202
5586.54066068
5586.64485525
5586.75145816
5586.88291841
5586.99060262
5587.09352231
5587.21202384
5587.33565464
5587.43750913
5587.54311633
5587.66998735
5587.77856853
5587.87759922
5587.97444903
5588.07313132
5588.18464309
5588.29121333
5588.41696040
5588.51564463
5588.63352933
5588.74503940
5588.85091186
5588.95466026
5589.06136655
5589.23325280
5589.31038942
5589.42747150
5589.53202496
5589.64565397
5589.73622910
5589.85491789
5589.97088747
5590.07841637
5590.19536509
5590.30284620
5590.41255111
5590.52824616
5590.63521674
5590.75011599
5590.86052989
5590.97724284
5591.09595357
5591.20259940
5591.30933543
5591.41615729
5591.55477845
5591.66640335
5591.76870499
5591.87558219
5591.98403220
5592.09189732
5592.19896079
5592.31251349
5592.43410945
5592.54977012
5592.66460136
5592.78033444
5592.88515365
5593.00086820
5593.11628824
5593.21973943
5593.35826844
5593.47411709
5593.58931160
5593.70581414
5593.80953718
5593.91541745
5594.02907864
5594.14466959
5594.26035074
5594.41006766
5594.52898100
5594.64145069
5594.73427961
5594.83897106
5594.94466139
5595.07007200
5595.18552787
5595.31547431
5595.41713155
5595.53867778
5595.64831783
5595.76507442
5595.86974905
5595.98560331
5596.11339715
5596.21785186
5596.32661809
5596.43731213
5596.55294598
5596.66874465
5596.78256579
5596.91211578
5597.01487017
5597.12943785
5597.24514582
5597.35017104
5597.45572168
5597.56153002
5597.66423613
5597.74899032
5597.85280284
5598.01245402
5598.10529098
5598.22406900
5598.33745980
5598.46211801
5598.56808264
5598.68381036
5598.79629225
5598.90609418
5599.01176209
5599.12715628
5599.23874656
5599.34921994
5599.46178400
5599.58145070
5599.69136869
5599.80706642
5599.91059563
5600.02822482
5600.13267661
5600.23823821
5600.36347718
5600.45763436
5600.56146492
5600.66725815
5600.79177982
5600.89941113
5601.01503937
5601.17486585
5601.26763332
5601.38339859
5601.50795342
5601.61431375
5601.73088139
5601.84539470
5601.94995596
5602.06679618
5602.18259704
5602.30828632
5602.40196978
5602.51779966
5602.63340962
5602.74816454
5602.85393948
5602.96089226
5603.08936950
5603.17910325
5603.28294235
5603.38756992
5603.50216954
5603.60952826
5603.72753145
5603.86147538
5603.96618609
5604.08192649
5604.19866285
5604.31422113
5604.43283384
5604.54709944
5604.67071926
5604.77649177
5604.90281592
5605.01840687
5605.12530894
5605.24367516
5605.35320623
5605.47390839
5605.57460454
5605.68949745
5605.80414851
5605.92180623
5606.02556340
5606.13339146
5606.24497125
5606.32975592
5606.42275867
5606.53182113
5606.64718606
5606.76003293
5606.87561632
5606.99946776
5607.10712442
5607.22160457
5607.33637754
5607.45322727
5607.56964399
5607.68441427
5607.80978660
5607.91617887
5608.02058847
5608.12618860
5608.24207016
5608.35966156
5608.44250941
5608.57020378
5608.67482233
5608.79352940
5608.90739661
5609.02182897
5609.13663997
5609.25232161
5609.37861237
5609.48331284
5609.60207769
5609.70274263
5609.80750796
5609.91322902
5610.00783164
5610.11586547
5610.20540832
5610.31223481
5610.42872444
5610.54157570
5610.65734438
5610.77393811
5610.89757793
5611.00434566
5611.11996878
5611.23577647
5611.35374139
5611.46819228
5611.59390082
5611.70954686
5611.81440874
5611.93010184
5612.04393223
5612.15899387
5612.27665207
5612.39227812
5612.50740656
5612.62283830
5612.72742223
5612.83322886
5612.93685438
5613.04179159
5613.14650425
5613.27239687
5613.38155173
5613.53709058
5613.63035225
5613.74608387
5613.86267590
5613.98839419
5614.08319650
5614.19788559
5614.30859547
5614.43024605
5614.54702995
5614.66167711
5614.77582031
5614.88264900
5614.99741806
5615.11689727
5615.22770663
5615.34434327
5615.44814214
5615.56588933
5615.65866241
5615.76241763
5615.86818331
5615.97286549
5616.07664315
5616.20441797
5616.33232031
5616.47770840
5616.57169906
5616.68726392
5616.80776932
5616.91966753
5617.04307573
5617.14996342
5617.26679437
5617.38247748
5617.49712269
5617.61732699
5617.72163834
5617.84715086
5617.95472535
5618.07484481
5618.18818174
5618.29608635
5618.40973828
5618.52449978
5618.65208127
5618.75789960
5618.87518697
5618.99075231
5619.10765861
5619.22515736
5619.34300061
5619.45661743
5619.56339784
5619.66892946
5619.78970452
5619.89243794
5619.99626289
5620.10300478
5620.19669604
5620.30163374
5620.40731091
5620.51298540
5620.63355274
5620.74623016
5620.87302292
5620.97979236
5621.08638186
5621.20315187
5621.31879694
5621.43048596
5621.54016306
5621.66639896
5621.77139323
5621.89490773
5621.99561460
5622.11722837
5622.21700901
5622.33374318
5622.46145997
5622.56997411
5622.68211125
5622.79900755
5622.91576439
5623.03223890
5623.13784171
5623.25684744
5623.34851022
5623.45426541
5623.56186501
5623.65964106
5623.75957384
5623.86706544
5623.97274603
5624.08848862
5624.20438164
5624.32101609
5624.43674893
5624.55818520
5624.67194855
5624.79782678
5624.89448252
5625.01014027
5625.12495200
5625.24267603
5625.36035228
5625.46424111
5625.59075714
5625.69844623
5625.80321619
5625.92036726
5626.03973969
5626.15218671
5626.26899792
5626.43863870
5626.53432651
5626.65096486
5626.75587111
5626.88348770
5626.98952010
5627.09543279
5627.21013432
5627.30591284
5627.41092173
5627.50634526
5627.60066506
5627.71911808
5627.83390689
5627.96167221
5628.07030532
5628.18398968
5628.30070605
5628.41734318
5628.53514059
5628.64071658
5628.76644512
5628.86126863
5628.97824758
5629.09812274
5629.21189779
5629.32777887
5629.44432091
5629.56996704
5629.67684205
5629.79441296
5629.95400441
5630.05267450
5630.16502546
5630.28863408
5630.40840220
5630.51502999
5630.61870744
5630.72486174
5630.83115185
5630.93673150
5631.05248092
5631.14821092
5631.26211007
5631.38071352
5631.49865795
5631.61408652
5631.73000173
5631.85735525
5631.96228637
5632.07978950
5632.19528951
5632.31228016
5632.41728344
5632.53373698
5632.66364026
5632.76720141
5632.88394533
5632.99955139
5633.11712426
5633.23411662
5633.34838953
5633.46622864
5633.63064873
5633.72155374
5633.83626331
5633.99783156
5634.11446650
5634.20842839
5634.31405509
5634.40882229
5634.51542106
5634.62107239
5634.72671762
5634.82158112
5634.94742058
5635.05286760
5635.17183823
5635.28746135
5635.40628789
5635.52084362
5635.63738347
5635.75427708
5635.87055947
5635.98514056
5636.10285142
5636.21872909
5636.32306116
5636.44021419
5636.54641994
5636.66323213
5636.78064823
5636.89540461
5637.01287752
5637.18035595
5637.26728858
5637.37283799
5637.49971487
5637.60647284
5637.71204810
5637.82190490
5637.93531131
5638.02679829
5638.13432452
5638.22915169
5638.32277517
5638.43964855
5638.55619767
5638.68389301
5638.79165256
5638.90638627
5639.02648451
5639.12838240
5639.24317633
5639.36083599
5639.48567584
5639.59461762
5639.71031242
5639.82898707
5639.94275237
5640.06047786
5640.17724616
5640.29488461
5640.40948886
5640.52632031
5640.64204998
5640.80369673
5640.90640406
5641.02712378
5641.12885075
5641.23463520
5641.33928716
5641.44651300
5641.55321076
5641.66809758
5641.76251150
5641.86842663
5641.96200208
5642.07873820
5642.19554795
5642.31222945
5642.44438138
5642.54616833
5642.65076738
5642.76866256
5642.88476356
5643.00128585
5643.11800612
5643.24272065
5643.35474710
5643.46087946
5643.58264244
5643.68599001
5643.79415696
5643.90480004
5644.02630141
5644.13500889
5644.25278924
5644.37102698
5644.49253224
5644.60609762
5644.73340994
5644.83169408
5644.93841841
5645.04530512
5645.16511470
5645.32337616
5645.40905561
5645.51509850
5645.61187492
5645.72954897
5645.83913782
5645.95792096
5646.07284070
5646.17785129
5646.29605831
5646.40407630
5646.52282628
5646.64144899
5646.75632118
5646.87489830
5647.00263753
5647.10941964
5647.21806251
5647.32389816
5647.44142787
5647.61455439
5647.70883909
5647.86050673
5647.95847368
5648.06790722
5648.18075506
5648.29848860
5648.41415220
5648.52344726
5648.63213621
5648.73680181
5648.84456916
5648.95065471
5649.07158581
5649.19691767
5649.30468550
5649.42147331
5649.52834807
5649.63592866
5649.74288534
5649.85034183
5649.96741319
5650.07368501
5650.18053539
5650.28779952
5650.40710855
5650.52497765
5650.64105499
5650.75841843
5650.86518689
5650.98393760
5651.09047054
5651.19833785
5651.30598769
5651.42256191
5651.53937361
5651.65043287
5651.82112056
5651.90579771
5652.00133217
5652.11030101
5652.21481473
5652.33344768
5652.43837392
5652.55991820
5652.66360759
5652.77233214
5652.88909556
5653.00682227
5653.13455638
5653.24224327
5653.36056512
5653.46661313
5653.59747799
5653.71620017
5653.84391990
5653.99570896
5654.08010987
5654.18792476
5654.30571511
5654.41175214
5654.51943952
5654.64606405
5654.75485101
5654.92671045
5655.02417393
5655.13087023
5655.23656422
5655.36424006
5655.48295810
5655.59957158
5655.71848735
5655.82506442
5655.94286988
5656.04979414
5656.16701909
5656.33943637
5656.43557718
5656.55554572
5656.66012331
5656.78959895
5656.89546386
5657.00329362
5657.10884791
5657.26035659
5657.39012236
5657.50395520
5657.60264211
5657.71005130
5657.83013712
5657.94769365
5658.06187196
5658.18018162
5658.29839425
5658.39708848
5658.50477098
5658.60779112
5658.72630192
5658.84398475
5658.95699912
5659.07142026
5659.17617584
5659.29300021
5659.41345149
5659.52880887
5659.64712097
5659.75564778
5659.86928606
5659.97719408
5660.08972229
5660.20258964
5660.30929179
5660.43092384
5660.60343839
5660.69444678
5660.87878316
5660.97461677
5661.09215088
5661.21005582
5661.33520554
5661.44521374
5661.55178277
5661.67158918
5661.79402628
5661.90576114
5662.02249726
5662.14237680
5662.25793044
5662.37712586
5662.53799316
5662.64654753
5662.76238911
5662.85905777
5662.97764172
5663.09930619
5663.21225766
5663.31876744
5663.43752912
5663.56457349
5663.67427742
5663.83350583
5663.92047357
5664.03802498
5664.14589083
5664.27336869
5664.36937054
5664.47499651
5664.59364823
5664.71064376
5664.84001212
5664.94679009
5665.07260030
5665.17138206
5665.27801179
5665.38461105
5665.50292730
5665.61985041
5665.72765823
5665.84831431
5665.94125050
5666.06061878
5666.18075433
5666.29512672
5666.41277443
5666.52244520
5666.64825809
5666.75599301
5666.87228467
5666.99019033
5667.10828227
5667.22603215
5667.33482813
5667.44052846
5667.55192906
5667.65377476
5667.77059036
5667.89602876
5668.03342430
5668.16640372
5668.28903392
5668.41307286
5668.52979678
5668.64874035
5668.78115194
5668.88004975
5669.00357059
5669.12751492
5669.24409988
5669.36655064
5669.49541163
5669.64980555
5669.78619294
5669.90368437
5670.03457654
5670.16524611
5670.28777514
5670.41174653
5670.53330983
5670.66106637
5670.78161249
5670.92140955
5671.02412639
5671.14751972
5671.27676300
5671.39701119
5671.51966017
5671.63649381
5671.73809741
5671.87066845
5671.99245191
5672.11310945
5672.23376310
5672.36241612
5672.47513207
5672.60160397
5672.72822095
5672.85517950
5672.97472527
5673.11032271
5673.21215014
5673.34276461
5673.46805843
5673.58555889
5673.70532214
5673.82587216
5673.94949711
5674.06971409
5674.19639713
5674.31005296
5674.42912355
5674.56158610
5674.67336508
5674.80693184
5674.92596829
5675.04922631
5675.18390898
5675.35203887
5675.45347888
5675.56442794
5675.68494163
5675.81665544
5675.93916862
5676.07678577
5676.19147877
5676.31122764
5676.44320719
5676.55685425
5676.68639352
5676.81798639
5676.93865296
5677.05922054
5677.23442577
5677.36702850
5677.49674844
5677.60925861
5677.72906477
5677.85480135
5677.98147879
5678.10932285
5678.24189828
5678.34947814
5678.46665872
5678.58736234
5678.70800550
5678.82799330
5678.94730819
5679.06111542
5679.19078806
5679.31843927
5679.44401810
5679.55396950
5679.68252061
5679.81074477
5679.92931994
5680.04911245
5680.16959250
5680.30424518
5680.42002654
5680.53759307
5680.66538862
5680.78516504
5680.91679936
5681.03745227
5681.16018097
5681.28079024
5681.40048962
5681.52649146
5681.64397314
5681.76441638
5681.89532367
5682.00596967
5682.12977357
5682.23724103
5682.35883481
5682.47877872
5682.61315492
5682.73232133
5682.85141703
5682.98557405
5683.10574934
5683.22747696
5683.36607765
5683.47800414
5683.61141681
5683.73207776
5683.85280504
5683.97456119
5684.10193299
5684.22656341
5684.34713050
5684.47032512
5684.58900805
5684.71169604
5684.85225964
5684.96218933
5685.08400131
5685.20938997
5685.32620825
5685.45878977
5685.58740720
5685.74315036
5685.86297310
5685.98860143
5686.11688289
5686.23824797
5686.36072701
5686.47845714
5686.59620799
5686.71203908
5686.83060133
5686.96632921
5687.07307305
5687.18366785
5687.30736326
5687.42477375
5687.54836188
5687.66809344
5687.77773641
5687.89768642
5688.02085666
5688.15057099
5688.27328214
5688.40206146
5688.50284903
5688.61444346
5688.74430334
5688.86800484
5688.98665364
5689.11718984
5689.22987800
5689.36055415
5689.48061387
5689.60341206
5689.72699995
5689.85375833
5689.95441742
5690.07910586
5690.20794296
5690.33447265
5690.45023158
5690.57995127
5690.68947527
5690.81344203
5690.93208888
5691.05380285
5691.17945385
5691.30439074
5691.42891046
5691.53860342
5691.65843664
5691.77997653
5691.88973580
5692.03119125
5692.14242971
5692.26418342
5692.37384785
5692.49783022
5692.62727392
5692.75888142
5692.86866093
5692.99024397
5693.11004087
5693.24176370
5693.35327571
5693.46921677
5693.58397583
5693.67791408
5693.78271743
5693.88844093
5693.99240095
5694.10779417
5694.22150412
5694.33340379
5694.44402956
5694.55963294
5694.67453854
5694.79176861
5694.89839200
5695.02084886
5695.12592139
5695.25359430
5695.35928512
5695.47496067
5695.57878367
5695.69444727
5695.82000172
5695.91487717
5696.02956846
5696.14924979
5696.26112459
5696.35483219
5696.44821528
5696.56434602
5696.65806264
5696.76475649
5696.86737386
5697.03793745
5697.15292375
5697.27937493
5697.38725346
5697.50081981
5697.61643538
5697.72041661
5697.83897861
5697.95314376
5698.07879818
5698.17287247
5698.27844943
5698.39216329
5698.50981783
5698.62443476
5698.74011981
5698.86588662
5698.96470422
5699.07436670
5699.18015115
5699.27432467
5699.36756123
5699.47206568
5699.57666960
5699.69236636
5699.78803418
5699.90186287
5700.01160727
5700.12310490
5700.23993001
5700.35366898
5700.48127094
5700.57712113
5700.67978117
5700.79740426
5700.90074867
5701.01643543
5701.12176907
5701.23518450
5701.33068410
5701.44452474
5701.56209054
5701.67779778
5701.79230475
5701.89821622
5702.00184393
5702.08566628
5702.21045566
5702.31657876
5702.42150573
5702.52527022
5702.64154968
5702.75842818
5702.89511789
5703.00913797
5703.10355920
5703.19730313
5703.29204789
5703.38591494
5703.49254346
5703.57443801
5703.66801981
5703.76505516
5703.89063229
5703.98603973
5704.07856631
5704.17641453
5704.27910869
5704.36093815
5704.45349960
5704.55136586
5704.64314492
5704.73779850
5704.83158242
5704.92580787
5705.01952668
5705.13026558
5705.21136970
5705.30284523
5705.39806128
5705.49145119
5705.61759201
5705.70043498
5705.79677986
5705.90243071
5705.98424334
5706.08810145
5706.18498881
5706.27650164
5706.37115546
5706.46600141
5706.56066962
5706.65570451
5706.75935076
5706.84290053
5706.93673418
5707.03180443
5707.12554811
5707.21950416
5707.31412580
5707.40694105
5707.50069425
5707.60735056
5707.69107319
5707.78889142
5707.88269044
5707.97324267
5708.07214072
5708.16194542
5708.25562840
5708.34955811
5708.46050107
5708.57078746
5708.65615751
5708.81243705
5708.90830505
5709.00100328
5709.09664599
5709.20327280
5709.28518978
5709.37919507
5709.47891282
5709.56645814
5709.66217594
5709.75574872
5709.84861542
5709.94330484
5710.05074817
5710.13142782
5710.25786437
5710.35345954
5710.44824381
5710.54299759
5710.63686318
5710.76338214
5710.84917399
5710.92901372
5711.02270157
5711.15048883
5711.22231650
5711.31512005
5711.41090612
5711.50386986
5711.60428124
5711.71009812
5711.79236033
5711.88298984
5711.97680057
5712.07065397
5712.22018463
5712.31208658
5712.40877840
5712.51379095
5712.59639401
5712.68915685
5712.78481419
5712.87776257
5712.97393825
5713.06736913
5713.16545603
5713.25571349
5713.36102641
5713.44317769
5713.54176392
5713.63160324
5713.72536691
5713.82010168
5713.91380953
5714.00959170
5714.10338732
5714.21094304
5714.29182310
5714.38604124
5714.47988293
5714.57447093
5714.66842014
5714.76248858
5714.85672013
5714.94969922
5715.05738417
5715.13825521
5715.23390572
5715.32869462
5715.42239271
5715.51719209
5715.61386416
5715.70956832
5715.80236456
5715.91194829
5715.99577210
5716.08370801
5716.17847788
5716.27239102
5716.36887682
5716.46064297
5716.58758908
5716.69610322
5716.77593369
5716.87061116
5716.97060148
5717.06008752
5717.15399236
5717.24900386
5717.34363671
5717.43760494
5717.54723890
5717.65869264
5717.75435584
5717.84897553
5717.94377710
5718.03762806
5718.13116670
5718.22605190
5718.34695154
5718.42973966
5718.52127638
5718.61693007
5718.70987893
5718.80856170
5718.89960227
5718.99419563
5719.08832259
5719.19523441
5719.27687711
5719.37171403
5719.46652170
5719.56022101
5719.65513595
5719.75080232
5719.84554562
5719.93931588
5720.04510666
5720.12973895
5720.22249667
5720.31625425
5720.41545390
5720.50666709
5720.60414934
5720.69617734
5720.78877097
5720.89827303
5720.97797549
5721.07195372
5721.16748062
5721.26143545
5721.38892111
5721.48473279
5721.58002051
5721.68588030
5721.76675110
5721.86120183
5721.95983096
5722.05125017
5722.14608734
5722.23973545
5722.33558125
5722.42934566
5722.54015770
5722.61798137
5722.71372307
5722.80735826
5722.90157079
5722.99751778
5723.07694669
5723.16779563
5723.26153273
5723.36576143
5723.45019891
5723.54872833
5723.64118689
5723.73333680
5723.82886077
5723.93251189
5724.02830699
5724.13498109
5724.21682713
5724.31250178
5724.40828274
5724.50097999
5724.59648300
5724.68930216
5724.78412836
5724.88086309
5724.98702545
5725.07000251
5725.16664290
5725.25948668
5725.35215711
5725.44816213
5725.54267942
5725.63638629
5725.75344667
5725.83679482
5725.93085399
5726.02568457
5726.12112615
5726.21491152
5726.30990521
5726.40559133
5726.49848217
5726.60484932
5726.68754283
5726.78232368
5726.87689169
5726.97083334
5727.07055474
5727.15929156
5727.25486942
5727.35002403
5727.45835116
5727.54121266
5727.63390724
5727.72775576
5727.82351745
5727.91630248
5728.01019220
5728.10426040
5728.24407355
5728.31570641
5728.40965611
5728.50412318
5728.60306829
5728.69469717
5728.79350965
5728.88325316
5729.04275366
5729.13668605
5729.23234339
5729.32624824
5729.42044541
5729.54678931
5729.64274630
5729.73638782
5729.84308851
5729.92594806
5730.02152568
5730.11528960
5730.21238005
5730.30576826
5730.39867178
5730.49494669
5730.58824908
5730.69604861
5730.77672265
5730.87173244
5730.96477395
5731.06045714
5731.15758246
5731.24919817
5731.34809720
5731.43954079
5731.54527526
5731.62802631
5731.72181291
5731.80268176
5731.88141045
5731.96114583
5732.04392394
5732.17863660
5732.26995926
5732.36570194
5732.43265805
5732.51094789
5732.59360849
5732.68434674
5732.77528174
5732.89998676
5732.96863784
5733.05042487
5733.12926474
5733.22807332
5733.29190941
5733.38975787
5733.46681256
5733.55523365
5733.63437779
5733.75986129
5733.85078776
5733.94325218
5734.03819833
5734.10413337
5734.18638803
5734.26605953
5734.34583758
5734.43763298
5734.51743809
5734.60121583
5734.67904486
5734.75980887
5734.83851879
5734.94646071
5735.02237901
5735.10686989
5735.18404795
5735.26493533
5735.34489623
5735.43847729
5735.51740347
5735.59905568
5735.62197692
5735.69694192
5735.78958310
5735.89525028
5735.96130674
5736.04199346
5736.13180206
5736.21366712
5736.29633113
5736.37496303
5736.45683857
5736.53576158
5736.61669747
5736.69734372
