11.80372331
11.89954242
11.95950128
12.02740809
12.10596036
12.18473060
12.24974315
12.32938866
12.40516077
12.48496036
12.56283606
12.64160459
12.71935570
12.79888345
12.86379701
12.94069967
13.01834691
13.12011229
13.19809599
13.26595063
13.33052383
13.40632203
13.48804212
13.55193972
13.61966465
13.71452339
13.76541157
13.83336641
13.91109753
13.98976829
14.05452313
14.13331896
14.21233398
14.27813623
14.34516118
14.42493470
14.50165790
14.56833153
14.69310180
14.75724370
14.82294136
14.89052244
14.96917760
15.03514173
15.10182925
15.18183000
15.25965669
15.32629008
15.39334868
15.47254656
15.53969220
15.60565414
15.69823204
15.76235688
15.83795369
15.90782829
15.98553673
16.05240223
16.11844878
16.19792265
16.27573349
16.34050028
16.42037034
16.49811950
16.57590328
16.65767188
16.71948370
16.79854309
16.86518087
16.94315458
17.03182105
17.13153306
17.19856386
17.27721414
17.35596146
17.42191438
17.49360390
17.58341529
17.64426163
17.71139459
17.79007120
17.86671639
17.93457151
18.00146334
18.08256757
18.14786196
18.22460711
18.30240187
18.38422996
18.44706456
18.53023629
18.59289485
18.65951825
18.73838333
18.81607885
18.89389164
18.95973290
19.03957687
19.13844043
19.19526756
19.26449094
19.33980981
19.40674406
19.48779221
19.55155255
19.63136971
19.69599801
19.76297737
19.84164643
19.91865660
19.98637885
20.08695687
20.16489840
20.23077184
20.29845630
20.39031276
20.45313542
20.53091286
20.60964871
20.68744395
20.75523227
20.85397636
20.93375402
21.01155121
21.07652182
21.15540080
21.23507873
21.31482933
21.36676515
21.44646137
21.51134495
21.58007291
21.65713087
21.73663448
21.80240699
21.90317835
21.98010295
22.06978756
22.13657358
22.22841542
22.29115834
22.36906305
22.43694792
22.51477023
22.58139753
22.65918545
22.73722840
22.81687635
22.88267543
22.96143494
23.04631114
23.13132338
23.18288545
23.26172858
23.33969693
23.40733823
23.48429159
23.59585543
23.65164028
23.71757418
23.79668380
23.86350176
23.92904020
24.00810130
24.10174465
24.15438728
24.21956367
24.29902242
24.36489854
24.43183621
24.51296701
24.58933231
24.66621716
24.73387602
24.81265259
24.88856197
24.96617508
25.06090948
25.12191672
25.18960679
25.25742510
25.33537028
25.43492187
25.49076376
25.56887230
25.64746992
25.71415207
25.79129000
25.86994711
25.93677262
26.03050813
26.09146832
26.17122526
26.23814854
26.33669953
26.41569334
26.48253178
26.55244953
26.62737123
26.70798540
26.77268221
26.84061341
26.93326908
26.98418529
27.06188959
27.14091339
27.23041514
27.29555569
27.37300204
27.45189881
27.51882405
27.58777022
27.67062402
27.75226658
27.83805609
27.89709676
27.97690343
28.04252185
28.11058494
28.18731010
28.26533330
28.33290927
28.41151005
28.48744868
28.55519263
28.62214054
28.70089858
28.79175787
28.84465674
28.92321974
29.00116005
29.06889010
29.13568587
29.21344405
29.28127699
29.34803863
29.42618446
29.50484693
29.56976488
29.63839167
29.73212669
29.78299292
29.85086901
29.92875446
30.00566418
30.07337692
30.14027241
30.21901266
30.28287930
30.35257738
30.43171065
30.50943299
30.58624202
30.66798527
30.73182046
30.79673793
30.86467229
30.94253921
31.02218057
31.08808766
31.16592240
31.26644288
31.33235411
31.39931177
31.47705801
31.57266841
31.62164829
31.70136597
31.80016979
31.86790667
31.93486189
32.01348998
32.08941837
32.15721620
32.23595694
32.31472839
32.38055063
32.44738224
32.54016762
32.59315085
32.65796006
32.73773918
32.81558197
32.88130254
32.95006073
33.02793692
33.10482689
33.17166046
33.24957906
33.34007288
33.40590268
33.51579081
33.59476195
33.70516891
33.76117221
33.83904790
33.91473102
33.99244068
34.05933739
34.13613545
34.20307995
34.27090606
34.37248882
34.43829205
34.52698118
34.60406645
34.68271429
34.74869086
34.81555393
34.89494783
34.97217328
35.03894468
35.10762412
35.20740099
35.27807796
35.32993113
35.40786778
35.48559061
35.56249643
35.64135517
35.71893976
35.78677099
35.85264321
35.93237040
35.99837842
36.06811405
36.14387226
36.24760664
36.36544370
36.44233611
36.52224445
36.58700710
36.65370266
36.73149205
36.81111684
36.87608282
36.94485272
37.02180560
37.10139210
37.18227861
37.24596556
37.32311617
37.38882918
37.45546623
37.53446199
37.61328782
37.67914419
37.75971861
37.83873339
37.90242644
37.97014333
38.04796100
38.16086262
38.20462034
38.28158053
38.36120702
38.42697416
38.49386916
38.57272181
38.63767292
38.71634246
38.79619789
38.87390194
38.93991411
39.00694394
39.10033397
39.16320880
39.22909833
39.30773398
39.38571378
39.46695015
39.54131475
39.62002184
39.68507803
39.75463470
39.83173532
39.90938403
39.97623710
40.07102636
40.15468765
40.21053808
40.27650466
40.35498549
40.43481678
40.49996538
40.57772356
40.65630655
40.72228556
40.79108910
40.86784132
40.93457493
41.01739849
41.08041619
41.16104450
41.22408073
41.29194414
41.37160209
41.44929858
41.51432844
41.59407660
41.67113163
41.73680027
41.80453276
41.88344002
41.99786277
42.04890551
42.12777132
42.20533543
42.27218094
42.34010409
42.41779498
42.48465438
42.55169982
42.62939412
42.70901866
42.77579834
42.84192218
42.93641081
42.98637519
43.05416156
43.13203433
43.21195291
43.27860020
43.35641397
43.43422701
43.50119515
43.56809381
43.64683577
43.72557479
43.79056979
43.88423776
43.94702287
44.01208003
44.08092649
44.15867199
44.22648737
44.29235789
44.37111642
44.44871564
44.52751415
44.59354363
44.67127280
44.73926275
44.82098649
44.88472343
44.96241188
45.02836456
45.09706985
45.17495676
45.24176302
45.31866494
45.39743810
45.47531892
45.54086955
45.61972366
45.69854533
45.79119004
45.84331823
45.92084674
45.99865515
46.06463538
46.13226815
46.21123465
46.31097567
46.37793845
46.45748376
46.53532605
46.60217108
46.66819568
46.76168640
46.82373228
46.89159081
46.96929706
47.04805486
47.11404923
47.18164324
47.26047857
47.32636322
47.39413131
47.47103201
47.55071019
47.61641370
47.69846853
47.76109297
47.83014739
47.89695048
47.97571169
48.05235761
48.11834174
48.19716562
48.27504107
48.34268798
48.40969123
48.48825691
48.55409671
48.63810421
48.69963565
48.77760351
48.84424690
48.91205984
48.99103220
49.06788219
49.13384340
49.21330288
49.29109959
49.36805588
49.43503719
49.51260910
49.60630145
49.65817218
49.73710528
49.81511678
49.88168605
49.98231064
50.05908554
50.12419415
50.19383055
50.27163700
50.34935739
50.41536639
50.48416140
50.57784937
50.62792127
50.69643321
50.77425868
50.85218583
50.91716497
50.98501425
51.06371085
51.13040447
51.19641054
51.27516273
51.35388542
51.41986565
51.48751500
51.60245341
51.65406813
51.72110284
51.79888857
51.87862088
51.94328551
52.02136991
52.10089571
52.16702442
52.23560146
52.31257750
52.39033983
52.46813580
52.56169845
52.64674629
52.70244409
52.77031336
52.84717505
52.91392645
52.98080756
53.05976845
53.13842044
53.20501848
53.27203856
53.34988109
53.41852421
53.50031208
53.56228359
53.64112502
53.70502823
53.78465399
53.86379262
53.94126238
54.00734647
54.08607331
54.16476016
54.23064189
54.32943913
54.42501662
54.48684282
54.55386216
54.63181027
54.71529383
54.77816525
54.84097888
54.90476579
54.96686677
55.02960677
55.09431626
55.15618854
55.21991427
55.28198428
55.34460579
55.42650946
55.47139041
55.53419039
55.59811238
55.66074071
55.72370087
55.78745683
55.88229338
55.93311329
55.99603029
56.05980039
56.12267107
56.18549909
56.25023589
56.31225031
56.37594970
56.46668879
56.51166458
56.57558876
56.63839118
56.70111094
56.76489323
56.82672967
56.88977419
56.95346773
57.01630306
57.07908987
57.14204540
57.20583817
57.26659209
57.33052018
57.39348595
57.45813400
57.53781632
57.58200315
57.64761230
57.70940973
57.77230553
57.84620493
57.91001233
57.97374317
58.03501447
58.09759940
58.16324805
58.22416582
58.28613343
58.35035530
58.41354952
58.47551104
58.54031805
58.61807843
58.66598018
58.72880137
58.79056345
58.86448139
58.92823563
58.98915023
59.05398163
59.11770564
59.18066946
59.24283651
59.30602268
59.36920032
59.43215341
59.49495826
59.55874591
59.62068475
59.70034709
59.74733163
59.82108475
59.89603644
59.95772269
60.01952110
60.08456022
60.14631548
60.20903378
60.27388809
60.33665906
60.39873931
60.46152490
60.55806495
60.62199986
60.68493077
60.76369929
60.80952403
60.90430061
60.95910753
61.02077696
61.08273628
61.14670387
61.21044958
61.27222556
61.33602832
61.39800447
61.46059891
61.52467938
61.58744864
61.65027007
61.71214820
61.77683551
61.85589758
61.94567557
62.00831903
62.07218299
62.13506391
62.19889447
62.26070653
62.32447321
62.39752611
62.46120259
62.52396819
62.61980704
62.68148525
62.74539115
62.82528534
62.87016629
62.94589525
63.00859794
63.07047023
63.13430956
63.19709686
63.25897304
63.32394902
63.38567648
63.44868321
63.51327884
63.57413688
63.63904581
63.70075644
63.76378048
63.82741039
63.91621070
63.97514532
64.03715633
64.09990584
64.16380320
64.22668778
64.28832064
64.35223093
64.41532714
64.47865837
64.54170362
64.60439437
64.66917579
64.73098615
64.79386049
64.85668045
64.91955504
64.99824091
65.04834743
65.10814612
65.17192084
65.23387505
65.32964441
65.38337102
65.44630509
65.50717532
65.57788521
65.63473208
65.69669628
65.76042322
65.82231452
65.88618531
65.95991381
66.03866088
66.08650948
66.14849782
66.21125610
66.27610018
66.34902922
66.42284574
66.48474337
66.54836913
66.61218897
66.67403955
66.73701678
66.80070251
66.86277716
66.92744569
66.98924556
67.05209844
67.13185318
67.17868680
67.24047912
67.30428310
67.36814633
67.43197543
67.49377359
67.55576436
67.62046411
67.68323678
67.74608576
67.80996435
67.87287209
67.94447725
68.00950248
68.07223199
68.13512633
68.21388315
68.25977859
68.33364362
68.39638362
68.46122599
68.52408619
68.58591629
68.65084400
68.71269165
68.77456832
68.83947750
68.90210973
68.96505917
69.02993152
69.09071568
69.15165905
69.21734451
69.29445392
69.34311806
69.40495572
69.46866389
69.53154481
69.59442890
69.65730227
69.72010517
69.78387185
69.84594528
69.90873160
69.98342948
70.05717505
70.11900637
70.18207893
70.24682328
70.35972100
70.39354836
70.45833222
70.51804118
70.58196755
70.64676140
70.70878509
70.77252398
70.83439480
70.89724232
70.97195386
71.03378201
71.09954378
71.16041352
71.22326811
71.28705186
71.34993595
71.42870789
71.47582506
71.53848875
71.60228055
71.66409334
71.72700839
71.79171399
71.85361138
71.91643940
71.99026225
72.05412523
72.11699372
72.17975981
72.24176667
72.30553774
72.36848498
72.43127277
72.51082271
72.55769973
72.62058650
72.68345450
72.74550110
72.81027155
72.87222161
72.93497380
73.00957684
73.07163466
73.13534210
73.19839637
73.26012431
73.32685694
73.38776715
73.44959116
73.51433625
73.59233775
73.63903703
73.70289880
73.76570633
73.82663922
73.89067702
73.96527640
74.03826542
74.10193165
74.16370641
74.22774128
74.29150967
74.35227530
74.41612196
74.47906895
74.54288781
74.60575995
74.71626029
74.75414781
74.81700776
74.87992550
74.94288322
75.03759787
75.08964707
75.15429658
75.21502247
75.27899127
75.34185391
75.40464048
75.46939678
75.53045645
75.59309551
75.65791520
75.72078442
75.79951077
75.84564417
75.90931284
75.98416628
76.04523984
76.10797252
76.17271006
76.23543616
76.29844386
76.36116167
76.42501052
76.48704347
76.55047150
76.61155579
76.67621628
76.73793179
76.80075176
76.88264593
76.93860266
77.00221403
77.06405218
77.12690604
77.18982256
77.25358047
77.31903431
77.38034997
77.44223762
77.50515974
77.56806675
77.63172811
77.69564424
77.75839790
77.82033796
77.88328788
77.97387703
78.03279946
78.09449814
78.15735517
78.23135040
78.29491130
78.35671313
78.41968231
78.48252056
78.54540441
78.60916743
78.67444695
78.73499803
78.79782580
78.86044487
78.92444318
78.98717074
79.06590514
79.11530827
79.17656103
79.23856643
79.30232702
79.39720380
79.46183820
79.52468645
79.58653971
79.64952669
79.71314685
79.77616942
79.83804658
79.90069271
79.97643532
80.03828346
80.11645051
80.16498934
80.23805711
80.30064717
80.36449991
80.43439377
80.49918787
80.56002567
80.62390158
80.68680444
80.74961539
80.81230419
80.87620692
80.93998238
81.01374720
81.07464303
81.15791984
81.20131111
81.26524529
81.32706101
81.39105248
81.45365034
81.51652566
81.57946534
81.64222582
81.70493144
81.76790038
81.83172972
81.89548445
81.95830369
82.01310988
82.07498070
82.13782822
82.19975658
82.28132063
82.32843536
82.39015941
82.45228038
82.51686796
82.57956481
82.64084390
82.70420830
82.76810298
82.83025028
82.89368416
82.95655460
83.03163600
83.09418826
83.18889608
83.25375284
83.33264303
83.37679011
83.44133771
83.50416037
83.56799848
83.62991660
83.69359503
83.75636599
83.82032796
83.88327861
83.94706066
84.00784579
84.07162296
84.13361349
84.19733897
84.26358933
84.32334730
84.40291528
84.45092309
84.51486799
84.57556901
84.63841507
84.70112289
84.76608497
84.82799334
84.88971324
84.95677939
85.01661440
85.07817144
85.14311182
85.20576844
85.26964971
85.33061990
85.39440267
85.47336673
85.51995801
85.58394680
85.64575374
85.70864417
85.77154460
85.83518401
85.89903968
85.96293997
86.02791229
86.08653703
86.15039856
86.21415500
86.27596511
86.33977689
86.40262149
86.46646302
86.54448866
86.59216733
86.65494170
86.71781604
86.78067648
86.87541259
86.93837421
87.00302446
87.06583614
87.12877655
87.19159189
87.25438284
87.31617442
87.38030097
87.44296149
87.50471845
87.58347405
87.63145455
87.69622402
87.75697088
87.85297577
87.91762772
87.97853696
88.04232680
88.10613493
88.16711219
88.23082011
88.29465530
88.35747722
88.42020308
88.48224823
88.54521765
88.62677560
88.67180552
88.73363855
88.79925258
88.86109438
88.92407259
88.98694595
89.06084121
89.12349295
89.18740348
89.25030050
89.31392552
89.37686496
89.43881648
89.50156770
89.56334367
89.62831087
89.70694482
89.75380867
89.81683344
89.87992696
89.94438314
90.00533870
90.08002317
90.15301244
90.21661674
90.27950449
90.34247635
90.40616843
90.46805949
90.53190931
90.59385717
90.65767383
90.72048966
90.80019490
90.84720480
90.90910829
90.97191655
91.04680924
91.10956362
91.17326497
91.23526574
91.29800915
91.36091835
91.42480987
91.48662827
91.55131606
91.61234354
91.67600148
91.73897262
91.80196350
91.88360312
91.93933555
92.00225183
92.07615708
92.13979894
92.19993993
92.26457335
92.32841732
92.39223569
92.45420159
92.54913250
92.61281092
92.67563528
92.73825582
92.80229410
92.86506019
92.94484955
92.99064381
93.05452630
93.12824431
93.19021436
93.25311235
93.31778162
93.37967096
93.44151984
93.50562834
93.56914244
93.63293009
93.69577200
93.75678729
93.82055495
93.88349414
93.94513895
94.02883170
94.08367081
94.14764863
94.20862003
94.27230943
94.33511574
94.39898970
94.46108995
94.52485882
94.58664138
94.65125774
94.71313465
94.77501181
94.84083113
94.90259394
94.96543561
95.02749392
95.14006786
95.18684589
95.24989455
95.31167979
95.37654776
95.43853659
95.50135924
95.56587954
95.62779546
95.69049133
95.75444404
95.81717136
95.88016517
95.94296490
96.00574952
96.08058174
96.14242452
96.22116769
96.30208272
96.36416224
96.42565588
96.48960177
96.55253974
96.61523122
96.68013381
96.74187590
96.80668024
96.86759166
96.93059278
96.99441676
97.06733167
97.14204369
97.22061619
97.26764462
97.33132889
97.39416593
97.45710171
97.52095275
97.58269801
97.64660610
97.70841791
97.77223165
97.84519800
97.90891104
97.97097520
98.03479528
98.09836960
98.15929297
98.22420239
98.30316328
98.35079806
98.41358634
98.50835292
98.57129698
98.63509195
98.69668872
98.75970667
98.82337900
98.88734438
98.95012510
99.01107042
99.07577284
99.13789454
99.20149860
99.26332066
99.34619616
99.39198603
99.45385587
99.51663025
99.57869075
99.64149999
99.70509894
99.76890828
99.84580801
99.90850656
99.97145112
100.03248592
100.09519203
100.16996378
100.23199991
100.29295303
100.35459247
100.43442206
100.47830388
100.54099853
100.60589819
100.66558838
100.76138530
100.81243048
100.87409675
100.93588711
100.99885970
101.06164188
101.12152126
101.19535704
101.25723810
101.31915036
101.38282976
101.44471155
101.52249606
101.56938113
101.63129169
101.69505203
101.75586033
101.81769701
101.88054356
101.94231076
102.00334385
102.06809796
102.12806731
102.18985669
102.25359631
102.31354055
102.37726895
102.43904103
102.50187343
102.56366379
102.64172284
102.68945807
102.75032902
102.81315874
102.87593166
102.93788757
102.99864271
103.06148560
103.12259500
103.18623563
103.24814132
103.31092179
103.37285844
103.43548360
103.49642380
103.55921915
103.62013253
103.68388312
103.76086964
103.80762451
103.87043960
103.93225020
103.99505457
104.05610984
104.12885530
104.19245546
104.25231290
104.31625195
104.37911752
104.44092226
104.50270751
104.56457930
104.62739220
104.68933226
104.75208859
104.82912339
104.87581317
104.93960350
105.00050127
105.06320933
105.12416416
105.19798652
105.25966132
105.32162722
105.38355290
105.44634191
105.54199498
105.60386238
105.66858187
105.73055338
105.78936708
105.86729129
105.91523181
105.97583847
106.03965245
106.10248218
106.16230719
106.22525760
106.28716962
106.34983209
106.41183261
106.47356617
106.53357477
106.59732560
106.66018678
106.72294799
106.78373191
106.84666427
106.90945718
106.98729362
107.03311446
107.09593150
107.15778452
107.21967923
107.28341349
107.34349450
107.40602166
107.46906422
107.53080290
107.59273735
107.65460573
107.71842386
107.77924093
107.84110395
107.90405680
107.96782080
108.02854278
108.10753732
108.15332939
108.21597284
108.27698277
108.33985662
108.40155775
108.46343564
108.52634045
108.58829539
108.65018205
108.71288963
108.77575446
108.86851570
108.92053223
108.98317031
109.04497579
109.10678298
109.18458480
109.23170051
109.29336043
109.35715149
109.41890772
109.49178094
109.55454897
109.61653073
109.67719298
109.74008195
109.80308088
109.86503922
109.92655140
109.98959665
110.05236273
110.11246569
110.17494262
110.25563797
110.29864671
110.36141914
110.42516875
110.48710540
110.54789078
110.61179765
110.67366481
110.73549833
110.79824686
110.86018083
110.92187610
110.98479726
111.04666783
111.10872955
111.17031097
111.23316093
111.29487059
111.37472090
111.42982722
111.49259526
111.55537329
111.61825934
111.67794343
111.74080314
111.80363896
111.86458427
111.92848846
111.98836029
112.05201360
112.11402266
112.17688407
112.23944829
112.30130399
112.36233099
112.44090008
112.48788583
112.55068240
112.61153239
112.67349073
112.73536716
112.79722286
112.86101807
112.92264289
112.99458840
113.06842320
113.13031304
113.19306474
113.25402322
113.31694559
113.37855822
113.44167027
113.52310729
113.56614212
113.62807096
113.68978721
113.75169045
113.81455090
113.87723799
113.94018986
114.00011605
114.06222483
114.12582865
114.18866276
114.25043386
114.31252142
114.37439688
114.43700668
114.49808244
114.56158678
114.63941689
114.68532208
114.74735137
114.80998702
114.90492281
114.96678241
115.02960531
115.09043384
115.15315165
115.21609085
115.27700739
115.33977177
115.40274437
115.46345197
115.52626512
115.58825491
115.65103465
115.73367293
115.77469876
115.83843229
115.90023459
115.96200545
116.02490027
116.08675865
116.14749381
116.21234471
116.27330734
116.33432409
116.39680371
116.46078957
116.52161811
116.58338335
116.64536486
116.70814119
116.77206025
116.85170967
116.90664557
116.97054683
117.02934955
117.09213978
117.15298708
117.21589336
117.27874746
117.33962183
117.40330440
117.46520131
117.52788718
117.58905802
117.65168173
117.71364251
117.77531048
117.83813337
117.91796979
117.96187940
118.02466231
118.08645560
118.14949500
118.24333169
118.29509611
118.35701204
118.41957040
118.48067956
118.54539953
118.60606106
118.66807353
118.73003407
118.79362545
118.85458467
118.91837281
118.99617512
119.04099316
119.10382289
119.16665480
119.22846028
119.29029696
119.35226189
119.41508747
119.47611203
119.53965343
119.60259092
119.66348211
119.72450154
119.78810975
119.84999008
119.91097367
119.97488786
120.03734724
120.11335169
120.16114446
120.22297993
120.28403447
120.34782822
120.40958445
120.47223570
120.53415943
120.59594979
120.65891824
120.71990817
120.78347493
120.84635975
120.90720023
120.97002386
121.03094821
121.09368845
121.15546370
121.23351567
121.28035319
121.34196874
121.40696032
121.46684775
121.52871906
121.59142054
121.65427537
121.71507148
121.77710053
121.84082381
121.90177693
121.96363361
122.02622294
122.08806742
122.15094054
122.21296984
122.27570569
122.35349386
122.39943295
122.46224097
122.52312826
122.58689202
122.64872090
122.70956504
122.77342778
122.84545741
122.90804991
122.98003029
123.04359802
123.10453847
123.16755178
123.23023253
123.29199217
123.35387299
123.43472633
123.47944856
123.54125501
123.60538790
123.66603748
123.72879722
123.78971085
123.85169577
123.91535444
123.97716650
124.03821910
124.10087328
124.16359670
124.25749434
124.32034625
124.38131790
124.44399768
124.52374681
124.56875234
124.63051272
124.69325832
124.75515547
124.81715161
124.87987747
124.95360499
125.01541315
125.07636213
125.13918307
125.20028467
125.26387557
125.33179140
125.39467354
125.45838610
125.51831936
125.59814383
125.64396637
125.70570553
125.76770118
125.83064696
125.89456822
125.95500860
126.01796803
126.07966282
126.14365795
126.20432972
126.26638559
126.32723948
126.38896718
126.45567372
126.51281926
126.57638358
126.63924110
126.71612717
126.76293471
126.83591958
126.89865544
126.96052992
127.02435072
127.08431471
127.14699522
127.20780815
127.27074466
127.33385379
127.39540180
127.45946057
127.52113414
127.61374593
127.66587876
127.73180973
127.80743702
127.90622573
127.96999704
128.03077779
128.09276515
128.15561681
128.21829878
128.28025250
128.34226424
128.40487136
128.46761453
128.52931444
128.59220731
128.65325576
128.71590214
128.77877965
128.85950523
128.90242498
128.96437796
129.02812392
129.08893514
129.15168758
129.21357010
129.27636349
129.33648790
129.40027019
129.46101046
129.52474326
129.58579780
129.64748430
129.71126561
129.78505262
129.84602890
129.92467699
129.96866072
130.03253443
130.09424580
130.15614954
130.21915139
130.28107828
130.34288303
130.40658120
130.46744070
130.53031772
130.59113284
130.65584063
130.71680204
130.77882280
130.84060292
130.90237719
130.96620141
131.04593055
131.08975897
131.15165832
131.21332336
131.27729631
131.33908984
131.39902140
131.46301117
131.52564291
131.58650022
131.64941405
131.71109616
131.78500703
131.85776346
131.92155111
131.98235501
132.04335860
132.12309189
132.16894734
132.22973443
132.29365325
132.35552431
132.41728712
132.47904384
132.54101535
132.60370122
132.66461363
132.72850441
132.79037815
132.85200541
132.91595519
132.97671521
133.03957346
133.10249973
133.16437908
133.24107011
133.28712866
133.34888440
133.41267156
133.47532087
133.53653949
133.59909371
133.66202339
133.73400353
133.79572100
133.85851122
133.92040593
133.98229016
134.04417244
134.10592623
134.16881983
134.23166321
134.31029520
134.35528099
134.41691458
134.47905871
134.54268520
134.60550737
134.66638173
134.73833505
134.80222900
134.86478761
134.92572439
134.98943476
135.05045151
135.11318859
135.17416243
135.23711357
135.29861599
135.37762638
135.45636809
135.51798559
135.58093697
135.64306891
135.70449916
135.76746322
135.82832199
135.89205649
135.95406872
136.01577009
136.07787862
136.13973116
136.20223734
136.26522603
136.32706271
136.38876677
136.46768036
136.51444986
136.57535397
136.63706364
136.70097319
136.76577728
136.82455416
136.88655298
136.94833822
137.01099386
137.07392988
137.13584629
137.19852802
137.25859441
137.32216702
137.38511645
137.44503362
137.50881445
137.58971680
137.63348207
137.70731370
137.76820172
137.83096074
137.89178952
137.95368545
138.01729049
138.07818412
138.14187254
138.20293732
138.26566489
138.32838538
138.38944163
138.45320831
138.51308087
138.57769650
138.65373923
138.70339349
138.76333017
138.82409726
138.88696989
138.95323318
139.01186060
139.07359757
139.13931107
139.19823740
139.26005215
139.32207437
139.39108515
139.44679393
139.50939471
139.57214934
139.63406356
139.69517906
139.77877257
139.82090579
139.88265885
139.94355931
140.00738767
140.07016181
140.13098278
140.19397829
140.25685678
140.31862178
140.38146492
140.44328551
140.50304347
140.56568132
140.62755799
140.69037723
140.75233338
140.81603862
140.89371903
140.93775835
141.00182906
141.06347947
141.12621314
141.18807981
141.25101169
141.31274719
141.37464044
141.43568280
141.49852446
141.56056351
141.62321403
141.68687563
141.74775902
141.80957986
141.87245030
141.93527441
142.01117306
142.06103406
142.12173362
142.19362526
142.25571307
142.31840894
142.38122232
142.44407131
142.50586972
142.56680821
142.62856102
142.69171989
142.75330106
142.81599986
142.88099997
142.94077256
143.05143504
143.08983431
143.14917366
143.21121514
143.27193494
143.33666832
143.39752855
143.45852312
143.52138624
143.58306933
143.64498013
143.70881971
143.77051645
143.83343638
143.89411254
143.96053138
144.01900544
144.08163061
144.15973914
144.20639259
144.26724209
144.33203350
144.39203357
144.45394145
144.51581641
144.59629575
144.69555404
144.74896978
144.81477106
144.87761711
144.94337279
145.00827026
145.07400522
145.13898388
145.22061741
145.26960168
145.33633601
145.40030603
145.46605927
145.54207665
145.60783867
145.67272858
145.73655524
145.80336199
145.87927551
145.94505947
146.00993573
146.07483369
146.15241901
146.25454376
146.30405319
146.36881291
146.43398710
146.49956504
146.56451518
146.64032044
146.70508236
146.77086803
146.83678511
146.90154312
146.96626773
147.02220252
147.08826101
147.15292125
147.21893781
147.29765636
147.38135057
147.44721694
147.51294629
147.57875512
147.64180207
147.72274758
147.78429413
147.84826854
147.91325134
148.01277781
148.07575602
148.14163019
148.20936902
148.29933328
148.34901069
148.41383015
148.47871860
148.54368970
148.60927617
148.67597905
148.75084224
148.81759266
148.88249184
148.94636239
149.01114356
149.08803597
149.15191383
149.21952442
149.28350272
149.36333377
149.41505383
149.47997178
149.54496897
149.60951754
149.67441307
149.73924666
149.81615321
149.88188012
149.94682562
150.01254985
150.07651695
150.14314449
150.20700723
150.27377862
150.34872032
150.42929352
150.48123690
150.54432921
150.61188640
150.67476049
150.74249518
150.81728717
150.88310112
150.94789278
151.01190790
151.07865784
151.14157241
151.20841987
151.27328150
151.33904522
151.40368986
151.48572276
151.53432010
151.60019305
151.66507077
151.72989217
151.79480915
151.87085554
151.94652306
152.01222461
152.07709673
152.14200200
152.20871512
152.27450493
152.34939591
152.41506967
152.49691191
152.54486583
152.60944684
152.67631892
152.77215363
152.82701005
152.90464998
152.96955087
153.03537238
153.10019866
153.16515464
153.22909321
153.29578341
153.39180634
153.47349473
153.52412593
153.58826467
153.65394477
153.71788528
153.78460840
153.84823148
153.94796519
154.02382946
154.08875862
154.15447066
154.21933619
154.28416467
154.34912675
154.41587400
154.52969357
154.56646590
154.63323485
154.69811135
154.76713579
154.82770125
154.89348936
154.95837610
155.02410472
155.12195866
155.17581887
155.24148361
155.30642838
155.37222624
155.43607874
155.50210237
155.58289379
155.63248197
155.69736798
155.76323776
155.82823836
155.89386458
155.95863820
156.02349105
156.08838828
156.15344374
156.22001057
156.28487562
156.35064836
156.41644452
156.49119872
156.55605547
156.64181768
156.68780504
156.75165900
156.81740469
156.88123573
156.94811465
157.01401612
157.07787253
157.18747102
157.25239238
157.31818000
157.38237018
157.44888606
157.51265493
157.57772917
157.66918774
157.72010590
157.78613075
157.84978942
157.91551219
157.98046793
158.04549438
158.11026190
158.17700866
158.25284514
158.31754341
158.38334834
158.44742686
158.51304503
158.57776306
158.64367039
158.72437281
158.77528415
158.85038042
158.91533957
158.98081463
159.04573380
159.11051741
159.17521495
159.25301507
159.34997204
159.40475214
159.48152045
159.54539563
159.61023313
159.69100065
159.74276702
159.80663757
159.87251759
159.93543777
160.00311125
160.06708566
160.13220695
160.19973244
160.27444983
160.33932146
160.40321517
160.50196852
160.56579201
160.63365152
160.71627419
160.76336698
160.83922564
160.90381713
160.97075797
161.03467094
161.09955451
161.16519341
161.23104393
161.29684154
161.37156795
161.44838381
161.51432722
161.57824361
161.64311694
161.72667047
161.77458710
161.83854517
161.90529267
161.97006506
162.03622474
162.09969714
162.16653387
162.23037540
162.29620081
162.36206718
162.43876845
162.50299569
162.56843929
162.63332311
162.70907644
162.79181712
162.83980908
162.90486332
162.97144088
163.03438300
163.10123338
163.16581975
163.23176365
163.29572514
163.36147838
163.42526164
163.50305250
163.56696473
163.63372686
163.70972035
163.79124051
163.85022901
163.91583792
163.98174720
164.04566334
164.11038599
164.17724223
164.24808012
164.30888232
164.37267582
164.43749625
164.50242030
164.58024601
164.64396150
164.70898404
164.79994183
164.85073101
164.91653668
164.98011514
165.04610414
165.11169671
165.17767524
165.24151750
165.30828962
165.37319416
165.43801849
165.50290328
165.57864784
165.64535974
165.70926881
165.77416311
165.88889062
165.92766804
165.99356587
166.05732109
166.13410452
166.19825496
166.26287644
166.32859920
166.39453798
166.45915580
166.52422321
166.58998084
166.66577514
166.73145255
166.79550376
166.88902594
166.93701229
167.00295522
167.06676530
167.13339845
167.20029247
167.26405867
167.33010838
167.39489468
167.45867404
167.52446239
167.58954247
167.66720825
167.73007576
167.79681399
167.86178802
167.95447417
168.00346892
168.07017619
168.13496565
168.19988434
168.26669742
168.33054041
168.40640761
168.47219206
168.53707783
168.60268649
168.67849858
168.74236742
