148.21280355
148.27716139
148.34446591
148.40921872
148.47402810
148.53985148
148.60492100
148.67062881
148.73641854
148.80096948
148.86827108
148.93494486
148.99879924
149.06565052
149.14844180
149.19872746
149.26011936
149.32695675
149.39280694
149.45761608
149.52260636
149.59022759
149.65492993
149.72138746
149.78394867
149.85077045
149.91541062
149.98123985
150.04721659
150.11283370
150.19586977
150.24450411
150.30841359
150.37528023
150.44102169
150.50690821
150.57174733
150.63757218
150.71349340
150.77915197
150.84602543
150.90994369
150.97464457
151.04249035
151.10737311
151.17185529
151.25565083
151.30235200
151.36918402
151.43503081
151.50033390
151.56577864
151.63161031
151.69761167
151.76286795
151.82872936
151.89408316
151.95886962
152.02473396
152.08953968
152.15643046
152.22222970
152.30590113
152.35195110
152.42013162
152.48253460
152.54932761
152.61543478
152.68099363
152.75599082
152.82371713
152.88849262
152.95330321
153.01877039
153.08565239
153.14865124
153.21537232
153.28304816
153.36590430
153.41169509
153.47853028
153.54231566
153.61171133
153.67397290
153.73976483
153.80557943
153.87063725
153.93635774
154.00154185
154.06915503
154.13285825
154.19781732
154.26568480
154.32958696
154.40557426
154.46047425
154.52629276
154.59128913
154.65690430
154.72375265
154.78859494
154.85547085
154.92026316
154.98554796
155.05358269
155.11691653
155.18183246
155.24742836
155.31936404
155.37019339
155.45478521
155.50945139
155.57426150
155.63817780
155.69200235
155.75505020
155.80781711
155.87444799
155.93834844
156.00230814
156.06509658
156.11906986
156.18557932
156.23649620
156.30236809
156.36656746
156.42995616
156.49399071
156.56758673
156.61254881
156.66535449
156.73026772
156.79407285
156.85792576
156.92281218
156.97772388
157.04149634
157.09429177
157.16147828
157.22284800
157.28760276
157.34959322
157.41549364
157.48364613
157.53214369
157.59874141
157.68059720
157.72570922
157.78943389
157.84408301
157.90907987
157.96189676
158.02676757
158.09054174
158.15543279
158.21936445
158.27142504
158.33705435
158.40081754
158.46499960
158.52968024
158.59490166
158.66077648
158.71221048
158.79694882
158.82982285
158.89387495
158.97868181
159.03342186
159.09614447
159.16096433
159.24777116
159.30066484
159.36592112
159.42090352
159.48418909
159.54729863
159.60110319
159.68746457
159.76509953
159.83507937
159.87141207
159.93257114
159.99809292
160.06331556
160.12599185
160.18274113
160.24479034
160.30994252
160.37254152
160.43633884
160.48993933
160.55668212
160.60872491
160.67348089
160.72642919
160.79117957
160.85596871
160.93792982
160.98184767
161.03646704
161.10229505
161.15520458
161.22001981
161.28287652
161.34706760
161.41098146
161.46559449
161.52956858
161.58344482
161.65165509
161.71109456
161.77492383
161.83968981
161.89358360
161.95852366
162.01126106
162.09303786
162.14090688
162.20466300
162.26961427
162.32140935
162.38842520
162.43973852
162.50490751
162.57968723
162.64448197
162.71086270
162.76181664
162.82998912
162.87877731
162.94458484
163.00654725
163.07255349
163.13536314
163.21891219
163.26682461
163.31970391
163.38390522
163.44829086
163.51209721
163.57489418
163.62798877
163.69395136
163.74749065
163.81153861
163.87619659
163.94096159
164.00535308
164.05732053
164.12198387
164.18702730
164.25176938
164.33268846
164.37961638
164.44437041
164.49720656
164.56193938
164.61477455
164.67956515
164.74235993
164.80824646
164.87114876
164.92755501
164.99521817
165.04355896
165.10761765
165.17048972
165.23648864
165.30353277
165.35728515
165.43925236
165.47164779
165.53559579
165.59983977
165.66458892
165.72854863
165.78249167
165.84614417
165.90105830
165.96576162
166.04877697
166.10351727
166.16728509
166.22107794
166.28695277
166.35085493
166.41470711
166.51869371
166.55331243
166.61807548
166.67193270
166.75879755
166.83323227
166.88704537
167.00516607
167.06803741
167.13446422
167.19657731
167.26228488
167.31578809
167.37989895
167.44274176
167.52653657
167.57235759
167.62648958
167.69118315
167.74394323
167.80884550
167.86174723
167.92645201
167.98962982
168.05411346
168.11986760
168.18299104
168.24869568
168.30223132
168.36607204
168.42975234
168.49469191
168.55892077
168.61177131
168.69557611
168.73066952
168.79539869
168.86072006
168.92199591
168.98680382
169.04097507
169.10562305
169.15775483
169.22233746
169.29752239
169.36205577
169.42667693
169.48058559
169.54444021
169.59998776
169.66231004
169.72525525
169.80988729
169.85481232
169.90773575
169.97252001
170.03648752
170.10080757
170.16472143
170.22938989
170.29325865
170.34696300
170.41184113
170.46644807
170.52968439
170.59354120
170.65821063
170.72209280
170.77512741
170.83990168
170.91171301
170.95754428
171.02214641
171.08698700
171.15057318
171.20356586
171.27032522
171.32167413
171.38658420
171.45104371
171.51422030
171.57832385
171.63248607
171.69727351
171.75009259
171.81496462
171.87808001
171.94375272
172.02565507
172.06138117
172.12543377
172.17816727
172.24390459
172.30775409
172.37267610
172.43636371
172.48923155
172.55470848
172.61961319
172.68238505
172.74546801
172.81448334
172.87583209
172.92971150
172.99343324
173.04992385
173.12947466
173.17614463
173.23986150
173.30272430
173.35747142
173.42197702
173.47520521
173.53924073
173.66770481
173.72250630
173.78633727
173.83943722
173.90408836
173.95676555
174.02240290
174.08629043
174.16999040
174.21493858
174.26879824
174.35461496
174.40759276
174.47318159
174.52563545
174.58973924
174.65423800
174.71213807
174.77393591
174.82477307
174.88767391
174.95259812
175.01345413
175.07825497
175.13253837
175.19306767
175.24689491
175.32684337
175.36112344
175.42204504
175.47483047
175.53782055
175.59143298
175.65251037
175.71625235
175.76879178
175.83174431
175.89553432
175.95792657
176.01075833
176.07351995
176.12560614
176.19015293
176.24108786
176.30301200
176.35639062
176.41886723
176.47348270
176.54148183
176.58719314
176.63903601
176.70185127
176.78753559
176.83991265
176.89040311
176.95427455
177.00509830
177.06889269
177.12178541
177.18320218
177.23577599
177.29834110
177.36344353
177.42537377
177.49071903
177.54065556
177.60443118
177.65558359
177.73910459
177.77298262
177.83376963
177.88571173
177.94951637
178.00133022
178.05324111
178.11623021
178.17992050
178.24288376
178.29470736
178.35862732
178.41098902
178.47352341
178.52416113
178.58940449
178.65153952
178.71460883
178.76718118
178.83002326
178.91112421
178.94677571
179.00758881
179.06037936
179.12330507
179.17422585
179.24148015
179.29091125
179.35400885
179.40658777
179.46791141
179.53185429
179.58396193
179.63587283
179.69873563
179.76151164
179.83526418
179.88920552
179.93911400
180.00485278
180.05565897
180.13670483
180.17172559
180.23234949
180.28528414
180.34814962
180.40179400
180.46469362
180.52744841
180.58932208
180.65235238
180.70461923
180.76943983
180.82115421
180.88410893
180.93601836
180.99788495
181.05062870
181.11447674
181.16554234
181.22815890
181.31042526
181.34540262
181.40720900
181.46011805
181.52294477
181.57579969
181.63964114
181.69061069
181.75393551
181.80442207
181.86764693
181.92200810
181.98292311
182.03473404
182.08746413
182.15041812
182.20216907
182.26620192
182.31898053
182.38099463
182.43535142
182.51538546
182.54899286
182.61115544
182.66285959
182.72567143
182.77862900
182.84155031
182.90544394
182.96799126
183.03209115
183.09719749
183.15852649
183.21941443
183.28323248
183.33507145
183.39884854
183.45071920
183.51440730
183.56578303
183.63074869
183.71149197
183.75540153
183.81830652
183.87023984
183.93324137
183.98592806
184.05228611
184.11069428
184.17454012
184.22887155
184.28923945
184.34456270
184.40504958
184.46769783
184.51876588
184.58347456
184.63542275
184.69835041
184.75353322
184.81380799
184.88263364
184.92955010
184.98042236
185.04679553
185.09737669
185.16002030
185.23353513
185.29636454
185.36006726
185.43630690
185.48571875
185.53673876
185.60064190
185.65144956
185.71603438
185.76792626
185.83004544
185.88468212
185.94649996
185.99751193
186.08032028
186.12503660
186.18800473
186.25010441
186.30278964
186.36650139
186.41640061
186.48213817
186.53207274
186.59498358
186.64824273
186.71141859
186.77437428
186.83600097
186.90147522
186.95201078
187.01585906
187.06749103
187.13134834
187.18323777
187.26505601
187.29899036
187.36086452
187.41188112
187.47563334
187.52874060
187.59140275
187.65556359
187.70589143
187.77187329
187.83279000
187.89741945
187.94976408
188.01163872
188.06231813
188.12594747
188.17884896
188.24025866
188.29392132
188.35546658
188.40911851
188.49245447
188.53411806
188.59778592
188.66155594
188.71341782
188.77744750
188.82824662
188.89100117
188.94390315
189.00666965
189.05959600
189.12170519
189.17332717
189.22519271
189.28911219
189.35092441
189.41554728
189.46810426
189.53131450
189.58230842
189.66519650
189.71011689
189.77091585
189.83494333
189.89647079
189.95012882
190.01298723
190.07679480
190.12879297
190.19236136
190.24237736
190.30629099
190.35908715
190.42180172
190.47813214
190.53669683
190.58931647
190.65263691
190.70501347
190.76680279
190.83916367
190.88098695
190.94506197
191.01778710
191.07607775
191.12339772
191.18642436
191.23818068
191.30288692
191.35538686
191.41672073
191.47017152
191.53194279
191.58481356
191.64678841
191.71392178
191.77239650
191.83874431
191.88812642
191.95199249
192.02580672
192.06854015
192.11947678
192.18231788
192.23507625
192.30039860
192.34908999
192.41361606
192.47612583
192.52883983
192.59499235
192.64345164
192.70759151
192.75846500
192.82327925
192.87310972
192.93793250
192.98992653
193.05221370
193.10542263
193.16687086
193.24978770
193.28560060
193.34541286
193.39747784
193.46280068
193.51294639
193.57636947
193.63126215
193.69264893
193.74448741
193.80880868
193.85771243
193.92250181
193.97473380
194.03564686
194.10132908
194.15366737
194.20526057
194.26694407
194.31774198
194.37067540
194.42040054
194.49046864
194.52523731
194.57710504
194.62959669
194.67674477
194.72964552
194.78301415
194.83289119
194.88172569
194.95511764
195.00605915
195.05555925
195.11812778
195.16900516
195.21946198
195.27071361
195.32160830
195.37411409
195.42832971
195.47773278
195.52916995
195.57943488
195.64121079
195.70231914
195.76397411
195.84600617
195.88071657
195.93288297
195.99133112
196.04315716
196.10558160
196.15732353
196.20950749
196.25815451
196.31032603
196.36043103
196.41322841
196.46304571
196.51394869
196.56427239
196.61705343
196.66866371
196.72151034
196.76947762
196.83248646
196.88211701
196.93607199
196.98614018
197.03706827
197.08837354
197.13818987
197.18902337
197.26843350
197.30586091
197.35683825
197.40744793
197.46891225
197.51967577
197.56956597
197.62081322
197.68325423
197.74593588
197.80723221
197.88172569
197.93363707
197.98249206
198.03436394
198.08576868
198.13569302
198.18696927
198.23837402
198.29055797
198.35268959
198.40250446
198.45548177
198.51521309
198.59677557
198.64202608
198.70326366
198.75120216
198.80551848
198.85400677
198.91043886
198.96874853
199.03046836
199.08289807
199.13209902
199.19499377
199.24829852
199.29920881
199.34859604
199.39946416
199.46231233
199.51428149
199.56540122
199.61540992
199.66687634
199.71694355
199.76942422
199.81922982
199.91319440
199.94821126
199.99529253
200.04703446
200.09902313
200.14733564
200.19962127
200.26485585
200.31345678
200.36425810
200.41531785
200.46690935
200.51785671
200.58975631
200.64060297
200.69244218
200.74361628
200.79674622
200.84906305
200.90739198
200.95921973
201.00899559
201.07728632
201.13628352
201.21602256
201.25984752
201.32121089
201.37103112
201.42354008
201.47448987
201.52616476
201.57638995
201.63030057
201.68021051
201.72960578
201.78143670
201.83234944
201.89518274
201.94705487
201.99787228
202.04769445
202.09954805
202.15045030
202.20034855
202.26515598
202.31590268
202.36827729
202.41620849
202.46926967
202.51946341
202.58839926
202.62444963
202.67330364
202.72224079
202.77685870
202.82399873
202.87954165
202.93051046
202.97972190
203.03372857
203.08169439
203.13341535
203.18384900
203.23667467
203.28613479
203.33898142
203.38825307
203.44047263
203.49116862
203.55419209
203.61568274
203.66604154
203.71835155
203.77025854
203.81895578
203.88183760
203.96484612
204.00003950
204.04824034
204.09686371
204.14784642
204.20288051
204.25140952
204.31530413
204.36708117
204.42574338
204.48890314
204.54027839
204.59075934
204.64198829
204.69201332
204.74561869
204.79620057
204.84698702
204.89910368
204.94950491
205.00141190
205.05133648
205.10303306
205.15348646
205.20392669
205.26684850
205.34786071
205.40148729
205.45233419
205.51720160
205.56504282
205.61890955
205.65892304
205.71332834
205.76161257
205.81351469
205.86543972
205.93705064
205.99002942
206.03879761
206.08986468
206.15348695
206.21433759
206.26577306
206.31705955
206.36783137
206.42062753
206.46905878
206.52331316
206.57728083
206.62294874
206.69588794
206.73176837
206.77607388
206.82939862
206.87955091
206.94105911
207.00485546
207.06371882
207.12662648
207.19060203
207.25220751
207.30252023
207.35495361
207.40436058
207.46687254
207.52111595
207.56979467
207.62400346
207.67358987
207.72396062
207.77281878
207.83473682
207.88704902
207.93793933
208.00961486
208.04315887
208.09267117
208.14222564
208.19319909
208.24320363
208.29507357
208.34608090
208.39866544
208.45013918
208.50033341
208.55318004
208.60554612
208.66406010
208.71579301
208.76699393
208.82842362
208.88050104
208.93229880
208.98216145
209.03291230
209.08378529
209.13648442
209.18798864
209.23801464
209.28871697
209.34046524
209.41235703
209.44514182
209.50678582
209.55902732
209.60743370
209.66972525
209.72060654
209.77144053
209.82259439
209.87448066
209.92539412
209.97609548
210.02720643
210.07991287
210.12974773
210.18165764
210.23173972
210.29355683
210.34637396
210.39767216
210.44701623
210.49980727
210.55170499
210.60180024
210.65341466
210.72586624
210.79888394
210.83273320
210.88032184
210.93322235
210.98304233
211.03238762
211.09557030
211.14748363
211.21418082
211.26434068
211.32976348
211.39243952
211.45865275
211.52289357
211.57327992
211.63762021
211.69108270
211.75563608
211.80891059
211.87368072
211.92426724
212.00701098
212.06298129
212.12783187
212.19076416
212.25546553
212.31894152
212.37249788
212.43674430
212.48887632
212.55375519
212.60665984
212.67046960
212.75654914
212.81007795
212.87289565
212.93887409
213.00076507
213.08349370
213.15116662
213.20406762
213.26896745
213.32098781
213.38657981
213.43768784
213.50647862
213.56738900
213.63107149
213.69427173
213.74812602
213.81262795
213.86552749
213.93160273
213.99734321
214.05944240
214.12158914
214.20340007
214.25065420
214.31323687
214.37798822
214.44096683
214.50493702
214.56208688
214.62175481
214.67604650
214.74106604
214.79309347
214.85782580
214.94060855
214.99727397
215.06167033
215.12560590
215.18771411
215.24130241
215.34477457
215.38050506
215.44279784
215.49619158
215.56081493
215.61380541
215.67675208
215.73187467
215.79438907
215.85963023
215.92253863
215.98983730
216.03863694
216.10351263
216.15689808
216.22062836
216.27370100
216.33783332
216.40176133
216.48368075
216.53430067
216.59385766
216.65761915
216.71090854
216.77646324
216.82820834
216.89180818
216.94588190
217.01070859
217.09458995
217.15037204
217.21207431
217.27604230
217.33925717
217.39276403
217.47934923
217.53469345
217.61461022
217.64846216
217.71338418
217.78085132
217.84258845
217.89359530
217.96114851
218.02145326
218.07605703
218.13859508
218.19151510
218.25712709
218.30908285
218.37445688
218.42569316
218.49197636
218.55348017
218.61727262
218.68272126
218.76598456
218.82110276
218.87243266
218.93833406
218.99492511
219.05879046
219.10694059
219.17167561
219.25859482
219.31115547
219.37400267
219.43735772
219.50455716
219.55509077
219.62028366
219.67433227
219.73702270
219.80117794
219.88574708
219.92115867
219.98259860
220.04654075
220.11194478
220.17395303
220.24874322
220.31358576
220.36862253
220.43450857
220.48202528
220.54986423
220.59962497
220.66758461
220.72739980
220.79782898
220.85965778
220.92092315
221.00359960
221.03960340
221.10198444
221.16771614
221.23115361
221.28329270
221.34594315
221.43203390
221.48638118
221.54937540
221.61473627
221.67661579
221.74202421
221.82684228
221.88068073
221.94429275
221.99823433
222.08096028
222.11770794
222.17833306
222.24261264
222.30746542
222.37157920
222.42409816
222.48888388
222.54430953
222.60499585
222.66033177
222.72315410
222.77706082
222.84168173
222.90343179
222.96852496
223.03162084
223.09659845
223.15963557
223.23322403
223.27895460
223.33066192
223.39506632
223.44665807
223.50999703
223.59678898
223.64958466
223.71204371
223.77904152
223.84294247
223.89496941
223.98321812
224.03368176
224.09942078
224.14987565
224.21560199
224.26699942
224.35122820
224.38461056
224.45190436
224.51500439
224.56625651
224.62962448
224.68387741
224.74688479
224.80004886
224.86444132
224.91543647
224.98212756
225.04656489
225.10914243
225.17312968
225.23749021
225.29956843
225.35420292
225.41797001
225.49989431
225.54720306
225.63190215
225.68528126
225.76899341
225.82337117
225.89014638
225.95161337
226.01738311
226.06816102
226.15597673
226.20676829
226.27161619
226.32401031
226.38739267
226.44310211
226.50513109
226.58678890
226.63328479
226.69665862
226.75195968
226.81534765
226.87751486
226.94286062
226.99475639
227.05988199
227.11338471
227.17625117
227.24003972
227.30593990
227.36682468
227.43216654
227.49559010
227.55891760
227.62678142
227.69755901
227.74242137
227.79628249
227.86051916
227.94545499
228.00103595
228.06084431
228.12713190
228.19130274
228.24162546
228.32710961
228.38252209
228.44598686
228.51004945
228.57362686
228.62630356
228.69314630
228.77219219
228.81800419
228.88233180
228.93486221
228.99958577
229.06376612
229.12891097
229.18019698
229.24449558
229.29839327
229.36098667
229.42374683
229.49270340
229.55329512
229.61717046
229.68104532
229.73308665
229.80165849
229.85210531
229.93465668
229.96828749
230.03515559
230.10044795
230.15099449
230.20169072
230.25347507
230.30433783
230.35627164
230.41770280
230.46894516
230.52218725
230.58378615
230.63369220
230.69805516
230.75131748
230.80938749
230.86117891
230.91165279
230.96311093
231.01546970
231.07718245
231.14245702
231.21037350
231.24421081
231.30587797
231.35642061
231.41872143
231.46951494
231.52174937
231.57214011
231.62207444
231.67391438
231.72660035
231.77768253
231.82949639
231.90242071
231.95512081
232.00601648
232.05844620
232.10821230
232.17090785
232.23556923
232.29960866
232.34779415
232.39818757
232.44942531
232.53088539
232.56652787
232.61387782
232.66572410
232.71728829
232.76809522
232.83003082
232.88223867
232.93573822
232.98482385
233.04715905
233.09822392
233.14948848
233.20623386
233.25278119
233.30301370
233.35536174
233.40575492
233.46910193
233.51991714
233.57085841
233.62413170
233.67411723
233.72513505
233.77688625
233.83821086
233.90651963
233.95264517
234.00654774
234.05557925
234.10501401
234.15658259
234.20975471
234.26160855
234.31438789
234.36518774
234.41588666
234.46656168
234.51708286
234.56711935
234.62056112
234.68282122
234.73470457
234.78405936
234.83781418
234.88726479
234.93808415
234.98937187
235.04390298
235.09362836
235.14519548
235.19812038
235.24735741
235.32637989
235.36228203
235.41131572
235.47511866
235.52456805
235.57870833
235.62697086
235.67794065
235.73058053
235.78302317
235.83411681
235.88471894
235.93550758
235.98935773
236.03921599
236.09045714
236.14198037
236.19401999
236.25554965
236.31970171
236.37932478
236.43270925
236.48353373
236.53446719
236.58442956
236.63606202
236.70590460
236.74080345
236.79131000
236.84430707
236.89393322
236.94469943
236.99632774
237.05019399
237.09993936
237.16041674
237.22349897
237.27393189
237.32586034
237.37729458
237.42731107
237.47988586
237.53278588
237.58432862
237.63359735
237.68568842
237.73923698
237.78912986
237.84037515
237.89222582
237.94055613
238.01062374
238.08535055
238.12015237
238.17011620
238.22128957
238.27373514
238.32503309
238.37768589
238.42819244
238.47682581
238.53056941
238.58205388
238.63194165
238.68475829
238.73615035
238.78742734
238.85025016
238.90111584
238.95066349
239.01366795
239.07566425
239.12659869
239.17916786
239.24018601
239.29377918
239.34488453
239.39548202
239.46712805
239.49981751
239.54954704
239.60348325
239.66228054
239.71360970
239.76704757
239.81670176
239.86834885
239.91924111
239.97247857
240.03423521
240.08627459
240.13617137
240.18712994
240.23888041
240.29073644
240.34307278
240.39384801
240.44450962
240.50710375
240.56907738
240.61989357
240.67170011
240.72254824
240.81370876
240.85125100
240.89825620
240.96052826
241.01231798
241.06280453
241.11525595
241.16723511
241.22986873
241.27888731
241.34055838
241.39454506
241.44442063
241.49687961
241.55912777
241.60918961
241.66341181
241.71094633
241.76626250
241.82651265
241.87754534
241.94015604
241.99101417
242.04245572
242.12272212
242.15758879
242.21948660
242.27910894
242.33014211
242.38306286
242.43393732
242.48478301
242.53659028
242.58847801
242.65273077
242.70227379
242.75219227
242.80389934
242.85631004
242.91839631
242.97046007
243.03223329
243.08382894
243.15668304
243.20847739
243.25782536
243.31063055
243.36151939
243.43011488
243.46833149
243.51813636
243.56757893
243.61854457
243.66936003
243.72111878
243.77194960
243.83629720
243.89775030
243.94870156
244.00139751
244.05329963
244.10065982
244.15547521
244.20556777
244.25876110
244.30769094
244.35910958
244.42245781
244.47520448
244.52318224
244.57602253
244.62489361
244.71221633
244.78253019
244.82573221
244.87769040
244.92677555
244.97879688
245.02967281
245.08406568
245.13351799
245.18435515
245.23528959
245.28714440
245.33951122
245.38981224
245.44206300
245.50492921
245.55432302
245.60673372
245.65707082
245.70836805
245.75989079
245.81220129
245.86383253
245.92449276
245.97640073
246.02732224
246.07806236
246.15225230
246.18471111
246.23519401
246.28445787
246.34591779
246.39635900
246.45002483
246.50088783
246.55281628
246.60398965
246.65502843
246.71892986
246.76813398
246.81995174
246.87137867
246.92271344
246.98467317
247.03779604
247.08772160
247.15313781
247.21432248
247.26878995
247.31796628
247.36965506
247.41946992
247.48842723
247.52559205
247.58316346
247.63630534
247.68580472
247.73762321
247.78890214
247.83951329
247.88983649
247.94316319
247.99296196
248.06571976
248.12761879
248.17909545
248.22933162
248.28368840
248.33300639
248.38589715
248.43579198
248.48563269
248.53848444
248.58878156
248.63974135
248.69096080
248.76199584
248.83676531
248.88761710
248.93882094
248.99015669
249.03917430
249.09542085
249.14279835
249.19777953
249.24603767
249.29643500
249.34638859
249.40018851
249.45023963
249.50292144
249.55267706
249.60354323
249.66987763
249.71655662
249.77014663
249.82096501
249.87037198
249.92268077
249.97364568
250.02488976
250.07426332
250.12687663
250.20729248
250.24174882
250.29153321
250.34239353
250.39320508
250.44608000
250.50593932
250.57973087
250.63063068
250.68286706
250.73099428
250.78587720
250.83565720
250.88521655
250.94938447
250.99974717
251.05104439
251.10287678
251.15273748
251.20459254
251.25541068
251.31746013
251.36927862
251.41954160
251.48287642
251.55269559
251.58610721
251.63740468
251.68580350
251.73713193
251.79055980
251.83942454
251.89362529
251.94190513
251.99534641
252.04449421
252.09469503
252.15673936
252.22028508
252.27002972
252.32548487
252.37223846
252.42323751
252.47553362
252.52635176
252.57563829
252.62741630
252.67896587
252.72992395
252.78470034
252.84502972
252.92648322
252.97936203
253.03300202
253.08319674
253.13185838
253.18599452
253.23572674
253.28660705
253.33870786
253.38925391
253.44197718
253.49098137
253.54218863
253.59332470
253.64405287
253.69496829
253.74721710
253.80814674
253.86206564
253.91199315
253.96257820
254.01311743
254.06379879
254.12767145
254.17833111
254.27043079
254.30259996
254.35544147
254.40485624
254.45741469
254.50610681
254.56982051
254.63356420
254.67998987
254.73430009
254.78487685
254.83548507
254.88683642
254.93750535
254.98987094
255.04122522
255.09059976
255.14199695
255.19246668
255.24668426
255.29417488
255.34618379
255.39792426
255.46173548
255.51069652
255.56238652
255.61254028
255.68566599
255.71847833
255.77735778
255.82974312
255.87939073
255.93386723
255.98627159
256.03607085
256.08652157
256.13586076
256.18749176
256.24094230
256.30347450
256.35385842
256.40367547
256.45581725
256.50468272
256.55706855
256.61033990
256.65936702
256.71126791
256.76133439
256.81241755
256.86302333
256.91486205
256.96409055
257.01594878
257.09665330
257.13061740
257.18002875
257.23363266
257.28514175
257.33619687
257.38588861
257.43842146
257.48880172
257.54060777
257.59081980
257.64139901
257.69106417
257.74486678
257.79482598
257.85751787
257.91938496
257.99169171
258.04300064
258.09653384
258.15883295
258.20760626
258.25944743
258.31153264
258.36257143
258.41236825
258.48423444
258.51882415
258.56573354
258.61848411
258.67036379
258.73253101
258.79260195
258.84287249
258.89430674
258.94679594
259.01053768
259.07190544
259.13191080
259.18335456
259.23681608
259.28730605
259.33633511
259.38874021
259.45106029
259.50196913
259.56566478
259.61609648
259.66698216
259.75417371
259.79296035
259.85428789
259.90316823
259.95460735
260.00547571
260.05563483
260.10660633
260.15839970
260.21018382
260.26123723
260.31310838
260.38884480
260.45836872
260.51231005
260.56088198
260.61126443
260.69626999
260.75928200
260.81131919
260.85860233
260.91085236
260.96188871
261.03148528
261.06476305
261.12684762
261.17771427
261.23004476
261.29139497
261.34278338
261.40569933
261.45605228
261.51792595
261.57070066
261.61960295
261.67243909
261.72224421
261.77251475
261.82419890
261.87404497
261.92494820
261.97788650
262.02612099
262.09104593
262.15439465
262.21705363
262.26766965
262.34501204
262.37852411
262.45485323
262.50451937
262.55441103
262.60520528
262.65803972
262.70797941
262.75975962
262.81000310
262.86400125
262.92244818
262.97422473
263.02511382
263.06761757
263.12039935
263.17025761
263.22113036
263.27301419
263.32386671
263.37642491
263.42536426
263.47827842
263.53958987
263.60106296
263.65343538
263.72315678
263.77599976
263.83979928
263.88920113
263.95351167
264.00376368
264.05469227
264.10455589
264.15593382
264.20678975
264.25866260
264.30891169
264.36253949
264.41317648
264.46419868
264.51397600
264.56489191
264.62940505
264.68943455
264.75236269
264.80425871
264.85361448
264.91628565
264.99544516
265.02961502
265.07919290
265.13113086
265.18082162
265.23170047
265.28701884
265.33657551
265.38759186
265.44769231
265.49972998
265.55335071
265.61064808
265.67497057
265.72571581
265.77760719
265.82916871
265.87798541
265.93342813
265.97995083
266.03115175
266.08154444
266.13342632
266.18556006
266.23708622
266.29684898
266.37053789
266.40193394
266.45268284
266.50352170
266.55464924
266.62844640
266.67635321
266.73029503
266.77991924
266.83004910
266.88441418
266.93232977
266.98572326
267.03453631
267.09721065
267.14985712
267.20250260
267.25097164
267.30073896
267.35493605
267.40444079
267.45496514
267.50552386
267.55598848
267.60885096
267.65899813
267.71071837
267.77940114
267.81268866
267.86146100
267.92471438
267.97711314
268.02541078
268.07829349
268.13188447
268.17862466
268.23081495
268.28338121
268.33343598
268.38452206
268.43782023
268.48805371
268.53807045
268.58846485
268.64095381
268.70179836
268.75389577
268.80370405
268.85371859
268.90609735
268.95697913
269.00884540
269.06013921
269.10963395
269.17965695
269.21558273
269.26172387
269.31372887
269.36501635
269.41535735
269.46976363
269.52839073
269.57974818
269.63148182
269.68656882
269.73607892
269.78470570
269.83745115
269.88632857
269.93710306
269.99146790
270.04027973
270.09083943
270.14213202
270.20419854
270.25429671
270.30614251
270.37042842
270.42032472
270.47223415
270.52183836
270.58941180
270.62542341
270.67624618
270.72600277
270.77585323
270.82677937
270.87919471
270.93253432
270.98027047
271.03182540
271.08175607
271.14386843
271.19432378
271.24534282
271.30069922
271.34914631
271.39900092
271.45380802
271.50265984
271.55538651
271.60528403
271.65616288
271.70594361
271.75982496
271.81218105
271.86053818
271.91007169
271.99223297
272.03637317
272.09678179
272.14838670
272.19852120
272.25109355
272.30336064
272.35342127
272.40464145
272.45474230
272.50532589
272.55568981
272.60816464
272.65798681
272.70979969
272.76165817
272.82296937
272.87394379
272.92575130
272.97654896
273.02690972
273.07691743
273.12821904
273.18069630
273.25434157
273.30465893
273.37311106
273.40894444
273.45827461
273.50968179
273.55898977
273.62179601
273.68669218
273.74759427
273.80896009
273.86037800
273.90812438
273.95952766
274.01175234
274.08418563
274.13360308
274.18629319
274.23719642
274.28861384
274.34005979
274.39084428
274.44232534
274.49308008
274.55366132
274.60392601
274.67564811
274.71047407
274.75929882
274.80926022
274.86260544
274.91252685
274.96449089
275.01221143
275.06477061
275.11714279
275.16927872
275.23355464
275.27986669
275.33082429
275.39592941
275.44479878
275.49900904
275.54635777
275.59849370
275.64847923
275.69833310
275.75153740
275.80340928
275.85339311
275.90429706
275.95504328
276.00636245
276.07780197
276.11310872
276.16050207
276.22189324
276.27219792
276.32400909
276.37527535
276.42516848
276.47742509
276.52784485
276.57940733
276.62968202
276.68198959
276.73152651
276.78328161
276.83381278
276.88659676
276.93742465
276.98827082
277.05020081
277.09810372
277.15279063
277.20460010
277.25465194
277.30550982
277.35421925
277.40708417
277.47594883
277.50939214
277.56124452
277.61308958
277.66283106
277.71233897
277.76448879
277.82837413
277.89026950
277.94956976
278.00424033
278.05326428
278.10659975
278.15505562
278.20569894
278.25604946
278.30843919
278.35829062
278.40976729
278.46053106
278.51229225
278.56493457
278.61274898
278.66462281
278.71461541
278.76675866
278.81960797
278.88919771
278.94290621
278.99374288
279.05565385
279.10548554
279.15764585
279.20786056
279.25963296
279.31090849
279.36344280
279.41380892
279.47407735
279.52538725
279.57816049
279.62812432
279.68264909
279.73102524
279.78430366
279.83127522
279.88338213
279.93334231
279.98790828
280.03813079
280.08887481
280.16068395
280.22761081
280.26311237
280.32527836
280.39723428
280.45042419
280.49939279
280.55121664
280.61334826
280.66311363
280.71515838
280.76550548
280.81617197
280.86825938
280.92060522
280.97132852
281.02229758
281.07208050
281.12240785
281.18774824
281.23674049
281.28851241
281.33953877
281.38919101
281.44052846
281.49193833
281.54380996
281.61204900
281.64767149
281.69753341
281.75760337
281.82882201
281.88132609
281.93571896
281.98589929
282.04688428
282.11927368
282.17157077
282.22288701
282.27142992
282.32196524
282.37329733
282.42531111
282.48776090
282.54782355
282.61709756
282.66358541
282.71346902
282.76781435
282.81579552
282.89564549
282.93191017
282.98002958
283.04043211
283.10498817
283.22877013
283.39366662
283.59283415
283.79261926
283.96124530
284.19359406
284.42784819
284.46073684
284.76108887
284.99313701
285.02789422
285.45971893
285.59440477
285.66121558
285.95962909
286.16092386
286.19287970
286.52695714
286.86067032
286.89505767
287.16078440
287.25958908
287.49290405
287.66043978
287.89380400
288.06046275
288.29274470
288.49323832
288.69475105
