11.78400229
11.86152519
11.93866532
12.00684520
12.08600796
12.16083726
12.22865021
12.30716298
12.38618994
12.46442502
12.54033244
12.61911560
12.69552112
12.76328921
12.84326118
12.92130900
12.99666761
13.09645520
13.17634306
13.24185518
13.31066920
13.38871703
13.46637305
13.53212459
13.59961766
13.67667513
13.74348407
13.81158934
13.89058705
13.96822430
14.03522585
14.11264684
14.18985255
14.25404175
14.32189029
14.40064176
14.48017975
14.54503016
14.65542883
14.73514944
14.79974044
14.86993809
14.94638360
15.01248549
15.07877706
15.15905818
15.23723596
15.30450862
15.37199340
15.45013851
15.51601439
15.58389023
15.66209849
15.73941586
15.81588600
15.88513279
15.96317232
16.02940733
16.09530418
16.17549729
16.25309528
16.31922668
16.39727865
16.47541595
16.55339015
16.61884155
16.69856338
16.77769835
16.84322485
16.92013238
17.00988940
17.10873809
17.17534856
17.25584838
17.33314357
17.39886755
17.46687725
17.54422559
17.62108972
17.68917476
17.76813711
17.84695684
17.91150250
17.97958924
18.05827633
18.12420244
18.20157833
18.27963249
18.35879892
18.42517143
18.49292587
18.57069282
18.63684786
18.71520240
18.79371225
18.87112032
18.93700010
19.01696963
19.11686596
19.17210126
19.23828337
19.31689415
19.38372722
19.45170182
19.52952851
19.60666302
19.67714227
19.74070171
19.82064443
19.89547641
19.96521277
20.06413922
20.14199054
20.20781619
20.27570862
20.35350167
20.43019440
20.50999692
20.58766611
20.66629274
20.73251386
20.83257574
20.91068135
20.98879841
21.05424348
21.13291034
21.21223183
21.27669459
21.34406746
21.42367518
21.48860678
21.55826146
21.64305111
21.71383463
21.77924337
21.87957442
21.95924675
22.04892478
22.11369083
22.19249106
22.27082195
22.34673278
22.41398131
22.49234170
22.55945174
22.63613301
22.71591993
22.79432324
22.85955204
22.93810163
23.01722831
23.09241455
23.16004683
23.23877757
23.31865982
23.38475147
23.46190500
23.57302169
23.62856443
23.69605263
23.77455150
23.84041641
23.90706565
23.98603313
24.06396441
24.12955674
24.20360438
24.27611213
24.34179101
24.40992724
24.48903686
24.56591903
24.64364308
24.71063097
24.78897600
24.86627314
24.94525768
25.02321067
25.09987902
25.16737965
25.23460891
25.31247681
25.41253137
25.46798732
25.54637160
25.62458619
25.69167503
25.77047281
25.84811884
25.91263572
25.99165976
26.06929311
26.14849635
26.21414451
26.32201122
26.39412497
26.45930575
26.52636752
26.60476375
26.68307269
26.74975997
26.81783477
26.89454188
26.96044483
27.04009497
27.11775368
27.20756019
27.27417750
27.35221850
27.43108260
27.49560216
27.56549261
27.64169431
27.72927363
27.80137640
27.87637637
27.95364815
28.01955596
28.08749057
28.16468360
28.24281993
28.31004651
28.38752529
28.46565869
28.53240741
28.60209379
28.67944749
28.75587349
28.82342898
28.90200904
28.98021217
29.04578695
29.11401949
29.19081267
29.25778642
29.32539091
29.40304304
29.48209926
29.54920540
29.61695593
29.69334683
29.75941824
29.82713269
29.90521075
29.98470948
30.05135263
30.11834540
30.19519442
30.26076505
30.32889104
30.40761812
30.48637714
30.56457808
30.63075872
30.70879582
30.77499206
30.84356838
30.92195217
30.99924614
31.06584272
31.14274172
31.24347797
31.31065677
31.37714388
31.45619815
31.53447467
31.60077332
31.67810946
31.77693449
31.84455264
31.91185480
31.98996285
32.06693694
32.13417791
32.21306785
32.29176665
32.35666509
32.42436369
32.50411965
32.57114192
32.63646655
32.71462409
32.79302129
32.86010793
32.92714312
33.00490057
33.08278041
33.15063578
33.22818331
33.31623684
33.38293143
33.50150991
33.57338789
33.68210769
33.73809173
33.81676712
33.89198871
33.96810362
34.04417415
34.11489940
34.18138041
34.25398495
34.33406492
34.41644915
34.50414427
34.58200729
34.65980278
34.73120314
34.79307517
34.88112188
34.95033356
35.01553993
35.08372639
35.18393358
35.23811684
35.30710105
35.38490068
35.46279320
35.53960150
35.61862773
35.69848755
35.76377951
35.83246724
35.90816986
35.97522066
36.04247601
36.12087883
36.20977106
36.34097302
36.41917884
36.49689923
36.56772200
36.63237250
36.71054710
36.78829529
36.85378107
36.92185489
37.00081554
37.07754875
37.14455444
37.22326445
37.30196959
37.36753608
37.43336002
37.51347877
37.59013493
37.65793568
37.73530986
37.81338866
37.88047432
37.94685976
38.02668715
38.12468030
38.18163690
38.26076675
38.33788469
38.40393123
38.47180464
38.55140724
38.61752425
38.69331684
38.77219459
38.85115061
38.91650084
38.98565912
39.06234064
39.14028924
39.20803367
39.28498143
39.36350542
39.45007414
39.51998068
39.59693063
39.66496398
39.73037004
39.80855976
39.88689017
39.95301619
40.03210094
40.13272529
40.18797546
40.25540294
40.33256379
40.41112654
40.47783796
40.55691929
40.63534307
40.69903271
40.76762341
40.84462163
40.91180701
40.98021120
41.05809957
41.13571586
41.20265231
41.26976991
41.34857988
41.42643169
41.49323185
41.57092712
41.64981292
41.71423741
41.78353491
41.86034784
41.95903097
42.02675225
42.10533841
42.18303880
42.24898612
42.31908648
42.39596451
42.46269397
42.53050886
42.60823706
42.68593258
42.75181992
42.81958483
42.89833434
42.96414317
43.03122591
43.10890851
43.18997519
43.25479683
43.33357731
43.41377870
43.47811687
43.54508819
43.62409541
43.70265523
43.76897241
43.84628295
43.92555543
43.99209886
44.05891536
44.13772680
44.20364973
44.27025411
44.34819881
44.42816322
44.50378051
44.57271376
44.65104831
44.71690541
44.78281981
44.86174511
44.93980952
45.00671427
45.07419564
45.15195577
45.21799695
45.29575367
45.37468750
45.45487475
45.52045026
45.59275271
45.67611851
45.75193670
45.82015632
45.90006563
45.97797205
46.04239263
46.11190103
46.18922547
46.28787789
46.35471681
46.43487189
46.51129594
46.57944437
46.64704105
46.72479558
46.80295604
46.86857470
46.94880243
47.02673859
47.09302188
47.16136048
47.23754657
47.30375842
47.37122711
47.45126369
47.52926324
47.59372917
47.66027674
47.73912305
47.80673631
47.87475040
47.95247055
48.03165745
48.09766352
48.17562748
48.25407174
48.31902846
48.38854051
48.46650886
48.53136488
48.59899960
48.67729514
48.75558190
48.82112449
48.89024206
48.96721200
49.04505869
49.11077194
49.19056374
49.26850259
49.34515314
49.41378114
49.49217664
49.56867798
49.63638536
49.71406406
49.79196584
49.85881208
49.95859285
50.03613623
50.10256727
50.17085271
50.24743963
50.32614989
50.39231298
50.46032755
50.53911510
50.60465915
50.67286707
50.75111896
50.82919361
50.89596134
50.96263155
51.04237703
51.10855742
51.17543365
51.25411587
51.33190282
51.39867714
51.46542220
51.56540459
51.63127292
51.69789729
51.77776418
51.85570692
51.92215454
51.99904817
52.07847644
52.14380278
52.21198607
52.29038132
52.36818827
52.44596888
52.52577116
52.62367435
52.67924171
52.74706344
52.82581465
52.89090839
52.95973144
53.03742135
53.11525780
53.18182244
53.24909925
53.32676819
53.39459187
53.46148419
53.53911290
53.61848072
53.68477692
53.76170664
53.84046346
53.91719594
53.98416774
54.06297625
54.14091046
54.20775134
54.30738436
54.38645033
54.46390278
54.53085849
54.60856376
54.68747224
54.75854687
54.81906405
54.88370699
54.94570312
55.00767512
55.07143717
55.13522385
55.19846415
55.26086159
55.32377982
55.38645155
55.44949875
55.51322594
55.57495169
55.63822490
55.70193478
55.76603109
55.85934017
55.91220125
55.97576119
56.03832223
56.10184876
56.16380247
56.22841274
56.29058783
56.35449202
56.42712167
56.48995627
56.55306832
56.61671163
56.68047832
56.74225746
56.80607754
56.86744782
56.93164482
56.99457036
57.05753272
57.12085591
57.18281425
57.24568908
57.30954695
57.37347138
57.43654783
57.49702528
57.56099164
57.62466519
57.68645238
57.74960076
57.82321442
57.88681410
57.94942732
58.01338173
58.07448284
58.13813445
58.20198061
58.26408866
58.32953397
58.39056559
58.45259855
58.51658173
58.57961016
58.64483750
58.70624728
58.76926205
58.84354838
58.90665654
58.96792149
59.03069075
59.09374624
59.15760800
59.22122231
59.28756459
59.34619786
59.41003988
59.47238223
59.53597337
59.59834180
59.66161770
59.72593319
59.79842265
59.87464556
59.93479655
59.99847424
60.06264808
60.12476076
60.18650773
60.25148858
60.31328845
60.37789286
60.44067187
60.53525803
60.59919952
60.66190563
60.72242672
60.78663299
60.88233020
60.93637034
60.99800954
61.05959656
61.12355732
61.18790597
61.24948666
61.31362101
61.37743352
61.44007186
61.50169570
61.56455687
61.62802293
61.69141683
61.75183991
61.81643944
61.92249684
61.98412337
62.04849543
62.11119739
62.17773790
62.23783427
62.30068008
62.37461484
62.43826864
62.50002146
62.59606316
62.65870661
62.72262640
62.78510407
62.84971140
62.92206091
62.98494086
63.04787542
63.11140146
63.17498675
63.23617929
63.30009275
63.36317286
63.42689346
63.48851072
63.55103495
63.61463340
63.67759795
63.73976427
63.80482972
63.87727042
63.95219382
64.01463881
64.07633092
64.14195665
64.20482953
64.26653992
64.32943132
64.39323628
64.45504566
64.51932849
64.58247078
64.64399417
64.70748851
64.77065615
64.83411222
64.89652381
64.95865453
65.02329673
65.08656288
65.15129748
65.21324388
65.30553531
65.36058360
65.42363226
65.48505862
65.54886943
65.61117545
65.67556214
65.73734836
65.80059158
65.86549076
65.93939553
66.00040594
66.06328955
66.12583523
66.18861010
66.25327058
66.32694325
66.39960069
66.46362873
66.52552710
66.58918017
66.65353980
66.71465993
66.77785488
66.84197167
66.90432377
66.96717251
67.02973331
67.09355899
67.15598009
67.21990988
67.28156956
67.34538695
67.40921288
67.47115831
67.53405239
67.59754942
67.65946437
67.72275197
67.78531545
67.84908262
67.92042885
67.98706420
68.04853761
68.11095407
68.17368042
68.23659279
68.31123679
68.37429082
68.43848149
68.50121710
68.56369281
68.62720081
68.68996592
68.75376698
68.81616882
68.87908948
68.94234831
69.00408795
69.06749331
69.12946043
69.19376935
69.25547413
69.31934151
69.38295020
69.44488831
69.50851627
69.57156200
69.63443000
69.69887155
69.76081820
69.82370229
69.88667391
69.96030512
70.03416625
70.09578375
70.15970501
70.22411535
70.31926227
70.37120419
70.43305453
70.49692995
70.56105138
70.62171534
70.68480520
70.74889250
70.81136577
70.87437810
70.94799420
71.01176869
71.07438215
71.13777653
71.20037196
71.26412718
71.32695983
71.38885210
71.45180714
71.51543778
71.57885362
71.64128447
71.70431899
71.76823196
71.83001183
71.89281132
71.96833450
72.03113424
72.09398102
72.15690949
72.21863768
72.28323600
72.34550471
72.40734067
72.47193655
72.53460803
72.59768595
72.66079655
72.72253522
72.78755972
72.84975236
72.91313309
72.98665387
73.04893404
73.11148460
73.17529785
73.23786694
73.30107652
73.36521428
73.42770218
73.48925678
73.55299591
73.61481382
73.67925098
73.74188663
73.80434966
73.86899332
73.94220714
74.01743897
74.07867637
74.14288532
74.20707306
74.26889756
74.33082933
74.39335185
74.45672307
74.52039881
74.58261511
74.67787589
74.73177146
74.79402140
74.85730436
74.92023673
75.01456591
75.06896178
75.13143066
75.19408630
75.25776472
75.31980231
75.38340442
75.44639652
75.50902412
75.57194479
75.63474866
75.69717708
75.76167177
75.82402972
75.88681678
75.96120844
76.02274792
76.08638977
76.14970053
76.21258535
76.27536875
76.33888065
76.40217190
76.46514133
76.52764093
76.59035948
76.65230125
76.71486326
76.77757449
76.84149697
76.91571601
76.97957217
77.04224513
77.10522698
77.16930916
77.23198162
77.29381831
77.35746650
77.41946458
77.48340193
77.54699868
77.60910331
77.67338297
77.73496268
77.79762076
77.86139451
77.93494552
78.00932060
78.07178972
78.13398676
78.20955260
78.27193786
78.33302435
78.39854451
78.46083370
78.52303683
78.58625616
78.64793437
78.71194657
78.77481798
78.83754750
78.90158579
78.96584667
79.02627511
79.09112870
79.15378312
79.21802986
79.27967053
79.37428594
79.43862241
79.50148773
79.56383763
79.62802854
79.69094043
79.75363508
79.81564706
79.87872498
79.95404775
80.01586396
80.07783206
80.14201273
80.21639561
80.27805870
80.34205944
80.41377846
80.47653357
80.53843706
80.60234296
80.66538870
80.72684919
80.79089284
80.85327931
80.91706477
80.99114776
81.05277965
81.11586586
81.17966716
81.24244641
81.30523786
81.36814267
81.43067812
81.49281371
81.55793695
81.61991675
81.68532817
81.74614598
81.80862218
81.87281114
81.93521419
81.98852486
82.05230129
82.11571396
82.18040078
82.24137755
82.30384254
82.36774746
82.43109332
82.49348980
82.55607010
82.62000355
82.68306416
82.74548599
82.80780152
82.87116006
82.93363553
83.00899560
83.07045511
83.16643074
83.23039174
83.29292572
83.35587905
83.41986394
83.48224993
83.54513768
83.60935614
83.67096438
83.73364952
83.79735964
83.86008867
83.92344502
83.98598241
84.04867755
84.11279776
84.17430067
84.23805906
84.29990111
84.36289662
84.42645997
84.49088908
84.55305101
84.61645003
84.67844958
84.74256466
84.80637108
84.86785278
84.93063179
84.99381748
85.05735985
85.11870673
85.18313438
85.24454220
85.30845371
85.37174837
85.43538437
85.49727323
85.56140978
85.62405542
85.68664987
85.75099877
85.81204941
85.87628616
85.93858852
86.00207921
86.06403243
86.12762431
86.18923864
86.25329496
86.31832824
86.37904681
86.44340059
86.50515389
86.56975733
86.63189731
86.69481724
86.75783665
86.85274147
86.91548269
86.97984012
87.04306749
87.10453895
87.16746474
87.23132480
87.29318635
87.35873187
87.41995952
87.48195931
87.54547463
87.60867713
87.67252744
87.73506727
87.83100511
87.89399136
87.95768466
88.01939773
88.08321951
88.14624599
88.20866709
88.27269830
88.33556216
88.39765777
88.46113359
88.52292980
88.58689324
88.64965079
88.71259072
88.77610725
88.84020283
88.90207511
88.96514547
89.03775342
89.10133432
89.16443589
89.22726951
89.29104619
89.35305330
89.41771598
89.47885854
89.54097658
89.60524161
89.66771147
89.72975271
89.79462020
89.85652076
89.92052808
89.98385737
90.05720674
90.13303371
90.19440569
90.25782568
90.32142608
90.38335054
90.44594693
90.50937155
90.57300853
90.63603135
90.69736140
90.76044127
90.82555231
90.88811360
90.95058102
91.02383726
91.08658384
91.14997823
91.21437199
91.27549236
91.34004509
91.40211168
91.46517961
91.52864713
91.59132399
91.65288322
91.71699733
91.77988971
91.84274991
91.91684436
91.97929277
92.05321924
92.11590901
92.17998875
92.24359281
92.30592199
92.36937903
92.43118914
92.52723060
92.58939472
92.65128090
92.71410404
92.77905198
92.84191901
92.90688645
92.96788955
93.02967821
93.10574045
93.16889444
93.22999823
93.29390242
93.35783441
93.41847935
93.48237403
93.54390644
93.60936321
93.67202568
93.73489173
93.79890515
93.85903541
93.92295009
93.98564230
94.05949392
94.12379333
94.18629561
94.24940913
94.31230200
94.37567931
94.43775981
94.50219429
94.56562183
94.62850909
94.69046939
94.75450621
94.81685733
94.88025464
94.94234562
95.00667404
95.10121022
95.16406944
95.22760768
95.29056101
95.35341731
95.41781082
95.48044769
95.54260645
95.60452798
95.66735063
95.73120167
95.79301569
95.85928849
95.92111396
95.98298307
96.05762731
96.12043802
96.18320996
96.27916608
96.34094109
96.40420186
96.46872630
96.52949535
96.59424385
96.65752974
96.71886028
96.78165611
96.84524310
96.90733140
96.97136237
97.04396276
97.11985239
97.18177587
97.24477894
97.30842323
97.37112641
97.43367576
97.49603614
97.55981721
97.62579305
97.68631024
97.74866112
97.82343849
97.88695477
97.94878537
98.01228069
98.07523280
98.13695855
98.20124358
98.26292544
98.32800284
98.38901375
98.48541678
98.54924782
98.61258955
98.67997802
98.73774382
98.80071958
98.86443531
98.92685665
98.98896957
99.05224595
99.11655755
99.17731245
99.24250980
99.30426043
99.36950849
99.43120304
99.49496850
99.55858232
99.62052555
99.68902408
99.74609161
99.82076926
99.88604780
99.94986642
100.01103897
100.07364194
100.14682016
100.20806878
100.26958900
100.33263547
100.39498903
100.45664457
100.51987048
100.58236423
100.64316668
100.73756779
100.79051176
100.85168187
100.91316333
100.97459358
101.03773733
101.09961717
101.17360215
101.23531669
101.29666454
101.35956326
101.42134874
101.48410947
101.54535492
101.60850159
101.67127719
101.73174391
101.79388170
101.85727779
101.91945069
101.98210413
102.04397178
102.10605082
102.16886469
102.23204623
102.29344674
102.35398173
102.41607636
102.47996349
102.54049262
102.60256848
102.66682864
102.72761865
102.79037840
102.85300332
102.91409492
102.97776481
103.03876279
103.10260311
103.16321440
103.22490285
103.28907670
103.35016660
103.41321721
103.47555029
103.53552354
103.59964423
103.66167597
103.72433063
103.78496558
103.84649409
103.91032099
103.97114563
104.03373885
104.10651844
104.16814131
104.23147864
104.29213870
104.35531756
104.41796150
104.48018828
104.54241311
104.60443631
104.66661677
104.72957327
104.79184516
104.85337732
104.91605223
104.97792963
105.03940474
105.10082500
105.17492750
105.23641969
105.29842362
105.36219518
105.42322998
105.51857463
105.58095745
105.64369964
105.70988589
105.76774312
105.82933648
105.89162738
105.95305350
106.01596050
106.07946704
106.13948515
106.20365729
106.26460602
106.32642247
106.38877384
106.45181787
106.51462540
106.57438751
106.63767365
106.70032149
106.76099666
106.82453612
106.88655054
106.94847646
107.01041189
107.07442701
107.13464163
107.19639372
107.26090085
107.32245276
107.38329349
107.44832164
107.50815007
107.57108755
107.63289205
107.69552600
107.75827112
107.82045109
107.88250891
107.94533034
108.00687080
108.06826399
108.13030255
108.19259492
108.25501821
108.31816464
108.37844850
108.44029519
108.50348867
108.56599291
108.62981006
108.69078488
108.75248869
108.84571610
108.89941125
108.96117016
109.02205867
109.08506808
109.14854292
109.20880289
109.27125788
109.33465714
109.39594769
109.47028912
109.53104159
109.59379085
109.65653744
109.71788699
109.77858362
109.84169982
109.90364622
109.96527323
110.02830093
110.09127693
110.15296124
110.21490861
110.27595706
110.33951699
110.40220994
110.46340224
110.52511677
110.58891978
110.65089446
110.71174543
110.77513664
110.83692188
110.89870396
110.96113603
111.02366903
111.08676621
111.14872700
111.21006582
111.27444593
111.33473150
111.40692838
111.46988489
111.53207242
111.59434820
111.65691095
111.71785066
111.78214787
111.84273845
111.90541994
111.96703183
112.02907502
112.09092804
112.15557000
112.21682837
112.27767299
112.34035302
112.40151874
112.46420169
112.52687415
112.58937985
112.65106586
112.71293668
112.77589806
112.83806998
112.89966700
112.97355300
113.04540490
113.10824047
113.17016078
113.23278790
113.29380270
113.35766496
113.41871243
113.48118034
113.54380770
113.60483055
113.66688691
113.73104685
113.79166303
113.85386519
113.91627165
113.97927229
114.04108849
114.10310243
114.16595507
114.22724367
114.29065122
114.35221435
114.41441846
114.47585530
114.53980508
114.59957645
114.66369032
114.72614409
114.78729933
114.88198447
114.94569898
115.00541940
115.06766056
115.12950383
115.19343484
115.25542367
115.31714430
115.37994135
115.44141525
115.50356645
115.56581054
115.62823334
115.68942442
115.75209688
115.81581407
115.87684741
115.93972394
116.00183418
116.06531609
116.12614731
116.18854256
116.25164803
116.31343254
116.37317368
116.43619675
116.49832917
116.56054718
116.62306872
116.68500488
116.74675404
116.80963984
116.88279441
116.94612394
117.00940056
117.06904296
117.13198801
117.19386663
117.25672902
117.31852792
117.38035119
117.44327624
117.50506173
117.56817305
117.63100594
117.69097675
117.75800268
117.81489808
117.87698101
117.94002017
118.00136265
118.06349240
118.12617364
118.22151975
118.27404535
118.33590325
118.39817294
118.45973168
118.52138551
118.58304641
118.64498745
118.70917153
118.77109477
118.83331228
118.89605740
118.95704734
119.01848125
119.08122662
119.14355750
119.20562288
119.26728939
119.32922652
119.39205113
119.45431692
119.51678531
119.57890750
119.64062447
119.70358122
119.76538987
119.82721339
119.89021646
119.95190198
120.01433844
120.07520915
120.13843531
120.20073986
120.26291569
120.32489305
120.38671194
120.44886412
120.51115794
120.57505214
120.63504099
120.69823911
120.76234396
120.82186055
120.88297483
120.94715940
121.00860477
121.07059213
121.13282525
121.19677284
121.25738438
121.31919986
121.38282318
121.44412860
121.50682594
121.56895885
121.63186293
121.69202684
121.75403931
121.81853450
121.87956856
121.94180754
122.00415695
122.06502962
122.12820433
122.19184106
122.25260815
122.31354884
122.37693640
122.43937554
122.50239519
122.56434305
122.62592471
122.68855499
122.75091611
122.82326367
122.88611729
122.95884105
123.02088156
123.08267972
123.14667583
123.20655350
123.27052133
123.33135839
123.39334283
123.45608649
123.51861900
123.57896845
123.64251278
123.70354075
123.76682956
123.82912632
123.89289227
123.95273996
124.01477949
124.07808318
124.13988134
124.23372900
124.29912653
124.36000041
124.42240566
124.48281801
124.54694650
124.60822487
124.66926039
124.73200746
124.79395240
124.85606971
124.93013857
124.99179703
125.05422666
125.11653390
125.17897816
125.24079851
125.30968007
125.37410089
125.43446033
125.49630726
125.55905726
125.62113288
125.68479667
125.74554938
125.80769546
125.87051006
125.93101677
125.99483514
126.05685005
126.12015447
126.18177977
126.24312177
126.30602122
126.36904648
126.43126984
126.49268620
126.55362981
126.61741819
126.67809630
126.74102184
126.81406693
126.87785653
126.93903762
127.00176347
127.06318666
127.12288050
127.18583798
127.24868453
127.31148670
127.37299863
127.43499891
127.49724373
127.59289290
127.64511545
127.70617560
127.76845041
127.88341929
127.94709845
128.00991988
128.07096687
128.13439612
128.19515614
128.25694967
128.32093310
128.38165314
128.44350908
128.50658895
128.56903077
128.63132875
128.69336731
128.75631723
128.81675957
128.88045530
128.94446384
129.00433640
129.06748527
129.12679340
129.19209535
129.25390595
129.31539862
129.37760687
129.44044415
129.50148285
129.56474363
129.62622630
129.68928691
129.76239808
129.82347359
129.88467320
129.94775039
130.00971337
130.07365901
130.13412159
130.19733945
130.25860026
130.32053032
130.38359800
130.44636921
130.50718117
130.57116191
130.63229228
130.69507080
130.75546999
130.81953875
130.88137154
130.94289980
131.00549595
131.06698131
131.12861490
131.19040795
131.25346319
131.31555173
131.37789408
131.44086351
131.50247491
131.56602826
131.62731515
131.69040234
131.76115538
131.83443747
131.89838774
131.95957101
132.02163225
132.08392144
132.14573643
132.20760798
132.27023168
132.33362704
132.39594915
132.45831369
132.52098615
132.58236959
132.64323007
132.70596519
132.76777725
132.83067012
132.89347692
132.95418355
133.01571596
133.07962015
133.14176892
133.20227294
133.26445705
133.32879352
133.38966838
133.45029772
133.51410487
133.57590864
133.64093655
133.71153941
133.77487308
133.83583230
133.89839603
133.96127012
134.02295004
134.08587216
134.14893472
134.20883434
134.26995642
134.33394985
134.39603741
134.45789458
134.51986609
134.58258707
134.64558039
134.71739864
134.77909416
134.84132582
134.90517003
134.96652641
135.02842746
135.09016345
135.15295490
135.21676839
135.27805041
135.33942435
135.43467416
135.49619316
135.55767705
135.62105900
135.68333113
135.74431838
135.80880016
135.87120638
135.93137029
135.99309946
136.05700267
136.11852753
136.18059973
136.24368838
136.30573425
136.36684073
136.43055768
136.49180580
136.55344135
136.61517929
136.67832377
136.74052032
136.80321936
136.86447992
136.92596284
136.98800530
137.05169079
137.11229746
137.17478926
137.23822168
137.29917456
137.36158834
137.42418084
137.48573763
137.54858807
137.61098308
137.68430125
137.74749620
137.80838812
137.86954531
137.93276757
137.99389184
138.05647336
138.11926286
138.18148305
138.24238229
138.30570353
138.36756411
138.42862500
138.49254820
138.55501172
138.61583148
138.67869119
138.74232548
138.80224900
138.86499290
138.92811446
138.99039342
139.05134410
139.11523732
139.17538367
139.23745198
139.30057719
139.36304559
139.42505660
139.48542141
139.54967303
139.61131759
139.67332080
139.73569338
139.79794356
139.85978951
139.92414158
139.98444739
140.04519181
140.10843113
140.17340321
140.23425588
140.29479964
140.35831569
140.42041154
140.48218679
140.54314210
140.60684759
140.66779388
140.73056728
140.79322414
140.85573813
140.91682096
140.97889633
141.04293803
141.10464184
141.16518731
141.22832423
141.29023626
141.35223483
141.41505139
141.47776286
141.54064305
141.60239855
141.66467482
141.72565525
141.78832357
141.84971213
141.91261622
141.97432003
142.03588779
142.09767401
142.17180235
142.23390357
142.29588215
142.35866994
142.42008630
142.48301306
142.54488583
142.60792181
142.66873206
142.73259919
142.79321463
142.85893204
142.91780961
143.01171578
143.06502669
143.12646548
143.18829948
143.25034048
143.31301002
143.37465970
143.43756769
143.50064000
143.56224897
143.62339860
143.68798180
143.75003035
143.81068408
143.87235765
143.93474657
143.99609832
144.05905067
144.12076667
144.18355690
144.24646757
144.30877358
144.37110959
144.43293214
144.49513527
144.57463449
144.67294679
144.72656442
144.79130877
144.85600193
144.92270847
144.98720902
145.05166203
145.11824008
145.18418471
145.24717583
145.31556612
145.37955174
145.44570459
145.52108831
145.58466726
145.65062286
145.71323974
145.77926995
145.85614432
145.92151575
145.98675968
146.05280330
146.12761821
146.21535283
146.28046876
146.34528309
146.41042047
146.47478595
146.54059527
146.61855069
146.68208990
146.74692763
146.81158715
146.87841754
146.94338523
146.99911985
147.06536266
147.12995488
147.19672700
147.26179051
147.35885743
147.42435053
147.48772590
147.55400625
147.61848364
147.69547504
147.76150696
147.82629033
147.89215060
147.98949278
148.05366273
148.11982362
148.18437439
148.26086062
148.32700810
148.39218888
148.45768076
148.52055680
148.58845142
148.65103027
148.72861144
148.79340871
148.85787951
148.92466919
148.98920509
149.06482872
149.12870072
149.19571227
149.26019746
149.32592510
149.39229177
149.45608088
149.52197382
149.58675719
149.65247874
149.71640292
149.79272653
149.85776590
149.92487155
149.98964053
150.05559370
150.12006987
150.18365857
150.24993015
150.32446517
150.39151231
150.45614281
150.52222860
150.58708975
150.65190262
150.71803254
150.79444758
150.85813185
150.92458459
150.98901419
151.05547667
151.11980265
151.18499952
151.24973705
151.31599888
151.38062328
151.44563876
151.51077882
151.57732127
151.64369331
151.70807926
151.77373132
151.84752419
151.92426203
151.98951546
152.05416156
152.12010107
152.18585944
152.25080494
152.32622718
152.39253972
152.45613964
152.52253483
152.58725359
152.65305827
152.74934891
152.80462395
152.88148442
152.94603471
153.01252986
153.07646087
153.14144904
153.20611879
153.27280290
153.37063173
153.43506449
153.50141531
153.56546969
153.63105812
153.69669701
153.76172931
153.82597484
153.92460750
153.99954505
154.06613871
154.13172786
154.19532705
154.26109394
154.32726239
154.39239514
154.48949912
154.54387499
154.60957265
154.67527420
154.73901821
154.80489677
154.87060369
154.93577886
155.00142775
155.09659344
155.15278838
155.21634636
155.28341861
155.34937495
155.41307897
155.48050645
155.54442503
155.60970503
155.67400785
155.74081679
155.80512132
155.86990907
155.93733436
156.00063244
156.06646005
156.13024550
156.19637738
156.26099033
156.32778244
156.39153791
156.46834328
156.53325514
156.59799754
156.66505029
156.72866484
156.79538625
156.85802677
156.92462555
156.98992481
157.05604475
157.16420476
157.22814528
157.29389852
157.35923850
157.42543329
157.48939916
157.55646678
157.63231423
157.69636641
157.76096765
157.82796920
157.89215377
157.95770709
158.02260432
158.08792041
158.15337523
158.23110610
158.29456436
158.36055556
158.42592334
158.49016643
158.55456531
158.62065574
158.68432075
158.75191330
158.82860993
158.89246097
158.95800575
159.02144451
159.08767172
159.15237756
159.23016085
159.32689619
159.38246697
159.45758811
159.52210914
159.58899390
159.65300512
159.71921307
159.78350102
159.85003128
159.91366826
159.97830851
160.04382721
160.11014316
160.17629576
160.25145835
160.31626024
160.38201422
160.47876077
160.54336324
160.61069636
160.67626407
160.74030772
160.81622440
160.88196668
160.94800761
161.01153512
161.07765090
161.14144172
161.20836306
161.27404364
161.34912114
161.42655676
161.48945841
161.55516118
161.62070523
161.68559393
161.74984360
161.81541496
161.88163314
161.94676223
162.01212343
162.07808952
162.14293896
162.20746072
162.27320713
162.33715350
162.41563336
162.47995495
162.54448378
162.61021533
162.68509899
162.75069205
162.81683222
162.88152367
162.94636824
163.01291142
163.07823361
163.14215828
163.20910887
163.27279607
163.33847349
163.40471874
163.47920524
163.54381063
163.61033601
163.68798082
163.75256524
163.82855532
163.89239441
163.95812449
164.02141160
164.08731040
164.15403717
164.21911238
164.28482003
164.34877688
164.41467885
164.47948343
164.55679397
164.62106315
164.68849965
164.76355106
164.82922921
164.89273306
164.95924918
165.02320092
165.08866232
165.15504020
165.21851724
165.28459182
165.34988621
165.41401544
165.47985767
165.55540718
165.62138912
165.68633340
165.75159074
165.84910871
165.90394659
165.96986124
166.03543016
166.11121495
166.17578815
166.24085629
166.30558139
166.37192465
166.43572327
166.50135778
166.56911148
166.64276659
166.70865904
166.77445081
166.84998154
166.91355684
166.97964678
167.04326084
167.11151386
167.17539367
167.24060029
167.30617969
167.37199803
167.43777907
167.50121832
167.56773224
167.64218388
167.70915666
167.77502937
167.83888260
167.91645305
167.98015658
168.04572234
168.10999614
168.17700720
168.24186152
168.30653614
168.38347293
168.44800127
168.51416485
168.58026381
168.65567216
168.71964315
168.77704421
