148.19669482
148.25870576
148.32347027
148.39087256
148.45532988
148.51150060
148.58750204
148.65287462
148.71757306
148.78346203
148.84891262
148.91412307
148.98050111
149.04632668
149.11063820
149.17603613
149.24257071
149.30786526
149.37255517
149.43990480
149.50473075
149.56908421
149.63567412
149.69229833
149.76649364
149.83322130
149.89758963
149.96260064
150.02929246
150.09327996
150.15840677
150.22502595
150.29155003
150.35637989
150.42223131
150.48867786
150.55297378
150.61831368
150.69555441
150.75971842
150.82678840
150.89285461
150.95590856
151.02201403
151.08858249
151.14651376
151.21869203
151.28579297
151.35041875
151.41661541
151.48271673
151.54060143
151.61303351
151.67963220
151.74323618
151.81023180
151.87575797
151.94134071
152.00673182
152.07187375
152.13588392
152.20257453
152.26831794
152.33418179
152.39906943
152.46520147
152.52948251
152.59528078
152.66233271
152.73812033
152.80368479
152.86978221
152.93451576
153.00032085
153.06550862
153.13283825
153.19668580
153.26184407
153.32792954
153.38590080
153.45944318
153.52502446
153.59096584
153.65474171
153.72154569
153.77915758
153.85240202
153.91861769
153.98332881
154.04951766
154.11404592
154.18040154
154.24502513
154.31145340
154.36782259
154.44226804
154.50897011
154.57298491
154.63946828
154.70418038
154.76938277
154.83616554
154.90326429
154.96614123
155.03271457
155.09722284
155.16204977
155.22757107
155.29300533
155.35139033
155.41488192
155.48594744
155.55505762
155.61993502
155.67173156
155.73729309
155.79091430
155.85510026
155.91831854
155.98344023
156.04843832
156.10121693
156.16610798
156.21843091
156.28219873
156.34691278
156.41128378
156.47507891
156.52795602
156.59334347
156.64665285
156.71269249
156.77497795
156.83982317
156.90472495
156.95755622
157.02222833
157.07492234
157.14076303
157.20387769
157.26823456
157.33236127
157.39794449
157.46068369
157.51494465
157.57921667
157.64381833
157.70782118
157.77221998
157.82589313
157.88940081
157.94464555
158.00769974
158.07204612
158.13629401
158.20144155
158.25457100
158.31829152
158.37786436
158.44794294
158.51031715
158.57526404
158.64098112
158.69344082
158.75770260
158.81100809
158.87543663
158.96096565
159.01680528
159.07908026
159.14368655
159.23065331
159.28329465
159.34728434
159.40077878
159.46544187
159.53004839
159.58342726
159.66864079
159.74398785
159.79698783
159.85042034
159.91508758
159.98220607
160.04498842
160.10911171
160.16190178
160.22593828
160.29006694
160.35491289
160.41897597
160.47108849
160.53621019
160.58903195
160.65600294
160.70893563
160.77324935
160.83699084
160.89957716
160.96592205
161.01789804
161.08321478
161.13613919
161.20056432
161.26557094
161.32919028
161.39328310
161.44812288
161.51226763
161.56357217
161.62895791
161.69345375
161.75710235
161.82203363
161.86784002
161.94096793
161.99192869
162.05664006
162.12148966
162.18650725
162.25052718
162.30403112
162.36921694
162.42013479
162.48533670
162.56176408
162.62549045
162.69001287
162.74250719
162.80841639
162.86120670
162.92497307
162.98927117
163.05379798
163.11810486
163.18126487
163.24659600
163.29934340
163.36553615
163.42805030
163.49139999
163.55653851
163.60258847
163.67619034
163.72804126
163.79398045
163.85745716
163.92167433
163.98636326
164.03893390
164.10482262
164.16692596
164.23250114
164.29653667
164.35990903
164.42628805
164.47757406
164.54332746
164.59536855
164.66025375
164.72503387
164.78962650
164.85408162
164.90693606
164.97183881
165.02412688
165.08982299
165.15425836
165.21836654
165.28260492
165.33713066
165.40056325
165.45330431
165.51818659
165.58222601
165.64727603
165.70957978
165.76408797
165.82858308
165.88150066
165.94662552
166.03163791
166.08586133
166.15118344
166.20366362
166.26790956
166.33175126
166.39566853
166.48161447
166.53564674
166.59938068
166.65312721
166.73955564
166.81509433
166.86808993
166.98664949
167.05064528
167.11644866
167.17969888
167.24395798
167.29651277
167.36159765
167.42533890
167.48972259
167.55395316
167.60836407
167.67388610
167.72675248
167.79016215
167.84225078
167.90787545
167.97363812
168.03692491
168.10183766
168.16509251
168.22937404
168.28234965
168.34687328
168.41144836
168.47589007
168.54041833
168.58746279
168.65727343
168.71127571
168.77586103
168.83988022
168.90417760
168.96918714
169.02173511
169.08594983
169.13885059
169.20288807
169.27934616
169.34280557
169.40776513
169.46073415
169.52584049
169.57798910
169.64366156
169.70787823
169.77131399
169.83705057
169.89076151
169.95524759
170.01755329
170.08350199
170.14682364
170.21159254
170.27508048
170.32060600
170.39451507
170.44711302
170.51261433
170.57596548
170.64074657
170.70530214
170.75730251
170.82239373
170.87478249
170.93879047
171.00330752
171.06732719
171.13320714
171.18595332
171.25012489
171.30451142
171.36916427
171.43151093
171.49638004
171.56081005
171.61483428
171.67965512
171.72469620
171.79639001
171.86022001
171.92447740
171.98937845
172.04160629
172.10780173
172.16078904
172.22452199
172.28835126
172.35456595
172.41909933
172.47098999
172.53638207
172.59941627
172.66489344
172.72807515
172.79289306
172.85681716
172.90989200
172.97458167
173.02705405
173.09243735
173.15605182
173.22251520
173.28491184
173.34013902
173.40329489
173.45623441
173.52141243
173.64994306
173.70526923
173.76977336
173.82164841
173.88688787
173.93911449
174.00496664
174.06698074
174.13226993
174.19755206
174.25069516
174.33692099
174.39033326
174.45361687
174.50662613
174.57073358
174.63592866
174.68920610
174.75715598
174.80714932
174.87229369
174.93503337
174.99593716
175.05908498
175.11205278
175.17476516
175.22661753
175.28952130
175.34242815
175.40528656
175.45712821
175.52181374
175.57290323
175.63710260
175.69900333
175.75124142
175.81398792
175.87435095
175.94111202
175.99177071
176.05584622
176.10678626
176.17037757
176.22231918
176.28718536
176.33850160
176.40174475
176.45451458
176.50519814
176.56815456
176.61909070
176.68420338
176.76697882
176.82144678
176.87197405
176.93610710
176.98736166
177.05248311
177.10239014
177.16717440
177.21808616
177.28275803
177.34353285
177.40808257
177.46985871
177.52105451
177.58516782
177.63791644
177.70191685
177.75243096
177.81638286
177.86143832
177.93176315
177.98359700
178.03646631
178.09816760
178.16057790
178.22556379
178.27624637
178.33996787
178.39260044
178.45590088
178.50657931
178.56992535
178.63223885
178.69655427
178.74846955
178.81243461
178.87430804
178.92648224
178.99038465
179.04097361
179.10589489
179.15656431
179.22126300
179.27103982
179.33495466
179.38699575
179.45106078
179.50904740
179.56647618
179.61814960
179.68197301
179.74384644
179.81716329
179.87045585
179.92165604
179.98579689
180.03649044
180.09907189
180.15213746
180.21673814
180.26755823
180.33215866
180.38335519
180.44664442
180.50796318
180.57100469
180.63454016
180.68674241
180.74976223
180.80125523
180.86653979
180.91854333
180.98212049
181.03298252
181.09600867
181.14963720
181.21275917
181.27380243
181.32636185
181.38956696
181.44050847
181.50433846
181.55698932
181.61968755
181.67154675
181.73554546
181.78729178
181.85080970
181.90175023
181.96771795
182.01800702
182.07040139
182.13295675
182.18342721
182.24748590
182.29952357
182.36398674
182.41482073
182.47894719
182.53054942
182.59353974
182.64551987
182.70930232
182.75964796
182.82509782
182.88880981
182.95077320
183.01314693
183.07509886
183.14102976
183.20241508
183.26552730
183.31685939
183.38207129
183.43220579
183.49620840
183.54819170
183.61198903
183.67455414
183.73615011
183.79975312
183.85273799
183.91560421
183.96851082
184.02964306
184.09291083
184.15730427
184.20874217
184.27233153
184.32404956
184.38823260
184.44949796
184.50157854
184.56590445
184.61697663
184.68195399
184.73261902
184.79534163
184.84786181
184.91190172
184.96321967
185.02652840
185.07793412
185.14224051
185.21478108
185.27893949
185.34095164
185.41432116
185.46814693
185.51963945
185.58177033
185.63462647
185.69822387
185.74983707
185.81333086
185.86442596
185.92942210
185.97995010
186.04290068
186.10570887
186.16885376
186.23223417
186.28355967
186.34700128
186.39894411
186.46335145
186.51395381
186.57908697
186.62925048
186.69269233
186.75710747
186.81999489
186.88146165
186.93461011
186.99765797
187.04904150
187.11221419
187.16395051
187.22767298
187.28094555
187.34317031
187.39490444
187.45922083
187.50990317
187.57390944
187.63623220
187.68719516
187.75120363
187.81095737
187.87777769
187.93055508
187.99347737
188.04448519
188.11040317
188.15953927
188.22388711
188.27635779
188.33799814
188.38978883
188.45379242
188.51719916
188.58002490
188.64257344
188.69428343
188.75799591
188.80898788
188.87385894
188.92565281
188.98916999
189.04010223
189.10405901
189.15597917
189.20934097
189.27051710
189.33404989
189.39735252
189.44879360
189.51172710
189.56354315
189.62818991
189.68668414
189.75488880
189.81693484
189.88067658
189.93258845
189.99526839
190.05736100
190.10852145
190.17297852
190.22541897
190.28878524
190.34139757
190.40420917
190.45536742
190.51990325
190.57184340
190.63474131
190.68799705
190.75000969
190.80213148
190.86364090
190.92820988
191.00041643
191.05428803
191.10596267
191.16875672
191.22126446
191.28345362
191.33531063
191.40009952
191.45239295
191.51523747
191.56644497
191.63005286
191.69209622
191.75569727
191.81956701
191.87044756
191.93446407
191.98518542
192.05055117
192.09977309
192.16486236
192.21693343
192.27965775
192.33211526
192.39540766
192.45803445
192.50840862
192.57348228
192.62548021
192.68933678
192.74116697
192.80505475
192.85599504
192.91877787
192.97064878
193.03501150
193.08441262
193.15045957
193.21054782
193.26381795
193.32786542
193.37897516
193.44447232
193.49471092
193.55849752
193.61029748
193.67265438
193.72442508
193.78890044
193.84170123
193.90434314
193.95526246
194.01831251
194.08372995
194.13491575
194.18651993
194.24653334
194.29923466
194.35098147
194.40228991
194.45349229
194.50431140
194.55782461
194.61004757
194.65941871
194.71032705
194.76123296
194.81128066
194.86428650
194.93772405
194.98749454
195.03910652
195.10190179
195.15145772
195.20409834
195.25364062
195.30641313
195.35583034
195.40711562
195.45841138
195.50949235
195.56173848
195.62490117
195.68521397
195.74796340
195.80922511
195.86158924
195.91279089
195.97550619
196.02757507
196.08874779
196.13950693
196.19055107
196.24209576
196.29310066
196.34286164
196.39454555
196.44423217
196.49527364
196.54786159
196.60028472
196.65073300
196.70053128
196.75380751
196.81336182
196.86512155
196.91683203
196.96779304
197.02108072
197.07077636
197.12092354
197.17285052
197.23412467
197.28795458
197.33757074
197.39086720
197.45085963
197.50330739
197.55420111
197.60468597
197.66387700
197.72744636
197.79048910
197.86227800
197.91559470
197.96462255
198.01632961
198.06813128
198.11751923
198.17132355
198.22154679
198.27392238
198.33326385
198.38591860
198.43838513
198.49928942
198.56107361
198.62285975
198.68552556
198.73445783
198.78694655
198.83704960
198.89247402
198.94696173
199.01272562
199.06464456
199.11428632
199.17760870
199.22659023
199.27753710
199.33054050
199.38216150
199.44302921
199.49689862
199.54599596
199.59912687
199.64838317
199.70036915
199.75035639
199.80357897
199.87459476
199.92757792
199.97678448
200.02932928
200.07890204
200.13116304
200.18229423
200.24526748
200.29622873
200.34482284
200.39631926
200.44964571
200.49987139
200.57218692
200.62437332
200.67540430
200.72633801
200.77670949
200.82920552
200.89002520
200.94304543
200.99119483
201.05747169
201.11762090
201.17938851
201.24221011
201.30354911
201.35474954
201.40760080
201.45711773
201.50989341
201.55753057
201.61077120
201.66177171
201.71020588
201.76410187
201.81550003
201.87628484
201.92698132
201.97881615
202.03014214
202.08196160
202.13213267
202.18375123
202.24645751
202.29696796
202.34862212
202.39802666
202.45237125
202.50199351
202.55360329
202.60533767
202.65543291
202.70512831
202.75792106
202.80596440
202.86019295
202.90955701
202.96004478
203.01295188
203.06350646
203.11758140
203.16699130
203.21768607
203.26995244
203.32249406
203.37071466
203.42158668
203.47222757
203.53686798
203.59771838
203.64952468
203.70152432
203.75181998
203.80249256
203.86516300
203.92687356
203.98168529
204.02809780
204.08015839
204.12987427
204.18164180
204.23344907
204.29534712
204.34480700
204.40918020
204.47192841
204.52435277
204.57444874
204.62588908
204.67720313
204.72570605
204.77728756
204.82910702
204.88084310
204.93119508
204.98217340
205.03498419
205.08725811
205.13624598
205.18777628
205.24984183
205.31066322
205.38375601
205.43509834
205.49613575
205.54889461
205.60089181
205.64122663
205.69435584
205.74392811
205.79557325
205.84869563
205.91915017
205.97278942
206.02104366
206.07459783
206.13514030
206.19562889
206.24789599
206.29893160
206.35036341
206.40152239
206.45240075
206.50502747
206.55703930
206.60634167
206.65883088
206.71022514
206.75991298
206.81091739
206.86021245
206.92530026
206.98683162
207.04697205
207.10983656
207.17216493
207.23345907
207.28599655
207.33694951
207.38976347
207.45004507
207.50043069
207.55449173
207.60474302
207.65608851
207.70675939
207.75416615
207.81686609
207.86933579
207.91845702
207.97135119
208.02267353
208.07407510
208.12502051
208.17482635
208.22620452
208.27754783
208.32895940
208.38042655
208.43106452
208.48351545
208.53334104
208.58467995
208.64767441
208.69749171
208.74910784
208.81098565
208.86238211
208.91462653
208.96663763
209.01547311
209.06605768
209.11686753
209.16779514
209.22016610
209.27039763
209.32404274
209.37371619
209.42393749
209.48674275
209.53798365
209.58910850
209.65168337
209.70162306
209.75372339
209.80538999
209.85528750
209.90844426
209.95768154
210.00955659
210.06261509
210.11129746
210.16321762
210.21398163
210.27512168
210.32863489
210.37863797
210.42954461
210.48044321
210.53464688
210.58439860
210.63748270
210.70783264
210.75935856
210.81180705
210.86407927
210.91260535
210.96508359
211.01480873
211.07367111
211.12825513
211.19330368
211.24594478
211.31271926
211.37579442
211.43951592
211.50474660
211.55680987
211.62213369
211.67348577
211.73956637
211.79295303
211.85711949
211.90673004
211.97115590
212.03904093
212.10817719
212.17309970
212.23800538
212.30204627
212.35414416
212.41745679
212.46945862
212.53451595
212.58656582
212.65097583
212.73733234
212.79100061
212.85512342
212.91878055
212.98361334
213.04610799
213.13327931
213.18563295
213.25022485
213.30216695
213.36880100
213.41983686
213.48611080
213.54905089
213.61356038
213.67712486
213.72824313
213.79492570
213.83992386
213.91107911
213.97793794
214.04047673
214.10323688
214.16784609
214.23165951
214.29525155
214.36136969
214.42366296
214.48882147
214.54246243
214.60550102
214.65789075
214.72282447
214.77523103
214.83899081
214.92333174
214.98018562
215.04332929
215.10657488
215.17179897
215.22417871
215.30792183
215.36025573
215.42471719
215.47899327
215.54328529
215.59522373
215.65922975
215.71064059
215.77773080
215.84205256
215.90629971
215.97076532
216.02200891
216.08620705
216.13957397
216.20339763
216.25611870
216.32030807
216.38411856
216.44822016
216.51323580
216.57580310
216.63966601
216.69373437
216.75701409
216.81064895
216.87488367
216.92717783
216.99443993
217.07640763
217.13116743
217.19457149
217.25827129
217.32391815
217.37611674
217.46019290
217.51400672
217.57651502
217.63156691
217.69623585
217.76232669
217.82404700
217.87641187
217.93996977
218.00512048
218.05926564
218.12293935
218.17517671
218.23943166
218.29280980
218.35663540
218.40840489
218.47330203
218.53718932
218.60031398
218.66510824
218.72849791
218.80473000
218.85632247
218.92155462
218.97451096
219.03979796
219.08853299
219.15510243
219.23973008
219.29285588
219.35868462
219.42126582
219.48612006
219.53752651
219.60439193
219.65607096
219.71977710
219.78218910
219.84861859
219.90039051
219.96618536
220.02763017
220.09342917
220.15681056
220.23185212
220.29659689
220.34853143
220.41414976
220.46526852
220.53094391
220.58352966
220.64802745
220.70960391
220.77728683
220.84202428
220.90304242
220.96691143
221.02095638
221.08416808
221.14753337
221.21209089
221.26494630
221.32877995
221.41386402
221.46714000
221.53293436
221.59514449
221.66051097
221.72427953
221.81069723
221.86348510
221.92828083
221.98042651
222.04414191
222.09714970
222.16162823
222.22465243
222.28961760
222.35508453
222.40629886
222.47077056
222.52485623
222.58858529
222.64342799
222.70641270
222.75916180
222.82214237
222.88590190
222.95006689
223.01303989
223.07889131
223.14288880
223.19407607
223.26134402
223.31311716
223.37693106
223.42862959
223.49460170
223.57980913
223.62647447
223.69493659
223.75957311
223.82540161
223.87694435
223.96150447
224.01422944
224.07890350
224.13231699
224.19566985
224.24844261
224.31411946
224.36767411
224.43156116
224.49609771
224.54643286
224.61318223
224.65690430
224.72918911
224.78039149
224.84607980
224.89690087
224.96215300
225.02666225
225.09206530
225.15657430
225.21933398
225.28349336
225.32894208
225.40127517
225.46447102
225.52795651
225.61292135
225.66526647
225.75167710
225.80662269
225.87082327
225.93218860
225.99748413
226.04885742
226.13602777
226.18908724
226.25399390
226.30701242
226.36990009
226.42409182
226.48871248
226.54998053
226.61599067
226.67957003
226.73228037
226.79686861
226.86127083
226.92537974
226.97792405
227.04255520
227.09655797
227.15898095
227.22436230
227.28719682
227.35030587
227.41386889
227.47841861
227.54159788
227.60638507
227.66064702
227.72486052
227.77724562
227.84082718
227.92727219
227.98332101
228.04518688
228.10928116
228.17278933
228.22449761
228.31180083
228.36342110
228.42890412
228.49177741
228.55647122
228.60772870
228.67450855
228.73599334
228.80053892
228.86550043
228.91809521
228.98249669
229.04444472
229.11113533
229.16195517
229.22677382
229.28027946
229.34435327
229.40697909
229.47305384
229.53638597
229.60051488
229.66342498
229.71737119
229.78410154
229.83495918
229.89754160
229.95087390
230.01578055
230.08269279
230.13342315
230.18212405
230.23645061
230.28711734
230.33819440
230.40162748
230.45171419
230.50386645
230.56570964
230.61721898
230.67936133
230.73014631
230.79342822
230.84537617
230.89565183
230.94631442
230.99553561
231.06132851
231.12500149
231.17475638
231.22600216
231.28765299
231.33978258
231.40083802
231.45239246
231.50476562
231.55492596
231.60555588
231.65717615
231.71010129
231.76121175
231.81142622
231.88453949
231.93858396
231.98789194
232.04146586
232.09194827
232.15193852
232.21498174
232.27732279
232.32888284
232.37856044
232.42947610
232.49397584
232.54590112
232.59694380
232.64884567
232.69756461
232.75066920
232.81221909
232.86444376
232.91463921
232.96609272
233.02809585
233.08099953
233.13201467
233.18581264
233.23497580
233.28613820
233.33707264
233.39004751
233.45165006
233.50171313
233.55392780
233.60589282
233.65555092
233.70894075
233.75919569
233.82161184
233.87265867
233.93481760
233.98795753
234.03751493
234.08938145
234.14141181
234.19240476
234.24167446
234.29208056
234.34681257
234.39611568
234.44638574
234.49963099
234.55037038
234.60491856
234.66385579
234.71701669
234.76907631
234.81793617
234.86914562
234.92083611
234.97228937
235.02685340
235.07707518
235.12858866
235.17963720
235.22888520
235.29242336
235.34351505
235.39676568
235.45905504
235.50818919
235.56200935
235.61133464
235.66096470
235.71266494
235.76351258
235.81741832
235.86822451
235.91965242
235.97227596
236.02144254
236.07527611
236.12520044
236.17687533
236.23902231
236.30015260
236.36206747
236.41518717
236.46352089
236.51726718
236.56689699
236.61966878
236.66945438
236.72335671
236.77550897
236.82547890
236.87800882
236.92816989
236.97867669
237.03132461
237.08247263
237.14490047
237.20774060
237.25722901
237.30922352
237.35997120
237.41163170
237.46335510
237.51209842
237.56702085
237.61667992
237.66925226
237.72187191
237.77126864
237.82397849
237.87553562
237.92449057
237.98759767
238.04931530
238.10179548
238.15263557
238.20502091
238.25619891
238.30740154
238.35976445
238.41163853
238.46091213
238.51331601
238.56330324
238.61449612
238.66600180
238.71701498
238.76911312
238.83119964
238.88157843
238.93516527
238.99722667
239.05800222
239.10940087
239.16301623
239.22396270
239.27505634
239.32793540
239.37875987
239.42815490
239.48022232
239.53038729
239.58401362
239.64530410
239.69560049
239.74700109
239.79610086
239.85003293
239.90232294
239.95477314
240.01793022
240.06590554
240.11775475
240.16927335
240.22096409
240.27207601
240.32358364
240.37510444
240.42474254
240.48798545
240.55212166
240.60138771
240.65444085
240.70522681
240.77736704
240.83011883
240.87936611
240.94465286
240.99522573
241.04593171
241.09497248
241.14775280
241.21257120
241.26084665
241.32290659
241.37659997
241.42677543
241.48098763
241.54178683
241.59264179
241.64276921
241.69429538
241.74853001
241.80820940
241.85889027
241.92332394
241.97437711
242.02657667
242.08747413
242.13820328
242.20215030
242.26400325
242.31234672
242.36410255
242.41601417
242.46871891
242.51747149
242.57049635
242.63335501
242.68187207
242.73396387
242.78963967
242.83727853
242.90049364
242.95187181
243.01535998
243.06513559
243.13873186
243.19039114
243.24243832
243.29288684
243.34428866
243.39508900
243.44631284
243.49857018
243.54967431
243.59920269
243.65108994
243.70318856
243.75446409
243.81761190
243.88011923
243.93062871
243.98086829
244.03431542
244.08510577
244.13708224
244.18712799
244.23995341
244.29106217
244.34378861
244.40417601
244.45690123
244.50646448
244.55913508
244.60824265
244.69233198
244.74456104
244.80883965
244.86005958
244.90997855
244.96245898
245.01308232
245.06436784
245.11398327
245.16572276
245.21717041
245.26991611
245.32257281
245.37187007
245.42401355
245.48565975
245.53612095
245.58987260
245.63943854
245.69072820
245.74381255
245.79354354
245.84783206
245.90961796
245.96122092
246.00906068
246.06002096
246.11313969
246.16612285
246.21646385
246.26739683
246.33152305
246.37926602
246.43295550
246.48389238
246.53665928
246.58649316
246.63786792
246.70082556
246.74968933
246.80201908
246.85390535
246.90560413
246.96714353
247.01919681
247.07023803
247.13580980
247.19729216
247.24845285
247.29841400
247.35110727
247.40063956
247.45071408
247.50556556
247.56525226
247.61670454
247.66789839
247.72013745
247.77128351
247.82252247
247.87392843
247.92590442
247.97594773
248.04850414
248.11116556
248.16252715
248.21367224
248.26410370
248.31589098
248.36667766
248.41869144
248.46977289
248.51964335
248.57246072
248.62443720
248.67368325
248.74549678
248.79598432
248.86517373
248.92233676
248.97248198
249.02322332
249.07700642
249.12610619
249.17786105
249.22967198
249.27898094
249.32928878
249.38073132
249.43088629
249.48522016
249.53547266
249.58666675
249.64910801
249.69779038
249.75186825
249.80273125
249.85088504
249.90527498
249.95438207
250.00835217
250.05849862
250.11022251
250.17128283
250.22396245
250.27353911
250.32512525
250.37615794
250.42857084
250.49038770
250.56217709
250.61404775
250.66271086
250.71406636
250.76573466
250.81862420
250.87020083
250.93132405
250.98165067
251.03415158
251.08279323
251.13390663
251.18692075
251.23839060
251.29932999
251.35203862
251.40253006
251.46312812
251.51519017
251.56707961
251.61823347
251.66813513
251.72141891
251.77112821
251.82221892
251.87551270
251.92443693
251.97750591
252.02876730
252.07816427
252.14146106
252.20368020
252.25321493
252.30556273
252.35582254
252.40782779
252.45883878
252.51162787
252.56045702
252.60973038
252.66212401
252.71378476
252.76476064
252.82935619
252.89041115
252.96241266
253.01499134
253.06345916
253.11507163
253.16542726
253.21834606
253.27016821
253.32147543
253.37218239
253.42325433
253.47387742
253.52556547
253.57689342
253.62701133
253.67936450
253.73021604
253.79077216
253.84474373
253.89510521
253.94628273
253.99684681
254.04724073
254.11105146
254.16181474
254.23418879
254.28574299
254.33759853
254.38870973
254.43883423
254.48883098
254.55237571
254.61626325
254.66257896
254.71659198
254.76754177
254.81841355
254.86857925
254.92094997
254.97379562
255.02328354
255.07410924
255.12720650
255.17647182
255.22784926
255.27728817
255.32722567
255.38152467
255.44434578
255.49478870
255.54653014
255.59513132
255.64842364
255.70066172
255.76204143
255.81288859
255.86282316
255.91352183
255.96665494
256.01547262
256.06945687
256.11967060
256.17064137
256.22281801
256.28227285
256.33480204
256.38515207
256.43712903
256.49015145
256.54015282
256.59262033
256.64358451
256.69356419
256.74509035
256.79641756
256.84800321
256.89904103
256.94745545
256.99911351
257.06182491
257.11391280
257.16337171
257.21820880
257.26536419
257.31789679
257.36948830
257.42002337
257.47103778
257.52265463
257.57490954
257.62404637
257.67682474
257.72797884
257.77764791
257.84103563
257.90194236
257.97720335
258.02622802
258.07626841
258.13864555
258.19048963
258.24171055
258.29460033
258.34549478
258.39413692
258.44777984
258.49903951
258.54827411
258.60058558
258.64967609
258.71402149
258.77574376
258.82661749
258.87681830
258.92891254
258.99310824
259.05343153
259.11474395
259.16578542
259.21603938
259.26721056
259.31978851
259.37072075
259.43373594
259.48479179
259.54817293
259.59867802
259.64809523
259.71914173
259.77194033
259.83473585
259.88589824
259.93684536
259.98897153
260.03946492
260.09115565
260.14118531
260.19315935
260.24581312
260.29619021
260.36770459
260.44148151
260.49283481
260.54491247
260.59364092
260.67637028
260.74043238
260.79196244
260.84133698
260.89379230
260.94466286
260.99587109
261.04765959
261.10880939
261.16107454
261.21079870
261.27373319
261.32502334
261.38732733
261.43673942
261.50005693
261.54965407
261.60072431
261.65193693
261.70255685
261.75408935
261.80765132
261.85744985
261.90911279
261.95960593
262.01007079
262.07575812
262.13449274
262.19810160
262.24791744
262.31111524
262.36327457
262.43552281
262.48583212
262.53617800
262.58857383
262.63917864
262.69022961
262.74230532
262.79313662
262.84522988
262.90510676
262.95689867
263.00762050
263.05087690
263.09972993
263.15338796
263.20374603
263.25531925
263.30666133
263.35879823
263.41030367
263.46251957
263.52173669
263.58183738
263.63298564
263.68492115
263.75951850
263.82065708
263.87137087
263.93405130
263.98773591
264.03585898
264.08842108
264.13804041
264.19003810
264.24073116
264.29280102
264.34540140
264.39441657
264.44754212
264.49839025
264.54815001
264.61211020
264.67321173
264.73280310
264.78651501
264.83363675
264.90145108
264.96079888
265.01179110
265.06317756
265.11418611
265.16488235
265.21491396
265.26581841
265.31593901
265.36890315
265.43215556
265.48232127
265.53322303
265.59401712
265.65785150
265.70688885
265.76000953
265.81243388
265.86124450
265.91394289
265.96267280
266.01482116
266.06497297
266.11548099
266.16709272
266.21991912
266.27799643
266.33062754
266.38448525
266.43423965
266.48374243
266.53730294
266.60945268
266.66020865
266.71371113
266.76135316
266.81215740
266.86481947
266.91539477
266.96498290
267.01517981
267.07914195
267.13133029
267.18238176
267.23078228
267.28185350
267.33393554
267.38428752
267.43689912
267.48742322
267.53685189
267.58957808
267.64055860
267.69209158
267.74461005
267.79538259
267.84485783
267.90737808
267.95836908
268.00838850
268.06125293
268.11164172
268.16148340
268.21492298
268.26612097
268.31662825
268.36768118
268.41672366
268.47183601
268.51854206
268.56946772
268.62258937
268.68475975
268.73545672
268.78528548
268.83688698
268.88806327
268.93867027
268.99084886
269.04309012
269.09383438
269.14415905
269.19601216
269.24493956
269.29831842
269.34838270
269.39914135
269.44948431
269.50882285
269.56393349
269.61570200
269.66530841
269.71688211
269.76712388
269.81981009
269.86942356
269.92025389
269.97216186
270.02254236
270.07374694
270.12705339
270.18796621
270.23813508
270.28988823
270.35030221
270.40083217
270.45341281
270.50457398
270.55591729
270.60605666
270.65686285
270.70974411
270.75928737
270.80911539
270.86070251
270.91204264
270.96270425
271.01547750
271.06527847
271.12734401
271.17779814
271.22763495
271.28158921
271.33256314
271.38204447
271.43281434
271.48530428
271.53630161
271.58735820
271.63675810
271.69005041
271.73995012
271.79368397
271.84382457
271.89348754
271.95646591
272.01642787
272.08073817
272.13238184
272.18189926
272.23455279
272.28553355
272.33290862
272.38520960
272.43584927
272.48858180
272.54080623
272.59189061
272.64091870
272.69400305
272.74467319
272.80573352
272.85724456
272.90938049
272.96047316
273.00993840
273.05992076
273.11177460
273.16372401
273.23544928
273.28815182
273.33675032
273.38967912
273.44182065
273.49187493
273.54387335
273.60468353
273.66707724
273.72943195
273.79119590
273.84058800
273.89207710
273.94192415
273.99462961
274.06595552
274.11607149
274.17069476
274.21939737
274.27063461
274.32306384
274.37352383
274.42454262
274.47518327
274.53638085
274.58729822
274.63891776
274.68951940
274.74195911
274.79251320
274.84539421
274.89731461
274.94551180
274.99610807
275.04663900
275.10064861
275.14927319
275.21352278
275.26208715
275.31297404
275.37637054
275.42757536
275.47926293
275.52858651
275.58240351
275.63214669
275.68339905
275.73223941
275.78333183
275.83469684
275.88725626
275.93705113
275.99090713
276.04244500
276.09318536
276.14264426
276.20339958
276.25475166
276.30661428
276.35738048
276.40824056
276.46047328
276.51070701
276.56163096
276.61279969
276.66368073
276.71457787
276.76637588
276.81629216
276.86810992
276.91785895
276.96944826
277.03265703
277.08042536
277.13387444
277.18371930
277.23698040
277.28725070
277.33640533
277.39028742
277.44058064
277.49133319
277.54644408
277.59546364
277.64554084
277.69535619
277.74554213
277.81153349
277.87009575
277.93346567
277.98468780
278.03342869
278.08759408
278.13669849
278.18736790
278.23943264
278.29106120
278.34150046
278.39492443
278.44615217
278.49420892
278.54753610
278.59572573
278.64792188
278.69732885
278.75077745
278.80193692
278.85168205
278.92473486
278.97738547
279.03844141
279.08921151
279.14064039
279.19091459
279.24413913
279.29334666
279.34631447
279.39598134
279.45679493
279.50933631
279.55933793
279.61033746
279.66493074
279.71244234
279.76474772
279.81517503
279.86595635
279.91531237
279.96989590
280.01727462
280.06849650
280.14221735
280.19469998
280.24670035
280.30704558
280.38008668
280.43234476
280.48213159
280.53535198
280.59653469
280.64641587
280.69847207
280.74941894
280.79978530
280.84839233
280.90097224
280.95304453
281.00387681
281.05429852
281.10643420
281.16717074
281.21761049
281.26892502
281.32002257
281.37141756
281.42331919
281.47304750
281.52534141
281.57625464
281.62866339
281.68022514
281.73922601
281.81109829
281.86401904
281.91646022
281.96843377
282.02909595
282.09988816
282.15142481
282.20510259
282.25371742
282.30459797
282.35642670
282.40954226
282.46881838
282.53150052
282.59782859
282.64650998
282.69716233
282.74880162
282.79837267
282.85887272
282.91391997
282.96378506
283.02446528
283.08659593
283.19117840
283.32438919
283.49193979
283.75782378
283.99326843
284.12506805
284.35852395
284.59062841
284.69156593
284.89184183
285.18999714
285.35798367
285.55688033
285.79028089
285.89124474
286.09132339
286.35674268
286.45806810
286.85886979
286.99003161
287.18539573
287.39130849
287.55804964
287.79121467
288.02498192
288.19112793
288.45744053
288.65858439
288.85822736
