563.25622921
563.31587064
563.37812594
563.44073185
563.50426911
563.56513007
563.62961745
563.69062933
563.75597687
563.84998569
563.91080325
563.97282572
564.07128040
564.13131924
564.19359527
564.25940898
564.32228137
564.38312770
564.45827126
564.52003724
564.58277871
564.64468439
564.70674684
564.77123350
564.83432117
564.89516799
564.96093415
565.02017207
565.08228377
565.14356019
565.20675440
565.26749394
565.33164877
565.40676259
565.46898986
565.53131417
565.59471465
565.65755607
565.71779922
565.78196526
565.84530625
565.90754254
565.97051099
566.03193393
566.09625504
566.15707894
566.22084099
566.28332596
566.34609156
566.41808682
566.48275511
566.54375260
566.60801422
566.67026367
566.73216618
566.79450682
566.85845417
566.92061658
566.98238671
567.04637867
567.10887121
567.17228924
567.23385993
567.29651411
567.37066878
567.43337124
567.49506749
567.55997691
567.62186552
567.68347815
567.74641783
567.80932094
567.90313983
567.96664198
568.02993908
568.09009909
568.18812296
568.24900270
568.31401915
568.37503054
568.44966162
568.51258399
568.57538908
568.63850796
568.69991286
568.76387532
568.82617866
568.88735511
568.95121395
569.01287631
569.07479492
569.13769973
569.20064917
569.26348279
569.32625522
569.39978525
569.49475761
569.55791647
569.62052018
569.68413400
569.74546380
569.80806776
569.87082043
569.93300260
569.99514136
570.06022389
570.12207788
570.18266382
570.24648683
570.30966422
570.37165231
570.43518616
570.50816055
570.57096028
570.63366517
570.69752816
570.76005897
570.82215556
570.88383450
570.94576749
571.00962438
571.07152836
571.13546498
571.19820595
571.26030132
571.32402826
571.38671487
571.44841746
571.50932376
571.57420685
571.63605256
571.69785999
571.76201871
571.82442738
571.88758137
571.95026017
572.01389544
572.07464790
572.13775849
572.19956105
572.26288643
572.34042957
572.41388378
572.48718196
572.54990172
572.62804122
572.68926814
572.75152564
572.81520431
572.87694298
572.94002212
573.00413135
573.06525953
573.12688507
573.19141732
573.25252258
573.31538887
573.37868695
573.44071673
573.50305932
573.56718635
573.64309280
573.70639283
573.76903287
573.84557493
573.90686036
573.97021842
574.03207534
574.09470416
574.15905404
574.23240341
574.29414038
574.35618820
574.41959161
574.48270366
574.54485340
574.60849745
574.67021466
574.73251215
574.79555252
574.85843588
574.92067461
574.99512942
575.05783577
575.12007572
575.19398024
575.25675365
575.31779161
575.38285365
575.44335938
575.50613912
575.57009208
575.63307052
575.69340754
575.78976107
575.85344388
575.91481245
575.97891633
576.03973316
576.10351105
576.16624033
576.22846881
576.29103278
576.35492332
576.41740001
576.47992911
576.54284026
576.60529940
576.66844753
576.72987925
576.79257122
576.85639934
576.91822969
576.98001591
577.04286635
577.10685076
577.17886893
577.24296329
577.30542267
577.36747122
577.43111771
577.49276471
577.55472525
577.61964661
577.68058657
577.74467605
577.80941553
577.86976766
577.93103505
577.99512210
578.05777116
578.12132719
578.18287301
578.24583025
578.30697525
578.37077216
578.43295359
578.49458353
578.55894925
578.62098098
578.68276257
578.74291697
578.80566818
578.87861454
578.94088691
579.00519607
579.06789584
579.13007508
579.19240523
579.25501967
579.31889583
579.37977483
579.44339352
579.50671110
579.56968248
579.63169519
579.69478823
579.75704914
579.81812075
579.88375794
579.94565509
580.00871644
580.07122482
580.14324762
580.21695539
580.27898225
580.34247050
580.40659754
580.46809508
580.53509687
580.59437039
580.65615807
580.72975125
580.80669681
580.86851058
580.93119402
581.00499468
581.06698375
581.13097084
581.19285750
581.25438601
581.31830727
581.38278100
581.44360709
581.50568978
581.56960738
581.63147942
581.69446811
581.75846763
581.85306208
581.90469216
581.96813994
582.03963831
582.10424760
582.16639490
582.22794340
582.29224695
582.35414093
582.41620558
582.47993911
582.54192305
582.60427296
582.66768953
582.72940845
582.79250856
582.85533731
582.91738318
582.99047509
583.05375806
583.11598191
583.17939434
583.24204145
583.30320132
583.36796030
583.43774469
583.51550482
583.58141898
583.64514324
583.71305371
583.77887912
583.85671191
583.92323486
584.00031159
584.07857909
584.14194153
584.21026892
584.28726934
584.38547631
584.47816003
584.54350391
584.62075083
584.68237077
584.76428078
584.85789316
584.92263118
584.98926311
585.06743358
585.13353742
585.20014765
585.27775223
585.34256925
585.40926530
585.48713319
585.55167178
585.65074867
585.73000920
585.79453876
585.86133380
585.92806253
585.99502799
586.07086300
586.13783115
586.20408639
586.28217177
586.34697001
586.41395668
586.49043828
586.55732889
586.62205667
586.70008621
586.79897317
586.86582795
586.93254009
586.99761847
587.06532828
587.14222898
587.21948565
587.28738539
587.36501947
587.43047234
587.50637830
587.56732045
587.64555699
587.72350924
587.78826408
587.86729739
587.93221729
587.99785740
588.07592254
588.14274220
588.20992027
588.28657984
588.36176827
588.43000910
588.50674645
588.57242704
588.65343155
588.73195626
588.79381928
588.87175471
588.94854741
589.01470952
589.09227411
589.15712867
589.22360579
589.30078590
589.37846923
589.45613549
589.52216131
589.58787213
589.65613076
589.73153106
589.79749276
589.86459256
589.94307047
590.00670281
590.07457573
590.14047599
590.20595519
590.28416735
590.36081449
590.42750957
590.50433103
590.58116566
590.64844564
590.72565062
590.79079044
590.85757962
590.93648274
591.00168180
591.07769382
591.14667973
591.21080774
591.27741431
591.35641275
591.42003583
591.49780913
591.56735556
591.63139263
591.70830966
591.77510665
591.84241808
591.91764357
592.01664195
592.08255660
592.16073730
592.22579032
592.29223525
592.37213115
592.43664097
592.53569250
592.61246203
592.67937703
592.74445370
592.83834305
592.90319395
592.96962572
593.04741657
593.11313909
593.17989342
593.25684703
593.32378640
593.39032154
593.46825088
593.53310251
593.63245832
593.71051858
593.77621989
593.85428820
593.94452284
594.02129701
594.08932182
594.16524314
594.23077184
594.33885895
594.40487697
594.48349239
594.54796441
594.61525341
594.69248984
594.79176031
594.85667509
594.93448520
595.00111006
595.06689573
595.14615091
595.21178029
595.27695571
595.35426869
595.42156330
595.48683721
595.56465439
595.63044445
595.70631579
595.83911763
595.91619778
595.99776597
596.07564874
596.14165701
596.20758994
596.28472543
596.37742597
596.44167685
596.52127799
596.58495300
596.65285177
596.72948209
596.80661124
596.87261097
596.95147410
597.01770131
597.08333874
597.16078070
597.22690551
597.29372005
597.37055980
597.43609069
597.50166717
597.56989557
597.63579802
597.71379221
597.78989297
597.85505181
597.93256252
597.99973132
598.10642604
598.17327521
598.23823217
598.31788865
598.38321620
598.45943911
598.53624960
598.60317703
598.68028473
598.75739804
598.82424940
598.90105891
598.96711155
599.04500237
599.11076512
599.17791076
599.24486403
599.32038014
599.39952096
599.46539709
599.54150273
599.60900213
599.68550933
599.76246562
599.82825129
599.90577443
599.97016698
600.03817911
600.11502447
600.19224213
600.25990732
600.33791882
600.40256688
600.48540093
600.55081284
600.62844277
600.69293796
600.77077782
600.84837703
600.91455182
600.99102098
601.06755816
601.13572780
601.21244394
601.27892739
601.34430663
601.42176858
601.48805772
601.55423860
601.63271651
601.69725509
601.76448412
601.84397725
601.91046923
601.98530828
602.05155889
602.11875549
602.19498035
602.27138515
602.33821139
602.41521937
602.51407708
602.57057555
602.64796802
602.71226986
602.78059261
602.85704300
602.92412720
602.98997845
603.06770372
603.13272456
603.20021055
603.26602694
603.33169241
603.41079496
603.47397552
603.54167193
603.61977291
603.69709516
603.76183415
603.84156280
603.90555939
603.97210014
604.04968790
604.11619256
604.18301784
604.25935875
604.32687352
604.39174539
604.45881471
604.53521390
604.61375203
604.68974113
604.75471028
604.83303410
604.89928910
604.96661028
605.04242457
605.10842016
605.17609706
605.25479610
605.31968918
605.38584910
605.46250477
605.52871686
605.59495358
605.67246186
605.73803907
605.81602351
605.88226461
605.94928664
606.02682271
606.09167654
606.17403102
606.24015777
606.31699752
606.38416096
606.45103670
606.52687123
606.59362238
606.67110871
606.73687634
606.80280976
606.88040117
606.95727408
607.02483371
607.10176635
607.16653729
607.23251556
607.31141307
607.37650022
607.44321310
607.52052584
607.58669283
607.65337815
607.73124190
607.80728440
607.88880700
607.96649398
608.03234890
608.09783517
608.17616606
608.25273835
608.31868493
608.39724500
608.46234240
608.52917596
608.60714430
608.67157854
608.73839015
608.81626853
608.89338135
608.95892735
609.02561683
609.09106433
609.16949616
609.24605967
609.31346643
609.39037567
609.45561252
609.52261992
609.59995753
609.69834053
609.76502732
609.84327507
609.90877427
609.98568838
610.05228081
610.11749768
610.18060875
610.24567713
610.31267283
610.38757625
610.45320856
610.51972541
610.59800973
610.66405287
610.74171157
610.80764011
610.87330997
610.95078436
611.01691502
611.09467613
611.17155513
611.24799137
611.31390334
611.39088840
611.45685766
611.52603398
611.60219058
611.66688398
611.73295710
611.81334745
611.87879471
611.94443361
612.00897999
612.07579966
612.15371558
612.23072625
612.29750202
612.37436494
612.44012062
612.52092374
612.58791212
612.66658897
612.73055485
612.79856967
612.87612207
612.94100638
613.00821102
613.07441360
613.13881321
613.21789674
613.28199866
613.34997862
613.42881468
613.49348346
613.55946832
613.63722382
613.70246018
613.77123130
613.84690101
613.91395083
613.97970944
614.05790769
614.12398764
614.18847210
614.26701925
614.34271187
614.42078969
614.49869196
614.56461026
614.64167895
614.70701723
614.77508349
614.85174014
614.91753483
614.98440277
615.06121448
615.12606929
615.19421211
615.27210658
615.33751166
615.40402778
615.48075270
615.54673927
615.62404469
615.70164147
615.76895948
615.84570903
615.90996284
615.97705825
616.05597160
616.15333427
616.20943216
616.28822263
616.35297382
616.42973043
616.49539346
616.57260819
616.64047575
616.71863914
616.78338911
616.84975188
616.91800904
616.98129834
617.06013075
617.13679130
617.20296097
617.27970466
617.34526017
617.41199548
617.48996821
617.55581361
617.63348963
617.71013409
617.77663144
617.84167398
617.92086381
617.98626401
618.05253876
618.13033791
618.19753986
618.27388371
618.35095605
618.41700991
618.49453647
618.56154168
618.62733929
618.70495241
618.78154006
618.84696221
618.92611717
619.01689649
619.08252758
619.14879843
619.21613912
619.28272595
619.36044878
619.43678555
619.50270434
619.57934489
619.64699961
619.71328679
619.79088893
619.84007800
619.91845570
619.99451502
620.06121936
620.14036457
620.20523132
620.27137174
620.35044844
620.41456352
620.48212681
620.55939347
620.62664760
620.70160344
620.77920265
620.84643192
620.92324266
620.99039439
621.05559004
621.13238054
621.19809502
621.26519190
621.34306808
621.44062238
621.49656716
621.57480297
621.63926524
621.70606174
621.78377799
621.85039992
621.92832633
622.00520728
622.07107902
622.13644875
622.21378270
622.28043560
622.35733728
622.43417020
622.50143165
622.57880047
622.65647502
622.72219608
622.79918236
622.86440775
622.94191457
623.00883395
623.10744224
623.16369203
623.24103134
623.30732511
623.37411796
623.44022960
623.50446732
623.58735818
623.66504493
623.75757602
623.82172914
623.88926316
623.96628309
624.04296314
624.10979988
624.17793538
624.24196733
624.31951681
624.39672325
624.46371724
624.54082298
624.63374929
624.69934430
624.76422202
624.84307174
624.90898443
624.98549674
625.06612530
625.12934487
625.19128103
625.28486221
625.35101091
625.42629808
625.49343811
625.55904897
625.63683494
625.71228303
625.78046413
625.84320851
625.90966856
625.98602849
626.03667286
626.11570616
626.18049368
626.24727677
626.32409019
626.42406917
626.49133501
626.56771420
626.63289717
626.69967856
626.77579542
626.84257534
626.92077409
626.98637739
627.06490698
627.15891043
627.22681359
627.30488116
627.39630121
627.47349010
627.52903577
627.60689074
627.67041044
627.74834953
627.81440046
627.88096462
627.95785069
628.03549940
628.10159471
628.18059315
628.24590022
628.31197895
628.38898156
628.45465557
628.52259115
628.60001482
628.66635321
628.73089667
628.80957328
628.88572256
628.96362581
629.04088808
629.10711895
629.18386507
629.24862991
629.31631071
629.39327846
629.45920725
629.52687074
629.60333234
629.66958466
629.73673664
629.81274573
629.88024270
629.94566338
630.02429708
630.08953833
630.16613622
630.24481234
630.31951535
630.39883001
630.46451352
630.54226195
630.61041866
630.67654884
630.74249249
630.81999516
630.89608398
630.96264033
631.04090978
631.11654584
631.18266431
631.26174175
631.32724728
631.40524122
631.48189836
631.54703086
631.61414115
631.69232356
631.75562895
631.82372789
631.90316518
631.95649950
632.02340499
632.10492929
632.16566688
632.24768588
632.32882716
632.40704468
632.49847863
632.56039333
632.63823295
632.70384429
632.78457890
632.86226467
632.92552715
633.00264607
633.07975425
633.14546995
633.22353801
633.30319425
633.39204771
633.45578124
633.51888695
633.58250881
633.64640032
633.70649694
633.76998275
633.83433531
633.89690513
633.96084736
634.02392528
634.08590873
634.15111145
634.22451983
634.28938609
634.35166139
634.41540881
634.48019023
634.54216150
634.60670569
634.66956881
634.73255116
634.79744424
634.87257391
634.93460394
634.99779962
635.06267466
635.12670563
635.20026687
635.26461577
635.37170327
635.42429128
635.51798022
635.58088455
635.64371622
635.70798101
635.77093190
635.83700064
635.89905919
635.96146517
636.02727376
636.09986147
636.16505785
636.22642057
636.29048250
636.35428503
636.43180769
636.49489097
636.55874762
636.63338309
636.69647320
636.76034155
636.82294282
636.93477485
636.99700675
637.06046184
637.12438773
637.18585895
637.25293900
637.31483810
637.38084661
637.44229394
637.50635587
637.56984388
637.63060610
637.69495280
637.75884651
637.82268999
637.88614118
637.95994916
638.02441558
638.08678474
638.15078621
638.21566345
638.27666460
638.34152574
638.40435107
638.46622750
638.53209265
638.59610168
638.66015118
638.76496442
638.83993391
638.90197759
638.96531224
639.02886729
639.09418363
639.15812098
639.21931108
639.28359293
639.37934353
639.43268077
639.49744244
639.56008686
639.62393400
639.68658818
639.75080250
639.81371999
639.88807337
639.95173254
640.01372770
640.07715865
640.14256008
640.20487268
640.26774556
640.33134230
640.39551249
640.49157248
640.54426557
640.60910941
640.68460674
640.74908803
640.81416787
640.87636418
640.93931068
641.00436834
641.06653928
641.13076603
641.19314130
641.25733099
641.32123030
641.38500113
641.44817072
641.51083465
641.57559583
641.63750469
641.70226660
641.76555932
641.83910959
641.90267537
641.96646814
642.02867273
642.09458470
642.15757631
642.22031704
642.28325038
642.35607703
642.42134314
642.48436327
642.54904985
642.61279386
642.67562894
642.76428127
642.83015276
642.89139260
642.95519951
643.01880430
643.08188124
643.14507546
643.20820287
643.27116815
643.33665101
643.40009440
643.46398835
643.52661498
643.59047504
643.65354175
643.73011209
643.79383415
643.85876064
643.92154867
643.98399317
644.04778375
644.09786369
644.16105547
644.23439534
644.29939545
644.36138720
644.42617252
644.48818401
644.55458920
644.61713903
644.68974088
644.75437870
644.81917060
644.89610105
644.95824786
645.02191555
645.09650348
645.14953913
645.21025575
645.27254007
645.33684070
645.40066736
645.46338809
645.52771505
645.59061426
645.69772443
645.76185829
645.84027256
645.90164918
645.96497798
646.02904454
646.09286413
646.16918945
646.23213449
646.29600650
646.35919121
646.42521849
646.50183954
646.57755533
646.64050574
646.70243044
646.76763316
646.82907634
646.89518700
646.95743451
647.01911930
647.08351257
647.14743651
647.21119442
647.27450810
647.33654203
647.40233355
647.46580498
647.53935549
647.60213914
647.66838317
647.72972858
647.79250027
647.85725560
647.93211147
647.99558120
648.05873957
648.12079349
648.18448533
648.24769856
648.31332965
648.37613378
648.43868580
648.50330971
648.57698165
648.64100921
648.70316065
648.76796401
648.83293804
648.89386946
648.95763273
649.02263113
649.08663212
649.15029006
649.21286646
649.27479945
649.33949115
649.40430792
649.46612266
649.53949203
649.60462014
649.66647780
649.73106929
649.79324292
649.87247858
649.93505011
649.99976984
650.06261931
650.14078441
650.20365875
650.26756636
650.33020323
650.40431036
650.46987611
650.53266536
650.59502234
650.65916839
650.72311549
650.78659423
650.84869277
650.91473444
650.97743201
651.07203475
651.13704169
651.24586609
651.29870791
651.37420037
651.43739434
651.50034865
651.56281290
651.62689019
651.68925302
651.75288829
651.81763899
651.88132936
651.94616734
652.00821370
652.07137549
652.13541695
652.19730191
652.26278988
652.35757158
652.41149104
652.47462576
652.53911729
652.60127727
652.66407676
652.72831131
652.79238251
652.85604192
652.91860930
652.98193371
653.04578158
653.10901188
653.17369797
653.23716014
653.29937131
653.37717752
653.44085327
653.50520753
653.57969915
653.64329395
653.70502750
653.77122106
653.88865608
653.94926396
654.04627066
654.09968105
654.17335518
654.23814756
654.29967291
654.36219470
654.42613936
654.49103878
654.55489201
654.61699689
654.67937166
654.74340654
654.82586756
654.87904706
654.94244461
655.00566248
655.07047998
655.13337553
655.20816557
655.28515527
655.34845456
655.41191673
655.47415229
655.53896296
655.60115049
655.66766125
655.72881990
655.79150724
655.85636228
655.91879777
655.98400878
656.04596834
656.11072562
656.18483958
656.28004477
656.33323183
656.39609471
656.45993770
656.52348739
656.58579414
656.65009111
656.71430689
656.77906198
656.84078139
656.90507373
656.96882992
657.03179496
657.09640279
657.15922007
657.23460355
657.29569271
657.36040733
657.42243662
657.48636373
657.55111223
657.61282190
657.67817797
657.74091895
657.80430041
657.86829408
657.92995912
657.99514405
658.05889537
658.12160294
658.18639606
658.28159662
658.34618494
658.40899443
658.50356913
658.55754027
658.61996210
658.68509973
658.74700907
658.81063117
658.87450464
658.93748942
659.00176859
659.07281202
659.13573049
659.20078546
659.26387898
659.33856175
659.41127965
659.47567561
659.53971999
659.60266869
659.66674257
659.72952621
659.79319489
659.85557892
659.91878899
659.98356748
660.04508624
660.11125006
660.17200910
660.23623268
660.30128644
660.37566639
660.43892717
660.50154478
660.56533682
660.62968620
660.69233087
660.75714691
660.81998248
660.88347122
660.94626925
661.01012346
661.07316115
661.13759977
661.20073206
661.26417911
661.32603506
661.40210900
661.46540440
661.52890094
661.59273662
661.65548735
661.71973409
661.78347347
661.84748250
661.90921581
661.97486543
662.03756447
662.09947186
662.16327365
662.22702132
662.29196804
662.35354823
662.42830439
662.49180483
662.55612155
662.61936794
662.68276403
662.74518269
662.80815163
662.87264584
662.95023481
663.01426164
663.07872342
663.14143100
663.20460863
663.26721088
663.34227375
663.40683184
663.48362794
663.56136321
663.62425656
663.68846478
663.75127476
663.81604935
663.87877740
663.94182802
664.00633564
664.08298790
664.14711737
664.24242837
664.29791138
664.35854487
664.42316610
664.48667435
664.54852176
664.61225455
664.67757015
664.73930103
664.80329250
664.88210199
664.95527265
665.03466216
665.09770546
665.16289453
665.22550580
665.28801418
665.36621609
665.42755102
665.49257210
665.55517337
665.62983639
665.70692556
665.77227603
665.83494361
665.89671374
665.96224000
666.02515505
666.09004618
666.15329038
666.21470991
666.27879257
666.34106811
666.40576200
666.46868851
666.55809689
666.62155077
666.72273197
666.77424771
666.85483628
666.91533274
666.97963825
667.04104753
667.10536254
667.16912045
667.23186825
667.32470239
667.38885332
667.45011291
667.51569597
667.57717596
667.64210781
667.71870473
667.78359952
667.88893280
667.96291462
668.02729594
668.09068179
668.15377044
668.21791503
668.28029980
668.34552324
668.40297136
668.46693016
668.53194417
668.62653667
668.68063021
668.74222235
668.80784979
668.86977205
668.93366064
669.00736890
669.07057531
669.13537087
669.21227547
669.27629596
669.34005752
669.40286091
669.46710448
669.52914621
669.59368602
669.66845729
669.73085205
669.79478379
669.86876244
669.93289849
669.99608174
670.06006492
670.12382258
670.18578702
670.25054357
670.31346350
670.37851799
670.44015695
670.50363081
670.56809186
670.63149283
670.69457855
670.75934412
670.83370214
670.89587503
670.95903000
671.02229760
671.08635686
671.15086618
671.21437199
671.27813794
671.34084502
671.40493158
671.46984832
671.54216004
671.60571948
671.66886493
671.73163590
671.79685959
671.87328803
671.93612238
672.00012507
672.06406681
672.12879410
672.20602054
672.26875078
672.33125429
672.39596183
672.45864405
672.52233881
672.58597310
672.64910344
672.72494723
672.78710769
672.85131372
672.91470420
672.97758683
673.04110629
673.10413594
673.17003425
673.23283325
673.29544598
673.35946866
673.45254491
673.51485434
673.58830563
673.65195577
673.71498590
673.77874064
673.84236298
673.90720023
673.97104713
674.03271875
674.09680531
674.15965966
674.22404903
674.28684755
674.35026704
674.41488316
674.47731693
674.53818228
674.61301743
674.67489386
674.73829190
674.80219048
674.92315976
674.99782010
675.05992571
675.12469566
675.20272521
675.26637876
675.34034838
675.40288139
675.46699599
675.52964700
675.59466954
675.65719450
675.72037287
675.78366461
675.84819174
675.91188576
675.97453775
676.03853873
676.10274305
676.16499738
676.22983366
676.29213358
676.36808343
676.42925012
676.49302729
676.55801863
676.62056163
676.68410376
676.74645903
676.81065506
676.87438127
676.94927615
677.01199689
677.07557218
677.14087340
677.20957308
677.26577362
677.32833101
677.40081925
677.46418657
677.52850280
677.59131643
677.65420442
677.71760515
677.78058847
677.84569805
677.90942353
677.97231372
678.03625448
678.09916320
678.16290477
678.22260885
678.27256128
678.33230145
678.39380704
678.45630591
678.53218847
678.59416803
678.65646844
678.72087610
678.78472055
678.84833632
678.91062137
678.97572486
679.03856823
679.11151093
679.17720932
679.24093504
679.29895732
679.36283104
679.42681593
679.50170203
679.56546482
679.62932634
679.69201441
679.75615826
679.81872101
679.88243893
679.94655890
680.00891124
680.06868359
680.11739747
680.21713825
680.27714173
680.34367029
680.41643525
680.47970700
680.54869096
680.60993934
680.67065352
680.73228711
680.80788782
680.86930418
680.93383277
680.99357318
681.05557346
681.11671675
681.17997265
681.24110644
681.30227265
681.36301365
681.42747446
681.48860995
681.55048174
681.61310008
681.67606902
681.76272917
681.82744891
681.88715641
681.94987617
681.99717376
682.05871861
682.13497053
682.19687743
682.25872948
682.31988472
682.38156463
682.44373631
682.50706755
682.56929092
682.62906327
682.69226870
682.75371700
682.81570899
682.89237052
682.95240764
683.01468392
683.07645843
683.15173049
683.22839664
683.28835746
683.35242378
683.41471079
683.47475255
683.53759738
683.59852856
683.64645372
683.70953749
683.77112451
683.86073281
683.92287670
683.98391003
684.04575452
684.13910066
684.19080706
684.26669522
684.32844975
684.39027180
684.45408505
684.51384960
684.57592620
684.63917381
684.69964760
684.76267895
684.82421673
684.88705401
684.94672030
685.02156691
685.08533944
685.14641934
685.20987516
685.26893437
685.33331082
685.39598353
685.45607064
685.52894629
685.60125606
685.66381637
685.72472536
685.79851652
685.85941990
685.95497276
686.00571880
686.08084042
686.14274415
686.21805229
686.28028029
686.34316000
686.40332659
686.46582278
686.52860179
686.59483997
686.63749055
686.69644248
686.73387651
686.79592628
686.87072901
686.93352630
686.99522377
687.05683420
687.13023794
687.19214119
687.25315453
687.31542276
687.37746888
687.43909418
687.49995587
687.56216924
687.62704672
687.68642434
687.78021788
687.83224976
687.89378071
687.95485110
688.05759147
688.11878182
688.17937483
688.24101915
688.30435015
688.36580771
688.42673474
688.48946231
688.55144187
688.61174182
688.67525518
688.73758241
688.79847994
688.86020570
688.92165936
688.98400414
689.04537028
689.10792913
689.18086987
689.24294842
689.30414388
689.36633995
689.46142982
689.52283520
689.58499689
689.66070999
689.72143027
689.79867012
689.85977464
689.92175054
689.98392393
690.04352074
690.10721013
690.16929623
690.23088131
690.29326705
690.35395954
690.41563019
690.47725866
690.54013130
690.60211207
690.69551064
690.74655656
690.80851563
690.87037914
690.94624609
691.00926037
691.06990824
691.13174737
691.19515711
691.25629041
691.33246895
691.39407865
691.45488402
691.51769155
691.58048178
691.65508823
691.71753469
691.77959494
691.84065485
691.90309667
691.96428751
692.02508337
692.08685179
692.15121117
692.21172909
692.27362819
692.33511062
692.39674324
692.46021564
692.52200698
692.58205142
692.64477826
692.70700504
692.76797766
692.83068134
692.89056072
692.95474017
693.01581812
693.07659545
693.13964777
693.20232926
693.26328652
693.32486063
693.38695282
693.44999052
693.51033582
693.57254041
693.64786464
693.71150284
693.77276291
693.83450549
693.89503950
693.95782387
694.01914783
694.08204655
694.14489212
694.20599103
694.26918696
694.33136205
694.39275720
694.45340117
694.51597465
694.57866296
694.63849455
694.70254040
694.76423689
694.82516197
694.88730732
694.98073612
695.04357730
695.10447995
695.16767319
695.22990583
695.29052468
695.35256666
695.41477125
695.47656186
695.53707636
695.60097421
695.66233084
695.72404391
695.78579600
695.84852137
695.90951764
695.97130313
696.03432010
696.09626796
696.15776038
696.23027325
696.29186076
696.35284387
696.41564701
696.47661159
696.53936525
696.60243878
696.67659882
696.73915499
696.81387286
696.87628347
696.93798436
697.00022601
697.06159897
697.12298339
697.18503707
697.24651267
697.30941237
697.37047715
697.43186133
697.49419538
697.55575998
697.61986141
697.68041054
697.74154212
697.80542072
697.86626046
697.92776167
697.99987468
698.06150730
698.12401056
698.18521773
698.24736673
698.30988950
698.37307835
698.43352923
698.49438555
698.55816321
698.61905099
698.68016063
698.74293720
698.80457860
698.85607654
698.99303290
699.05394238
699.11480382
699.17795318
699.24055738
699.30141249
699.37724555
699.43778468
699.50086455
699.56161945
699.62571430
699.68617224
699.74700541
699.81096129
699.87175447
699.93505157
699.99462888
700.05852697
700.12054846
700.18015405
700.24272265
700.30616555
700.36770455
700.42789430
700.49093687
700.55173639
700.61271389
700.67670585
700.73750220
700.79952247
700.86131966
700.92321657
700.98505204
701.04685093
701.10867884
701.17316817
701.23186289
701.29402457
701.34193875
701.40352944
701.46566064
701.52739127
701.59098290
701.65211814
701.71405650
701.80874506
701.85860533
701.92291790
701.98317836
702.04505869
702.10725304
702.16920993
702.23115852
702.30656857
702.36753608
702.45546550
702.53021434
702.58836487
702.65232392
702.71262802
702.77526513
702.82427890
702.88545632
702.94688365
703.00831317
703.07018594
703.13211796
703.19314666
703.25739389
703.34625101
703.40796799
703.46974714
703.53123737
703.59380890
703.65457404
703.71627224
703.77818499
703.84123219
703.90302743
703.95019678
703.99783302
704.05983940
704.12270959
704.18453604
704.24602798
704.30872897
704.40310643
704.46383305
704.56880598
704.62143934
704.68195068
704.74506054
704.80674338
704.86875902
704.92999521
704.99165050
705.06698594
705.13100863
705.19178596
705.23862714
705.30184671
705.36343276
705.42558908
705.48679381
705.54889820
705.61023483
705.67312136
705.73429635
705.79607452
705.85774907
705.91975204
705.99345615
706.06168894
706.12345297
706.18654064
706.24910437
706.30902763
706.37082263
706.43228653
706.49555681
706.55820465
706.61837612
706.68122315
706.74371593
706.83826698
706.88708180
706.95034282
707.01127156
707.07493804
707.13574706
707.19699251
707.25847007
707.32030992
707.38440184
707.44578797
707.50809155
707.56972661
707.63171299
707.69280094
707.75540709
707.81800495
707.87868573
707.93895643
708.00038936
708.06463781
708.12625873
708.18699583
708.24877693
708.31204819
708.37365740
708.43434331
708.49719107
708.55952805
708.61990798
708.68238613
708.74369277
708.80618384
708.86810123
708.95751350
709.01995923
709.08165475
709.14355897
709.20593325
709.26633609
709.32878303
709.38991218
709.45276604
709.54394911
709.60446703
709.66678256
709.72689575
709.78983690
709.85077661
709.91336569
709.97596233
710.03675795
710.09866071
710.16106888
710.22383253
710.28422074
710.36031054
710.42335676
710.48328100
710.54620313
710.60691293
710.67095316
710.73114243
710.79341846
710.85498257
710.91599737
710.97803178
711.03976778
711.10158837
711.16329584
711.22636620
711.28847351
711.34985818
711.41285710
711.47290520
711.53698201
711.59803290
711.65864493
711.72043163
711.78279933
711.84521068
711.92047542
711.98220702
712.04416342
712.10603570
712.16816252
712.22949696
712.29249271
712.36430365
712.43719612
712.51224217
712.60648553
712.65956141
712.72109577
712.78254187
712.84353132
712.90621719
712.96808045
713.02847452
713.09119867
713.15232246
713.21479817
713.27643688
713.34331018
713.39951438
713.46154904
713.52380776
713.58701514
713.64814380
713.70894966
713.77091508
713.83382038
713.89624514
713.95715559
714.01944015
714.08295279
714.14234601
714.19130517
714.25312698
714.31665400
714.37600529
714.43644324
714.50050444
714.56344607
714.62516866
714.68502585
714.74788410
714.86966039
714.94942220
715.02927080
715.09139542
715.15390966
715.20096271
715.26321460
715.32439812
715.38705474
715.44815756
715.51102117
715.57069575
715.63496517
715.69681575
715.75768402
715.81904431
715.89435708
715.95559204
716.01771593
716.09584105
716.15547808
716.21734110
716.27963103
716.34311123
716.40262320
716.48090971
716.54109386
716.60183437
716.66620570
716.72667413
716.78857860
716.84952367
716.91270375
716.97415107
717.04917395
717.11267927
717.17373649
717.23551125
717.30741386
717.38043165
717.44391478
717.53770100
717.58853261
717.64957570
717.71136801
717.77381349
717.83618485
717.91195647
717.97244879
718.03525242
718.09670779
718.15859616
718.22135811
718.31599498
718.37788262
718.47153987
718.52318385
718.58415160
718.64673800
718.70762505
718.77043039
718.83203033
718.89332113
718.95432130
719.01783686
719.08000391
719.14155266
719.20470348
719.26664939
719.32600141
719.38878262
719.45144289
719.51401417
719.57419100
719.64640642
719.70866806
719.77090070
719.83298046
719.89518530
719.95778730
720.01827523
720.08033842
720.14191154
720.20505895
720.29761759
720.35008565
720.41217029
720.47226861
720.53431424
720.59804265
720.65939391
720.71970971
720.78223150
720.84382316
720.90658656
720.96675754
721.02953631
721.09154659
721.15329404
721.21499053
721.27789486
721.34001437
721.40239328
721.46292437
721.55378219
721.61131125
721.67293192
721.73559805
721.79808058
721.89026571
721.95406530
722.02876051
722.09070349
722.15383871
722.21558397
722.26259289
722.32511394
722.40093677
722.46291242
722.52356590
722.58549523
722.64842272
722.70841426
722.80313939
722.85581493
722.91777133
722.97805519
723.03903586
723.10304830
723.16454195
723.22654930
723.28748682
723.36342983
723.42670500
723.48690572
723.55008190
723.61140585
723.67408612
723.73541617
723.79707146
723.85834592
723.92026623
723.98205562
724.04368872
724.10524064
724.16704124
724.23033786
724.29139191
724.36293953
724.45181397
724.51250743
724.57437971
724.63649824
724.70960892
724.77209463
724.83175897
724.89540985
724.95537066
725.01799510
725.07979448
725.14107772
725.20091029
725.26278476
725.32432766
725.38909591
725.44803760
725.51018466
725.57285785
725.63466089
725.69618965
725.75814044
725.81994445
725.88244698
725.94283641
726.00464677
726.06759791
726.12934706
726.19122568
726.26395212
726.33803707
726.39881879
726.45979605
726.52299027
726.58341822
726.67858245
726.73012428
726.79180249
726.85265394
726.91445308
726.97718138
727.03908145
727.10093740
727.16184590
727.24688570
727.30843225
727.37111496
727.43264566
727.49424414
727.55508779
727.61697470
727.68239198
727.74207363
727.80264007
727.86709380
727.92805083
727.99006476
728.05245441
728.11525243
728.17739388
728.23794715
728.30148929
728.36249751
728.42399749
728.48627230
728.54813776
728.61020679
728.67324741
728.73471424
728.79631979
728.85698839
728.91970571
728.98211925
729.09116478
729.15453966
729.21547547
729.27720342
729.33893673
729.40118131
729.46288731
729.52475862
729.58771049
729.65025544
729.71198168
729.77061593
729.87889102
729.94107074
730.00247442
730.06460978
730.16960124
730.21858599
730.28073744
730.34244466
730.40537069
730.46639524
730.52888217
730.59186720
730.65265209
730.71470966
730.77643395
730.83938729
730.89988424
730.96203520
731.02562243
731.08790456
731.14838713
731.21117028
731.27363112
731.33453718
731.39826778
731.47294909
731.53566519
731.59746116
731.65960407
731.71916821
731.77956861
731.84151891
731.90437082
731.97938346
732.05288668
732.11371375
732.17684092
732.23990177
732.30122256
732.37618790
732.43810675
732.53328732
732.60940295
732.67222000
732.73452724
732.79588484
732.85680309
732.93160801
732.99193746
733.05339844
733.11619086
733.17765622
733.23989763
733.30164776
733.36486075
733.42745983
733.48812818
733.55005386
733.61295258
733.67500820
733.73655841
733.82546210
733.89909113
733.96013299
734.02383726
734.08513244
734.14656684
734.20938145
734.27132663
734.36469423
734.42883150
734.49016570
734.55249415
734.61349798
734.67763355
734.73807393
734.81053828
734.88376867
734.94620367
735.00729746
735.06904272
735.13210723
735.19303012
735.25551339
735.31981109
735.39336526
735.45577270
735.51892279
735.57976156
735.64149999
735.70125698
735.77387761
735.83647181
735.89835482
735.95963708
736.02250704
736.08333801
736.14680334
736.20893235
736.27002298
736.33389645
736.39305391
736.47066630
736.53006172
736.59420118
736.65590378
736.71799158
736.78066356
736.84241418
736.90413408
736.96565333
737.02822193
737.11735919
737.17908007
737.24216896
737.30307161
737.36487172
737.43875797
737.48666874
737.53562253
737.59777519
737.65889751
737.72225362
737.78317236
737.84522726
737.90859531
737.97046272
738.03164307
738.09410732
738.15635555
738.21781946
738.27988386
738.34275162
738.40431767
738.46482413
738.52671860
738.58994403
738.65162809
738.71318805
738.77538070
738.83919321
738.89922156
738.96062183
739.02465110
739.08487498
739.14785904
739.21027282
739.27314545
739.33425168
739.39787184
739.45863137
739.52060313
739.58225208
739.64577958
739.70691580
739.76737570
739.82951007
739.89251290
739.95469775
740.01523761
740.08000635
740.14065129
740.21305152
740.28729567
740.34984891
740.40994333
740.47302686
740.53427767
740.59657735
740.67003034
740.73137624
740.79397678
740.85560696
740.91766259
740.97916721
741.04202253
741.10429758
741.17623774
741.25092197
741.31368952
741.37656483
741.43829034
741.49929978
741.56235966
741.62497824
741.68582920
741.74755105
741.83824285
741.88657516
741.96095658
742.05028011
742.11313665
742.18820293
742.25055430
742.32701907
742.38968642
742.43781930
742.49961064
742.56318032
742.62380113
742.68439170
742.74701857
742.80970396
742.87166694
742.93401660
742.99556242
743.05823586
743.11883424
743.18121243
743.24393536
743.30727196
743.36810561
743.42907897
743.49174778
743.55566733
743.61490769
743.67797829
743.74037623
743.80159973
743.86326478
743.92634221
743.98823546
744.04966059
744.11239352
744.17421680
744.23810100
744.30531368
744.36863761
744.42936179
744.50125976
744.56507716
744.62745339
744.70014643
744.76175808
744.82389612
744.88657004
744.94824923
745.01136348
745.07285932
745.16713559
745.21957586
745.28065430
745.34142553
745.40407337
745.48187642
745.54176336
745.61367669
745.67604586
745.73872320
745.80102117
745.86378726
745.92480987
745.98656195
746.04788542
746.11086435
746.17340345
746.23478494
746.29233448
746.35635936
746.41796564
746.47993716
746.55421959
746.61579125
746.67682727
746.73996760
746.81539350
746.87624227
746.93780565
747.00231327
747.06387713
747.12437993
747.18734643
747.25051505
747.31113000
747.37393778
747.43455981
747.49680634
747.55928863
747.62246237
747.69812720
747.75889551
747.82077730
747.88259741
747.94599106
748.00819956
748.07013352
748.13096328
748.19291016
748.26996934
748.33109411
748.39287179
748.45705148
748.52069187
748.58468115
748.64835031
748.71163352
748.77133297
748.83515158
748.89801520
748.97373391
749.03646464
749.10052341
749.16433056
749.22793292
749.29041863
749.35398855
749.41830820
749.48135076
749.55669962
749.61968489
749.68172808
749.74549623
749.80869142
749.87243177
749.93699815
750.01110284
750.07453648
750.13690418
750.20150518
750.26429882
750.32950276
750.39220278
750.45369228
750.55169128
750.61579832
750.67890794
750.74294891
750.80479534
750.86971866
750.93298919
750.99724227
751.07060871
751.13307052
751.19754084
751.26192997
751.32445127
751.38937093
751.45254978
751.51416460
751.58895757
751.65451040
751.71682764
751.79330192
751.85672141
751.92080383
751.99572139
752.05779749
752.12257793
752.18545398
752.25021248
752.31206501
752.37585486
752.44008575
752.50257024
752.56874405
752.63154208
752.69438863
752.75743388
752.82000857
752.90880547
752.97173491
753.03726995
753.09996752
753.16294280
753.22571864
753.28964380
753.35494624
753.41711670
753.49169658
753.55541669
753.61723875
753.68233224
753.74578563
753.80921634
753.87302203
753.94823070
754.00980480
754.07352175
754.13299202
754.19812159
754.26082332
754.32390879
754.38802973
754.45174911
754.51392713
754.57655669
754.64265785
754.70474956
754.76853745
754.83302410
754.90852997
754.97048027
755.03284042
755.09893133
755.16098428
755.22635864
755.28809293
755.35007809
755.42488130
755.48890155
755.55274600
755.61656730
755.67972104
755.74265024
755.80495333
755.88052064
755.94471570
756.00821077
756.07110486
756.13403625
756.19790436
756.26159961
756.32645612
756.38851833
756.45141875
756.51928217
756.58001781
756.64348777
756.73310168
756.80762622
756.87161989
756.93545337
756.99943095
757.05944394
757.12333009
757.19921532
757.27381129
757.33747143
757.39964482
757.46363946
757.52736567
757.58793942
757.65114583
757.73086034
757.80355411
757.86767505
757.93114672
757.99325160
758.05685029
758.11989481
758.19852583
758.26215695
758.32477090
758.38879286
758.45180519
758.51536512
758.57877657
758.64195762
758.73426100
758.79810423
758.86316701
758.92700269
758.98851072
759.06221678
759.12690946
759.18937785
759.25365190
759.31653770
759.37965780
759.44371583
759.50998108
759.57244947
759.64567450
759.70842742
759.77178158
759.83510282
759.90054960
759.96369383
760.02751878
760.08957539
760.15346300
760.21660431
760.28002673
760.34436880
760.40789826
760.47089475
760.53425085
760.59686359
760.66060930
760.72361578
760.78709745
760.85225507
760.91513160
760.98974635
761.05183294
761.11773003
761.17982905
761.24337972
761.30703230
761.37145166
761.43408267
761.49770843
761.56047525
761.63587604
761.69835589
761.76312049
761.82494157
761.88979223
761.95296499
762.01643423
762.07922762
762.14332613
762.20716717
762.27076684
762.36562363
762.42962827
762.49298219
762.55752004
762.62079252
762.69567180
762.75845519
762.82107646
762.88604951
762.94994005
763.01168725
763.07575090
763.13851869
763.20256746
763.26549861
763.32994552
763.39238758
763.51062205
763.57548612
763.63927572
763.70342738
763.77571667
763.83835353
763.90236549
763.96601319
764.02891728
764.09485435
764.15609638
764.22117866
764.28397840
764.34745519
764.41055968
764.47359347
764.54270836
764.58940228
