1174.37734063
1174.44132065
1174.50315026
1174.57657887
1174.63976212
1174.70288953
1174.76509974
1174.83073595
1174.89206210
1174.95642758
1175.01750650
1175.08136998
1175.14447350
1175.20756726
1175.26860962
1175.33293779
1175.39552054
1175.45976338
1175.52370292
1175.59547070
1175.65951703
1175.72249402
1175.78573090
1175.84925353
1175.91180994
1175.97431320
1176.03642710
1176.10058314
1176.16414186
1176.22624186
1176.28950848
1176.36621024
1176.42912651
1176.50243200
1176.57876024
1176.64204271
1176.70299827
1176.76662428
1176.83133084
1176.89234760
1176.95531922
1177.01921707
1177.08091186
1177.14430283
1177.22160509
1177.28628922
1177.35774761
1177.42098254
1177.48511177
1177.56198029
1177.63531967
1177.71223427
1177.77610067
1177.83945092
1177.91492948
1177.98073222
1178.04188185
1178.10561464
1178.16808157
1178.26245148
1178.32481479
1178.38869704
1178.45392390
1178.51526370
1178.57723009
1178.63987159
1178.70359634
1178.76659599
1178.82816108
1178.89289568
1178.95727871
1179.02044538
1179.08179689
1179.17641206
1179.24130270
1179.31319336
1179.37736355
1179.43991362
1179.50365812
1179.56702422
1179.62935803
1179.69072612
1179.75500236
1179.81807979
1179.88055697
1179.94451358
1180.00732355
1180.07107780
1180.13411866
1180.19638811
1180.27117693
1180.33389913
1180.39496416
1180.45947129
1180.52303049
1180.58542745
1180.64970906
1180.71149528
1180.77449225
1180.83715765
1180.89959728
1180.96263765
1181.02568144
1181.08808303
1181.18501829
1181.28001990
1181.33091929
1181.39586333
1181.45754910
1181.52159982
1181.58657604
1181.64817087
1181.71093891
1181.77405462
1181.83601174
1181.89920767
1181.96162730
1182.02618783
1182.08812179
1182.15209254
1182.21551911
1182.27801091
1182.34980088
1182.41416221
1182.47948148
1182.54680314
1182.62540101
1182.68993837
1182.75805949
1182.83482537
1182.90074391
1182.96786907
1183.04534468
1183.11154872
1183.18759950
1183.25569624
1183.32130686
1183.39849745
1183.47838019
1183.54420950
1183.62079642
1183.69772248
1183.76378414
1183.84238736
1183.91921346
1183.98640494
1184.06387347
1184.14055791
1184.20926150
1184.28436240
1184.36168660
1184.42845262
1184.51342415
1184.58321927
1184.64945794
1184.72746310
1184.80593735
1184.87067610
1184.94861421
1185.02669885
1185.09026976
1185.16890785
1185.23508239
1185.30210100
1185.37948055
1185.44524647
1185.52417250
1185.60131604
1185.66589046
1185.74500398
1185.82237596
1185.88705425
1185.95522803
1186.03217969
1186.09815943
1186.16420720
1186.24249420
1186.30866265
1186.37473114
1186.45388489
1186.52927982
1186.59748042
1186.67435455
1186.75120893
1186.82914412
1186.90680916
1186.98249667
1187.04993147
1187.12812972
1187.22640423
1187.29225744
1187.37048568
1187.46935411
1187.52505509
1187.60322116
1187.66964659
1187.73711089
1187.81321214
1187.87909947
1187.95806646
1188.03617500
1188.10166834
1188.16859284
1188.24549452
1188.30977345
1188.37645097
1188.45449075
1188.52122362
1188.58707488
1188.66607258
1188.73181412
1188.79803158
1188.87687032
1188.94232929
1189.00820736
1189.08589020
1189.15172244
1189.22014515
1189.29590629
1189.36213301
1189.42872740
1189.50692907
1189.57302364
1189.63970336
1189.71842581
1189.78188090
1189.85095508
1189.92875348
1190.02777503
1190.08331216
1190.16141119
1190.22520615
1190.29266509
1190.37168791
1190.43547117
1190.50343211
1190.58005657
1190.64796851
1190.74555913
1190.82334413
1190.89002531
1190.95576051
1191.03437861
1191.10013722
1191.19924775
1191.27715514
1191.35528416
1191.42033377
1191.49883215
1191.56472363
1191.63145528
1191.70818727
1191.77410192
1191.84185830
1191.91966938
1191.98616649
1192.05141700
1192.12926904
1192.19495231
1192.26330066
1192.33980274
1192.40587488
1192.48320396
1192.56154948
1192.62704916
1192.70388647
1192.78310629
1192.84942858
1192.92584971
1193.00439954
1193.06948377
1193.14628817
1193.22516763
1193.28995856
1193.36893091
1193.44608761
1193.51289119
1193.58895026
1193.66829808
1193.73294979
1193.81097055
1193.88972616
1193.95523900
1194.03213654
1194.10892850
1194.17563626
1194.25577426
1194.33042729
1194.39769654
1194.47398674
1194.55237151
1194.61858945
1194.69655439
1194.77309986
1194.84021575
1194.91625020
1194.99481051
1195.05964508
1195.13734914
1195.20402959
1195.27181181
1195.34874494
1195.41375652
1195.48050377
1195.55929473
1195.63540866
1195.70320819
1195.77997651
1195.84557907
1195.92362154
1196.00106837
1196.06840955
1196.13393312
1196.21157574
1196.27806992
1196.34515972
1196.42220403
1196.49902793
1196.56587466
1196.64329175
1196.72021878
1196.78734370
1196.86539177
1196.94078183
1197.00931328
1197.08536138
1197.18403550
1197.24000807
1197.31974306
1197.41641697
1197.48350287
1197.56130250
1197.62635211
1197.69411897
1197.77290896
1197.83694700
1197.90534216
1197.98218191
1198.04804145
1198.11483454
1198.19169185
1198.26907529
1198.33631772
1198.41285223
1198.47866374
1198.54682460
1198.62340030
1198.69030530
1198.75716154
1198.83487608
1198.90089337
1198.96865731
1199.04458131
1199.11064321
1199.17830134
1199.25461909
1199.32042841
1199.39828777
1199.47619712
1199.54119772
1199.60889266
1199.68577435
1199.75357827
1199.81955070
1199.89610251
1199.96205689
1200.02885267
1200.10678858
1200.17369456
1200.23967211
1200.31800470
1200.38313818
1200.46087149
1200.53872378
1200.60385653
1200.67343978
1200.74989748
1200.81453042
1200.88168410
1200.95978873
1201.03718973
1201.10350179
1201.18064679
1201.24689813
1201.31339329
1201.39217425
1201.45723044
1201.52494732
1201.60286349
1201.66752886
1201.73473204
1201.81141672
1201.87820031
1201.94406936
1202.02236684
1202.08835000
1202.15636848
1202.23397428
1202.29834829
1202.36580503
1202.44454088
1202.50928037
1202.59035168
1202.66530434
1202.73103076
1202.80898277
1202.88615167
1202.95107132
1203.03039696
1203.10744736
1203.17412683
1203.25032536
1203.32848754
1203.39319532
1203.47205918
1203.55005825
1203.61423697
1203.69219678
1203.76969701
1203.84663696
1203.92568977
1204.00248564
1204.06813575
1204.14719392
1204.22385837
1204.29027112
1204.36859689
1204.44462792
1204.51138152
1204.58940448
1204.66484086
1204.73261504
1204.80967568
1204.87513318
1204.95304252
1205.03095235
1205.09743849
1205.16351405
1205.24174888
1205.30820380
1205.37595604
1205.45258562
1205.51740337
1205.58459582
1205.66249663
1205.73831360
1205.80638352
1205.88278295
1205.96032780
1206.03850655
1206.11513760
1206.19179230
1206.25966400
1206.33757359
1206.41520328
1206.48031945
1206.56183010
1206.63485448
1206.70146983
1206.78072013
1206.87732259
1206.94383530
1207.02266185
1207.08863843
1207.15595034
1207.23241682
1207.30037239
1207.36597496
1207.44274084
1207.50974946
1207.57666445
1207.65335865
1207.73083669
1207.79816592
1207.87452829
1207.93954840
1208.00840338
1208.08558544
1208.15129285
1208.21935034
1208.29502833
1208.37181371
1208.43935969
1208.51738118
1208.59430261
1208.66093893
1208.73892971
1208.80542145
1208.86980058
1208.94789229
1209.01488726
1209.08086724
1209.15930589
1209.22448155
1209.29243420
1209.37007438
1209.46875239
1209.52467889
1209.58762076
1209.65279374
1209.71491251
1209.77874283
1209.85237332
1209.91606247
1209.98227431
1210.07688193
1210.12962647
1210.19395416
1210.25771255
1210.32180667
1210.38525615
1210.46044068
1210.52254702
1210.58767879
1210.64964787
1210.71342454
1210.77730216
1210.84104153
1210.90463316
1210.97024012
1211.03308374
1211.09675802
1211.16196074
1211.22302089
1211.28583891
1211.35116036
1211.42592749
1211.48803383
1211.55215086
1211.61701883
1211.67986611
1211.74352283
1211.80858878
1211.87018117
1211.93469025
1211.99848570
1212.06193543
1212.12622533
1212.18851038
1212.28573309
1212.34778823
1212.41465959
1212.48656536
1212.56237502
1212.62549487
1212.68970139
1212.75435359
1212.81738981
1212.87970461
1212.94451114
1213.00635075
1213.07121750
1213.16702905
1213.22050819
1213.28249579
1213.34823221
1213.41126941
1213.47441828
1213.54928854
1213.61259296
1213.67769864
1213.73979060
1213.80345293
1213.87953321
1213.94092885
1214.00592189
1214.06834908
1214.13311880
1214.19626620
1214.26108785
1214.32287041
1214.38678825
1214.45095966
1214.51559040
1214.59001254
1214.65329818
1214.71798037
1214.78111510
1214.84482229
1214.90852802
1214.97125534
1215.03611575
1215.09820186
1215.16373860
1215.22813674
1215.29010996
1215.35405268
1215.41667882
1215.48046525
1215.54371798
1215.61926408
1215.68237759
1215.77916096
1215.83152565
1215.89575532
1215.95981165
1216.02270111
1216.08641927
1216.15036662
1216.21402480
1216.27788803
1216.34067436
1216.40540945
1216.46922148
1216.53131587
1216.60705946
1216.70123334
1216.75520253
1216.81815489
1216.88298068
1216.94635629
1217.00915017
1217.07378677
1217.13754613
1217.20135280
1217.26429394
1217.32921799
1217.39203406
1217.45583146
1217.51960521
1217.58231327
1217.65798591
1217.71973043
1217.78480150
1217.84889318
1217.92256535
1217.98772858
1218.05175394
1218.11626888
1218.17892671
1218.24195660
1218.30558285
1218.36888678
1218.43273148
1218.49615732
1218.56139173
1218.63418498
1218.69805772
1218.76155255
1218.82437691
1218.88877018
1218.95338825
1219.01665292
1219.07921324
1219.14320105
1219.20745609
1219.27080147
1219.33611366
1219.39789232
1219.46226364
1219.52520235
1219.59972908
1219.66409553
1219.72704033
1219.79177201
1219.86550148
1219.92949735
1219.99331694
1220.05713945
1220.11960321
1220.18371196
1220.24886494
1220.31112366
1220.37541429
1220.43909564
1220.50183052
1220.56543970
1220.63968605
1220.70452062
1220.76823098
1220.83278541
1220.89562099
1220.95759908
1221.02350324
1221.08643463
1221.15125116
1221.21518217
1221.27635642
1221.33961330
1221.40306864
1221.46840106
1221.52995298
1221.60709261
1221.66892272
1221.73424149
1221.79700343
1221.87049519
1221.93537925
1222.00033280
1222.06434987
1222.12608855
1222.19098553
1222.25470101
1222.31692779
1222.41372384
1222.47855134
1222.54126087
1222.60316826
1222.67816920
1222.74308373
1222.80678922
1222.86987835
1222.93363772
1222.99790129
1223.06281899
1223.12407590
1223.18774482
1223.25179700
1223.31654672
1223.37797966
1223.44310728
1223.50688201
1223.56957496
1223.64482702
1223.70905548
1223.77265076
1223.83584035
1223.90004759
1223.96300312
1224.02668983
1224.09058476
1224.15300976
1224.21989988
1224.28207376
1224.34598575
1224.40965539
1224.47125095
1224.53603725
1224.59906177
1224.67459909
1224.73787328
1224.80185256
1224.86639553
1224.92925134
1224.99309800
1225.05752979
1225.11942865
1225.18360249
1225.24756666
1225.31065458
1225.37419695
1225.43749820
1225.50139874
1225.56573374
1225.63993547
1225.70302290
1225.76760171
1225.83145884
1225.89460430
1225.95855481
1226.02264430
1226.08619936
1226.15009257
1226.21330045
1226.30853489
1226.36296343
1226.42542012
1226.49041146
1226.55544814
1226.61549795
1226.69159506
1226.75479537
1226.81949340
1226.88311477
1226.94696386
1227.00847287
1227.07232927
1227.13668646
1227.19999381
1227.26400649
1227.32663751
1227.39318533
1227.45670259
1227.51850831
1227.58358157
1227.64642519
1227.72253278
1227.78384211
1227.84904605
1227.91254624
1227.97450215
1228.03886836
1228.10174319
1228.16677451
1228.22930922
1228.29518096
1228.35724024
1228.42147845
1228.48521710
1228.54947725
1228.61308740
1228.68558905
1228.75043045
1228.81499658
1228.87690104
1228.94202843
1229.00472844
1229.07073086
1229.13271822
1229.19593292
1229.26053489
1229.32348871
1229.38772546
1229.45151530
1229.51478973
1229.57730860
1229.65074647
1229.71569270
1229.77964834
1229.85459686
1229.91817532
1229.98225188
1230.04604587
1230.10767191
1230.17271737
1230.23775137
1230.30062279
1230.36362464
1230.42715263
1230.49222345
1230.55497588
1230.61854289
1230.69223457
1230.75736220
1230.82001028
1230.88394324
1230.94767116
1231.01143979
1231.07516600
1231.13770071
1231.20254210
1231.26622833
1231.33049238
1231.39254289
1231.45626520
1231.52256531
1231.58485133
1231.64801702
1231.72268248
1231.78636163
1231.84942493
1231.91400666
1231.97811492
1232.04187185
1232.10450189
1232.16835952
1232.23043367
1232.29597651
1232.35869505
1232.42128706
1232.48590976
1232.55109663
1232.61314592
1232.68714602
1232.75371944
1232.84777092
1232.90258833
1232.96440210
1233.02940928
1233.09222657
1233.15488002
1233.22029583
1233.28123773
1233.34737741
1233.41018885
1233.47471451
1233.53825128
1233.60156058
1233.66556058
1233.73874709
1233.80426896
1233.86619317
1233.93088219
1233.99392061
1234.05806325
1234.12138741
1234.18510704
1234.24855823
1234.31238392
1234.37637125
1234.43944380
1234.50234813
1234.56729119
1234.63008824
1234.69510396
1234.75712765
1234.81957922
1234.88382938
1234.94531181
1235.00622202
1235.06793071
1235.13171007
1235.19496816
1235.25543269
1235.31809832
1235.37980067
1235.44357394
1235.50438175
1235.56742602
1235.62904986
1235.69410556
1235.75510671
1235.85015124
1235.91322623
1235.97520896
1236.03816619
1236.10067018
1236.16272825
1236.22439232
1236.28507993
1236.34727550
1236.40918557
1236.47246293
1236.53560522
1236.59813603
1236.66032063
1236.72262397
1236.78678708
1236.84571975
1236.91007645
1236.97288472
1237.03415528
1237.09696794
1237.15904282
1237.22018294
1237.28432607
1237.34723040
1237.40831786
1237.46966131
1237.53449003
1237.59492091
1237.65573652
1237.75270543
1237.81486712
1237.87848288
1237.93937237
1238.00234813
1238.06361893
1238.12722421
1238.19010294
1238.25134132
1238.31540008
1238.37642757
1238.43806701
1238.49990711
1238.56536924
1238.62534249
1238.68648139
1238.75122795
1238.81208403
1238.87493618
1238.96951990
1239.03341312
1239.09576108
1239.16832514
1239.23145645
1239.29225793
1239.35526636
1239.41823895
1239.48030482
1239.54415537
1239.60744687
1239.67630966
1239.75488607
1239.83428752
1239.88773058
1239.94994224
1240.01457030
1240.07562095
1240.13695026
1240.20009669
1240.26183439
1240.32295062
1240.38555482
1240.44879902
1240.51283365
1240.57490951
1240.63534039
1240.69706956
1240.76033033
1240.86598886
1240.92866961
1240.99078668
1241.05399699
1241.11389563
1241.17781640
1241.24063345
1241.30305869
1241.38803119
1241.43715662
1241.53006050
1241.58551254
1241.64914147
1241.71166619
1241.78185603
1241.85894252
1241.91819629
1241.96801706
1242.06541557
1242.12663858
1242.18994447
1242.25164657
1242.31625561
1242.37632517
1242.43924510
1242.50106106
1242.56488016
1242.62557362
1242.68817587
1242.75007473
1242.81195286
1242.87572808
1242.93682139
1242.99895503
1243.06186082
1243.12442479
1243.18740982
1243.25120527
1243.31224324
1243.37425132
1243.43561819
1243.49762627
1243.56267637
1243.62330059
1243.68521505
1243.74894882
1243.82171743
1243.88412780
1243.94624853
1244.00799476
1244.07222053
1244.13403260
1244.19485455
1244.25844715
1244.32033576
1244.38244649
1244.44548223
1244.50884322
1244.56935553
1244.63255170
1244.69410312
1244.75633698
1244.83227097
1244.89311657
1244.95437909
1245.01732316
1245.07897991
1245.14092436
1245.20261183
1245.26797961
1245.32747743
1245.39063264
1245.45345919
1245.51532367
1245.58806304
1245.65201233
1245.71414086
1245.78776135
1245.84951221
1245.91345809
1245.97398430
1246.03837221
1246.09796268
1246.16058053
1246.22452227
1246.28588109
1246.34794647
1246.41118993
1246.47182537
1246.53484380
1246.59659418
1246.66087749
1246.72218291
1246.78428974
1246.84729549
1246.90889593
1246.97148087
1247.03415943
1247.09652688
1247.19072783
1247.25368043
1247.31766191
1247.37839218
1247.44133552
1247.50216600
1247.56456760
1247.62691628
1247.68947879
1247.75200375
1247.81496245
1247.87730747
1247.93912734
1248.00160744
1248.06317569
1248.12685192
1248.18688466
1248.25019907
1248.31279766
1248.37592507
1248.43825840
1248.50062220
1248.56303013
1248.62704453
1248.68786745
1248.75992195
1248.83432678
1248.89649821
1248.95860650
1249.01992851
1249.08444124
1249.14646298
1249.20686777
1249.26987645
1249.33314430
1249.39295932
1249.45780461
1249.52025984
1249.58049787
1249.64473340
1249.70644111
1249.77053961
1249.83297071
1249.89509314
1249.96851712
1250.02951924
1250.09166191
1250.15404521
1250.21596358
1250.31202381
1250.37344529
1250.43527758
1250.49922420
1250.57411445
1250.62350904
1250.69527731
1250.75724200
1250.82020240
1250.88392739
1250.94569508
1251.00666722
1251.06973807
1251.13347208
1251.21180028
1251.26785649
1251.32987969
1251.39284643
1251.45442224
1251.51731072
1251.57913814
1251.64138784
1251.70477954
1251.76766364
1251.82829712
1251.89253728
1251.95410700
1252.01701084
1252.07862639
1252.14163068
1252.20235169
1252.26418179
1252.32826250
1252.38975810
1252.45161697
1252.51577472
1252.57740685
1252.63814152
1252.70249164
1252.76498588
1252.82565593
1252.88891281
1252.95146508
1253.01382790
1253.07605834
1253.13808715
1253.20064697
1253.27426868
1253.33561092
1253.39726036
1253.45992234
1253.52344838
1253.58546110
1253.64827790
1253.71068973
1253.77269001
1253.83494337
1253.89882732
1253.96008813
1254.02095421
1254.08490960
1254.14743334
1254.20830064
1254.27180206
1254.33301411
1254.39517384
1254.45880277
1254.52075990
1254.59585275
1254.66644586
1254.73113536
1254.79118370
1254.85525636
1254.91700430
1254.97943028
1255.04145713
1255.10409790
1255.16603406
1255.22805702
1255.29143751
1255.35471608
1255.41526960
1255.47821830
1255.54027612
1255.61433693
1255.67695746
1255.73830555
1255.80110431
1255.86235122
1255.92555348
1255.98767982
1256.05007556
1256.11295331
1256.17341466
1256.23739931
1256.29879007
1256.36286030
1256.42603062
1256.48610578
1256.54995292
1256.64406755
1256.69611285
1256.75678266
1256.82077657
1256.88305553
1256.94525573
1257.00703391
1257.06800799
1257.13178028
1257.19250959
1257.25664661
1257.31863836
1257.39212817
1257.45428815
1257.51598659
1257.57816827
1257.64007712
1257.70571967
1257.76499002
1257.86139768
1257.91339495
1257.97588626
1258.03596045
1258.09958133
1258.16156869
1258.22401417
1258.28598080
1258.34845920
1258.41047728
1258.47229665
1258.53611624
1258.59849345
1258.66033501
1258.72273271
1258.78567214
1258.84712970
1258.91103731
1258.97099325
1259.03462071
1259.09749700
1259.15986154
1259.22081904
1259.28286053
1259.34729915
1259.40804381
1259.46993560
1259.53305375
1259.59676801
1259.65769748
1259.72122499
1259.78270498
1259.84488349
1259.90484625
1259.97057877
1260.03533459
1260.09890720
1260.16393145
1260.22769350
1260.29276651
1260.39191508
1260.45586389
1260.53092212
1260.59710227
1260.65924445
1260.72437062
1260.78905378
1260.85559526
1260.91799417
1260.98361332
1261.04897207
1261.12312041
1261.18820635
1261.25338103
1261.31900286
1261.38366895
1261.44860056
1261.51270516
1261.58736623
1261.65227443
1261.71892586
1261.78318870
1261.84795719
1261.91170973
1261.97549714
1262.04015568
1262.10572338
1262.16858650
1262.23547151
1262.29870279
1262.36479175
1262.42832316
1262.49313140
1262.55918550
1262.63405064
1262.69855704
1262.76236761
1262.82757740
1262.89168907
1262.97899946
1263.04403664
1263.10761095
1263.18344962
1263.24736040
1263.31396722
1263.37810936
1263.44406302
1263.50797599
1263.57258308
1263.63766536
1263.71275090
1263.77886498
1263.84167666
1263.90599825
1263.97241149
1264.03729750
1264.10098567
1264.16529069
1264.22952841
1264.29539258
1264.35784635
1264.42447243
1264.48801115
1264.55423397
1264.61722071
1264.69467632
1264.75763892
1264.82433814
1264.88796000
1264.95262951
1265.01768814
1265.08297302
1265.14597512
1265.22305624
1265.28551927
1265.35148829
1265.41540735
1265.48160920
1265.54688263
1265.61140049
1265.68496173
1265.75147078
1265.84908506
1265.90222871
1265.96550363
1266.03095479
1266.09504623
1266.15969623
1266.22582957
1266.29131999
1266.35399319
1266.41870731
1266.48585563
1266.54986344
1266.61301158
1266.67934801
1266.75343637
1266.81914524
1266.88349707
1266.94883193
1267.01323861
1267.07719084
1267.14191935
1267.21651288
1267.28161393
1267.34615812
1267.41150225
1267.47525114
1267.54285928
1267.60569559
1267.67056770
1267.74562691
1267.81150450
1267.87445368
1267.93884720
1268.00489789
1268.07084520
1268.13388168
1268.19958518
1268.26328945
1268.32955006
1268.39293640
1268.45683596
1268.55556444
1268.60808078
1268.67309918
1268.73888801
1268.81244341
1268.87857260
1268.94062043
1269.00347502
1269.06546603
1269.12798978
1269.20277738
1269.26387435
1269.32645319
1269.39006652
1269.45116324
1269.54617924
1269.61024020
1269.67160072
1269.72659660
