10.07096215
10.10359114
10.13930725
10.16342413
10.19530219
10.22569472
10.26185553
10.30264165
10.33902335
10.37140074
10.39566975
10.43631178
10.47349708
10.49355697
10.53789661
10.57175294
10.59489678
10.62724295
10.66210183
10.70599115
10.73061515
10.76642391
10.80441890
10.83857657
10.87129626
10.90630215
10.93119703
10.97065975
11.00463847
11.03098011
11.07474631
11.10371109
11.13058399
11.16527196
11.20559069
11.23935267
11.27307222
11.29336471
11.32661297
11.37044890
11.40429841
11.44024516
11.46255614
11.50660784
11.53794562
11.57138089
11.60441461
11.62594272
11.67066587
11.69235002
11.73806450
11.77414364
11.79566176
11.82754469
11.87185361
11.89466245
11.93956797
11.97397580
12.00587995
12.02884556
12.07267466
12.10294675
12.12624711
12.16042942
12.20700381
12.23106169
12.27310684
12.30907139
12.34225017
12.36564537
12.39850111
12.43097163
12.47231412
12.49337485
12.53729172
12.56178700
12.59354925
12.63732447
12.66000312
12.70539674
12.73198658
12.76480306
12.80535878
12.83186475
12.87423221
12.90854520
12.94163816
12.97727186
13.01539777
13.04519736
13.07737140
13.10841759
13.13835566
13.23298071
13.35641329
13.45245878
13.52122445
13.58858578
13.62513522
13.73450513
13.81309973
13.84282812
13.87108171
13.90375898
13.92505011
13.97040863
14.00196315
14.02442432
14.10016269
14.19802188
14.29364753
14.40235988
14.48808906
15.08037562
15.38361436
15.71184403
16.08555047
16.27896021
16.37190128
16.44965961
16.56893743
16.65440306
16.76201413
16.87024228
16.96708697
17.06367201
17.16044088
17.25614844
17.36485348
17.45061973
17.54739981
17.64522998
17.73994573
17.84859323
17.94735671
18.04307988
18.15041324
18.24612447
18.34349579
18.45159472
18.54824168
18.64602334
18.74080443
18.83843492
18.95722513
19.04392346
19.15063657
19.25794142
19.35675999
19.44244529
19.53810897
19.63481957
19.75301513
19.84044196
19.94772437
20.04418458
20.15353985
20.29227415
20.37718852
20.47579718
20.59440209
20.69014842
20.78702042
20.88507953
20.99185263
21.08985956
21.18643387
21.29285636
21.39109248
21.47592493
21.58398046
21.69128238
21.84099882
21.94952076
22.05821848
22.16593097
22.25080195
22.35946335
22.45733570
22.56386571
22.66157544
22.80122792
22.90918520
23.00582655
23.14445040
23.23231975
23.33900799
23.43581758
23.54529354
23.66313460
23.75990371
23.85560055
23.96337887
24.07105358
24.17970546
24.34090800
24.45992519
24.54728961
24.65450400
24.76125978
24.86897642
24.97568515
25.07422139
25.18207505
25.30081771
25.38652252
25.49425549
25.59097706
25.69769164
25.79489936
25.89116306
25.98955936
26.09715872
26.18293130
26.27964312
26.38843325
26.48603205
26.59275638
26.69905697
26.79579756
26.91668501
27.01257446
27.10852486
27.20633919
27.30268944
27.40091482
27.49648512
27.58125321
27.70016484
27.78672200
27.89549019
28.00138411
28.09899241
28.19685208
28.30235639
28.40116814
28.50790247
28.59454789
28.70160185
28.80018856
28.89718003
29.00499614
29.10172478
29.19755669
29.29626604
29.39092352
29.48873394
29.59743630
29.73689836
29.81352590
29.90877316
30.00548815
30.12289035
30.20950066
30.29533054
30.40489233
30.56475293
30.65272492
30.76055907
30.86724342
30.97545889
31.08221638
31.19125227
31.28663045
31.38626432
31.49007904
31.58829662
31.70694347
31.80162021
31.89976294
32.00807447
32.11541540
32.22578810
32.32117774
32.42794937
32.57977256
32.62340466
32.74174041
32.84918788
33.00999496
33.12260875
33.22725290
33.34362282
33.42919669
33.52737015
33.62289705
33.73196781
33.83832033
33.94588629
34.05420562
34.16141392
34.25719024
34.39791914
34.47373041
34.56946796
34.67721727
34.77519763
34.87465620
34.99046291
35.08704502
35.23772402
35.30664865
35.44203228
35.52891127
35.63650234
35.75519722
35.83955961
35.94956757
36.04438669
36.14035904
36.23829965
36.33658599
36.44231339
36.55206925
36.64780071
36.74448546
36.84233489
36.95005372
37.04468390
37.15389289
37.25052913
37.35864439
37.45414399
37.55179082
37.67145435
37.77729951
37.87491269
37.97172081
38.06740497
38.18717334
38.27401162
38.36965652
38.47739193
38.58701540
38.70486499
38.80146515
38.89731559
39.00539599
39.09168496
39.19682112
39.28655341
39.39151232
39.49009513
39.59780372
39.70555863
39.82422084
39.90898186
40.01774931
40.12420351
40.22066639
40.31828079
40.42600889
40.53349829
40.65316695
40.73896903
40.83571767
40.94173056
41.03913870
41.14702625
41.25555184
41.35130549
41.46207267
41.54486322
41.64252175
41.73827320
41.83659635
41.94334336
42.04166456
42.14930196
42.26720202
42.36377877
42.48141454
42.56919855
42.66507020
42.76266266
42.85855942
42.96607931
43.07478483
43.17118652
43.26887699
43.36363273
43.46134270
43.55811133
43.66580163
43.77548776
43.89659440
44.33114344
44.83748553
45.48289300
46.01831812
46.38395057
46.51707872
46.65169458
46.83636644
47.57036518
48.04776906
48.44982198
48.64627812
48.66558854
48.74220828
48.84810049
48.95653490
49.06426666
49.15992351
49.25574348
49.35246943
49.47311747
49.55912216
49.65457812
49.76132390
49.85902973
49.96782230
50.07449372
50.17132647
50.27990619
50.36417911
50.47284221
50.56968203
50.67730992
50.80110480
50.93165807
51.02927613
51.20274471
51.31181912
51.42042395
51.50717299
51.60386823
51.70045936
51.82117591
51.90707698
52.00373711
52.10368671
52.19942037
52.30717845
52.40690473
52.50534223
52.62203324
52.70982651
52.80579788
52.90448334
53.01303868
53.11099246
53.21869983
53.31596095
53.42692342
53.52369667
53.61829808
53.71610070
53.81585843
53.91380148
54.02145253
54.10920168
54.20576160
54.33449557
54.41021688
54.49703979
54.59569550
54.69379703
54.80092730
54.91014190
55.02821434
55.11476029
55.22461440
55.32229633
55.41803169
55.58088555
55.67957929
55.80041530
55.88603307
55.97304835
56.07976220
56.25337316
56.35241165
56.45900872
56.56943627
56.65428335
56.75298685
56.86175747
56.96935610
57.06831243
57.17594251
57.27193655
57.37044939
57.45621954
57.59736267
57.68519568
57.78274206
57.88052127
57.97720213
58.07610774
58.19366598
58.29241336
58.38827551
58.48702557
58.59467223
58.70234303
58.81314824
58.93900599
59.00976627
59.11821141
59.21883392
59.31215094
59.40778732
59.50530980
59.60334063
59.71196423
59.79865208
59.89649200
60.63773090
61.54929177
61.97062220
62.13672116
62.26408614
62.28205147
62.30628489
62.32847763
62.64267145
62.98128569
63.31541311
64.59585788
65.28497913
65.34859214
65.36832533
65.42880002
65.53656005
65.63224641
65.74206663
65.83866093
65.93847035
66.03474599
66.11984249
66.27337040
66.39313243
66.48979695
66.58652364
66.68345635
66.79297742
66.90173804
67.01056621
67.09703608
67.20398033
67.31445250
67.42117293
67.51002678
67.60631559
67.71292947
67.85651533
67.94234521
68.02715743
68.12602769
68.23359462
68.34327880
68.44106874
68.55078852
68.63461014
68.73337166
68.82925331
68.91692736
69.02589596
69.13335708
69.23205936
69.32967229
69.41451401
69.51427808
69.60001287
69.70769172
69.80639692
69.91510684
70.01293944
70.11959527
70.20641404
70.31553867
70.41281856
70.52152238
70.62125549
70.70608428
70.81574335
70.92142467
70.99732127
71.09491348
71.19273122
71.29142325
71.48585211
71.58359232
71.69329186
71.77868751
71.88609280
71.98284656
72.08258965
72.17941533
72.28711734
72.38583473
72.48254314
72.56925536
72.66706042
72.76395217
72.87250800
72.97022333
73.06820442
73.16764471
73.28362209
73.38334056
73.48112612
73.57794862
73.67663700
73.77439306
73.86007275
73.96029713
74.05689825
74.14231317
74.27103300
74.34841318
74.44732367
74.55386539
74.65162364
74.75032884
74.86926606
74.95580713
75.40322053
75.70185956
76.08053897
76.80039848
77.19303183
77.23373823
77.25539629
77.26798392
77.43113278
77.73548354
78.19264198
78.57249290
78.99247361
79.12250879
79.15201532
79.23854688
79.33438074
79.43307936
79.55328463
79.63677443
79.73698174
79.83222681
79.94144433
80.05116947
80.14888407
80.25667946
80.37532899
80.46216751
80.57078575
80.66849743
80.76457510
80.87395354
80.97077897
81.07997041
81.20017545
81.27493614
81.38367678
81.48048855
81.57908697
81.71791952
81.80747602
81.89152244
82.01215170
82.10108966
82.19763008
82.29335788
82.40161504
82.49916239
82.59742971
82.69518357
82.81404205
82.90066943
82.98837664
83.09524019
83.18284963
83.26969522
83.36639167
83.46426110
83.58694421
83.65889061
83.75796324
83.84285226
83.95357287
84.06128633
84.15713653
84.25760618
84.37639273
84.47214394
84.60374267
84.70006366
84.83172456
84.91656652
85.01498354
85.12434882
85.22739992
85.32671196
85.42408645
85.52170987
85.60757218
85.70638149
85.80414047
85.95458687
86.05237584
86.15029744
86.25909122
86.40010781
86.49683255
86.59562138
86.70386440
86.79070877
86.87501899
86.97363666
87.08354075
87.18108591
87.27785112
87.37342533
87.47232680
87.55911753
87.66802785
87.77877065
87.88940568
87.99173121
88.08650767
88.17135743
88.28099358
88.36878808
88.45342158
88.55142632
88.65133716
88.74491286
88.85562591
88.96408105
89.06274724
89.15101472
89.23754238
89.32329229
89.42287789
89.51723866
90.17045924
91.09030256
91.45730815
91.69717208
91.89916610
92.10232821
92.22775685
92.24690588
92.33518872
92.44652714
92.53117455
92.65695452
92.71666049
92.82226988
92.91255683
93.01974831
93.14999145
93.23545099
93.33309806
93.44167632
93.54078795
93.63432732
93.75485321
93.84550514
93.94220380
94.04808114
94.14502872
94.25278290
94.35041632
94.44885357
94.55817033
94.69711088
94.79478770
94.88048324
94.97927890
95.08694433
95.19796385
95.30376146
95.40151947
95.51152523
95.61915921
95.71706570
95.81603129
95.92242428
96.01810966
96.14879679
96.24544570
96.34420186
96.44145908
96.54012162
96.64933866
96.74515813
96.85371445
96.94059563
97.04830642
97.15804569
97.25568179
97.35143544
97.45029887
97.54687367
97.65762963
97.75497121
97.85206410
97.94981577
98.04652929
98.14438043
98.24108249
98.33730889
98.43705125
98.53478122
98.64355623
98.76120931
98.85884956
98.94664186
99.04373962
99.15311928
99.26087785
99.34758155
99.47794270
99.56370212
99.65080590
99.74778371
99.84628485
99.93214033
100.03892732
100.12767828
100.23527861
100.33415253
100.44583180
100.52763468
100.61594386
100.71477877
100.83732461
100.90920763
100.99514868
101.09115736
101.20101098
101.29859271
101.40639029
101.51407426
101.62273102
101.72254409
101.81827506
101.91508977
102.00278260
102.10043405
102.19720951
102.28394952
102.37072100
102.46900855
102.55636492
102.64152944
102.75062214
102.85159843
102.94790796
103.06710923
103.15327849
103.27148941
103.36761121
103.46743086
103.57419908
103.66090228
103.75859543
103.86004593
103.95595342
104.06250123
104.19600070
104.27894461
104.37663630
104.48430758
104.58102745
104.68160267
104.80248378
104.89520176
105.49723801
105.88857015
106.05824823
106.08059749
106.14899744
106.22879402
106.38184772
106.48170687
106.60980230
106.69544811
106.79387293
106.98280706
107.02704747
107.09588140
107.21355570
107.29139107
107.38745484
107.47688383
107.56178431
107.66039199
107.80126205
107.89970541
108.01946914
108.10365819
108.18997861
108.29775888
108.39800130
108.48474888
108.59298678
108.68861535
108.79835073
108.88380026
108.98060595
109.09038789
109.18693538
109.27373270
109.37298720
109.45740908
109.54464428
109.65484387
109.74059939
109.83730121
109.94499834
110.05387380
110.16347240
110.27221108
110.39739373
110.48570754
110.58320978
110.68405222
110.78077866
110.86857438
110.97576902
111.07158532
111.18023307
111.26707817
111.37563131
111.47337932
111.56018590
111.65886648
111.75579992
111.86435014
111.97543061
112.05873121
112.15555006
112.25338925
112.34101479
112.43780121
112.52551891
112.63348910
112.77412877
112.86278927
112.95941405
113.05543735
113.15300299
113.24075335
113.35091710
113.45749222
113.56534100
113.66444556
113.76230255
113.85882469
113.95661024
114.06352182
114.17752410
114.25912877
114.36970870
114.44582839
114.54210281
114.63888704
114.73570613
114.84338839
114.94211700
115.05129308
115.15770729
115.24489835
115.34399243
115.44072131
115.53841227
115.62620579
115.72294223
115.83086586
115.94036401
116.01628158
116.11562800
116.19179816
116.30155865
116.39744810
116.49426500
116.60387749
116.71382035
116.78841428
116.89722270
117.00495494
117.10166797
117.18946149
117.29652667
117.39530891
117.49423476
117.57884511
117.67650973
117.77490018
117.88375077
117.99729908
118.09762342
118.19339243
118.30717138
118.38792978
118.49571396
118.60634972
118.70315028
118.78988786
118.87671931
118.96275619
119.07314229
119.15893023
119.25641956
119.39591941
119.48564878
119.58006635
119.68912784
119.79175398
119.89656392
119.99248165
120.09100668
120.19785292
120.29465519
120.39428102
120.47908178
120.57878733
120.67761541
120.84067333
120.93691509
121.03245613
121.12946174
121.22826617
121.32612682
121.43574834
121.52955858
121.63420883
121.73899049
121.83468879
121.92932921
122.03004803
122.13079562
122.24915868
122.37653438
122.45086646
122.55646610
122.65342465
122.76868134
122.86160265
123.04430746
123.14982591
123.24456970
123.34052449
123.44588812
123.55270120
123.64756909
123.79890369
123.86961398
123.97754761
124.08337423
124.18811493
124.28303938
124.38954965
124.49623327
124.60196432
124.68679995
124.78066066
124.88835072
124.99200476
125.09873031
125.25018999
125.35528909
125.43820252
125.53482437
125.63941708
125.74730219
125.85301154
125.95878478
126.05438531
126.16112647
126.25419334
126.36063363
126.46568104
126.56116260
126.65884868
126.76373006
126.85934546
126.97674499
127.07097068
127.16480409
127.26123747
127.36828412
127.46310105
127.56901423
127.67497057
127.79363838
127.87625437
127.98298870
128.08870220
128.18356472
128.28832078
128.39478984
128.49070660
128.59747531
128.68045164
128.78826458
128.89310183
128.99897478
129.10363112
129.20020738
129.29483171
129.42366466
129.51830337
129.61404605
129.71981392
129.81503338
129.91041009
130.00593383
130.11041000
130.23045509
130.32216955
130.41812751
130.51381801
130.60765532
130.70414746
130.80922803
130.94773461
131.04474802
131.12824440
131.22395416
131.31777367
131.42348936
131.52902488
131.63753317
131.78501436
131.88132048
131.98792315
132.08274423
132.17766941
132.28331367
132.38794002
132.48558587
132.59036973
132.69598912
132.80191985
132.90858250
133.01331199
133.11095589
133.21591089
133.30977600
133.42977087
133.52264293
133.62850832
133.72337451
133.81993638
133.92571595
134.03125757
134.12711313
134.23679730
134.32757553
134.42329432
134.52846022
134.63505363
134.74193546
134.84627436
134.94063879
135.04956496
135.14428144
135.23912666
135.33384728
135.43965806
135.54725938
135.64017411
135.73776632
135.84161541
135.94751469
136.04293383
136.13798239
136.24357642
136.33931276
136.44599101
136.54174709
136.65665805
136.74208077
136.84882436
136.94283380
137.03940640
137.13324030
137.23976836
137.33452580
137.45329870
137.54592501
137.64239936
137.73850506
137.84516406
137.94055370
138.04627280
138.15394945
138.27063559
138.35443478
138.44936850
138.55488646
138.66163956
138.76743011
138.86227873
138.96890847
139.08843961
139.17040804
139.27437635
139.37145340
139.47736487
139.57285642
139.69049415
139.79516512
139.91405943
140.00666258
140.11436507
140.21908578
140.32585400
140.42145063
140.52622985
140.63193726
140.74003131
140.84627168
140.94941007
141.05713670
141.16183425
141.26772743
141.37354479
141.48119853
141.57580993
141.69354786
141.79831245
141.90501411
142.01077198
142.10676017
142.22383226
142.31887057
142.42466404
142.53310844
142.63540739
142.73157796
142.82661773
142.94353207
143.05910546
143.14490072
143.25049451
143.35637721
143.45108126
143.55775195
143.65342734
143.74739118
143.85556374
143.94879859
144.04349386
144.15035156
144.24601061
144.35195792
144.45839724
144.56321742
144.67180690
144.75384969
144.86041091
144.95476656
145.06051297
145.17391938
145.27403185
145.36882611
145.47557214
145.55929526
145.66407522
145.76072511
145.86553773
145.96032906
146.06721894
146.16289238
146.28044452
146.37511224
146.47979370
146.58610063
146.68283585
146.78952337
146.89440841
146.99932002
147.11890675
147.20066087
147.29633113
147.39030790
147.48688733
147.59374844
147.69754901
147.80508035
147.91274286
147.99568531
148.09128462
148.20804829
148.30294032
148.40847632
148.52409652
148.62090586
148.72759143
148.83151634
148.92813576
149.03380050
149.13885937
149.23430240
149.34108525
149.43577418
149.55504518
149.63799592
149.74261471
149.83767838
149.94415939
150.05088421
150.15660088
150.26235802
150.38001330
150.47436553
150.57036737
150.67678353
150.78956262
150.88371761
150.97991621
151.08606272
151.19371474
151.27567098
151.38238483
151.48897921
151.59379257
151.70048496
151.80535829
151.91207361
152.01964542
152.10342828
152.19832688
152.30407183
152.40978899
152.50346611
152.60162494
152.69601642
152.80395737
152.88473479
152.99062797
153.08640966
153.18191535
153.27693416
153.38262888
153.47841642
153.59102314
153.67262268
153.77837324
153.88312808
153.97613351
154.06986013
154.17455621
154.28000055
154.38772011
154.46766760
154.57335672
154.67728870
154.78309583
154.89775054
155.00333629
155.10733922
155.22399854
155.31806770
155.42186194
155.52556474
155.63148987
155.73524509
155.83986218
155.96757215
156.06133924
156.15599453
156.25985093
156.35163195
156.44757333
156.55224138
156.65707009
156.77275831
156.86564842
156.96034345
157.09716603
157.19166114
157.29536126
157.40226967
157.52000735
157.60989934
157.71462541
157.82010607
157.92394200
158.02865441
158.13514152
158.22747940
158.34474751
158.43621791
158.54069506
158.65869825
158.75224932
158.84607785
158.95062643
159.05541833
159.18303273
159.28681404
159.40165990
159.50724881
159.61186322
159.71624552
159.82154698
159.93744878
160.03032768
160.13588514
160.24073799
160.33262897
160.42819196
160.53179041
160.63561707
160.74248891
160.83636595
160.94317928
161.04572131
161.15040934
161.25430817
161.35903546
161.46452417
161.58333973
161.67311201
161.77731535
161.88283966
161.98840711
162.09217185
162.19703981
162.30165251
162.41884894
162.50068279
162.63737493
162.73099233
162.84883022
162.95268467
163.06927645
163.19805626
163.28973951
163.40441105
163.54221326
163.63537448
163.72938489
163.83481777
163.94033085
164.03393947
164.13790242
164.24253316
164.34637103
164.45108248
164.55679890
164.65046822
164.76812228
164.85989038
164.96456111
165.07021243
165.17605661
165.26879288
165.37319810
165.47852370
165.58295183
165.68808238
165.80431211
165.89725780
166.00175543
166.10640202
166.21016163
166.32905326
166.42052245
166.52450442
166.63012527
166.72311387
166.81722400
166.95387251
167.07189837
167.16555819
167.27035789
167.37412116
167.47893037
167.58439275
167.68944845
167.81575261
167.90963137
168.00330727
168.10768445
168.21230691
168.31601020
168.42090157
168.52571103
168.64227526
168.73619863
168.83867532
168.94552814
169.09199533
169.19705200
169.30251365
169.41084273
169.50175604
169.61846143
169.72255457
169.82824979
169.96543199
170.04808260
170.16544847
170.25824496
170.36302247
170.46675551
170.57038420
170.70896343
170.83557187
170.95139224
171.04409242
171.14797515
171.25262394
171.34658510
171.44164218
171.54732716
171.65220707
171.77958180
171.87249995
171.97820053
172.08179971
172.19757059
172.36626319
172.48448118
172.57635411
172.68064230
172.78716744
172.89199396
172.98540363
173.08865807
173.19381422
173.29960476
173.39131605
173.53085613
173.62371186
173.74027000
173.84495414
173.95131349
174.06530602
174.16065640
174.26275348
174.40068759
174.48395187
174.59028245
174.69493416
174.81063433
174.90758678
175.04290043
175.12473038
175.22950033
175.33342793
175.44089198
175.54824632
175.63718428
175.74570865
175.84565338
175.95319447
176.05701577
176.16182742
176.26742560
176.37101332
176.47682020
176.58057104
176.74011859
176.84411080
176.94855966
177.06730257
177.16021511
177.26226659
177.36782893
177.47281929
177.57725425
177.68214563
177.78705553
177.89092608
177.99629044
178.09418766
178.19485114
178.30057780
178.40432425
178.51018525
178.63877099
178.73062807
178.83344585
178.93799541
179.04370598
179.14858663
179.25513688
179.37154190
179.46321540
179.56729221
179.67185322
179.76547841
179.86023464
179.96504872
180.05872073
180.18656040
180.26817945
180.38390620
180.49064443
180.59238237
180.71062255
180.84529108
180.95187473
181.04528074
181.15095036
181.25493720
181.35854516
181.49634079
181.58002685
181.69768335
181.78940585
181.89516202
181.99789885
182.10315082
182.20788591
182.32257769
182.44007888
182.52274143
182.62662051
182.73221698
182.83799167
182.94175787
183.05643550
183.18304053
183.27678397
183.38255867
183.48733326
183.59012616
183.69578139
183.80140785
183.93743586
184.01628865
184.11059285
184.20759066
184.31007247
184.42678957
184.52463339
184.62436649
184.74000595
184.83389007
184.95040261
185.04409924
185.14887651
185.26265717
185.36895704
185.47500602
185.56832328
185.67203900
185.77678702
185.88144970
185.98520760
186.09011141
186.18466698
186.29039072
186.38214175
186.48655038
186.58426596
186.69180950
186.79865451
186.90636335
187.02623973
187.11994855
187.22771346
187.33638851
187.44109166
187.53987927
187.63665570
187.74338174
187.86210880
187.94786749
188.06472819
188.17248432
188.27769387
188.38673317
188.49399510
188.61460096
188.69743564
188.80608850
188.91378515
189.02146350
189.12626564
189.23453134
189.35314381
189.44982783
189.55849508
189.67603552
189.78058459
189.88861111
189.99801588
190.12811567
190.22232698
190.32975397
190.43752254
190.53562651
190.64144070
190.74718297
190.86882209
190.96350468
191.07139052
191.17754970
191.29577379
191.40265781
191.51000971
191.64058420
191.74819575
191.85400287
191.96073842
192.07046356
192.17823237
192.28377910
192.40174426
192.49933525
192.60955264
192.71241382
192.82075875
192.93195649
193.03577145
193.15750346
193.25012440
193.35795807
193.46463730
193.57226567
193.68011616
193.78769407
193.90654401
193.99258357
194.11103317
194.21664671
194.32310554
194.43224285
194.53898839
194.65820722
194.75304000
194.86085806
194.96843938
195.07515055
195.09597429
195.20188674
195.31058886
195.42833824
195.52415821
195.63271355
195.74137007
195.85867231
195.96600007
196.07173892
196.18092207
196.28818278
196.38307091
196.49070416
196.59931704
196.70605210
196.81394843
196.93448821
197.02927393
197.13588319
197.24172810
197.33938663
197.45664767
197.56728124
197.67257587
197.76787189
197.88557105
197.99310702
198.10098189
198.20968059
198.31633837
198.43538701
198.53071375
198.63761704
198.73502152
198.84182046
198.94970215
199.06691784
199.17844936
199.27071751
199.37850631
199.49650950
199.60614589
199.71190206
199.80875529
199.92763181
200.02220639
200.13084755
200.23872681
200.34528194
200.48497318
200.57081988
200.69910476
200.79587680
200.90180192
200.99936244
201.10641128
201.21317365
201.32246237
201.44205032
201.53557555
201.64333510
201.74175187
201.84740442
201.95511618
202.06136338
202.18004655
202.28763397
202.39550786
202.50142397
202.60993079
202.71675996
202.82526922
202.94312978
203.03888953
203.14651790
203.25426867
203.35120894
203.45833873
203.56504014
203.68828304
203.78052437
203.88836413
203.99416126
204.10274146
204.21051101
204.31717171
204.43502788
204.53164096
204.63846306
204.74505890
204.85374443
204.94990988
205.06835485
205.18673619
205.28105795
205.39070482
205.50822259
205.61527289
205.72275352
205.81939025
205.93146424
206.02394816
206.11975594
206.22655292
206.33508705
206.44090442
206.55051813
206.68236140
206.77511546
206.88227231
206.98924289
207.09772216
207.20366557
207.31276656
207.41997266
207.50585276
207.61503299
207.72026423
207.82596359
207.93472860
208.04208709
208.16164724
208.26852639
208.36350302
208.47042094
208.57990056
208.68498089
208.79261853
208.91324706
208.99603079
209.10738286
209.21083527
209.31857751
209.42748759
209.53326692
209.65313623
209.79256904
209.91099816
210.01699619
210.12446682
210.23236704
210.33989887
210.45954900
210.55535409
210.67324952
210.77874603
210.88655628
210.99434972
211.10511275
211.22174135
211.31562303
211.42514190
211.54280157
211.64959295
211.75555830
211.86608972
211.98487334
212.07958592
212.17630847
212.29424583
212.40099382
212.50914785
212.61550841
212.73510368
212.82083847
212.92668802
213.03515510
213.14104512
213.24877248
213.34441056
213.45320167
213.56097511
213.65565478
213.76462313
213.88181810
213.97906386
214.08543174
214.22665459
214.34514979
214.44097268
214.54751928
214.65649080
214.76219211
214.86984560
214.97767682
215.10816256
215.19306329
215.29990806
215.40841805
215.51467061
215.62263155
215.72895018
215.85348185
215.94449755
216.05123359
216.16067493
216.26639648
216.38198864
216.49068490
216.59665611
216.69240927
216.79997742
216.91074996
217.01616163
217.12268384
217.22950765
217.35012545
217.45500415
217.56261448
217.67030138
217.76713047
217.87394232
217.98064033
218.10212097
218.20693530
218.31562230
218.42186438
218.52863332
218.63647138
218.74340709
218.84586842
218.93568214
219.03948588
219.14306435
219.25794459
219.36249585
219.46532850
219.58091724
219.67253832
219.76546403
219.86814186
219.95998139
220.05274935
220.14536444
220.23745583
220.35487681
220.44462519
220.54929226
220.65218976
220.75493147
220.85958415
220.96340618
221.06617032
221.18283207
221.27259898
221.37736455
221.47983661
221.58471238
221.67644561
221.76737354
221.86097557
222.01071127
222.08931635
222.19465219
222.29697333
222.40038478
222.50506111
222.60886144
222.71263300
222.82919528
222.92991922
223.03370370
223.13749135
223.24119123
223.34771881
223.41717885
223.52060712
223.63587185
223.72771017
223.83422824
223.94673280
224.04983559
224.15355034
224.24537817
224.38599126
224.46384443
224.55550939
224.64841974
224.75217667
224.85606135
224.95968078
225.06423764
225.18193437
225.28186105
225.37412994
225.47784005
225.58188687
225.66336476
225.76643536
225.86807701
225.97495835
226.06481230
226.20227440
226.29409126
226.39679908
226.50058112
226.60418347
226.72195163
226.81263234
226.91537820
227.02016766
227.12330678
227.27038739
227.36302881
227.49375007
227.58046108
227.68422020
227.76499738
227.85768878
227.94955611
228.03224572
228.12724893
228.21769607
228.33447802
228.41428508
228.51803299
228.65294338
228.73579415
228.83855780
228.95205247
229.07990068
229.17070841
229.27451606
229.37808599
229.48092814
229.56356388
229.66542178
229.77035435
229.86504158
229.94368299
230.03743935
230.14225466
230.24389678
230.34743575
230.44986294
230.55543650
230.67128490
230.76289038
230.87771796
230.98124180
231.08325062
231.17691287
231.27968189
231.38378137
231.48865007
231.56749067
231.67024822
231.76435397
231.85617619
231.95990094
232.06457313
232.16836443
232.28789070
232.37362476
232.47765427
232.58331706
232.69611395
232.80054989
232.90254383
233.01938625
233.11073378
233.21401698
233.31766152
233.41940336
233.52422477
233.62714080
233.72967966
233.84826482
233.93690168
234.04101823
234.14464521
234.24831095
