262.46902733
262.57230103
262.66526184
262.76045131
262.86150269
262.98740676
263.09222329
263.18325191
263.27767631
263.36890803
263.47355462
263.57660962
263.68149393
263.78080085
263.88443392
263.98823693
264.09250903
264.19375010
264.29776278
264.43397121
264.52626277
264.62964813
264.73333509
264.82614523
264.90886727
265.00165839
265.10480775
265.19855143
265.27872152
265.38275591
265.48707360
265.59133351
265.72680344
265.80768838
265.90168172
266.00526238
266.15109591
266.24306491
266.34635738
266.44943384
266.55340727
266.65708472
266.74970834
266.85278943
266.95668899
267.05041390
267.14215957
267.24677690
267.34937940
267.45302198
267.54476350
267.64844875
267.75225176
267.85415525
267.95866970
268.06309857
268.15520922
268.25963077
268.36171614
268.46566081
268.57008480
268.66255848
268.76557228
268.85814251
268.95079295
269.04394004
269.13673969
269.23959062
269.33375000
269.43612965
269.53989609
269.64239667
269.74562624
269.84886606
269.95288532
270.03519143
270.13773614
270.21945100
270.32465543
270.42703264
270.52017583
270.62376477
270.71648787
270.82034647
270.92287752
271.02794371
271.13070200
271.23493996
271.33822049
271.44052432
271.54321141
271.63589843
271.73970266
271.84369559
271.94804595
272.05169975
272.15528090
272.25780854
272.36168908
272.44307602
272.53656663
272.62835155
272.73138291
272.83593002
272.92870310
273.03320073
273.13603191
273.23926148
273.34210730
273.48834994
273.56990755
273.66225884
273.76610135
273.86974393
273.96175120
274.06682105
274.16620355
274.27029231
274.36470013
274.45598767
274.54973526
274.65238066
274.75606518
274.85893489
274.96372825
275.06622323
275.16872015
275.27185464
275.37641760
275.47914248
275.58977093
275.69174854
275.78514748
275.88693419
275.96995587
276.07244792
276.17519207
276.26693042
276.41272909
276.50335128
276.60717526
276.70985479
276.80322935
276.90608224
276.99682438
277.10087974
277.19312863
277.29413636
277.38763526
277.49132563
277.59317744
277.67425499
277.76613475
277.84755899
277.93985665
278.03160256
278.12413402
278.25839466
278.36198360
278.46439519
278.56853271
278.67110351
278.75248338
278.84500655
278.93555609
279.02799003
279.13152217
279.23426949
279.32505089
279.42860399
279.52157139
279.61328170
279.69399281
279.78750317
279.89037434
280.00391850
280.14903231
280.24013505
280.34409776
280.42407377
280.50671219
280.59943383
280.69066408
280.78387504
280.87480126
280.97808252
281.07004811
281.17292123
281.27612032
281.37809720
281.48175124
281.58425402
281.67627397
281.76943909
281.86051112
282.00540671
282.08828041
282.19098530
282.28231527
282.38654397
282.47825039
282.58138609
282.67275141
282.76560154
282.86766838
282.95992410
283.06101375
283.15491079
283.25708955
283.36118220
283.45235931
283.54502340
283.63808271
283.72925640
283.87416663
283.95496331
284.05765357
284.16220727
284.26555704
284.34572640
284.43759324
284.54112977
284.64422134
284.74509913
284.83869068
284.94127074
285.02363560
285.12550106
285.21839946
285.29913397
285.39168737
285.48262749
285.58713048
285.68859121
285.79070584
285.89387129
285.99716499
286.10146000
286.18137068
286.27381657
286.36497417
286.45746516
286.55916824
286.66313070
286.75560365
286.85748959
286.96041245
287.05422684
287.14577258
287.23866293
287.32973593
287.42118317
287.53447353
287.63729618
287.75234270
287.85431934
287.95852610
288.04931018
288.14358902
288.23453305
288.32628968
288.42821707
288.53188379
288.63441290
288.73703733
288.82876057
288.93279520
289.01353361
289.12821758
289.21947587
289.31165796
289.45735861
289.54995713
289.64074999
289.74518276
289.84718182
289.93973401
290.03246540
290.13460782
290.22695789
290.32959062
290.43157262
290.52428255
290.62890183
290.73186784
290.83477583
290.91624152
291.00727356
291.11025372
291.20369434
291.30529771
291.40719413
291.50985367
291.61363206
291.71858414
291.84135283
291.93399888
292.02611197
292.12856818
292.23067867
292.34523610
292.43648708
292.53994754
292.63262919
292.72373998
292.80674337
292.89855438
292.99026762
293.09222865
293.19468462
293.28660510
293.39104030
293.49274290
293.58536701
293.66626950
293.76001075
293.86181696
293.95384471
294.05600591
294.15791867
294.26132427
294.35348246
294.45658476
294.55010926
294.68451643
294.77770545
294.86806165
294.96082985
295.06197241
295.15587091
295.25868406
295.35119431
295.45230542
295.53403443
295.62676874
295.71853050
295.81050072
295.91410746
296.01581152
296.10821523
296.21216989
296.31414774
296.40711660
296.50950137
296.61285479
296.70500592
296.79804011
296.89874699
297.00150796
297.09431103
297.19708736
297.29987588
297.38117554
297.47377356
297.57673616
297.66888338
297.77137445
297.86211782
297.95407121
298.05740050
298.16138564
298.25270074
298.34593364
298.43678453
298.54054073
298.63309511
298.76723579
298.85844166
298.95117232
299.04432794
299.14799929
299.22849072
299.32029539
299.42273965
299.52560790
299.62839105
299.73101134
299.82314125
299.92561916
300.01767056
300.12198947
300.20337349
300.29423608
300.38626457
300.49043744
300.63454772
300.72805077
300.83083417
300.93385187
301.02524060
301.10709297
301.19928579
301.29164951
301.38339396
301.48420396
301.58895832
301.69099615
301.78443629
301.87667665
301.97986794
302.06172324
302.15270530
302.25536460
302.34780317
302.44956038
302.55329634
302.65666464
302.73757639
302.82974385
302.91086651
303.01372402
303.11834136
303.21003631
303.31181985
303.41361241
303.51763411
303.60939758
303.71196643
303.80472244
303.88612694
303.98921047
304.08217103
304.17325817
304.27497052
304.37808867
304.48151207
304.58397925
304.69494196
304.77578131
304.94436029
305.04814672
305.15069948
305.25166747
305.35448403
305.45855035
305.54050367
305.64315395
305.72482663
305.81566679
305.91834609
306.02236365
306.12495005
306.22659242
306.32948554
306.43234500
306.54806273
306.63982985
306.76480331
306.85635051
306.95909466
307.06270603
307.16647881
307.26925026
307.37094944
307.47491776
307.57887388
307.67079631
307.76393461
307.86645031
307.95994336
308.05138402
308.15508634
308.25834565
308.36112271
308.46501959
308.56670633
308.71343733
308.79467799
308.88801792
308.97956025
309.08355685
309.17553096
309.26790200
309.37125933
309.47519765
309.57714454
309.72533546
309.82772414
310.04875307
310.14176704
310.23435799
310.33868885
310.42983255
310.52360378
310.60383093
310.69658426
310.84441727
310.94751152
311.03862768
311.14300998
311.24348816
311.34770808
311.43936110
311.54244731
311.63616247
311.72798031
311.83193838
311.92465221
312.01685136
312.11914983
312.22277681
312.32636453
312.42931592
312.53203008
312.63495708
312.72765775
312.83051697
312.91169326
313.00465164
313.08613025
313.17867634
313.28253421
313.38515109
313.48883317
313.59162827
313.69310169
313.79780264
313.87902599
313.97180297
314.07430014
314.15596186
314.24993765
314.37492280
314.47103339
314.57012893
314.67333704
314.77666853
314.88029478
314.98151097
315.15981282
315.28833931
315.38976908
315.49290893
315.59506281
315.70493570
315.79252954
315.89408292
315.99939072
316.10795947
316.20531031
316.30953657
316.39963994
316.49229672
316.58488475
316.66597181
316.75818803
316.85209628
316.97679814
317.04609385
317.15017748
317.24226619
317.34482089
317.44995998
317.55142096
317.64297450
317.74610240
317.84897406
317.94176592
318.04522515
318.12809080
318.21885611
318.32150639
318.42611568
318.53009594
318.63249973
318.73425913
318.83757379
318.93007526
319.03346160
319.13706444
319.24118319
319.32341785
319.41554045
319.50763379
319.61011633
319.71368577
319.81713891
319.92166092
320.02259039
320.11639942
320.20708500
320.29922222
320.40322126
320.49590925
320.58792188
320.76810009
320.87075574
320.97434980
321.07800433
321.18160571
321.28331416
321.37492158
321.47969617
321.57075211
321.65259838
321.73513611
321.82605551
321.94148334
322.04425601
322.14818605
322.24995642
322.35345881
322.45751685
322.55853263
322.66239391
322.76700563
322.85887930
322.95059547
323.04348801
323.13617893
323.22886424
323.33121049
323.43533118
323.53894060
323.64120079
323.74449546
323.83607924
323.92796168
324.03294375
324.13424381
324.23855224
324.33096692
324.42276281
324.52563228
324.63011795
324.73392852
324.83617651
324.93897674
325.04298991
325.15683957
325.23832428
325.33015796
325.42314267
325.51454529
325.60825972
325.70049910
325.80450057
325.90589523
326.00934375
326.11446601
326.21425128
326.40808159
326.48558100
326.59042507
326.68189524
326.77500453
326.86770593
326.96012158
327.06312295
327.16717367
327.26899938
327.37378738
327.47702841
327.62113139
327.71374892
327.80709129
327.90014914
327.99167562
328.09523409
328.18804520
328.29034172
328.39389092
328.49731481
328.63308731
328.73574051
328.83928484
328.93014938
329.02381358
329.13108429
329.23342932
329.33740690
329.44204276
329.54679346
329.64886469
329.75301147
329.85732843
329.97101986
330.07566450
330.16845025
330.26034757
330.35458936
330.46922749
330.57178391
330.67635443
330.78005967
330.88422449
330.98798020
331.09204653
331.19499401
331.29968278
331.40338510
331.50702037
331.61011023
331.71504306
331.82761052
331.94335970
332.04645030
332.15236762
332.25579029
332.35850420
332.46197075
332.56564698
332.66948876
332.76356378
332.86723635
332.97050834
333.06353377
333.16721609
333.27106689
333.37558280
333.46812816
333.57179537
333.66574556
333.76904778
333.86124230
333.95361212
334.05835014
334.16267783
334.26603564
334.37145364
334.47525665
334.56749652
334.67004562
334.77476365
334.87995759
334.98280486
335.08672954
335.19154533
335.30471305
335.41767378
335.52234817
335.62524201
335.72953849
335.83333858
335.93750291
336.03047299
336.13342583
336.23745412
336.35335519
336.45598694
336.56028854
336.66366659
336.76826735
336.87183898
336.97564614
337.07856119
337.21528382
337.30995227
337.40292235
337.49460267
337.59876067
337.70319929
337.80688673
337.90955554
338.01523442
338.11749826
338.22151534
338.32609244
338.42992447
338.52269486
338.62638353
338.73059857
338.84349616
338.95845807
339.07345485
339.22057667
339.31268293
339.41702476
339.52118690
339.62440843
339.72808978
339.82217577
339.92559844
340.02949482
340.13391467
340.23762991
340.34140318
340.44464933
340.54836383
340.65339905
340.75751585
340.84928199
340.94323730
341.03548010
341.13922728
341.25406729
341.35916882
341.46156457
341.56528785
341.66967259
341.77296482
341.90984348
341.99288906
342.09518582
342.19907806
342.30258192
342.40670407
342.51997956
342.63553588
342.74040946
342.84357271
342.94770950
343.05007476
343.15418546
343.25879377
343.36194752
343.46601116
343.55892492
343.66160592
343.75547004
343.85945396
343.96477078
344.05677879
344.16077538
344.26531031
344.40200148
344.49401509
344.59808678
344.69164249
344.79410723
344.89815527
345.00186026
345.10462709
345.19865724
345.30248585
345.40623498
345.51054975
345.61453513
345.71830157
345.82179689
345.92535170
346.04045844
346.15521921
346.26944044
346.37224358
346.47712252
346.58044157
346.68315500
346.78706577
346.88093746
346.98452786
347.08865855
347.19199443
347.29635235
347.40100869
347.50383573
347.60683831
347.71113211
347.82671062
347.96219372
348.09882467
348.19178451
348.28536654
348.38834011
348.49215678
348.59749164
348.70041572
348.80434527
348.90857397
349.01225605
349.11509016
349.21911772
349.32298217
349.42700192
349.53263740
349.63352080
349.74816820
349.86419386
350.00934570
350.10321519
350.20753434
350.31233209
350.41541684
350.51834019
350.62206420
350.72708114
350.82985454
350.93480345
351.03790966
351.13565352
351.24273016
351.35115847
351.45890168
351.56497602
351.67363717
351.78151204
351.88904387
351.99651280
352.10456955
352.20234559
352.30921426
352.41895378
352.52522268
352.63232126
352.73083604
352.83800606
352.95533731
353.06516095
353.16101383
353.25756254
353.37539409
353.48406987
353.59081614
353.68825573
353.79716898
353.93710989
354.02222736
354.12967263
354.23791907
354.34507055
354.45195800
354.54974745
354.64609941
354.75345667
354.86378791
354.96949385
355.07656708
355.18416571
355.29269545
355.40030896
355.49733382
355.64882324
355.78952361
355.87422539
355.98288947
356.09066193
356.19848926
356.30444779
356.40303011
356.50962108
356.60662864
356.70480770
356.81155617
356.91828879
357.02695433
357.13422236
357.23081300
357.33815686
357.44632820
357.55407799
357.66168686
357.77135763
357.87790861
357.98470755
358.09285500
358.20225368
358.30839725
358.41623799
358.52422842
358.63111221
358.72786937
358.83753624
358.94401481
359.05167342
359.14858468
359.24506292
359.34251860
359.43890079
359.54766727
359.65453130
359.80478729
359.91156502
360.02037246
360.12831194
360.23569650
360.34558670
360.45086963
360.54851524
360.65653103
360.76295474
360.87187433
360.97919283
361.08637577
361.19475898
361.30142333
361.41007473
361.51737324
361.62429652
361.73292671
361.82957294
361.93768284
362.03494323
362.14327232
362.25002152
362.35743168
362.46523512
362.56115602
362.66979401
362.77730146
362.88591263
362.98079563
363.08942631
363.19709955
363.29391352
363.40124591
363.51028863
363.64963415
363.72631777
363.83639814
363.94289329
364.03936617
364.12556055
364.23405640
364.33076480
364.42909966
364.53533101
364.63164371
364.73808888
364.84794251
364.95618455
365.05127528
365.16092532
365.26696382
365.37548576
365.48181439
365.59179918
365.69795203
365.80588005
365.91482792
366.02090323
366.12830340
366.23681924
366.33346402
366.42946586
366.53704938
366.64659507
366.75443605
366.86057499
366.96817485
367.07664827
367.18328263
367.28222287
367.38988684
367.48589746
367.59196375
367.70023140
367.79783678
367.91612962
368.02513332
368.16393149
368.24992034
368.34951422
368.44518278
368.54209379
368.64012193
368.73735307
368.83384716
368.93254895
369.04028850
369.12578095
369.23472809
369.33155182
369.42911916
369.53808313
369.63422443
369.73162062
369.83046211
369.93864833
370.04495428
370.15510877
370.26287075
370.37241279
370.48162666
370.57890338
370.67792066
370.78952069
370.89950499
370.99726422
371.10704080
371.21686711
371.32859051
371.43773392
371.54731058
371.65688845
371.76743986
371.87642820
371.98737312
372.09647947
372.20850446
372.31641712
372.42417032
372.53475001
372.64265682
372.74092731
372.84884265
372.95659488
373.05514868
373.15163570
373.24908456
373.35437822
373.45967163
373.56410611
373.67967999
373.78637677
373.88137144
373.98516396
374.09026258
374.22759180
374.31154093
374.41622799
374.53173702
374.63666350
374.75312850
374.86977416
374.98401148
375.10038432
375.21556200
375.32113141
375.48161422
375.58661409
375.69114707
375.79619911
375.90115363
375.99562387
376.08945703
376.18360739
376.28974804
376.40487940
376.52079193
376.63535400
376.75155593
376.85842460
376.96324015
377.06848700
377.17223149
377.27707630
377.38273250
377.47790954
377.59297532
377.69891434
377.80296579
377.90802369
378.02427511
378.14040731
378.24491322
378.35035561
378.45542862
378.55998866
378.66509702
378.77038337
378.87628192
378.97019164
379.08655887
379.19056327
379.30718016
379.42163763
379.53804070
379.64442614
379.75037443
379.85467213
379.94806034
380.05367046
380.15822733
380.26280956
380.36833752
380.47395715
380.58875084
380.70403068
380.82133633
380.93638041
381.02993685
381.13653391
381.24144748
381.37865894
381.46267609
381.55643099
381.65020028
381.75569045
381.85999156
381.97569319
382.09105130
382.20800977
382.32445892
382.43909608
382.54567437
382.65129620
382.75637823
382.84910231
383.02049119
383.11351125
383.21940614
383.32378113
383.43998379
383.55564203
383.67034014
383.78646942
383.90277472
383.99767162
384.10376815
384.20797929
384.31343143
384.41782031
384.52427182
384.62947356
384.73286039
384.84850375
384.96327355
385.06936032
385.18634195
385.30058609
385.40709222
385.51334210
385.61687106
385.72256360
385.82733745
385.93197015
386.03711191
386.14180922
386.25743551
386.37416919
386.48856084
386.59463225
386.69961798
386.80547020
386.91175592
387.01547238
387.12054783
387.22638299
387.33147648
387.43506177
387.55145728
387.66783695
387.77164801
387.88734281
387.99324648
388.09844140
388.20259550
388.30929325
388.41367312
388.51815196
388.61332730
388.70709487
388.80093706
388.90634506
389.01128886
389.11708696
389.23177191
389.34792580
389.45202724
389.55706075
389.66373779
389.76933060
389.87325015
389.97891147
390.08289198
390.18864156
390.29340932
390.39897727
390.51457553
390.63136357
390.74609607
390.86145832
390.97715385
391.08389647
391.18941614
391.29296632
391.43231843
391.51336306
391.61854652
391.72465207
391.84014963
391.95599828
392.07270319
392.18850235
392.30416814
392.41987538
392.52557157
392.63118754
392.73419208
392.83924242
392.94479720
393.05133940
393.15467259
393.26207788
393.37549088
393.49117350
393.60770530
393.72443751
393.83940211
393.94492227
394.05043146
394.15549033
394.29344492
394.37552623
394.48132360
394.58693836
394.68120209
394.79672915
394.91217991
395.01721366
395.12367273
395.23759334
395.35365313
395.45913379
395.56461323
395.66927079
395.77417119
395.87962966
395.97348306
396.07873820
396.18380755
396.29936997
396.41627090
396.52031943
396.62464955
396.73473407
396.84081962
396.93616001
397.04160312
397.13631936
397.23382575
397.33985986
397.44625969
397.55317931
397.64858943
397.76435665
397.87218105
397.97949028
398.08367997
398.18000876
398.28668897
398.38243627
398.48736081
398.62715591
398.71160656
398.81821557
398.92322178
399.03114273
399.13786097
399.24363932
399.33833435
399.44519692
399.53874141
399.70149336
399.83998677
399.91372639
400.00879664
400.11526131
400.22156312
400.33001704
400.43563789
400.53140617
400.63622367
400.74344952
400.83853074
400.94597528
401.04065617
401.14654594
401.25152631
401.35926269
401.46640735
401.57268332
401.67863453
401.78411129
401.89278829
401.99823799
402.10497403
402.19991676
402.29452938
402.40041964
402.50881529
402.64571955
402.73117299
402.83705301
402.94309565
403.05187822
403.15724380
403.26290440
403.35903156
403.45368295
403.54937905
403.65611338
403.76382075
403.85867816
403.96417906
404.07003567
404.17751728
404.28317080
404.38911933
404.52877571
404.64562056
404.73936986
404.84798932
404.95483677
405.04799751
405.15442001
405.24997251
405.35808534
405.46402680
405.56979198
405.66619880
405.77104994
405.86886792
405.97398214
406.08035709
406.17530763
406.27136068
406.38921393
406.49397901
406.63375973
406.71799851
406.81265843
406.90908450
407.01588393
407.11102269
407.28241670
407.37732993
407.48437536
407.60158812
407.70877984
407.81411397
407.90988347
408.00559810
408.10019317
408.19625987
408.30269626
408.40816912
408.50379526
408.61078559
408.70568980
408.81412055
408.90936562
409.01459613
409.11046461
409.20499799
409.31191981
409.41969789
409.52624375
409.61997793
409.72692632
409.83312012
409.93889945
410.08852007
410.18461773
410.27971724
410.38584912
410.49442640
410.63308609
410.71618043
410.81075379
410.91730014
411.02590156
411.12996789
411.23738561
411.33252023
411.43781681
411.54501389
411.68469660
411.79014313
411.88509343
411.99183434
412.08818069
412.18427591
412.28944425
412.39526113
412.49191882
412.58684742
412.70353136
412.81180095
412.91848116
413.02313116
413.11804196
413.21366005
413.32178019
413.42756293
413.53345270
413.62895035
413.72400865
413.82085993
413.92666364
414.03213577
414.12763512
414.22460172
414.31939232
414.42496075
414.53239408
414.63791400
414.73343188
414.82940447
414.92522224
415.02128089
415.12734743
415.22166309
415.32764941
415.42370709
415.53162462
415.63680783
415.73258513
415.83779175
415.94445416
416.05128406
416.15763731
416.26362680
416.35938460
416.46462486
416.57116170
416.67975240
416.78509214
416.88033622
416.98669045
417.08206888
417.18863815
417.29491753
417.40082388
417.50677656
417.61290673
417.72058362
417.82630663
417.93297269
418.02876852
418.12273090
418.23018446
418.33829680
418.47560749
418.54948340
418.64547379
418.76155894
418.85838851
418.96382188
419.07156948
419.17781765
419.28324272
419.38994584
419.49890688
419.65124012
419.74809628
419.85778874
419.95454079
420.05341251
420.18475451
420.28102430
420.37889470
420.48951632
420.60683319
420.71620261
420.81462402
420.91326144
421.01992165
421.11786763
421.22656512
421.37872550
421.47696063
421.58541772
421.69396063
421.80351266
421.91195194
422.02110072
422.12975602
422.23850372
422.32587594
422.43471190
422.53237702
422.63035177
422.72692851
422.83733729
422.93406642
423.04285240
423.15200215
423.24998251
423.35784835
423.45604302
423.55505030
423.65261106
423.73899536
423.84772673
423.94626542
424.05425853
424.15279721
424.26176093
424.36885829
424.47905886
424.57671032
424.69070211
424.80444084
424.90515308
424.99108755
425.09810592
425.20798709
425.30443974
425.41300069
425.51178879
425.62066400
425.71769399
425.81618318
425.92556284
426.02272522
426.12101838
426.21814077
426.31705248
426.42563391
426.53285976
426.63259042
426.74028877
426.82802085
426.93718571
427.07862215
427.16470827
427.27296982
427.38264985
427.49242326
427.58198147
427.67703319
427.82837559
427.92547361
428.02312701
428.13287117
428.22950204
428.33922060
428.43703760
428.53572988
428.64347797
428.74086367
428.83983073
428.93784302
429.03610937
429.17691702
429.26233852
429.36197068
429.46953981
429.57736494
429.67756421
429.76263633
429.86159412
429.95934139
430.06716189
430.17804854
430.27440147
430.37325125
430.48113587
430.58975874
430.69938782
430.79732380
430.90465888
431.01463928
431.12285719
431.23219833
431.34211802
431.43813742
431.54725889
431.65621213
431.75354273
431.86258130
431.96011793
432.05881142
432.15598209
432.26409614
432.37317859
432.46065833
432.55952615
432.64516927
432.75441094
432.86333126
432.96029103
433.05874048
433.15555226
433.25331148
433.34134100
433.43965245
433.53643351
433.63422321
433.73214311
433.84292028
433.95009200
434.05866026
434.15717164
434.24345915
434.33218767
434.44005133
434.53749116
434.62654322
434.73298376
434.85182200
434.95114672
435.03869058
435.12544547
435.23404518
435.33104787
435.44118090
435.54900213
435.63668495
435.73348918
435.86408682
435.97398482
436.08173242
436.17925369
436.27747395
436.36424445
436.46374934
436.55979751
436.66856643
436.76728285
436.87620707
436.97203410
437.08253894
437.18038886
437.27904896
437.37572518
437.47359412
437.58246421
437.68120867
437.78912620
437.89875674
437.99472811
438.09350329
438.19110135
438.28853997
438.38764770
438.48529964
438.58462046
438.68091829
438.77877577
438.88791381
438.98622843
439.07440839
439.18132582
439.27793353
439.37752912
439.48601888
439.59322474
439.68097559
439.78986885
439.89007372
439.98553455
440.09480182
440.20511063
440.31235452
440.40071295
440.50815457
440.60603252
440.70417916
440.81367146
440.92002422
441.01946719
441.12685713
441.23622094
441.38929780
441.48657355
441.58548428
441.68129912
441.77113162
441.87096346
441.97923184
442.07825253
442.18587530
442.30433637
442.41519180
442.52200391
442.62095853
442.70674013
442.81661887
442.91425204
443.01211318
443.12180589
443.21762463
443.31564839
443.41501431
443.51175855
443.62096267
443.70792163
443.81675833
443.90444750
444.04510569
444.13143440
444.23034245
444.33798838
444.43497376
444.54557124
444.64309958
444.74114040
444.83880892
444.94744570
445.05623192
445.15363811
445.24214477
445.35131500
445.45787451
445.56946528
445.67596287
445.78429586
445.89393517
445.99203036
446.09071509
446.19907587
446.30603523
446.40603969
446.50178261
446.60022060
446.69889459
446.80773421
446.91745204
447.02402448
447.13346899
447.23173899
447.32864317
447.43911022
447.53663953
447.63348959
447.73248200
447.84002504
447.92888840
448.03536429
448.12193852
448.20987101
448.31791264
448.42659549
448.53748384
448.64522535
448.74425043
448.84193334
448.94850334
449.04810235
449.15607523
449.25417822
449.36246001
449.46053959
449.56957304
449.67817958
449.79594506
449.89486847
449.99290710
450.09159792
450.20046948
450.29794661
450.39589259
450.50484047
450.59236677
450.67909801
450.77573254
450.87482467
450.98345413
451.10282314
451.21171152
451.29734831
451.38603051
451.49477188
451.63542324
451.71134520
451.82108838
451.91833926
452.02701894
452.16872795
452.26809168
452.36390604
452.46117374
452.55996793
452.64682669
452.80013346
452.95132811
453.02689777
453.12490421
453.22269879
453.31998258
453.42978135
453.57041175
453.68019954
453.76636710
453.87603396
453.97442002
454.07116036
454.16923337
454.27880637
454.37837100
454.47567625
454.57199700
454.66866932
454.77750894
454.87608346
454.98488821
455.08173974
455.17947458
455.27844407
455.37691424
455.46380932
455.57259165
455.67006220
455.77879674
455.88651679
455.98402879
456.08366510
456.17970449
456.29068841
456.39843162
456.49589267
456.60581090
456.71332542
456.81311533
456.92054671
457.01741993
457.11767186
457.22519223
457.32283125
457.40977948
457.51934151
457.62783346
457.72454040
457.82323805
457.92223241
458.02925638
458.13894348
458.24816271
458.35533102
458.45394285
458.56256011
458.66021767
458.76986722
458.87696141
458.97659577
459.08532519
459.19213510
459.30216256
459.41051896
459.50860220
459.61797235
459.71402930
459.82340140
459.93326697
460.04069274
460.15063219
460.25925213
460.35719495
460.50883772
460.59582618
460.69366830
460.79225477
460.88930255
460.99862565
461.14996366
461.25964589
461.35760845
461.45408304
461.55384662
461.64997305
461.73886493
461.87865418
461.96586134
462.06372516
462.17185554
462.26945068
462.36860302
462.46578344
462.55365108
462.65003302
462.74830888
462.85791065
462.96552171
463.06451315
463.17418928
463.27076773
463.36844796
463.47807265
463.58558595
463.69921130
463.79475259
463.90257236
464.01041407
464.11805220
464.22746453
464.33432881
464.47579986
464.55961587
464.67240789
464.78614491
464.89380839
465.01256300
465.10902638
465.20590204
465.29757578
465.40154946
465.50860049
465.60367659
465.71224291
465.82182298
465.92741189
466.02416808
466.17574625
466.28354553
466.37857726
466.48920425
466.59659784
466.69168540
466.78895651
466.88685446
466.98388640
467.09040545
467.19866797
467.30617201
467.40249227
467.51122144
467.61808085
467.71555920
467.81075257
467.91957367
468.02646598
468.12353791
468.23221564
468.33947367
468.44721274
468.55494498
468.65083345
468.75836260
468.85529482
468.95351606
469.06100400
469.16840320
469.27612690
469.38382989
469.48064435
469.58744158
469.69617953
469.80444181
469.90105562
470.00788601
470.11602102
470.26574819
470.36432100
470.47290389
470.56816821
470.67576026
470.78434315
470.89117842
470.99814778
471.07705348
471.17400057
471.28092288
471.39065386
471.49672333
471.60468548
471.70284430
471.81021278
471.94925671
472.03642096
472.14339812
472.22806040
472.33724818
472.44407467
472.55195685
472.66075259
472.75749537
472.89734436
472.98309695
473.07889277
473.17854201
473.28494890
473.39148842
473.49026774
473.59796731
473.70473382
473.81280886
473.92054281
474.01681528
474.18993107
474.29860953
474.40548088
474.50108702
474.60981717
474.70553206
474.81368926
474.91172983
475.01858119
475.13751842
475.24536988
475.35392254
475.46076512
475.55691081
475.65480535
475.75093324
475.84834552
475.95505206
476.06275699
476.17053214
476.27794718
476.38646742
476.49425671
476.58946812
476.69806662
476.79489888
476.89142711
476.99915374
477.10842003
477.21518093
477.32226317
477.43091774
477.53835912
477.64605771
477.75393307
477.86272905
477.95784562
478.06412476
478.16246449
478.25984362
478.35657323
478.46374276
478.57082476
478.67979799
478.78635653
478.88432787
478.99111632
479.09967093
479.19646954
479.30355081
479.40009196
479.50856685
479.60564926
479.69186021
479.79821200
479.90753875
480.01366502
480.12197631
480.21924645
480.32703915
480.43328757
480.54203918
480.65008764
480.73561129
480.83326592
480.92985291
481.03642364
481.14499605
481.25324029
481.36079674
481.46067759
481.57576482
481.68299140
481.79037451
481.88913530
481.98441815
482.09260705
482.18866082
482.29813630
482.40621889
482.50162316
482.60833896
482.71765352
482.82416793
482.92164068
483.01765155
483.12681617
483.22308206
483.33217695
483.43858725
483.53539976
483.63240171
483.74080199
483.84918642
483.95540802
484.05165684
484.19336390
484.32326572
484.42038592
484.52700468
484.62263667
484.73108083
484.82905533
484.93657863
485.04243890
485.15227522
485.25971196
485.35578548
485.51696876
485.62619043
485.72252946
485.82930158
485.93901038
486.03502271
486.13067006
486.22142391
486.30653699
486.40345068
486.49171134
486.58829930
486.67433520
486.76082483
486.86755550
486.95371062
487.06167594
487.15992693
487.24614422
487.34281483
487.43995868
487.54776650
487.64645927
487.74389227
487.82885517
487.92496990
488.01269222
488.11101781
488.21756173
488.31502667
488.40161090
488.49840317
488.58514612
488.68205469
488.77917611
488.86556675
488.96315140
489.05883044
489.14750216
489.23149640
489.33028304
489.41627212
489.51308098
489.61041475
489.70787896
489.80499477
489.90265989
489.98956326
490.08622509
490.21504342
490.32422584
490.42011602
490.50593078
490.60380167
490.70252540
490.79732258
490.88527775
490.98251741
491.07958958
491.17651595
491.28475458
491.37056276
491.46729457
491.56546437
491.66190507
491.75945340
491.85718531
491.96497436
492.07266418
492.15961778
492.26663809
492.36294250
492.45083842
492.53735243
492.63467597
492.73169840
492.82919991
492.92536243
493.02336985
493.11996366
493.21879272
493.31586318
493.41253136
493.50912834
493.59597539
493.69250655
493.78915424
493.87545955
493.97374516
494.07010369
494.15746226
494.25337609
494.33883465
494.42692464
494.52363914
494.60912744
494.70741865
494.80390275
494.90166685
494.99760531
495.10715831
495.20485926
495.30102739
495.38843227
495.47347611
495.57016769
495.66799177
495.76558130
495.86193228
495.96039904
496.05622363
496.15383633
496.25215850
496.33688807
496.43449760
496.53306114
496.63911817
496.73596262
496.84574140
496.94227011
497.04007688
497.13786341
497.22268855
497.32023492
497.40708758
497.49190809
497.59039972
497.67762955
497.78447749
497.88102962
497.96871562
498.06666013
498.19612699
498.28205903
498.38014959
498.46476993
498.55166647
498.64916677
498.73348357
498.82113592
498.90865589
498.99391038
499.09075605
499.19786145
499.29556411
499.40348628
499.50129767
499.59811019
499.69573702
499.78257554
499.86807115
499.97670988
500.06274285
500.16001397
500.25679893
500.35540295
500.45111222
500.54762777
500.63572020
500.74390812
500.83937042
500.93926711
501.03592286
501.13170137
501.21815882
501.30429809
501.40178254
501.49055178
501.61875888
501.70345480
501.80336198
501.90983056
502.00632124
502.09347525
502.18984817
502.28697544
502.37428110
502.47097975
502.56987878
502.65565088
502.75170417
502.84932539
502.93305827
503.02066698
503.11898721
503.28141050
503.36903847
503.45424249
503.55172669
503.64994306
503.74592564
503.84353127
503.92918585
504.02535641
504.12252415
504.23186212
504.33762681
504.43557889
504.53337176
504.63059411
504.72674127
504.81420784
504.90133259
504.99681731
505.10650100
505.20264206
505.29960305
505.39663012
505.49367790
505.59000085
505.68825378
505.78516430
505.88359376
505.96923322
506.09968385
506.22779269
506.31570909
506.41204276
506.50919636
506.59560505
506.69377606
506.78334305
506.87696117
506.98476192
507.06948418
507.15921622
507.26521571
507.37099235
507.46557109
507.63605763
507.72989494
507.85605258
507.95183280
508.04641372
508.14053092
508.23526862
508.33060706
508.43450369
508.52926479
508.63479299
508.72869881
508.82472138
508.89650590
