1289.44717525
1289.51251865
1289.57191797
1289.63481864
1289.69851925
1289.78720863
1289.83350563
1289.89609763
1289.95903439
1290.02260041
1290.08376833
1290.14737044
1290.20805561
1290.27100505
1290.33382745
1290.39676299
1290.46115919
1290.52119485
1290.58502614
1290.64718978
1290.71969240
1290.78363146
1290.86147838
1290.90832224
1290.97110637
1291.03395414
1291.09480461
1291.15651135
1291.22134007
1291.28516453
1291.34436003
1291.40782365
1291.46967277
1291.53269584
1291.59553580
1291.66843339
1291.72906883
1291.79278821
1291.85657659
1291.93457907
1291.98150241
1292.04312845
1292.10515506
1292.16907851
1292.23079281
1292.29257951
1292.35551529
1292.41818824
1292.48101431
1292.54392424
1292.60657306
1292.66766052
1292.73034810
1292.79321853
1292.85415971
1292.91889261
1292.98066590
1293.05858695
1293.10547933
1293.16829003
1293.23017255
1293.29292548
1293.35577080
1293.41855859
1293.48125373
1293.54408004
1293.60514799
1293.66796991
1293.73068797
1293.79362813
1293.85468585
1293.91818263
1293.98009783
1294.04205105
1294.10670301
1294.18265651
1294.23038345
1294.32635518
1294.38905398
1294.44990884
1294.51368576
1294.57465302
1294.63828927
1294.70229415
1294.76317754
1294.82509468
1294.88866266
1294.95057639
1295.01341781
1295.07618707
1295.13908774
1295.20184383
1295.27963590
1295.32667603
1295.38842397
1295.45221674
1295.51213318
1295.58709974
1295.64964055
1295.71250392
1295.77431866
1295.84044786
1295.89998981
1295.99480174
1296.04679681
1296.10955412
1296.17134253
1296.23434657
1296.29513561
1296.37587119
1296.42186660
1296.48388590
1296.55635121
1296.62019860
1296.68307221
1296.74481868
1296.80761159
1296.87046959
1296.93240746
1296.99620291
1297.05806812
1297.11984264
1297.18195190
1297.24548184
1297.30746116
1297.36940195
1297.44822070
1297.50594847
1297.57882460
1297.64159020
1297.70348004
1297.76614031
1297.82922018
1297.89187534
1297.95368521
1298.01743823
1298.07938415
1298.14123790
1298.20412272
1298.26597209
1298.32795018
1298.39163519
1298.45432423
1298.53311665
1298.57821679
1298.64200102
1298.70288514
1298.76759854
1298.82859238
1298.89225666
1298.95411870
1299.01607436
1299.07789423
1299.14166408
1299.20536908
1299.26728646
1299.32918703
1299.39104785
1299.45383369
1299.51761305
1299.57861615
1299.65818022
1299.70325159
1299.76692294
1299.82800479
1299.89157789
1299.95540309
1300.01725001
1300.07913132
1300.14115378
1300.20486317
1300.26761171
1300.32859408
1300.42428470
1300.48700983
1300.54987076
1300.61177181
1300.69175597
1300.73733153
1300.83225683
1300.88402906
1300.94680466
1301.00785408
1301.07172121
1301.13437515
1301.19622378
1301.26005458
1301.32183909
1301.38366676
1301.45768783
1301.51951939
1301.58120638
1301.64509350
1301.70778499
1301.78656717
1301.85345510
1301.91729761
1301.97920573
1302.04118041
1302.10385970
1302.16583194
1302.22867727
1302.29134632
1302.35521101
1302.41606344
1302.47915380
1302.54172996
1302.60359346
1302.66650486
1302.72915367
1302.78931783
1302.87106376
1302.91677220
1302.97851428
1303.04338445
1303.10421420
1303.16718338
1303.23018255
1303.29170326
1303.35376693
1303.41737221
1303.47825706
1303.54917029
1303.61290211
1303.67288365
1303.73567850
1303.83247821
1303.91206887
1303.95611574
1304.02005114
1304.08274409
1304.14360456
1304.20729468
1304.26932739
1304.33103145
1304.39582383
1304.45762492
1304.51865289
1304.58260999
1304.64445594
1304.70618633
1304.77100651
1304.83191160
1304.89551590
1304.95847582
1305.03616793
1305.08028185
1305.14500890
1305.20676513
1305.26872372
1305.34376245
1305.40546797
1305.46725467
1305.53093943
1305.59388082
1305.68755854
1305.73951412
1305.80325691
1305.86511407
1305.92899534
1305.98868602
1306.05251633
1306.13231228
1306.17826916
1306.24022653
1306.30308088
1306.36576943
1306.43866800
1306.51235017
1306.57421709
1306.63603159
1306.70008475
1306.76070726
1306.82266268
1306.88641279
1306.94918302
1307.01207467
1307.07395475
1307.13695246
1307.21486009
1307.27239379
1307.33537369
1307.39808127
1307.45922505
1307.52197894
1307.58571637
1307.64736215
1307.71125001
1307.77309937
1307.83409394
1307.89678615
1307.95977532
1308.02244730
1308.08569199
1308.14807724
1308.20914959
1308.28973669
1308.33464373
1308.39743615
1308.46031317
1308.52310315
1308.58489010
1308.64773225
1308.70955675
1308.77467926
1308.83628969
1308.89712578
1308.95985359
1309.02371340
1309.08547256
1309.14648054
1309.21032816
1309.27210682
1309.33503846
1309.41377163
1309.47083965
1309.53339362
1309.59540243
1309.65911840
1309.72115672
1309.78387356
1309.84566514
1309.91071889
1309.97142601
1310.03311909
1310.09696306
1310.16173155
1310.22160338
1310.28339618
1310.34915795
1310.40902271
1310.48798043
1310.53477797
1310.59561382
1310.65844427
1310.72120670
1310.78338179
1310.84502246
1310.90969879
1310.97173199
1311.03346725
1311.09623090
1311.15915571
1311.22088804
1311.28474835
1311.34577632
1311.41848959
1311.49438043
1311.57102075
1311.61789265
1311.68073870
1311.74282091
1311.80542510
1311.86730177
1311.93020854
1311.99305313
1312.05386338
1312.11769540
1312.18043784
1312.24321320
1312.30610582
1312.40177230
1312.45264048
1312.51554895
1312.57738174
1312.65608029
1312.70214274
1312.76583799
1312.82575248
1312.89049294
1312.95330145
1313.01517056
1313.07830310
1313.13904654
1313.20186724
1313.26653602
1313.32848973
1313.39022987
1313.45298620
1313.51492578
1313.57690387
1313.65767359
1313.73728082
1313.78530082
1313.84808885
1313.91378260
1313.97760170
1314.04049335
1314.10533524
1314.16923626
1314.23396696
1314.29600869
1314.37262414
1314.43571571
1314.49940803
1314.56324054
1314.62902694
1314.69179864
1314.77162408
1314.82153531
1314.88244747
1314.94906331
1315.01199275
1315.07680025
1315.14162068
1315.20463302
1315.26846626
1315.33320842
1315.40703956
1315.47092547
1315.53557742
1315.60037396
1315.66322099
1315.72620455
1315.80690722
1315.85576885
1315.91963257
1315.98253470
1316.04739243
1316.11013609
1316.17612363
1316.23779989
1316.30163728
1316.37746912
1316.44015987
1316.50515584
1316.57001235
1316.63376757
1316.69853558
1316.76330481
1316.84225912
1316.88908933
1316.95486183
1317.02760436
1317.09343123
1317.15741320
1317.22116574
1317.28488342
1317.39363150
1317.45652607
1317.51953378
1317.58413770
1317.64806335
1317.71283355
1317.77663510
1317.85639544
1317.90335511
1317.96812800
1318.03196611
1318.09605584
1318.16075729
1318.22551677
1318.28764237
1318.35220948
1318.42805204
1318.49174607
1318.55480449
1318.61759934
1318.68349643
1318.74723142
1318.81106710
1318.89079819
1318.94069089
1319.00360351
1319.06758450
1319.13224840
1319.19416018
1319.25993658
1319.32470532
1319.39850501
1319.46230095
1319.52713283
1319.58895026
1319.65390576
1319.71683227
1319.78167830
1319.84546570
1319.92412720
1319.97411962
1320.03711025
1320.10264016
1320.16557936
1320.22947965
1320.29335361
1320.35895715
1320.43182792
1320.49580940
1320.56140441
1320.62422438
1320.68911283
1320.75212443
1320.81699704
1320.87979238
1320.96160219
1321.00817176
1321.07313458
1321.13600770
1321.19987970
1321.26487397
1321.32754668
1321.39326140
1321.45523852
1321.52198577
1321.58392900
1321.64874089
1321.71347672
1321.77721756
1321.84103885
1321.90396781
1321.96884748
1322.08053932
1322.11935429
1322.18124802
1322.24530240
1322.31010064
1322.37487889
1322.44948461
1322.52434853
1322.58813155
1322.65210473
1322.71685616
1322.81350276
1322.86643674
1322.92939080
1322.99404641
1323.05708923
1323.13978748
1323.18577410
1323.25030293
1323.31750831
1323.37680742
1323.44168758
1323.53769686
1323.59477462
1323.65431536
1323.71893171
1323.78297585
1323.85115085
1323.91392523
1323.97870494
1324.04008717
1324.10284350
1324.18361566
1324.26342598
1324.31737445
1324.38222048
1324.44512115
1324.50881835
1324.58708755
1324.64844637
1324.71246467
1324.77627597
1324.84015407
1324.90480749
1324.96863073
1325.03175034
1325.10715308
1325.18703655
1325.23487393
1325.29970509
1325.36364390
1325.42853601
1325.49127747
1325.56536339
1325.62910008
1325.69818889
1325.75854492
1325.82150605
1325.88620604
1325.95005464
1326.01486409
1326.07788301
1326.14253448
1326.22231799
1326.26848649
1326.33316063
1326.39715601
1326.46176481
1326.52569558
1326.60129239
1326.66515293
1326.72813918
1326.79200388
1326.85775346
1326.92154282
1326.98432426
1327.04831842
1327.12309920
1327.18786453
1327.26880515
1327.31577336
1327.37958807
1327.44530498
1327.50738962
1327.57309849
1327.64598170
1327.70996611
1327.77554624
1327.83753433
1327.90313129
1327.96695625
1328.03190687
1328.09463492
1328.15865102
1328.22334906
1328.30321546
1328.35208830
1328.41402690
1328.47768240
1328.54171191
1328.60746052
1328.68155766
1328.74524267
1328.81091179
1328.87388585
1328.93849197
1329.00240299
1329.06633448
1329.14002056
1329.20503481
1329.26773580
1329.34767389
1329.39562611
1329.46136082
1329.52431001
1329.58998474
1329.66472066
1329.72867946
1329.79145335
1329.85528952
1329.92018309
1329.98386566
1330.04771377
1330.11160455
1330.17540976
1330.23923983
1330.30338442
1330.38582423
1330.43280974
1330.49466228
1330.55944174
1330.63415694
1330.69801676
1330.76280012
1330.82583318
1330.89157180
1330.95341336
1331.01847199
1331.09308844
1331.15686585
1331.22161508
1331.28531423
1331.35018439
1331.42998375
1331.47692952
1331.54167559
1331.60457406
1331.67184282
1331.73662205
1331.79724578
1331.86198526
1331.92588531
1331.98950887
1332.05252633
1332.11716463
1332.18212330
1332.24404580
1332.30976857
1332.37270971
1332.43658733
1332.51818649
1332.56707176
1332.63000706
1332.69630448
1332.75752311
1332.82160016
1332.88617995
1332.94813269
1333.01285827
1333.08775779
1333.15169952
1333.21638585
1333.27836127
1333.34426299
1333.44088399
1333.49376872
1333.57275643
1333.62164878
1333.69956787
1333.76014553
1333.82299158
1333.88861097
1333.95259245
1334.01719516
1334.08118102
1334.14512642
1334.20986566
1334.27248692
1334.33733831
1334.40132905
1334.46696624
1334.52889631
1334.60962190
1334.66759908
1334.73429635
1334.79871717
1334.86000577
1334.92475574
1334.98771102
1335.06360357
1335.12732247
1335.19206512
1335.25508379
1335.31989154
1335.38356631
1335.44897237
1335.51118964
1335.57318724
1335.66783679
1335.71373857
1335.77777978
1335.84134605
1335.90622256
1335.97003971
1336.03489987
1336.09883820
1336.16162915
1336.22563648
1336.28946704
1336.35341365
1336.41711060
1336.48282801
1336.54572331
1336.61293234
1336.70567969
1336.75107654
1336.81584187
1336.87673574
1336.94152496
1337.00467797
1337.10223008
1337.16510929
1337.23078330
1337.29363057
1337.35846538
1337.42479036
1337.48512567
1337.54898987
1337.61472580
1337.70381698
1337.75490386
1337.81840382
1337.88137251
1337.94598277
1338.00877202
1338.07288077
1338.13644631
1338.20339885
1338.26415863
1338.32907146
1338.39297638
1338.45764540
1338.55440391
1338.61820911
1338.70697310
1338.75934607
1338.82057909
1338.88359264
1338.95180909
1339.01223363
1339.07536641
1339.13997960
1339.23616881
1339.29059734
1339.36134234
1339.42608889
1339.48893714
1339.55471745
1339.61672260
1339.68254216
1339.77225847
1339.82003612
1339.88482022
1339.98068199
1340.03439251
1340.09738534
1340.16220284
1340.22687162
1340.28983982
1340.35386250
1340.41769721
1340.48162359
1340.54620045
1340.61099942
1340.70662543
1340.77643834
1340.82263977
1340.88828524
1340.95119981
1341.01695671
1341.07880632
1341.14568230
1341.20774183
1341.27045331
1341.33604539
1341.39991788
1341.48662753
1341.55047614
1341.61349359
1341.67731537
1341.75217783
1341.83299704
1341.88080053
1341.94554806
1342.00837583
1342.07324527
1342.13695612
1342.20002599
1342.26392287
1342.33501578
1342.39234565
1342.45712243
1342.52097494
1342.58501420
1342.64957936
1342.72593880
1342.78832796
1342.86712477
1342.91596177
1342.98297697
1343.04365142
1343.11845487
1343.18336429
1343.24620206
1343.32294721
1343.38500942
1343.45078802
1343.51912369
1343.57722692
1343.64305282
1343.71839290
1343.78065283
1343.84763707
1343.92634806
1343.97137944
1344.03802332
1344.10015136
1344.16486402
1344.22862948
1344.29248516
1344.35876234
1344.41927027
1344.48424210
1344.54899304
1344.61181959
1344.67654006
1344.75133181
1344.81515993
1344.87903950
1344.96081078
1345.00690103
1345.08258707
1345.14876844
1345.21039107
1345.27495305
1345.33873632
1345.40256761
1345.46737072
1345.53028529
1345.59656833
1345.65890897
1345.73190043
1345.79757712
1345.85958983
1345.92527140
1346.00505027
1346.05311220
1346.11676917
1346.18159155
1346.24541894
1346.31255556
1346.37218821
1346.43692866
1346.50079116
1346.56465244
1346.62855273
1346.69423308
1346.76792915
1346.83194915
1346.89911965
1346.95882300
1347.03933501
1347.08824345
1347.15194528
1347.21580047
1347.28057579
1347.34451899
1347.40764518
1347.47131361
1347.53843268
1347.60000385
1347.66462655
1347.73838869
1347.80433430
1347.86507409
1347.93023536
1347.99721374
1348.07671394
1348.12238167
1348.18726841
1348.25106533
1348.31587600
1348.37975776
1348.44158104
1348.50984576
1348.57367730
1348.63596552
1348.69876208
1348.77368256
1348.83747168
1348.90232331
1348.97725964
1349.04438553
1349.12069573
1349.16860503
1349.23357150
1349.29621569
1349.36018790
1349.42394337
1349.48884864
1349.55252462
1349.61742039
1349.68030984
1349.76396017
1349.84205895
1349.92262850
1350.00236398
1350.12017495
1350.18386093
1350.26482740
1350.34643972
1350.42520679
1350.50610840
1350.58676841
1350.66566493
1350.74560375
1350.82620475
1350.90514248
1351.00165352
1351.06654392
1351.14734972
1351.22517397
1351.30942309
1351.38686481
1351.46568185
1351.54628871
1351.62707476
1351.70675952
1351.78772819
1351.88337711
1351.94714160
1352.02892337
1352.10787329
1352.18855036
1352.26643435
1352.34959194
1352.42890513
1352.50875252
1352.58852237
1352.66937498
1352.76610130
1352.83338421
1352.90882327
1352.98868626
1353.06735995
1353.15002894
1353.25112896
1353.33078081
1353.41059260
1353.49229562
1353.57311020
1353.66677329
1353.73274426
1353.81050000
1353.89216694
1353.97197994
1354.05098740
1354.13262996
1354.21245833
1354.29322707
1354.37651241
1354.45195977
1354.54854297
1354.61241327
1354.69466608
1354.77401219
1354.83625068
1354.91465325
1354.99536591
1355.07517087
1355.15392477
1355.23399378
1355.31554052
1355.39793937
1355.48934382
1355.55497101
1355.63571781
1355.71649435
1355.79637172
1355.87515756
1355.95526607
1356.03680037
1356.11550892
1356.19425989
1356.27411191
1356.37089967
1356.43662878
1356.51643764
1356.59628332
1356.67697867
1356.75926269
1356.88041751
1356.95930624
1357.03929796
1357.12082324
1357.21586630
1357.28041244
1357.36142621
1357.44298757
1357.51993460
1357.60162031
1357.68239466
1357.76139383
1357.84091451
1357.94261016
1358.02453358
1358.12423560
1358.18400161
1358.26480692
1358.34468137
1358.42451022
1358.50678010
1358.58331923
1358.66627763
1358.74461729
1358.82367766
1358.90436546
1358.99911741
1359.06499914
1359.14555845
1359.22889426
1359.30422312
1359.38516741
1359.46586227
1359.54561750
1359.62448209
1359.70617072
1359.78695775
1359.88574572
1359.94757900
1360.02630729
1360.10525844
1360.18792962
1360.26767631
1360.34750029
1360.42971068
1360.51054306
1360.58775852
1360.66850775
1360.76242051
1360.82631251
1360.90790679
1360.98770883
1361.06863263
1361.14937236
1361.22813821
1361.30884941
1361.38791953
1361.46857002
1361.56939478
1361.65425367
1361.71915017
1361.79981992
1361.88052771
1361.95926869
1362.04013715
1362.12007109
1362.25369749
1362.32604749
1362.40223017
1362.50006510
1362.56296065
1362.64572083
1362.72455738
1362.80426481
1362.93884281
1363.01891913
1363.09949112
1363.21141604
1363.27092361
1363.36379140
1363.43049770
1363.51324666
1363.59106019
1363.67338833
1363.75081396
1363.88436332
1363.96431335
1364.04594981
1364.12490120
1364.22053818
1364.28643990
1364.36628948
1364.44603641
1364.52685977
1364.60757999
1364.68662378
1364.76542937
1364.84792013
1364.92586507
1365.01010517
1365.10044247
1365.16980653
1365.24715925
1365.32933209
1365.40577078
1365.47267309
1365.54026832
1365.61821545
1365.68605985
1365.75190281
1365.82959175
1365.89648310
1365.97326921
1366.06808114
1366.12996146
1366.19669360
1366.27353725
1366.35230480
1366.41908741
1366.48611480
1366.56281485
1366.62979470
1366.69741016
1366.77519272
1366.84453654
1366.91131111
1367.00353231
1367.06541191
1367.14224581
1367.20822092
1367.28691362
1367.35265760
1367.41960380
1367.49849301
1367.56513299
1367.63111688
1367.70893845
1367.78748023
1367.85442449
1367.94608932
1368.01019295
1368.07578259
1368.14362772
1368.22136274
1368.28732736
1368.35504230
1368.43284510
1368.50965461
1368.57655766
1368.65527889
1368.73307779
1368.79813934
1368.88079322
1368.94485954
1369.01130472
1369.07823166
1369.15597814
1369.22183622
1369.28970085
1369.37095599
1369.44744393
1369.51464491
1369.59010177
1369.66878301
1369.73453065
1369.84932106
1369.91123260
1369.97790256
1370.04500798
1370.12248724
1370.19040356
1370.25731465
1370.33524350
1370.41307360
1370.49059383
1370.56839760
1370.64620430
1370.71125123
1370.79376784
1370.85771128
1370.95745304
1371.02340206
1371.10116341
1371.18007067
1371.24661678
1371.32441689
1371.40136197
1371.46800414
1371.53494888
1371.61261978
1371.69439789
1371.74641563
1371.82437471
1371.89094911
1371.95682425
1372.03484136
1372.11358234
1372.18029448
1372.24712414
1372.32485087
1372.39174124
1372.45850313
1372.53742282
1372.65100857
1372.70286247
1372.78092371
1372.85857144
1372.92529285
1373.00200948
1373.08000732
1373.14678627
1373.24743110
1373.32529924
1373.39107759
1373.45798308
1373.55257582
1373.61338534
1373.68220278
1373.75997242
1373.83692335
1373.90297038
1373.98059422
1374.05845895
1374.12602516
1374.19182448
1374.27066859
1374.36956896
1374.43631061
1374.53104037
1374.59202348
1374.65881242
1374.73746514
1374.81535766
1374.88118015
1374.94711698
1375.02671616
1375.09253036
1375.16926186
1375.25018298
1375.31484200
1375.38094146
1375.47556053
1375.53835271
1375.60407255
1375.67193645
1375.74901123
1375.81470157
1375.88262911
1375.96268275
1376.05999836
1376.14874089
1376.20563385
1376.28495266
1376.34827610
1376.44224542
1376.50594798
1376.57172048
1376.63879200
1376.71627419
1376.78314310
1376.84912016
1376.92676156
1377.00553131
1377.07245849
1377.14912977
1377.22888695
1377.29386365
1377.37768757
1377.43935969
1377.50622080
1377.57215007
1377.65079767
1377.71772754
1377.78373946
1377.86234683
1377.94108708
1378.00783945
1378.08072803
1378.16194757
1378.22627623
1378.29310077
1378.38607877
1378.44024545
1378.50453437
1378.58587168
1378.65122239
1378.71853016
1378.79388950
1378.87253905
1378.93763230
1379.00638464
1379.08405920
1379.14995214
1379.21673938
1379.29561128
1379.38739778
1379.44007527
1379.51779688
1379.59380207
1379.66059028
1379.73837358
1379.81810905
1379.88642644
1379.95069342
1380.03072659
1380.09789124
1380.16151968
1380.24111985
1380.32498765
1380.37617010
1380.45240301
1380.53373349
1380.60163006
1380.66217529
1380.74094699
1380.84046346
1380.90639152
1380.98339950
1381.06391589
1381.12885335
1381.22240795
1381.28530448
1381.35214316
1381.42997229
1381.50770804
1381.57358733
1381.64136468
1381.71917114
1381.79513000
1381.86378628
1381.94059458
1382.00763026
1382.07522329
1382.17150174
1382.23083572
1382.29777875
1382.36344398
1382.44236098
1382.50917772
1382.57516965
1382.65377629
1382.72962545
1382.79759126
1382.87610988
1382.95300766
1383.01976979
1383.11449711
1383.17571940
1383.24575247
1383.34120099
1383.41992368
1383.48670141
1383.55375440
1383.63155208
1383.69826861
1383.76896241
1383.84366931
1383.92070801
1383.98738188
1384.08203046
1384.14304916
1384.20989467
1384.28764310
1384.36533643
1384.44503167
1384.50983625
1384.58676329
1384.66556668
1384.73236099
1384.80921269
1384.88888453
1384.95475699
1385.04140471
1385.09944211
1385.16617279
1385.23301001
1385.31093008
1385.38958207
1385.46550241
1385.54418268
1385.62547781
1385.68878808
1385.75586667
1385.83369921
1385.90020802
1385.98202977
1386.04584497
1386.12260402
1386.18946367
1386.26731670
1386.34508609
1386.41189795
1386.48984021
1386.59042945
1386.65634263
1386.72218291
1386.80180258
1386.88255938
1386.93445521
1387.01225557
1387.08014288
1387.14510009
1387.22305917
1387.30253718
1387.36839940
1387.43868312
1387.51285535
1387.57879266
1387.64672678
1387.75744777
1387.85120352
1387.90092726
1387.97885025
1388.05997471
1388.12572600
1388.20140230
1388.27918071
1388.34523043
1388.41278688
1388.49058846
1388.55659234
1388.62537784
1388.70218468
1388.78592083
1388.83478733
1388.91449501
1388.99144375
1389.05827463
1389.13500564
1389.21478866
1389.27973952
1389.34750956
1389.42627809
1389.50314246
1389.58494764
1389.64768227
1389.72683114
1389.77250009
1389.83828771
1389.90017998
1389.96402541
1390.04122113
1390.10084548
1390.16453220
1390.22730779
1390.28827042
1390.35320714
1390.41684680
1390.47898581
1390.54262425
1390.60555101
1390.66924260
1390.73117827
1390.81175611
1390.85866750
1390.92148625
1390.98643322
1391.04746021
1391.11108061
1391.17399835
1391.23673444
1391.29893709
1391.36455014
1391.42633197
1391.49216762
1391.55383949
1391.61593096
1391.67952965
1391.74349211
1391.80645544
1391.88905617
1391.96399518
1392.02779258
1392.10151888
1392.16468848
1392.22930069
1392.29214699
1392.35411802
1392.41882166
1392.48052157
1392.54544001
1392.60623221
1392.67112383
1392.73387041
1392.79777143
1392.86312800
1392.94129675
1392.98621403
1393.05012334
1393.11208462
1393.17681337
1393.23959847
1393.30235554
1393.36631532
1393.42906995
1393.49296244
1393.55574803
1393.61669847
1393.68245732
1393.74418063
1393.80955231
1393.87015264
1393.93368405
1394.02442801
1394.07132722
1394.13667135
1394.19802895
1394.26092011
1394.32403216
1394.38749164
1394.44946389
1394.51327567
1394.57702529
1394.63887075
1394.70179678
1394.76466185
1394.82947106
1394.89222155
1394.95421110
1395.01892645
1395.09790685
1395.14398490
1395.20848423
1395.27040454
1395.33421926
1395.39709091
1395.46072716
1395.52612931
1395.58752982
1395.65049486
1395.71668330
1395.77688256
1395.84075408
1395.90260686
1395.96541488
1396.02864250
1396.09138080
1396.17288414
1396.21801840
1396.28086763
1396.34465601
1396.41854615
1396.49335497
1396.55600842
1396.61897394
1396.68261336
1396.74646001
1396.80729244
1396.87132097
1396.93500501
1397.00975848
1397.07181264
1397.13666354
1397.21870473
1397.26216012
1397.32502373
1397.38990609
1397.48353578
1397.54669758
1397.61035210
1397.67224779
1397.73622878
1397.79966779
1397.86482296
1397.92660357
1397.98820327
1398.05409671
1398.11491671
1398.17980540
1398.25758650
1398.30537683
1398.36849742
1398.43109893
1398.49487244
1398.55674350
1398.62061576
1398.68435050
1398.74974924
1398.82107158
1398.88484290
1398.94766409
1399.01155170
1399.08445051
1399.14720514
1399.21126122
1399.27383275
1399.35553845
1399.39975478
1399.46431579
1399.52610152
1399.58898366
1399.65208986
1399.71671012
1399.77859776
1399.84441245
1399.90540311
1399.96705353
1400.03197879
1400.10582944
1400.16942009
1400.23256554
1400.29526142
1400.35806798
1400.43875650
1400.48477653
1400.54858003
1400.61067978
1400.67330178
1400.73708651
1400.80079272
1400.86466741
1400.92992109
1400.99034587
1401.05405770
1401.11697202
1401.18080746
1401.24355916
