1421.35762668
1421.41939485
1421.48049231
1421.54431848
1421.60695706
1421.67179528
1421.73547809
1421.79804816
1421.87157185
1421.93496526
1421.99751777
1422.06248644
1422.12468616
1422.18703899
1422.25171337
1422.31275963
1422.37681864
1422.44074428
1422.50522338
1422.56922387
1422.62980177
1422.69306230
1422.75444160
1422.81894898
1422.89206112
1422.95771855
1423.01986755
1423.08315686
1423.14662975
1423.20971108
1423.27250496
1423.33548000
1423.39909235
1423.46126695
1423.52644846
1423.58842680
1423.64915318
1423.71266215
1423.77614504
1423.83830355
1423.90227187
1423.96427849
1424.02710333
1424.09091341
1424.15368974
1424.21668160
1424.28055336
1424.34426397
1424.40722608
1424.47017770
1424.53298109
1424.59578083
1424.65893823
1424.72245111
1424.78516989
1424.86034759
1424.92415646
1424.98713636
1425.04937997
1425.11273973
1425.17656542
1425.23834919
1425.30085343
1425.36557243
1425.42859257
1425.49019593
1425.55602427
1425.61784242
1425.68258117
1425.74487646
1425.81772310
1425.91344200
1425.97798302
1426.04002012
1426.10403085
1426.19861653
1426.25051749
1426.31379435
1426.37609867
1426.44047658
1426.50452535
1426.56715734
1426.63024696
1426.69301476
1426.75649082
1426.81914963
1426.89323336
1426.95746303
1427.01934995
1427.09349146
1427.15667763
1427.21998058
1427.28346859
1427.34754930
1427.41009206
1427.47335064
1427.56884767
1427.63205701
1427.69612309
1427.76016186
1427.82114131
1427.89468524
1427.96934924
1428.03148337
1428.09557725
1428.15813049
1428.22202566
1428.28646720
1428.34891439
1428.41146471
1428.47583750
1428.53669651
1428.60083280
1428.66519048
1428.72783905
1428.79255074
1428.85354555
1428.92809105
1428.99076937
1429.05309611
1429.11840172
1429.18178026
1429.24316736
1429.30806946
1429.36903014
1429.43211733
1429.49513502
1429.55815321
1429.62336861
1429.68685613
1429.74870184
1429.81273110
1429.88638719
1429.95942765
1430.02330210
1430.08888126
1430.15397256
1430.21897877
1430.28349687
1430.34919916
1430.41358634
1430.47928765
1430.54351464
1430.61000443
1430.67377404
1430.74052690
1430.80639327
1430.87241495
1430.94775088
1431.01300334
1431.07670005
1431.14248645
1431.20743317
1431.27304037
1431.33789249
1431.40530778
1431.46965449
1431.53299328
1431.59773715
1431.66405189
1431.72767448
1431.79583900
1431.86161419
1431.93532635
1432.01207369
1432.07835576
1432.14346510
1432.20826578
1432.27326443
1432.33831989
1432.40320809
1432.46910202
1432.53413870
1432.59924317
1432.66476040
1432.72896106
1432.79388633
1432.86094517
1432.95659751
1433.02260358
1433.09936385
1433.17619312
1433.25300166
1433.31574629
1433.38166460
1433.44674370
1433.51217097
1433.61153239
1433.66449733
1433.73798177
1433.80206175
1433.86706357
1433.93296822
1433.99779547
1434.07361025
1434.14091412
1434.20565482
1434.27048915
1434.33596713
1434.40077488
1434.46548827
1434.53191004
1434.59554384
1434.66140071
1434.72633280
1434.79230888
1434.85664778
1434.92363958
1434.98844977
1435.05396578
1435.12895599
1435.19389369
1435.25848591
1435.32431644
1435.38839471
1435.45481136
1435.52194262
1435.58431446
1435.65151081
1435.71512000
1435.78242460
1435.84746543
1435.91213201
1435.97555736
1436.04154856
1436.11855118
1436.19544237
1436.25969228
1436.32413334
1436.39028790
1436.45409627
1436.52109099
1436.58487449
1436.65146400
1436.71573830
1436.78057677
1436.84625296
1436.91149981
1436.97784137
1437.05165934
1437.11979290
1437.18269918
1437.24934452
1437.32384272
1437.43260324
1437.49833112
1437.56327492
1437.62943508
1437.69497694
1437.75867194
1437.82440031
1437.88959962
1437.95485354
1438.02028569
1438.08608915
1438.15026324
1438.21675449
1438.29147676
1438.35744017
1438.43523687
1438.49896820
1438.56457979
1438.62844009
1438.69420138
1438.75940069
1438.82659899
1438.88996534
1438.95641319
1439.02062580
1439.08620204
1439.15120727
1439.21736329
1439.28218298
1439.35785074
1439.42275723
1439.51969250
1439.57519330
1439.65124896
1439.71535283
1439.79267045
1439.85716198
1439.92288328
1439.98819425
1440.05373099
1440.14985535
1440.20567481
1440.28141230
1440.34706704
1440.42409819
1440.48722267
1440.55322387
1440.61872794
1440.68499659
1440.75079543
1440.81459722
1440.87835976
1440.94459428
1441.01059865
1441.07407909
1441.14029972
1441.20593862
1441.30275393
1441.36726935
1441.43523345
1441.51126400
1441.57510870
1441.64145074
1441.70568505
1441.77104698
1441.83590032
1441.89972723
1441.96569039
1442.03074292
1442.09991632
1442.16149189
1442.22713591
1442.29302666
1442.35931482
1442.42179321
1442.49933635
1442.56345168
1442.62800538
1442.69624743
1442.75896329
1442.82466168
1442.89105297
1442.95681060
1443.02048439
1443.08652460
1443.15173585
1443.21568856
1443.28237779
1443.35157435
1443.41804342
1443.48178767
1443.55959315
1443.62630798
1443.69169648
1443.76711750
1443.83324329
1443.89901335
1443.96578889
1444.02952266
1444.10735764
1444.17230777
1444.24784753
1444.31239781
1444.37866330
1444.44406253
1444.50900608
1444.58607501
1444.65277131
1444.75175311
1444.81631413
1444.88280611
1444.94794520
1445.01275368
1445.07771503
1445.14370257
1445.21084480
1445.27619161
1445.34101886
1445.40578906
1445.47077504
1445.53752936
1445.61433888
1445.67999606
1445.74447979
1445.81066872
1445.87790383
1445.94267306
1446.00742059
1446.07420149
1446.13869960
1446.20379163
1446.27105478
1446.33561848
1446.41381430
1446.47709531
1446.55503928
1446.61862749
1446.69622792
1446.76192607
1446.82678258
1446.90484845
1446.96962986
1447.03473140
1447.10023376
1447.16700930
1447.23208621
1447.29804621
1447.37491302
1447.43961959
1447.50652044
1447.58106887
1447.64755257
1447.72491041
1447.78921201
1447.88831645
1447.95313834
1448.01806726
1448.08386732
1448.15022033
1448.21527677
1448.28149105
1448.34704510
1448.41294926
1448.47765583
1448.54470297
1448.60844381
1448.67433285
1448.75085053
1448.81650576
1448.88285219
1448.94710674
1449.01326982
1449.07789520
1449.14443375
1449.21031841
1449.27690646
1449.34165715
1449.40618086
1449.47252242
1449.53948032
1449.60279888
1449.66941204
1449.73293540
1449.81089326
1449.88719639
1449.95448198
1450.02916962
1450.09597466
1450.16045107
1450.22623259
1450.29141800
1450.35818378
1450.42294765
1450.48961908
1450.55431028
1450.61915899
1450.68631731
1450.75023906
1450.82776342
1450.89365734
1450.99115118
1451.05568635
1451.12149786
1451.18856816
1451.25277467
1451.33030587
1451.39630536
1451.46062476
1451.53795554
1451.60246218
1451.66879837
1451.73357370
1451.79983455
1451.86554659
1451.94145669
1452.00725577
1452.07237828
1452.13909823
1452.20517208
1452.27059667
1452.33666150
1452.40146754
1452.46624310
1452.53161917
1452.59774252
1452.67530785
1452.74077120
1452.80594637
1452.87137778
1452.93714102
1453.01322204
1453.07758727
1453.14360407
1453.20820092
1453.27728290
1453.33965718
1453.40584221
1453.47339282
1453.53753594
1453.60341524
1453.66835781
1453.73547346
1453.80044651
1453.86576846
1453.93201590
1453.99642697
1454.07325307
1454.13914333
1454.20357220
1454.26923816
1454.33405078
1454.40142999
1454.46698063
1454.53300206
1454.59968544
1454.66358158
1454.73013745
1454.79150236
1454.85633912
1454.91956674
1454.98219946
1455.04716154
1455.11972951
1455.19684525
1455.25683069
1455.32061151
1455.38564796
1455.44834041
1455.51238114
1455.57650329
1455.63965704
1455.70312213
1455.80030413
1455.85186278
1455.91446064
1455.99034002
1456.05354448
1456.12572747
1456.19073051
1456.25400713
1456.31849208
1456.38035948
1456.44307925
1456.50682155
1456.57142718
1456.63568148
1456.69874672
1456.76109321
1456.82576418
1456.92113273
1456.97388922
1457.03768199
1457.10251558
1457.17637768
1457.23791351
1457.30264202
1457.36438996
1457.43010126
1457.49227758
1457.55608936
1457.62079057
1457.68282547
1457.74680329
1457.81035664
1457.87299838
1457.93810285
1458.01167555
1458.07487928
1458.14082074
1458.21459385
1458.27652685
1458.33913324
1458.43815210
1458.49865076
1458.56395198
1458.62612707
1458.68960923
1458.75385938
1458.81613127
1458.88071276
1458.94478860
1459.00747959
1459.07111949
1459.16713730
1459.22055475
1459.29493081
1459.38003985
1459.44242559
1459.50652142
1459.57009135
1459.63284597
1459.69669458
1459.76046930
1459.82345189
1459.88888550
1459.94891556
1460.01524151
1460.07716280
1460.14047551
1460.20451574
1460.27920607
1460.34340917
1460.40615234
1460.47050465
1460.53383613
1460.59632257
1460.69339998
1460.75649667
1460.82089775
1460.88365944
1460.94562169
1461.01046333
1461.07492170
1461.13794525
1461.20012766
1461.26281402
1461.33948091
1461.40159993
1461.46559165
1461.53049326
1461.59211076
1461.65656694
1461.71902680
1461.78275545
1461.84615276
1461.90988458
1461.97400527
1462.03785777
1462.10131238
1462.16392755
1462.22808067
1462.29112909
1462.36424562
1462.42983185
1462.49173486
1462.55600354
1462.62016495
1462.68451873
1462.74550013
1462.80826012
1462.87239959
1462.93615018
1463.00010752
1463.06414361
1463.12700991
1463.19052693
1463.25520253
1463.32872964
1463.39306806
1463.45401874
1463.51902031
1463.58290671
1463.64714760
1463.70867782
1463.77403243
1463.83609781
1463.89911283
1463.96390668
1464.02764069
1464.10160641
1464.16708683
1464.22845638
1464.29245956
1464.36556366
1464.42974262
1464.49354222
1464.55752369
1464.62146324
1464.68297980
1464.74878985
1464.81043515
1464.87540966
1464.93727780
1465.00065146
1465.06370963
1465.12776645
1465.19300501
1465.25575135
1465.32000077
1465.38253816
1465.44484150
1465.51003398
1465.57394646
1465.63596601
1465.70054067
1465.76318778
1465.82702712
1465.88936264
1465.95315346
1466.01819014
1466.09010323
1466.15642967
1466.21757540
1466.29297643
1466.35569644
1466.41975204
1466.48326101
1466.54697113
1466.61113985
1466.67453960
1466.73667812
1466.80155414
1466.86435826
1466.92842849
1466.99144448
1467.05536720
1467.11736163
1467.18215158
1467.24611575
1467.31924008
1467.38305090
1467.44708699
1467.51068471
1467.57335986
1467.63663794
1467.70013765
1467.76274015
1467.82683890
1467.89111929
1467.95472018
1468.02830409
1468.09330299
1468.15631996
1468.22098362
1468.28203109
1468.35723610
1468.42122318
1468.48428087
1468.54769695
1468.61038990
1468.67543682
1468.73741150
1468.80324862
1468.86659278
1468.92947297
1468.99234901
1469.05542791
1469.12816605
1469.19144950
1469.25256939
1469.31756804
1469.39116951
1469.45568859
1469.51903372
1469.58286794
1469.64675507
1469.70985054
1469.77186252
1469.83745241
1469.90081462
1469.96404467
1470.03791190
1470.10050878
1470.16505005
1470.22875212
1470.29272653
1470.35547799
1470.42995595
1470.49147325
1470.55624711
1470.62013131
1470.68399332
1470.74721338
1470.80894011
1470.87280431
1470.93744822
1471.00238129
1471.06405511
1471.12636235
1471.19219605
1471.25591811
1471.31888973
1471.38104093
1471.45560789
1471.51860535
1471.58287623
1471.64773299
1471.71076824
1471.77436816
1471.83836451
1471.89996933
1471.96358875
1472.02751854
1472.09145565
1472.15642650
1472.21813129
1472.28333693
1472.34578119
1472.40893250
1472.47167128
1472.53610698
1472.59863852
1472.66281480
1472.72624722
1472.79002926
1472.85435890
1472.91744974
1472.97936567
1473.04514500
1473.10582871
1473.17184282
1473.23446385
1473.29735428
1473.36250872
1473.42403406
1473.49949483
1473.56121668
1473.62654423
1473.68791182
1473.75121795
1473.81695339
1473.87975215
1473.95382101
1474.01712713
1474.08112397
1474.14536291
1474.20808853
1474.27280704
1474.33680193
1474.39715869
1474.46264009
1474.53547648
1474.60189801
1474.66305349
1474.72795486
1474.79058807
1474.85274903
1474.91774987
1474.97964288
1475.04333325
1475.10822999
1475.17188769
1475.23558488
1475.29806010
1475.36372265
1475.42663502
1475.48914316
1475.56446203
1475.62730321
1475.69109159
1475.75511403
1475.81840748
1475.88370967
1475.94414860
1476.00684739
1476.07070136
1476.13563101
1476.19855655
1476.26137189
1476.32534337
1476.38935362
1476.45215335
1476.51621163
1476.58972704
1476.65318384
1476.71733159
1476.78020520
1476.84441781
1476.90694472
1476.97199896
1477.03347164
1477.09814237
1477.16141216
1477.22599975
1477.28804270
1477.35104041
1477.41578330
1477.48061860
1477.54336421
1477.61712440
1477.68072261
1477.74453172
1477.80850369
1477.88103313
1477.94416371
1478.00849628
1478.07191260
1478.13569099
1478.19958713
1478.26251413
1478.32711440
1478.39087986
1478.45282041
1478.51755843
1478.58066415
1478.64347778
1478.70839012
1478.76882515
1478.83454620
1478.89689318
1478.96075617
1479.02453992
1479.08846605
1479.15218007
1479.21630247
1479.27847903
1479.34029694
1479.40630033
1479.46901766
1479.53179447
1479.59570988
1479.66990600
1479.73521454
1479.79826734
1479.87112227
1479.93585224
1479.99838915
1480.06290506
1480.12479538
1480.18954949
1480.25368750
1480.34900216
1480.41353562
1480.47658526
1480.53916362
1480.60329114
1480.66621765
1480.74022677
1480.80320132
1480.87361742
1480.94017035
1481.00410331
1481.07106707
1481.13605061
1481.20227294
1481.26667816
1481.33443917
1481.40032261
1481.50911531
1481.57453014
1481.64205588
1481.70551244
1481.78365267
1481.84843530
1481.92515924
1481.99188480
1482.05802838
1482.12238776
1482.18827681
1482.25390693
1482.31865080
1482.39212378
1482.45162989
1482.51650786
1482.58322512
1482.64906175
1482.71339407
1482.77964102
1482.84425592
1482.92195144
1482.99922152
1483.06448056
1483.13160133
1483.19701226
1483.27233503
1483.33847471
1483.40485357
1483.47019526
1483.53581245
1483.60354324
1483.66734308
1483.73400061
1483.79860136
1483.86412420
1483.93074907
1484.00652337
1484.07345445
1484.13975359
1484.20475248
1484.27067054
1484.36844061
1484.42322559
1484.49110241
1484.55652871
1484.62142472
1484.71861696
1484.78561143
1484.85076832
1484.91605978
1484.98184155
1485.05773654
1485.12433922
1485.19171794
1485.25650033
1485.33287855
1485.39815148
1485.46450401
1485.53145606
1485.59537123
1485.66201974
1485.72709860
1485.79228523
1485.85977610
1485.92666038
1485.99038732
1486.06611481
1486.14462003
1486.20971181
1486.27488966
1486.34143358
1486.40643223
1486.47312463
1486.53970682
1486.60434244
1486.67068668
1486.73575433
1486.80215976
1486.86862371
1486.93252839
1486.99831552
1487.06485285
1487.13077847
1487.20659568
1487.26263799
1487.32986067
1487.39598280
1487.46057112
1487.52704531
1487.60504486
1487.67088587
1487.74677355
1487.81151839
1487.87840925
1487.95587681
1488.02083743
1488.08660310
1488.15167709
1488.21880152
1488.29497372
1488.36032663
1488.43571157
1488.50181638
1488.56921583
1488.63448998
1488.70003818
1488.76635779
1488.83095757
1488.89777260
1488.96320548
1489.02733495
1489.09617531
1489.16046155
1489.22579373
1489.30261471
1489.38996387
1489.45685839
1489.51988243
1489.58779216
1489.65253798
1489.71827855
1489.78532739
1489.85004908
1489.91596519
1489.98168698
1490.04797977
1490.11453124
1490.17871118
1490.24527363
1490.31191117
1490.37720264
1490.45258465
1490.51821062
1490.58574709
1490.65077817
1490.71464042
1490.78156907
1490.84610790
1490.91333326
1490.97914697
1491.04548487
1491.10981450
1491.20882191
1491.27551821
1491.35076076
1491.41605369
1491.48263320
1491.54871510
1491.61451418
1491.69217288
1491.75702354
1491.82174401
1491.88768645
1491.95489986
1492.02070748
1492.08545305
1492.15202769
1492.21698855
1492.28315505
1492.36095468
1492.42704023
1492.49193259
1492.56697595
1492.63295252
1492.69866968
1492.76462138
1492.83101731
1492.89576849
1492.96230241
1493.02943683
1493.09352242
1493.16066416
1493.22508376
1493.29130244
1493.35739262
1493.42191268
1493.48882694
1493.56522686
1493.62987784
1493.70791518
1493.77367549
1493.84090720
1493.90670481
1493.96969520
1494.03855751
1494.10239904
1494.16891297
1494.23475349
1494.30003813
1494.37645414
1494.45610940
1494.52400939
1494.60328845
1494.68165055
1494.76146917
1494.84130436
1494.90786754
1494.97499294
1495.05448656
1495.13435223
1495.21444733
1495.28113241
1495.34756027
1495.42753395
1495.50659456
1495.58590191
1495.65260430
1495.72268955
1495.80071812
1495.90119106
1495.96830110
1496.03594119
1496.10468792
1496.18385215
1496.26385582
1496.34025110
1496.41009767
1496.49027834
1496.56918535
1496.64650297
1496.71553667
1496.78237657
1496.86204378
1496.94063774
1497.02040028
1497.09720102
1497.16737550
1497.24637126
1497.32381615
1497.40343849
1497.47024256
1497.53830809
1497.61822667
1497.69733385
1497.77535412
1497.84310294
1497.91198256
1497.99199671
1498.09259911
1498.15845329
1498.22636986
1498.29525142
1498.37475162
1498.45476943
1498.53239107
1498.60152888
1498.66929380
1498.74807232
1498.82549234
1498.94818340
1499.01615897
1499.09638231
1499.17633648
1499.25330447
1499.32092968
1499.38839691
1499.46822601
1499.54729076
1499.62578062
1499.69367207
1499.76117440
1499.84217549
1499.92129584
1499.99861370
1500.06656001
1500.14475144
1500.22501988
1500.30507207
1500.38282123
1500.46192524
1500.52934662
1500.60921230
1500.68684711
1500.76485251
1500.84450363
1500.91337056
1500.99216250
1501.07216373
1501.13872690
1501.20677074
1501.27651344
1501.35339049
1501.43311426
1501.50074021
1501.56776589
1501.64744700
1501.72871092
1501.80628673
1501.88355144
1501.95276287
1502.03147508
1502.11049546
1502.18941296
1502.26793914
1502.33708231
1502.41467495
1502.49449015
1502.57184019
1502.65175926
1502.73079232
1502.81060630
1502.88941969
1502.96674486
1503.04586521
1503.11366401
1503.19270975
1503.27231260
1503.37196756
1503.42992572
1503.50867694
1503.58757517
1503.66748961
1503.73512823
1503.81401671
1503.89312316
1503.97182732
1504.05042567
1504.12842498
1504.19639786
1504.27587734
1504.35469292
1504.43434160
1504.50247003
1504.58212700
1504.66076168
1504.73867809
1504.81632193
1504.89489614
1504.96390643
1505.04373553
1505.12260402
1505.20135987
1505.27967613
1505.34807520
1505.42710850
1505.50606281
1505.60776553
1505.66356305
1505.74209874
1505.82226820
1505.90169331
1505.96874118
1506.04796953
1506.12745047
1506.20631189
1506.28381383
1506.35139344
1506.43184060
1506.51128229
1506.63328873
1506.71183637
1506.78961235
1506.86853569
1506.94852668
1507.02690512
1507.10791011
1507.17398981
1507.24163331
1507.32028578
1507.39969285
1507.47764193
1507.55615787
1507.62622825
1507.71185392
1507.79182394
1507.86962065
1507.94980034
1508.02936759
1508.10696535
1508.18682419
1508.25262376
1508.32159114
1508.39509387
1508.46915102
1508.54906960
1508.62554656
1508.69496012
1508.77333855
1508.85231504
1508.93098556
1509.00131682
1509.07793592
1509.15774307
1509.23637239
1509.31629633
1509.38276271
1509.46289950
1509.54276322
1509.62097684
1509.69665800
1509.76533574
1509.83456303
1509.91466446
1509.99430534
1510.07199087
1510.13854185
1510.20778986
1510.28849570
1510.36817924
1510.43559307
1510.50276651
1510.58165133
1510.66148823
1510.74161722
1510.80815041
1510.88843519
1510.96563919
1511.04478172
1511.12422999
1511.19086460
1511.25974202
1511.33904108
1511.41866635
1511.49756385
1511.56427893
1511.63463456
1511.71118076
1511.79058100
1511.86942292
1511.93650834
1512.00612401
1512.08581852
1512.16247737
1512.24224113
1512.32010975
1512.39994860
1512.47875712
1512.55958169
1512.62471468
1512.69440618
1512.77204148
1512.85189447
1512.93168164
1513.00850773
1513.08914994
1513.16728993
1513.24710537
1513.32548185
1513.39300588
1513.46152539
1513.54021273
1513.61996576
1513.69824837
1513.77657902
1513.84636341
1513.92560566
1514.00389925
1514.08163451
1514.14937675
1514.26223887
1514.34003753
1514.41952407
1514.49770648
1514.56627548
1514.64412168
1514.72420873
1514.80406635
1514.86983569
1514.94974256
1515.02859008
1515.10721623
1515.18710579
1515.25375942
1515.32282067
1515.40028799
1515.48136856
1515.55965288
1515.62571040
1515.69396513
1515.77479628
1515.85474339
1515.93269930
1515.99865880
1516.06751891
1516.14644689
1516.24941790
1516.31498488
1516.39474985
1516.50704439
1516.58451390
1516.66376151
1516.74094357
1516.80941797
1516.88927706
1516.96976957
1517.04863001
1517.14694402
1517.21672914
1517.29567199
1517.37331631
1517.45923553
1517.53709148
1517.61676820
1517.69566131
1517.77492624
1517.85400855
1517.93299260
1518.00068754
1518.06989313
1518.19252763
1518.29416403
1518.36317944
1518.44069406
1518.51929728
1518.60066848
1518.67755601
1518.75732538
1518.82527730
1518.89236369
1518.97222327
1519.05294154
1519.13103910
1519.23151936
1519.28823580
1519.35624696
1519.43736533
1519.51715737
1519.59441915
1519.67250818
1519.75295022
1519.83174288
1519.91074864
1519.99154200
1520.06846952
1520.14788707
1520.22727683
1520.30777201
1520.38573475
1520.46578791
1520.54413953
1520.62281297
1520.70259379
1520.78077011
1520.88162729
1520.95114252
1521.02839942
1521.10736397
1521.18852427
1521.26623272
1521.34592772
1521.41494289
1521.49461327
1521.57263794
1521.65223883
1521.79614449
1521.86480004
1521.94505020
1522.02254068
1522.10232589
1522.17999630
1522.26057682
1522.34045590
1522.41942289
1522.49826993
1522.57700286
1522.65719523
1522.73570240
1522.81438242
1522.89543033
1522.97196458
1523.05266920
1523.11925749
1523.20024298
1523.27890106
1523.35774517
1523.42650142
1523.50578609
1523.58548353
1523.66324512
1523.74170670
1523.82183300
1523.90173305
1523.98066322
1524.05915015
1524.13779848
1524.21695027
1524.29553863
1524.37530409
1524.45513758
1524.53414065
1524.61158115
1524.68014454
1524.75985490
1524.84007312
1524.91789006
1524.99862784
1525.07577723
1525.15515747
1525.23419517
1525.31377802
1525.39291397
1525.47129435
1525.55137335
1525.63129315
1525.70891553
1525.78833552
1525.86623706
1525.94684781
1526.02456966
1526.10438462
1526.18474596
1526.26339575
1526.34103593
1526.42073532
1526.49980666
1526.57958578
1526.66104694
1526.73756388
1526.81574727
1526.89602132
1526.97581263
1527.05410353
1527.13198338
1527.21165278
1527.29085578
1527.37077582
1527.45159478
1527.52904869
1527.60786939
1527.68582798
1527.76535257
1527.84486276
1527.92542622
1528.00176786
1528.08207020
1528.16202730
1528.24141266
1528.32050668
1528.39779406
1528.47810127
1528.55899313
1528.63732110
1528.71537941
1528.81465378
1528.87181713
1528.95156918
1529.03278848
1529.11111694
1529.18947391
1529.26901337
1529.34876006
1529.42655481
1529.55018113
1529.62983615
1529.70737977
1529.78623217
1529.86614612
1529.94501046
1530.02524672
1530.10354787
1530.18237613
1530.26107810
1530.34013091
1530.42092622
1530.51922073
1530.58738768
1530.70020665
1530.78006379
1530.85780393
1530.93624746
1531.01634475
1531.09682019
1531.17596516
1531.25449768
1531.33262133
1531.41105413
1531.49155761
1531.57029346
1531.64879795
1531.72845979
1531.80707813
1531.88652835
1531.96590470
1532.04556459
1532.12435458
1532.20301924
1532.27683014
1532.36195552
1532.43969371
1532.51959132
1532.59719127
1532.67698672
1532.75780690
1532.83553510
1532.91528861
1532.99503165
1533.07289442
1533.15279984
1533.23128579
1533.30989560
1533.39212719
1533.47290691
1533.55379536
1533.63536940
1533.71630979
1533.79803085
1533.88035899
1533.96068156
1534.04237629
1534.12333228
1534.20366192
1534.28675100
1534.36743611
1534.44968527
1534.53083021
1534.61313787
1534.69357845
1534.77443764
1534.85710663
1534.93792389
1535.01902275
1535.10002872
1535.18361249
1535.26298834
1535.34423349
1535.42583313
1535.50743278
1535.59036265
1535.67090538
1535.75165900
1535.83481952
1535.91685777
1535.99646208
1536.07704382
1536.15866858
1536.24067002
1536.32346628
1536.40308156
1536.48515078
1536.56587929
1536.64752404
1536.72947599
1536.81112781
1536.89187217
1536.97259898
1537.05335845
1537.13492640
1537.21703049
1537.30135251
1537.38013420
1537.46150296
1537.54217783
1537.62536687
1537.70754264
1537.78857689
1537.86810391
1537.94980449
1538.03062077
1538.11145022
1538.19326905
1538.27509885
1538.35558721
1538.43856121
1538.51928899
1538.60027302
1538.68207137
1538.76353082
1538.84491469
1538.92597454
1539.00878982
1539.08887541
1539.16982579
1539.25147614
1539.33411832
1539.41533445
1539.49567653
1539.57643576
1539.65826288
1539.74021678
1539.82237986
1539.90266879
1539.98476166
1540.06684941
1540.14701765
1540.22899130
1540.30945089
1540.39187412
1540.47112734
1540.55508438
1540.62437774
1540.70538102
1540.78722448
1540.86934953
1540.94997491
1541.03041305
1541.11265586
1541.19503204
1541.27641299
1541.35623697
1541.43775250
1541.51955279
1541.60153815
1541.68192045
1541.76284181
1541.84597722
1541.92613448
1542.00795502
1542.08905144
1542.16991990
1542.25168704
1542.33311358
1542.41484976
1542.49632603
1542.57861371
1542.65809879
1542.73997150
1542.82048668
1542.90200026
1542.98353335
1543.06624623
1543.14651174
1543.22825597
1543.30923682
1543.39200212
1543.47173418
1543.55549520
1543.63588555
1543.71802938
1543.79847580
1543.87930647
1543.96016810
1544.04217393
1544.12369044
1544.20469567
1544.28601664
1544.36702432
1544.44840502
1544.53009366
1544.61193979
1544.69324150
1544.77439254
1544.85581981
