1271.58350187
1271.69364660
1271.80345853
1271.91417378
1272.05450185
1272.15568147
1272.25365110
1272.35309139
1272.47413659
1272.57362418
1272.67093601
1272.78334524
1272.88867913
1272.97915358
1273.07573203
1273.18761293
1273.32889722
1273.40645197
1273.51565097
1273.62558310
1273.73460143
1273.83321277
1273.94434859
1274.04303697
1274.15266872
1274.26218760
1274.36246586
1274.46002199
1274.57027912
1274.68156195
1274.77886159
1274.89993751
1275.01869286
1275.11528301
1275.22284532
1275.33096034
1275.43903927
1275.54532890
1275.64386806
1275.75097493
1275.85782824
1275.95613335
1276.06292741
1276.14871341
1276.24513850
1276.35309066
1276.44991999
1276.54737470
1276.65576181
1276.79477673
1276.88095208
1276.97763830
1277.08664054
1277.19361990
1277.30015577
1277.40991504
1277.50649983
1277.61455731
1277.72163639
1277.82834585
1277.92516275
1278.09839703
1278.20663883
1278.30224424
1278.41092417
1278.50742948
1278.60515505
1278.70005903
1278.80850392
1278.90554561
1278.99936122
1279.09897998
1279.19772516
1279.30422007
1279.40132954
1279.49826054
1279.63825874
1279.72329892
1279.83019831
1279.92905248
1280.03589262
1280.14220004
1280.24026817
1280.34907951
1280.44473320
1280.55347139
1280.66081354
1280.75649331
1280.91855430
1281.01720830
1281.12373734
1281.23074157
1281.32847495
1281.43600726
1281.54297150
1281.64147166
1281.73848141
1281.84527767
1281.94120101
1282.05019228
1282.15733840
1282.26439675
1282.37338827
1282.47041558
1282.62068107
1282.71879674
1282.82680107
1282.93256285
1283.04066495
1283.13926702
1283.24595478
1283.35294389
1283.46151410
1283.57043637
1283.66584308
1283.76227135
1283.87107732
1283.97855283
1284.08506578
1284.19526537
1284.30138701
1284.40868039
1284.49680573
1284.60319312
1284.69994614
1284.81861201
1284.92546727
1285.02361658
1285.11976033
1285.22654976
1285.33508754
1285.48641044
1285.58287089
1285.69135479
1285.78699677
1285.89462881
1286.00344088
1286.11209301
1286.20670490
1286.31495231
1286.45657379
1286.54239197
1286.64117470
1286.75602544
1286.86428090
1286.97156965
1287.06946808
1287.17722666
1287.28507178
1287.41179822
1287.52042792
1287.61667699
1287.72413860
1287.83048284
1287.92949646
1288.03614375
1288.16488015
1288.26128282
1288.36939321
1288.47683263
1288.56352024
1288.66038004
1288.76701612
1288.87496364
1288.99241802
1289.09046226
1289.19833907
1289.29413271
1289.39184097
1289.49967488
1289.59729074
1289.70395461
1289.81224566
1289.90962722
1290.01524661
1290.12473915
1290.23172900
1290.32807169
1290.42586358
1290.53270201
1290.62958815
1290.73719264
1290.84739052
1290.95227483
1291.06111664
1291.16938672
1291.27623857
1291.37296258
1291.47163657
1291.57755950
1291.67517463
1291.77085173
1291.86772495
1291.96514478
1292.06095451
1292.16958738
1292.27844919
1292.38590349
1292.49309447
1292.60043174
1292.70800404
1292.80414924
1292.90074038
1292.99915520
1293.10615041
1293.20438871
1293.31067931
1293.41695796
1293.53796122
1293.64561057
1293.75205062
1293.85794381
1293.96444505
1294.07098945
1294.18603865
1294.29430800
1294.43293819
1294.51760998
1294.62375453
1294.73975824
1294.84810513
1294.95385959
1295.04866043
1295.15571658
1295.27208772
1295.37860969
1295.47484437
1295.58123030
1295.67695444
1295.79352282
1295.91024967
1296.01681650
1296.12406307
1296.22971196
1296.33676739
1296.45275281
1296.56974420
1296.67747205
1296.78301074
1296.88883419
1297.00647972
1297.12448486
1297.23122724
1297.33761999
1297.44340639
1297.54940587
1297.66599790
1297.77414608
1297.87954531
1297.98594878
1298.09114516
1298.19820425
1298.31508324
1298.42322532
1298.53081054
1298.63603277
1298.74174066
1298.85921332
1298.96593716
1299.07385446
1299.17951578
1299.28389832
1299.40076585
1299.51942879
1299.62604756
1299.73173034
1299.82867402
1299.93329452
1300.05110486
1300.15797621
1300.26432117
1300.36981793
1300.51052537
1300.62552239
1300.74278148
1300.85041059
1300.95669094
1301.06310149
1301.17996610
1301.29575818
1301.39243684
1301.49939328
1301.60517139
1301.71064961
1301.81713623
1301.92482702
1302.03129048
1302.13655244
1302.24349060
1302.34909731
1302.46547307
1302.57345814
1302.71191474
1302.78698239
1302.89138883
1303.00803327
1303.11681901
1303.22315325
1303.32844154
1303.43371302
1303.55294793
1303.66909257
1303.76531262
1303.93620024
1304.04264638
1304.13729216
1304.25488356
1304.36153719
1304.46843414
1304.57449628
1304.68095267
1304.78677418
1304.90268646
1305.01018562
1305.11732223
1305.22433060
1305.34020217
1305.45818927
1305.56555092
1305.67103378
1305.77746139
1305.89454469
1306.01133201
1306.11785764
1306.22385396
1306.33087622
1306.43715170
1306.54298613
1306.64862381
1306.74454690
1306.88551571
1306.96834186
1307.07426113
1307.19078221
1307.29930463
1307.40633714
1307.51085427
1307.61724263
1307.73421841
1307.85144385
1307.95798386
1308.06373540
1308.17061796
1308.28708589
1308.40475262
1308.51152206
1308.61710341
1308.72332184
1308.83073932
1308.94705268
1309.05360488
1309.16139929
1309.26655154
1309.37379080
1309.49047181
1309.60587575
1309.71362360
1309.82071121
1309.92715345
1310.02193308
1310.13865042
1310.24585140
1310.35195353
1310.45918109
1310.56494091
1310.68121672
1310.78799907
1310.89490529
1311.00141604
1311.10719245
1311.22376984
1311.34168624
1311.44838838
1311.55450417
1311.66176878
1311.76657141
1311.88510733
1312.00117540
1312.10854900
1312.21434954
1312.31973341
1312.43789386
1312.55506615
1312.65045238
1312.75704749
1312.86388568
1312.96943753
1313.08604980
1313.20248627
1313.30998055
1313.41657225
1313.51125314
1313.62963789
1313.74711202
1313.85382782
1313.96006136
1314.06555958
1314.17131867
1314.27838848
1314.38468468
1314.49161040
1314.59703255
1314.69367586
1314.79968144
1314.91559226
1315.01318813
1315.11892235
1315.22500717
1315.34239402
1315.45823413
1315.56559432
1315.66251094
1315.76822273
1315.87527937
1315.99135330
1316.10894300
1316.21588895
1316.31110037
1316.41718811
1316.53410270
1316.65098607
1316.75887996
1316.86448326
1316.97090137
1317.10932139
1317.22622671
1317.34356113
1317.45162690
1317.55699468
1317.65177821
1317.76942300
1317.88703415
1317.99287370
1318.10055474
1318.20534957
1318.31254933
1318.42939442
1318.53646399
1318.64381686
1318.74873286
1318.85448586
1318.97244102
1319.07721732
1319.18515460
1319.29174533
1319.39748516
1319.51488907
1319.63123850
1319.73847142
1319.84469375
1319.95128715
1320.05672905
1320.16271732
1320.26950870
1320.37718804
1320.47185161
1320.57765435
1320.68381816
1320.80134105
1320.90930515
1321.01617114
1321.11019032
1321.21560101
1321.33271064
1321.44969106
1321.55831515
1321.66424881
1321.76916383
1321.87668981
1321.99377848
1322.10174136
1322.20688093
1322.31260491
1322.42913233
1322.54722159
1322.65442232
1322.76105596
1322.86582860
1322.97225402
1323.08876120
1323.20619095
1323.31351213
1323.41890380
1323.53750774
1323.67022970
1323.76699710
1323.87601251
1323.98626403
1324.09413914
1324.20384502
1324.31327539
1324.42148525
1324.53270128
1324.63996273
1324.76055078
1324.87003553
1325.02107024
1325.13134370
1325.23974374
1325.34963637
1325.45937053
1325.56680727
1325.67790310
1325.77502964
1325.88445806
1325.99294928
1326.09160377
1326.19981266
1326.30957802
1326.40779878
1326.51596109
1326.62463883
1326.73514269
1326.84368974
1326.95327298
1327.06174860
1327.17213348
1327.32365435
1327.41063525
1327.51051708
1327.61821494
1327.71721540
1327.82596042
1327.93520111
1328.04403439
1328.14134354
1328.25135564
1328.35995194
1328.45988009
1328.56788686
1328.67669503
1328.78621220
1328.89426212
1329.00466115
1329.11279713
1329.22594267
1329.34070929
1329.45031155
1329.56174384
1329.66902284
1329.77775592
1329.88847067
1329.98587906
1330.07360187
1330.18145333
1330.34669408
1330.45403111
1330.56265666
1330.67314273
1330.78177560
1330.89199664
1330.97730623
1331.08621071
1331.19612382
1331.30595233
1331.41683898
1331.52400899
1331.62298507
1331.73171059
1331.83907687
1331.93966550
1332.04769762
1332.15687907
1332.26537077
1332.37401705
1332.50544487
1332.61418624
1332.71351535
1332.81148254
1332.93098126
1333.04155973
1333.14922662
1333.25907513
1333.36713480
1333.46567519
1333.57440973
1333.68327105
1333.79289233
1333.90148814
1334.01142929
1334.11969889
1334.23012546
1334.33839969
1334.43635274
1334.54679614
1334.65342124
1334.76215139
1334.87266428
1334.98205271
1335.09072703
1335.19935795
1335.31076318
1335.41797172
1335.52740282
1335.63624171
1335.73512026
1335.84369827
1335.94217478
1336.05039586
1336.16074320
1336.26823699
1336.37801309
1336.48759145
1336.58695689
1336.69429757
1336.79299716
1336.90180997
1337.01152169
1337.12138361
1337.27184927
1337.35976372
1337.47025929
1337.57776211
1337.68724100
1337.79565493
1337.91519388
1338.02703528
1338.13369012
1338.24338747
1338.35236289
1338.46193248
1338.57134676
1338.68009471
1338.78932101
1338.89816989
1339.00786163
1339.11735052
1339.22380227
1339.33369807
1339.44255330
1339.55316176
1339.65101679
1339.75989567
1339.86888304
1339.97856697
1340.08843181
1340.19714002
1340.30561295
1340.41467030
1340.52305229
1340.63292371
1340.74075103
1340.85205264
1340.95967834
1341.08984566
1341.20066282
1341.30849210
1341.41976298
1341.52797528
1341.62489824
1341.73434348
1341.84248679
1341.95286363
1342.06106276
1342.17118848
1342.27955828
1342.38721323
1342.49916020
1342.60744735
1342.71641985
1342.82511367
1342.94595748
1343.05555779
1343.16296820
1343.26097879
1343.36952852
1343.48046003
1343.58876132
1343.69768335
1343.80761572
1343.92004129
1344.03702146
1344.14422025
1344.24454410
1344.35264010
1344.46176888
1344.57047831
1344.68016931
1344.77704131
1344.88605160
1344.99523402
1345.10515981
1345.21389849
1345.32349222
1345.47634697
1345.57318142
1345.67192929
1345.75961968
1345.86833496
1345.97709388
1346.09775264
1346.20732320
1346.31640078
1346.41422217
1346.52290137
1346.63385969
1346.74151221
1346.85007779
1346.94908629
1347.04779685
1347.14529154
1347.25522416
1347.35192891
1347.46239620
1347.55903390
1347.66901138
1347.76647754
1347.88562006
1347.99671321
1348.10431306
1348.21493956
1348.32354805
1348.43335754
1348.54131458
1348.65000742
1348.76043888
1348.85729674
1348.96688193
1349.07516127
1349.18421740
1349.29462618
1349.40266293
1349.53601758
1349.64403970
1349.74152927
1349.85080336
1349.95979878
1350.05812705
1350.16592585
1350.27692392
1350.42956631
1350.51481836
1350.62505574
1350.73397363
1350.84443824
1350.95302039
1351.07242500
1351.18244905
1351.33320631
1351.44370286
1351.55145850
1351.65002473
1351.76074851
1351.86795925
1351.97891245
1352.08707428
1352.19503131
1352.29995073
1352.41540660
1352.51041638
1352.61572906
1352.72142037
1352.82614230
1352.93181387
1353.03567344
1353.12921062
1353.23532079
1353.33903359
1353.44488143
1353.54941392
1353.65442695
1353.76009267
1353.86649883
1353.97058002
1354.07529513
1354.21263824
1354.28695423
1354.39064679
1354.48527453
1354.58888030
1354.70648608
1354.81140330
1354.91610109
1355.02154420
1355.13632863
1355.24242686
1355.34780609
1355.45327920
1355.55840122
1355.67456657
1355.77854708
1355.88363399
1355.98876356
1356.09236689
1356.19880816
1356.31455393
1356.41821309
1356.52467825
1356.63037663
1356.73526118
1356.84002309
1356.94574488
1357.04976074
1357.15508000
1357.24899069
1357.35404542
1357.45997420
1357.56334104
1357.67058346
1357.77366285
1357.88911019
1358.00553057
1358.11232390
1358.21692441
1358.32265010
1358.42627854
1358.53115992
1358.62614947
1358.71969786
1358.82512879
1358.94139094
1359.04627597
1359.16201149
1359.26579890
1359.38165950
1359.48915305
1359.59416243
1359.69782208
1359.80226094
1359.90896772
1360.01371086
1360.11891065
1360.22419505
1360.32866049
1360.43239669
1360.53794099
1360.64217773
1360.74812407
1360.85371883
1360.95920559
1361.06418864
1361.16857679
1361.26332424
1361.36876613
1361.47297484
1361.57807126
1361.68305162
1361.78779208
1361.89400002
1361.99845425
1362.10387079
1362.20891991
1362.31415993
1362.41826965
1362.52385174
1362.62876554
1362.73412601
1362.83892741
1362.97654994
1363.09324924
1363.19795410
1363.30333285
1363.40669164
1363.51128849
1363.61715242
1363.72324139
1363.82902340
1363.93357856
1364.03804668
1364.14401008
1364.24808299
1364.34260345
1364.44741193
1364.55145168
1364.66875855
1364.77249524
1364.91030355
1364.99290637
1365.08815679
1365.19418213
1365.29841131
1365.40371473
1365.50879457
1365.60316411
1365.70888687
1365.81384822
1365.91848311
1366.02231684
1366.12831657
1366.24412401
1366.35939240
1366.46536848
1366.57041419
1366.67644976
1366.81387796
1366.89724537
1367.00153697
1367.10772419
1367.21072580
1367.32768525
1367.43127127
1367.53730513
1367.64124443
1367.75655402
1367.86384667
1367.96940267
1368.07340317
1368.17918542
1368.28271122
1368.38917370
1368.49421575
1368.59877359
1368.70424767
1368.80811870
1368.91431811
1369.01914342
1369.13388005
1369.24076188
1369.34524927
1369.45087109
1369.55534531
1369.66034469
1369.76488254
1369.86966884
1370.00724991
1370.11250334
1370.20701283
1370.31313520
1370.46011244
1370.56584861
1370.68127060
1370.78625633
1370.89267126
1370.99742318
1371.10144976
1371.19632984
1371.28982508
1371.45960971
1371.56610730
1371.67045912
1371.77574205
1371.88037182
1371.98549042
1372.10120985
1372.20827820
1372.31267294
1372.41765306
1372.52306716
1372.62742288
1372.73288941
1372.82579999
1372.93136696
1373.03517851
1373.14075742
1373.24664476
1373.35204496
1373.46622840
1373.57208818
1373.67772049
1373.78256993
1373.87829920
1373.99328720
1374.08695579
1374.19361186
1374.29761674
1374.40250226
1374.50648008
1374.61126394
1374.72754608
1374.84322211
1374.94920551
1375.05534763
1375.15933349
1375.26506967
1375.36910405
1375.47470516
1375.57870077
1375.68467271
1375.80026878
1375.90469496
1376.01050769
1376.11530325
1376.22990286
1376.32698040
1376.43177205
1376.53644278
1376.64125467
1376.74624308
1376.85094989
1376.95644811
1377.06249246
1377.16537070
1377.27004216
1377.37607724
1377.47988318
1377.61808792
1377.70124199
1377.79718288
1377.90241315
1378.00626760
1378.11226953
1378.22763641
1378.32129671
1378.49308594
1378.59777909
1378.70174984
1378.80665560
1378.89360457
1378.98775761
1379.05841377
1379.16568302
1379.27025208
1379.36516970
1379.45974453
1379.56362068
1379.66826337
1379.77330688
1379.88873765
1379.99448187
1380.10978755
1380.21765803
1380.32136596
1380.43030627
1380.53376453
1380.63766214
1380.74180210
1380.84553001
1380.95164458
1381.05628020
1381.16045940
1381.26417781
1381.36804665
1381.46167818
1381.55555352
1381.64935085
1381.74248086
1381.84603129
1381.95159411
1382.05630555
1382.16129835
1382.26453573
1382.36835507
1382.47481170
1382.57911623
1382.68430846
1382.78781866
1382.89105652
1382.99755142
1383.10140368
1383.20492778
1383.30989595
1383.41454790
1383.51868127
1383.62369870
1383.76059735
1383.86575643
1383.98015880
1384.09436442
1384.19988336
1384.30430613
1384.40925773
1384.51354080
1384.61951810
1384.72245242
1384.82608988
1384.93231562
1385.03641925
1385.14107242
1385.24489079
1385.33835946
1385.50799219
1385.61102842
1385.71699231
1385.82030014
1385.92459150
1386.01838517
1386.11266255
1386.21697561
1386.31046500
1386.40422429
1386.50897645
1386.61298548
1386.71738460
1386.82248248
1386.92588296
1387.03095280
1387.13503961
1387.23905985
1387.34350311
1387.44805924
1387.55277776
1387.65618774
1387.76120956
1387.86616969
1387.96959991
1388.07357749
1388.17894892
1388.28235672
1388.38836791
1388.49288309
1388.60587770
1388.71064303
1388.80616165
1388.91074972
1389.01608532
1389.11866172
1389.22329417
1389.32789761
1389.43277972
1389.53699111
1389.64099331
1389.74515252
1389.85002439
1389.95508936
1390.05950336
1390.16380374
1390.27945929
1390.38313162
1390.48822657
1390.58158211
1390.67522462
1390.76797258
1390.86176966
1390.95568962
1391.06074434
1391.16333440
1391.26879288
1391.37311520
1391.47692333
1391.58137536
1391.68612338
1391.78985666
1391.89460199
1391.99827456
1392.10365282
1392.20756287
1392.31235062
1392.41745411
1392.52093602
1392.62660612
1392.73004927
1392.86624624
1392.96000894
1393.07595122
1393.19187276
1393.29561872
1393.40050010
1393.49411969
1393.59915735
1393.70448538
1393.80820282
1393.91186076
1394.01692548
1394.12142481
1394.22597802
1394.32913860
1394.43387491
1394.53896986
1394.64172717
1394.74652371
1394.85125831
1394.95617358
1395.07171893
1395.16457710
1395.25802504
1395.35154759
1395.44627919
1395.58315176
1395.68718834
1395.79065050
1395.89492626
1396.00007899
1396.10397806
1396.20978226
1396.31290187
1396.41750214
1396.52119007
1396.62600660
1396.74169263
1396.85707146
1396.96113266
1397.06580144
1397.17172656
1397.27573145
1397.37866966
1397.51624074
1397.61000271
1397.72577895
1397.84156714
1397.94582729
1398.04977342
1398.15438660
1398.25881840
1398.38498237
1398.48930738
1398.59380866
1398.69868492
1398.83526954
1398.91713167
1399.02214471
1399.12686273
1399.23133744
1399.33521018
1399.43994381
1399.54455285
1399.63697314
1399.78560097
1399.87843841
1399.97287915
1400.07831617
1400.17043705
1400.27600159
1400.37932502
1400.48519359
1400.58932281
1400.69318824
1400.79827661
1400.90342350
1401.00711557
1401.10975171
1401.21352010
1401.31865699
1401.42422079
1401.52733480
1401.63216693
1401.73638856
1401.84078963
1401.94631857
1402.05033393
1402.18687126
1402.28115791
1402.39629464
1402.51008042
1402.61660897
1402.72117315
1402.82420134
1402.92947061
1403.03434078
1403.13879378
1403.24362055
1403.34718389
1403.45208014
1403.55580757
1403.66122436
1403.76520852
1403.85690055
1403.96168172
1404.06649776
1404.16105698
1404.26560190
1404.35927878
1404.45200213
1404.54661499
1404.63879342
1404.73256538
1404.83782832
1404.94185442
1405.04578811
1405.15066339
1405.25494890
1405.35959744
1405.46346043
1405.56830280
1405.67208484
1405.77677800
1405.88138802
1405.98555186
1406.09130925
1406.19424747
1406.29941898
1406.40229429
1406.50778934
1406.61252346
1406.74969957
1406.83195666
1406.94661236
1407.05133014
1407.14685241
1407.25053498
1407.35442113
1407.45957070
1407.56397079
1407.66773089
1407.77270468
1407.87648696
1407.98087511
1408.08563898
1408.19013026
1408.29524155
1408.39833556
1408.50508111
1408.60715527
1408.71283463
1408.81751292
1408.90909011
1409.00368640
1409.09657845
1409.19145293
1409.28516369
1409.38797855
1409.49489817
1409.59431968
1409.69837991
1409.80446449
1409.90873634
1410.01198688
1410.11674684
1410.22232235
1410.35900425
1410.45329334
1410.55976240
1410.66425149
1410.76817446
1410.87386894
1411.01048575
1411.09237884
1411.19910025
1411.30351912
1411.40703273
1411.52340313
1411.61636150
1411.72154033
1411.82545866
1411.93018034
1412.03528993
1412.13983485
1412.25697471
1412.36073359
1412.46457317
1412.58045181
1412.68601366
1412.79156990
1412.89645787
1413.00020748
1413.10485041
1413.21053100
1413.30408866
1413.40913753
1413.50222464
1413.59560626
1413.69045002
1413.79539966
1413.89905443
1414.00376710
1414.10776320
1414.21259241
1414.31858677
1414.42301247
1414.52723069
1414.63195993
1414.74754332
1414.85311175
1414.95802629
1415.06365201
1415.16762325
1415.27137823
1415.37622499
1415.48086792
1415.58653900
1415.68019369
1415.77386448
1415.86822183
1415.97343113
1416.07713954
1416.18167471
1416.29591008
1416.40160773
1416.50716348
1416.61113935
1416.74798461
1416.83066301
1416.93804782
1417.04272830
1417.14713011
1417.25139319
1417.35504650
1417.46136879
1417.56418218
1417.67016655
1417.77485946
1417.87942291
1417.99495095
1418.10057059
1418.20540028
1418.30886366
1418.42532744
1418.52894077
1418.63472132
1418.73872132
1418.84301585
1418.95878112
1419.07544653
1419.18045908
1419.28416725
1419.39019745
1419.49530143
1419.60016062
1419.70471066
1419.82005121
1419.92299285
1420.01768861
1420.11128503
1420.21605108
1420.31960126
1420.42553931
1420.54280474
1420.64677134
1420.75117656
1420.85482719
1420.96066089
1421.07557282
1421.19242426
1421.29686849
1421.40073099
1421.50582716
1421.61220163
1421.71615653
1421.82078118
1421.92552846
1422.02882362
1422.12366713
1422.21824707
1422.32214639
1422.42754879
1422.53231801
1422.64867208
1422.75239683
1422.85839534
1422.96079181
1423.06630295
1423.18205700
1423.28775783
1423.38159562
1423.48656087
1423.59028781
1423.69600375
1423.79999059
1423.90453478
1424.00969703
1424.11486317
1424.20830917
1424.30176589
1424.40659606
1424.52143096
1424.62712154
1424.74300115
1424.84668713
1424.95243355
1425.05733589
1425.19356188
1425.28814134
1425.39263750
1425.49758056
1425.60218009
1425.70793187
1425.81200697
1425.91639683
1426.02186311
1426.12679715
1426.24162546
1426.33626831
1426.44006230
1426.53456594
1426.63825289
1426.74350559
1426.84770211
1426.95272246
1427.05664957
1427.16313131
1427.26808022
1427.38367994
1427.49785875
1427.60391285
1427.70816495
1427.81373851
1427.91880835
1428.02246263
1428.12760001
1428.23107778
1428.33719527
1428.42989326
1428.52402143
1428.62897522
1428.73296060
1428.83831935
1428.94331118
1429.04757328
1429.15181710
1429.25669263
1429.36138700
1429.46712464
1429.58171523
1429.68744775
1429.79231109
1429.89743627
1430.00160914
1430.10755353
1430.21186610
1430.31545968
1430.42030497
1430.52572736
1430.61874157
1430.71232214
1430.81693460
1430.92289849
1431.02730566
1431.13128495
1431.23739025
1431.34074148
1431.45758706
1431.59503551
1431.68890548
1431.79373347
1431.88659188
1432.00313149
1432.09678399
1432.20145666
1432.29534078
1432.39924253
1432.50536734
1432.61029114
1432.72522087
1432.81840940
1432.92377816
1433.03948198
1433.14411273
1433.23712961
1433.34232843
1433.44729222
1433.56254061
1433.66670787
1433.78237805
1433.89712054
1434.00361837
1434.10965029
1434.21428737
1434.33174589
1434.41171777
1434.51736495
1434.62111798
1434.72574896
1434.82003317
1434.91282332
1435.05101879
1435.16665192
1435.27137555
1435.36425834
1435.46918190
1435.57450579
1435.69325529
1435.81046025
1435.91577073
1436.02241070
1436.12792720
1436.23298925
1436.34934453
1436.46574492
1436.58230013
1436.68876651
1436.79368397
1436.88996669
1436.99534227
1437.10032117
1437.21656357
1437.33284840
1437.43920287
1437.54507582
1437.64972802
1437.75514529
1437.86178892
1437.96700627
1438.08385429
1438.20009938
1438.31617355
1438.42300662
1438.52860358
1438.63455943
1438.72851205
1438.83433502
1438.94048177
1439.05709038
1439.15127901
1439.25902198
1439.36316388
1439.48141040
1439.58548477
1439.69014330
1439.79696199
1439.91277553
1440.01963493
1440.12619616
1440.23031295
1440.33682639
1440.44170630
1440.55830418
1440.67562593
1440.77949623
1440.88626103
1440.99198916
1441.09830609
1441.22313521
1441.33238589
1441.43559279
1441.53991121
1441.65726514
1441.77328226
1441.87822215
1441.98513495
1442.09076043
1442.23004671
1442.31233477
1442.41862683
1442.52400119
1442.62893231
1442.74510205
1442.85281869
1442.95797777
1443.09604037
1443.19178499
1443.29740585
1443.41272372
1443.53024832
1443.67833270
1443.78503411
1443.89011883
1443.99673759
1444.10146659
1444.21904604
1444.33421617
1444.43984263
1444.55647098
1444.66299100
1444.76848239
1444.87352517
1444.98016002
1445.09679593
1445.21177686
1445.32838474
1445.43552233
1445.54069359
1445.63517578
1445.74174578
1445.84686292
1445.96341740
1446.08017131
1446.19608067
1446.30349547
1446.40883740
1446.51382947
1446.61883300
1446.75778257
1446.87480614
1446.99024982
1447.10583662
1447.21336991
1447.31934746
1447.42515312
1447.51947000
1447.63509605
1447.75353225
1447.86787416
1447.97547035
1448.08108438
1448.18631343
1448.29152834
1448.39698559
1448.51536742
1448.61928356
1448.72437510
1448.83038263
1448.93722424
1449.07452201
1449.14770087
1449.25489112
1449.36957948
1449.48628268
1449.59200423
1449.69949168
1449.80389446
1449.90955042
1450.01616943
1450.12099888
1450.23797807
1450.35449744
1450.47138277
1450.57670568
1450.68346464
1450.77726440
1450.94934180
1451.06467455
1451.18121245
1451.29718300
1451.40442933
1451.51015112
1451.64805183
1451.73192051
1451.83758598
1451.94253830
1452.04831275
1452.15322632
1452.26062624
1452.36577142
1452.47092416
1452.57714478
1452.68222560
1452.78765506
1452.89256326
1453.00004632
1453.10577128
1453.21077749
1453.31655584
1453.42306099
1453.53906178
1453.65456154
1453.76013290
1453.86582128
1453.97306493
1454.07854291
1454.18462188
1454.28989774
1454.39450386
1454.50036803
1454.60639970
1454.71390300
1454.81858958
1454.92541070
1455.02944972
1455.12422277
1455.24102008
1455.35649521
1455.47290292
1455.57926397
1455.68631477
1455.79089090
1455.89675483
1456.02427511
1456.12985452
1456.24663647
1456.36163374
1456.46423501
1456.56524007
1456.67165866
1456.76329437
1456.88135949
1456.99689436
1457.11279250
1457.20911154
1457.31519417
1457.42141162
1457.52663165
1457.63237685
1457.74928436
1457.85295547
1457.96931319
1458.07715929
1458.18204823
1458.28737309
1458.39266334
1458.49996794
1458.61455171
1458.73102134
1458.83600268
1458.94503028
1459.04942136
1459.14518500
1459.24916428
1459.36568950
1459.48325091
1459.58761103
1459.69403694
1459.79982187
1459.90534032
1460.01031874
1460.11654180
1460.23310335
1460.34955226
1460.46687620
1460.57258189
1460.67948226
1460.78433048
1460.89009761
1460.99559461
1461.11120872
1461.22721414
1461.32862465
1461.44868534
1461.55911021
1461.71119916
1461.79907045
1461.90971816
1462.01814989
1462.12734718
1462.22523440
1462.33581287
1462.44432530
1462.55565592
1462.66422272
1462.76268046
1462.87151959
1462.96972060
1463.08112972
1463.19014855
1463.30068362
1463.40780780
1463.50855076
1463.61612403
1463.72536765
1463.83448302
1463.94506977
1464.04386324
1464.15163497
1464.24076871
1464.35025613
1464.45006823
1464.55754618
1464.66703921
1464.77695061
1464.88588118
1464.99639040
1465.10442545
1465.21380268
1465.32325718
1465.42349180
1465.53114700
1465.63166785
1465.73986430
1465.85036329
1465.94813446
1466.05807805
1466.16757644
1466.27628904
1466.37519368
1466.48633778
1466.59254963
1466.69207427
1466.80107749
1466.91153747
1467.00946370
1467.11958015
1467.22880182
1467.34854313
1467.45860424
1467.55701297
1467.66685757
1467.77451179
1467.88615497
1467.99589620
1468.09390679
1468.20244872
1468.30074871
1468.41068889
1468.50894719
1468.61877131
1468.71645349
1468.82714558
1468.93621023
1469.04550822
1469.15500759
1469.26385964
1469.37413213
1469.48371683
1469.58305301
1469.69100834
1469.80134666
1469.90088374
1470.00971726
1470.11843790
1470.20633675
1470.31597387
1470.42495100
1470.53424459
1470.63283691
1470.74390690
1470.85155771
1470.96249897
1471.07186985
1471.16882840
1471.26901840
1471.37837490
1471.48739762
1471.58510735
1471.69565656
1471.80494772
1471.90474275
1472.01236162
1472.12239883
1472.23184895
1472.34076903
1472.45048588
1472.54808101
1472.65880016
1472.75747879
1472.86765083
1472.97681008
1473.07378058
1473.17343225
1473.28211705
1473.38301605
1473.48996615
1473.60012161
1473.69811709
1473.79819323
1473.90781133
1474.00448975
1474.10391589
1474.20171364
1474.31177864
1474.41042387
1474.50907080
1474.61759420
1474.71523103
1474.82625275
1474.92482263
1475.03500808
1475.14430729
1475.25335146
1475.36205333
1475.47268056
1475.58124492
1475.69175025
1475.80044578
1475.89932287
1476.00893341
1476.11752045
1476.22793825
1476.33663622
1476.44684361
1476.55572029
1476.65426726
1476.76402312
1476.86170749
1476.97297764
1477.08017375
1477.19201100
1477.30093889
1477.41021639
1477.51901407
1477.62780810
1477.73839974
1477.83571596
1477.94658944
1478.05545246
1478.16513177
1478.27466381
1478.38366190
1478.53618654
1478.61198927
1478.72258383
1478.83208588
1478.94213699
1479.03989865
1479.15118344
1479.25903027
1479.35788931
1479.46757154
1479.56517911
1479.67574247
1479.82860599
1479.93763530
1480.04647663
1480.15794207
1480.25559817
1480.36484324
1480.47387840
1480.57172978
1480.68227265
1480.79100646
1480.90175657
1481.01069445
1481.12012750
1481.22997016
1481.32784031
1481.43664165
1481.54568144
1481.65708569
1481.76525216
1481.87597423
1481.98358652
1482.09408867
1482.20278469
1482.30265360
1482.41077812
1482.52044938
1482.63007334
1482.72782305
1482.83948086
1482.94727040
1483.05859200
1483.15602476
1483.26461228
1483.37572664
1483.48368587
1483.59459031
1483.70367301
1483.81228175
1483.92131885
1484.03111372
1484.14055457
1484.23941167
1484.34795019
1484.44577694
1484.55661946
1484.66533181
1484.77594588
1484.88520290
1484.99486562
1485.10475289
1485.21326605
1485.32412466
1485.42099568
1485.53169971
1485.62849589
1485.73962244
1485.84864224
1485.95832788
1486.05602249
1486.15462407
1486.26481416
1486.37096480
1486.47850736
1486.58355160
1486.69251240
1486.79940740
1486.90445847
1487.04368330
1487.16076709
1487.26907521
1487.37535191
1487.48174637
1487.58716729
1487.69808442
1487.80407049
1487.89907345
1487.97450218
1488.08173730
1488.18896583
1488.30545374
1488.41303946
1488.52897685
1488.63734348
1488.74316743
1488.85074826
1488.95555235
1489.02986273
