1861.52093568
1861.58872352
1861.65035199
1861.71463798
1861.77824668
1861.84514680
1861.90898589
1861.97285985
1862.03852703
1862.10334502
1862.19312057
1862.24191954
1862.30672632
1862.37155576
1862.46830695
1862.52220812
1862.61897053
1862.67199277
1862.73761118
1862.80479242
1862.86739808
1862.93123473
1862.99503896
1863.05881540
1863.12461643
1863.20549147
1863.25328716
1863.31822511
1863.38291388
1863.47877175
1863.54351562
1863.60849940
1863.67220293
1863.73801030
1863.80075469
1863.86571067
1863.93133811
1863.99538664
1864.05995472
1864.12477588
1864.18860132
1864.27051377
1864.31831263
1864.38315744
1864.44689316
1864.51274441
1864.58656068
1864.65034955
1864.71625493
1864.78101367
1864.84491128
1864.90875232
1864.97375683
1865.03863650
1865.10252509
1865.16709512
1865.23184679
1865.31362808
1865.36157932
1865.42890611
1865.49055774
1865.55523554
1865.62997048
1865.69474361
1865.75860245
1865.82684377
1865.88819528
1865.95302473
1866.01700694
1866.08170204
1866.14655685
1866.21067827
1866.27615869
1866.35700716
1866.40411190
1866.47223887
1866.53349334
1866.59837472
1866.67224877
1866.73904625
1866.80288315
1866.86693070
1866.93262250
1866.99645160
1867.06026899
1867.12534127
1867.19002809
1867.25474563
1867.32109328
1867.40038600
1867.45921408
1867.52402182
1867.60992812
1867.69170794
1867.77366818
1867.85532073
1867.93515544
1868.01884258
1868.09961863
1868.18274355
1868.27917267
1868.34612448
1868.42870204
1868.51065058
1868.59235920
1868.67416901
1868.75602661
1868.83596274
1868.91861345
1869.00026795
1869.08315149
1869.17794538
1869.24465045
1869.32998892
1869.40837393
1869.49110534
1869.59567916
1869.67758795
1869.84603159
1869.92781482
1870.02703385
1870.09037849
1870.17219781
1870.25839375
1870.33920638
1870.41757238
1870.50124952
1870.58213334
1870.66638905
1870.74564739
1870.82741478
1870.92222353
1870.99109461
1871.07386796
1871.15380701
1871.23843258
1871.31824290
1871.39918889
1871.48093848
1871.56263394
1871.64538900
1871.72811626
1871.82196197
1871.88980125
1871.98335634
1872.06540435
1872.14699546
1872.22974906
1872.31154814
1872.39336819
1872.47325507
1872.55700097
1872.63891293
1872.73558269
1872.80255547
1872.88532686
1872.97619468
1873.05803643
1873.13963095
1873.22057085
1873.30414949
1873.38528322
1873.46770913
1873.54764234
1873.64523247
1873.71313661
1873.79393509
1873.87482403
1873.95772659
1874.03846510
1874.12305263
1874.20387184
1874.31767848
1874.39944611
1874.49808853
1874.56486870
1874.64486213
1874.72754819
1874.80833887
1874.89108466
1874.97197409
1875.05549837
1875.16839633
1875.24011998
1875.33677852
1875.40270731
1875.48542092
1875.56626646
1875.64905907
1875.72971907
1875.80762768
1875.88843567
1875.96822381
1876.04803975
1876.12690287
1876.22350826
1876.33943946
1876.42102131
1876.50073143
1876.57981423
1876.65835821
1876.73911646
1876.81899920
1876.89883561
1876.97877345
1877.07236585
1877.13915625
1877.21889539
1877.29611841
1877.37552718
1877.45549793
1877.53537165
1877.61606822
1877.69566594
1877.77642883
1877.85524759
1877.94916205
1878.01375330
1878.09377988
1878.17445476
1878.25327278
1878.35598340
1878.43488993
1878.51354411
1878.59432406
1878.67402004
1878.75393740
1878.84767218
1878.91367728
1879.01418533
1879.10394186
1879.17292436
1879.25454985
1879.33255257
1879.41337715
1879.49310628
1879.57378213
1879.68756488
1879.75356462
1879.87525826
1879.95693836
1880.03583635
1880.11644442
1880.19553136
1880.27410923
1880.35386031
1880.43370550
1880.52948413
1880.59421654
1880.67402590
1880.75269007
1880.83365996
1880.91239143
1880.99218054
1881.07200842
1881.15369242
1881.23151936
1881.31317142
1881.40593510
1881.47074797
1881.54959403
1881.62948799
1881.71021625
1881.79007120
1881.86890043
1881.94959676
1882.02844965
1882.10744053
1882.18813979
1882.29289719
1882.35962616
1882.43838981
1882.54011301
1882.59701328
1882.67702890
1882.75671610
1882.83651521
1882.91612074
1882.99504628
1883.07581063
1883.17046433
1883.23527256
1883.31517432
1883.39485225
1883.47478473
1883.55349889
1883.63338967
1883.71305859
1883.79386682
1883.87273970
1883.95155821
1884.04730832
1884.11199733
1884.19098017
1884.26874030
1884.35050159
1884.43030338
1884.51014248
1884.59081418
1884.66984188
1884.74961783
1884.83039071
1884.92795818
1884.98886278
1885.06758498
1885.14829009
1885.22905859
1885.30786588
1885.38770546
1885.46641158
1885.54543659
1885.62615730
1885.70595593
1885.80052307
1885.86555732
1885.96712326
1886.03495351
1886.11466461
1886.19451809
1886.27533193
1886.35400099
1886.43403806
1886.51280220
1886.63549131
1886.71537600
1886.79704049
1886.87679962
1886.96657639
1887.04741169
1887.12610659
1887.20588863
1887.28568823
1887.36373947
1887.44458916
1887.53902464
1887.60404841
1887.68376292
1887.76248975
1887.84224108
1887.92304980
1888.00285501
1888.08357816
1888.16348016
1888.24151409
1888.32337802
1888.41678707
1888.48088094
1888.56156045
1888.64126423
1888.71918040
1888.79982992
1888.87979189
1888.96186892
1889.03926260
1889.11907098
1889.19810282
1889.29286842
1889.35849318
1889.43661732
1889.51812724
1889.59605072
1889.67678826
1889.75677340
1889.83535151
1889.91511917
1889.99595886
1890.07567507
1890.17049090
1890.23437095
1890.31432927
1890.39390140
1890.47372781
1890.55241442
1890.63309759
1890.71201508
1890.79189489
1890.87247224
1890.95123590
1891.04810362
1891.11103818
1891.19088776
1891.27045794
1891.35023340
1891.43003958
1891.51080905
1891.58974313
1891.67040557
1891.74824957
1891.82899490
1891.92300616
1891.98659633
1892.07338789
1892.14809358
1892.22792122
1892.30763475
1892.38573134
1892.46436992
1892.54615559
1892.62595177
1892.70574649
1892.79951979
1892.86635823
1892.94638652
1893.02486784
1893.10374779
1893.18266334
1893.26329189
1893.34206261
1893.42192560
1893.50169448
1893.58245590
1893.67718762
1893.74109547
1893.82104037
1893.90067955
1893.98135930
1894.06105991
1894.13897730
1894.21880103
1894.29959684
1894.37944325
1894.45917726
1894.55380121
1894.61860603
1894.69748062
1894.77731630
1894.85804457
1894.93677482
1895.01664195
1895.09853783
1895.17715031
1895.25594371
1895.33566358
1895.43046064
1895.49441505
1895.57522500
1895.65589890
1895.73462939
1895.81341206
1895.89248023
1895.97403575
1896.05385924
1896.13359569
1896.21340333
1896.30821233
1896.37206703
1896.45188492
1896.53174083
1896.60850574
1896.72042017
1896.78846181
1896.86904428
1896.94773479
1897.02654501
1897.10841748
1897.20110290
1897.26783601
1897.34765536
1897.42642437
1897.50423180
1897.58506296
1897.66585511
1897.74461754
1897.82535532
1897.95825127
1898.05485032
1898.11859214
1898.19759155
1898.27813136
1898.35619601
1898.44309217
1898.51667292
1898.59745214
1898.67622408
1898.75616899
1898.85674897
1898.95081679
1899.01656881
1899.09705181
1899.17790978
1899.25479561
1899.33553729
1899.41423682
1899.49417076
1899.57393183
1899.65567094
1899.73367488
1899.82831541
1899.89305075
1899.97284937
1900.05268042
1900.13262752
1900.21322072
1900.29217722
1900.39290153
1900.47175564
1900.55235444
1900.63219525
1900.72897301
1900.79190391
1900.87162891
1900.95136828
1901.03125858
1901.11025556
1901.19011123
1901.26962728
1901.35030947
1901.42922940
1901.51020757
1901.60374194
1901.66775682
1901.77024095
1901.85110989
1901.92888295
1902.00977993
1902.08954296
1902.16929209
1902.24826907
1902.32788289
1902.40778733
1902.50231424
1902.56812527
1902.64807261
1902.74782851
1902.84042640
1902.90723022
1902.99209301
1903.06716417
1903.15460354
1903.22644471
1903.30522835
1903.40106403
1903.46575646
1903.54563749
1903.62539589
1903.74801844
1903.84076993
1903.91953505
1903.99934123
1904.07717865
1904.15808368
1904.25360509
1904.31858497
1904.39744566
1904.47815466
1904.55595478
1904.63583435
1904.71645680
1904.79533578
1904.87510392
1904.95683035
1905.03565471
1905.13268140
1905.19416993
1905.27496793
1905.35301210
1905.43283413
1905.51265518
1905.59431480
1905.67316793
1905.75079738
1905.83190477
1905.91628141
1906.00618740
1906.07118142
1906.15077622
1906.25165266
1906.34313586
1906.41205887
1906.49089835
1906.57262306
1906.65153398
1906.77343363
1906.86885143
1906.93366600
1907.01347609
1907.09433528
1907.17200813
1907.25380940
1907.33469103
1907.41142667
1907.49123553
1907.57295367
1907.65182387
1907.74762225
1907.81028886
1907.89019208
1907.97092376
1908.04967547
1908.12951212
1908.20919152
1908.28908962
1908.36883729
1908.44878171
1908.55044590
1908.64217583
1908.70795663
1908.78782181
1908.86853082
1908.94820778
1909.02910550
1909.10891972
1909.18675836
1909.26640729
1909.34617860
1909.42602745
1909.52273183
1909.58673427
1909.66636174
1909.74617792
1909.82533459
1909.90371961
1909.98689231
1910.06432939
1910.14415167
1910.22229482
1910.30383059
1910.39859644
1910.46438454
1910.54309943
1910.62191697
1910.70083617
1910.78250335
1910.86139207
1910.94019864
1911.01904957
1911.09988780
1911.18039786
1911.27630083
1911.34022185
1911.41890553
1911.49864613
1911.57960577
1911.65825386
1911.73903844
1911.81697558
1911.89658476
1911.97670717
1912.05690954
1912.15074281
1912.21655043
1912.29454486
1912.37530726
1912.45499519
1912.53484209
1912.61362208
1912.69434547
1912.80948014
1912.88578644
1912.98869382
1913.04632308
1913.12616925
1913.22780297
1913.29478647
1913.37472578
1913.45442005
1913.53633055
1913.61306692
1913.69483724
1913.77340755
1913.86920251
1913.93310451
1914.06573715
1914.14641203
1914.22734729
1914.30611313
1914.38704157
1914.46485071
1914.54554777
1914.62641477
1914.72115575
1914.78532593
1914.86471300
1914.94451894
1915.02307682
1915.10323165
1915.19472776
1915.27459904
1915.35351727
1915.43403001
1915.51528393
1915.60961214
1915.67151880
1915.75130255
1915.83009546
1915.91095758
1915.99160564
1916.07131722
1916.15018742
1916.22994289
1916.30980027
1916.39202650
1916.48436303
1916.55026378
1916.62803391
1916.70677001
1916.78666274
1916.86739418
1916.94806735
1917.02785134
1917.10778089
1917.18755562
1917.26716675
1917.35997066
1917.42578974
1917.50476818
1917.58446758
1917.66427229
1917.74588949
1917.82396243
1917.90252250
1917.98233673
1918.06324712
1918.14401928
1918.23779453
1918.30358312
1918.38248696
1918.46020370
1918.54098780
1918.62069841
1918.70077497
1918.78039147
1918.86022203
1918.94097566
1919.02001579
1919.11443787
1919.17836497
1919.25909129
1919.34142017
1919.41875949
1919.49846302
1919.57637139
1919.65703408
1919.73680515
1919.81704726
1919.89644214
1919.99926443
1920.06129714
1920.14019732
1920.21902217
1920.29844459
1920.37826272
1920.45824347
1920.53683158
1920.61664385
1920.69792606
1920.77515347
1920.86999855
1920.93379157
1921.01366016
1921.09131009
1921.17114114
1921.25090758
1921.33074595
1921.40963930
1921.51382522
1921.56760741
1921.64709884
1921.74280408
1921.80587835
1921.88458324
1921.96430482
1922.04221050
1922.12293438
1922.20183701
1922.28163368
1922.36230368
1922.44109976
1922.51919318
1922.65255408
1922.73331526
1922.81242024
1922.89111880
1922.97086037
1923.05282427
1923.13173006
1923.20827309
1923.28895236
1923.36767505
1923.46145566
1923.52621489
1923.60502999
1923.68585944
1923.76357885
1923.84341331
1923.92221744
1924.00097378
1924.08171887
1924.16059248
1924.24049033
1924.33331960
1924.39725987
1924.47687613
1924.55653480
1924.63633952
1924.71503978
1924.79394387
1924.87363351
1924.95342384
1925.03338850
1925.11237402
1925.20603882
1925.26993375
1925.34858768
1925.42849115
1925.50823345
1925.58985528
1925.66678768
1925.74638248
1925.82547625
1925.90498986
1925.98395416
1926.07887702
1926.14183426
1926.22220315
1926.30095632
1926.38072349
1926.46059623
1926.54030660
1926.61835003
1926.69885790
1926.77691913
1926.85543093
1926.95115568
1927.01531685
1927.09296873
1927.17370724
1927.25346807
1927.33039559
1927.41203766
1927.51373526
1927.58164767
1927.65933418
1927.73813440
1927.83401568
1927.89779577
1927.97763218
1928.05645166
1928.13623176
1928.25701745
1928.33966523
1928.41858760
1928.49635895
1928.57610857
1928.67096316
1928.73477934
1928.81465988
1928.89340207
1928.97311341
1929.05187975
1929.12974496
1929.20846546
1929.27423357
1929.34035302
1929.41988808
1929.49669199
1929.57948313
1929.63930254
1929.70712158
1929.77307109
1929.85075905
1929.91753020
1929.98259005
1930.06216437
1930.12520888
1930.19391295
1930.27169820
1930.33751995
1930.40337437
1930.48017682
1930.56395246
1930.62375822
1930.70350271
1930.76851185
1930.83649692
1930.91307434
1930.97985499
1931.05577972
1931.13545010
1931.20025273
1931.27910001
1931.35583200
1931.42092378
1931.51454031
1931.57741904
1931.64322373
1931.72005421
1931.79805230
1931.86462231
1931.94156202
1932.02020182
1932.08410747
1932.16304813
1932.24070001
1932.30673704
1932.38436600
1932.47726403
1932.52717209
1932.60671227
1932.68374609
1932.74855701
1932.82637907
1932.90505105
1932.96903570
1933.04681363
1933.12549512
1933.19233624
1933.26813443
1933.33693212
1933.41864514
1933.48054449
1933.54641719
1933.61230624
1933.69009733
1933.76897777
1933.83366435
1933.91080154
1933.97824097
1934.05516459
1934.13383755
1934.19874380
1934.26462528
1934.35845636
1934.40933040
1934.47525382
1934.55414401
1934.63178613
1934.69757473
1934.77446251
1934.85321543
1934.91795053
1934.99488731
1935.09479315
1935.16058394
1935.23731934
1935.35281973
1935.39176782
1935.46961475
1935.56943233
1935.62621874
1935.70200182
1935.76879930
1935.83476051
1935.91249456
1935.97831412
1936.05695172
1936.13490178
1936.20057627
1936.29455461
1936.35724902
1936.42211504
1936.48783098
1936.56772152
1936.63160060
1936.69849609
1936.77611261
1936.84214916
1936.90891860
1936.98773223
1937.05239370
1937.11847803
1937.19827690
1937.27987679
1937.32874427
1937.40851632
1937.47338843
1937.54131353
1937.61805527
1937.68480740
1937.74981897
1937.82850680
1937.89644482
1937.96112310
1938.03884179
1938.10483226
1938.17144127
1938.26522627
1938.30812164
1938.37307445
1938.45086165
1938.52780697
1938.59452472
1938.67131303
1938.73907063
1938.80491603
1938.88185647
1938.94867077
1939.01540876
1939.09314354
1939.17126670
1939.25263668
1939.31451701
1939.38140664
1939.44954727
1939.52734665
1939.60287081
1939.66873498
1939.74570932
1939.81336744
1939.87918847
1939.95625155
1940.03276483
1940.10061435
1940.19224383
1940.25609707
1940.32101697
1940.39875613
1940.47661257
1940.54248650
1940.61932405
1940.71897097
1940.77397611
1940.85208074
1940.94933686
1941.00720750
1941.09983709
1941.14971686
1941.21567515
1941.29371517
1941.36037710
1941.42628564
1941.50316221
1941.56999285
1941.63686103
1941.71539648
1941.78226832
1941.84828048
1941.92601965
1941.99078571
1942.07750852
1942.13560931
1942.20217322
1942.26798742
1942.34501734
1942.41267741
1942.48045501
1942.55621614
1942.62312480
1942.69002078
1942.76591601
1942.83357462
1942.90028848
1942.97821830
1943.09185915
1943.13195875
1943.20946337
1943.27627889
1943.34219549
1943.42091354
1943.48488064
1943.55268188
1943.62960184
1943.69557964
1943.76325727
1943.83997462
1943.90683988
1943.97383607
1944.06635179
1944.17442038
1944.24798089
1944.34858598
1944.41357390
1944.48042916
1944.55921549
1944.62395985
1944.69067077
1944.76846748
1944.83526008
1944.90125323
1944.99399936
1945.04485876
1945.11262051
1945.19040161
1945.25531298
1945.33494313
1945.41184066
1945.47754587
1945.54438577
1945.62224684
1945.68614055
1945.75498432
1945.83085834
1945.89768532
1945.98221019
1946.04203155
1946.10791377
1946.18573558
1946.26272430
1946.32939012
1946.40626327
1946.48594365
1946.55091255
1946.62773426
1946.70554023
1946.77129299
1946.84921476
1946.94293394
1946.99286028
1947.07148130
1947.14922510
1947.21515657
1947.29184589
1947.36880632
1947.43553237
1947.51255546
1947.59120745
1947.65702506
1947.73390333
1947.80766303
1947.89029155
1947.95127198
1948.02996931
1948.09593004
1948.17354998
1948.24041889
1948.30723710
1948.38408514
1948.45001490
1948.51769545
1948.59366578
1948.67329300
1948.73816878
1948.83200156
1948.88386351
1948.94860105
1949.02643603
1949.09315012
1949.15815584
1949.23591817
1949.31272939
1949.38047968
1949.45828370
1949.53529411
1949.60099177
1949.67980052
1949.77071662
1949.83253673
1949.91128404
1949.98897323
1950.05381803
1950.13260607
1950.23135089
1950.29806839
1950.37503200
1950.47456481
1950.52946317
1950.60837237
1950.68795815
1950.73980035
1950.81765922
1950.88446840
1950.94934149
1951.02912378
1951.09388862
1951.16180177
1951.23854766
1951.30669486
1951.37220161
1951.44896578
1951.51398833
1951.58173081
1951.67737803
1951.72429723
1951.79315466
1951.86896090
1951.93500232
1952.00253659
1952.07945436
1952.15619293
1952.22296311
1952.30170481
1952.36667518
1952.43346096
1952.51134129
1952.57704455
1952.65975353
1952.72166970
1952.78839891
1952.85428429
1952.93225678
1952.99796102
1953.06382544
1953.14346900
1953.20935634
1953.28641259
1953.36507482
1953.43000593
1953.49575454
1953.57544370
1953.65538861
1953.73922471
1953.81787158
1953.88269323
1953.95043717
1954.02729033
1954.09325545
1954.16095088
1954.23785012
1954.30461371
1954.38238578
1954.45923894
1954.52608689
1954.60778430
1954.67053406
1954.73470375
1954.82326782
1954.89195848
1954.95586169
1955.02265771
1955.10142624
1955.16744938
1955.23329892
1955.31099981
1955.37696468
1955.45579391
1955.54851591
1955.59848102
1955.67516229
1955.74388099
1955.80979003
1955.88757868
1955.96535222
1956.03127930
1956.10904577
1956.18589113
1956.25077446
1956.32851411
1956.40641443
1956.48916559
1956.54998583
1956.62872608
1956.69388126
1956.77240695
1956.84916673
1956.91604930
1956.99298950
1957.07090908
1957.14054548
1957.21535771
1957.29204922
1957.35792462
1957.45060833
1957.51350022
1957.57944559
1957.65706797
1957.73603520
1957.80000278
1957.88063913
1957.94556781
1958.01222290
1958.08802256
1958.15381457
1958.22073517
1958.29947835
1958.36524890
1958.44523842
1958.50982869
1958.57670395
1958.64250425
1958.72039774
1958.78713768
1958.86412737
1958.94183777
1959.01763377
1959.08447392
1959.16210263
1959.24088579
1959.30905275
1959.39954803
1959.46126768
1959.52724133
1959.60504925
1959.70477979
1959.76862059
1959.84842628
1959.94625633
1960.00118053
1960.07985909
1960.14659561
1960.21348184
1960.30621407
1960.35521784
1960.43487652
1960.51086172
1960.57669615
1960.64430405
1960.72126375
1960.79800915
1960.86386528
1960.94275108
1961.00844361
1961.07432778
1961.15411056
1961.21806351
1961.30090902
1961.36269597
1961.42927768
1961.49528643
1961.57491317
1961.64097532
1961.70664323
1961.78466667
1961.85021438
1961.91601346
1961.99488780
1962.06171064
1962.12756677
1962.20452842
1962.28720546
1962.33799001
1962.41583865
1962.48074929
1962.54767988
1962.62635845
1962.69112670
1962.75793149
1962.83672781
1962.90258443
1962.96881310
1963.04642524
1963.11221164
1963.17901302
1963.27355651
1963.33337519
1963.40123421
1963.47848039
1963.54323133
1963.61183422
1963.68770995
1963.75445794
1963.82331122
1963.89911721
1963.96519155
1964.03178058
1964.10966602
1964.17543926
1964.25641548
1964.31925935
1964.38600075
1964.46275443
1964.54043289
1964.60623831
1964.67412342
1964.75105582
1964.81885999
1964.88465541
1964.96248380
1965.02749148
1965.10529793
1965.19987385
1965.24974632
1965.32851753
1965.40447298
1965.47018648
1965.54907813
1965.62508576
1965.69086826
1965.76967214
1965.85027436
1965.91207764
1965.99093662
1966.06978122
1966.15254018
1966.20356269
1966.26820831
1966.33298168
1966.39685612
1966.46176140
1966.52447385
1966.59031510
1966.66415234
1966.72896521
1966.79105619
1966.85559672
1966.92041032
1966.98437790
1967.08203119
1967.16072999
1967.21078287
1967.27272780
1967.33747338
1967.40120203
1967.46602368
1967.53080241
1967.59478925
1967.66950201
1967.73426270
1967.79711169
1967.86201745
1967.92679984
1967.99050459
1968.05441025
1968.11835881
1968.20096953
1968.24686717
1968.31079598
1968.37463240
1968.43958741
1968.50337384
1968.56814014
1968.63280038
1968.70690727
1968.77065201
1968.83535809
1968.91110192
1968.97415814
1969.03790410
1969.10271770
1969.16757786
1969.24941644
1969.29545281
1969.36230441
1969.42388339
1969.48670019
1969.55251414
1969.61640395
1969.68109101
1969.75492044
1969.81967382
1969.88363214
1969.94738029
1970.01218828
1970.10902773
1970.16187394
1970.22766156
1970.30661197
1970.35840346
1970.41935463
1970.48293821
1970.54689433
1970.61259905
1970.67657687
1970.73965236
1970.81527672
1970.88913882
1970.95308592
1971.01782394
1971.08167864
1971.14728145
1971.21113225
1971.27601143
1971.35770275
1971.40359551
1971.46847884
1971.53245910
1971.59628844
1971.66010413
1971.72492943
1971.78865588
1971.86337498
1971.92928792
1971.99119336
1972.05690686
1972.12072840
1972.21664185
1972.26965605
1972.33338957
1972.41422000
1972.46197644
1972.52671714
1972.59063523
1972.65642723
1972.71832926
1972.78418320
1972.85796289
1972.92373881
1972.98767275
1973.05052514
1973.11716804
1973.18007115
1973.24388001
1973.30778762
1973.37248638
1973.45248249
1973.50026429
1973.56406218
1973.62788933
1973.69172403
1973.75754700
1973.82032236
1973.88522860
1973.94801980
1974.01474780
1974.07761190
1974.14238990
1974.20498971
1974.30187743
1974.36664812
1974.43159801
1974.51057475
1974.56011880
1974.62300241
1974.68775335
1974.75267618
1974.81567876
1974.89215523
1974.95860650
1975.01984390
1975.08390633
1975.14856072
1975.21157915
1975.27620282
1975.34107835
1975.40391977
1975.46980053
1975.54966644
1975.59758258
1975.66030966
1975.72614409
1975.78908938
1975.85476606
1975.93205198
1975.99352198
1976.05819661
1976.12300094
1976.18593672
1976.24964148
1976.31463623
1976.37755250
1976.44257773
1976.50631442
1976.58693444
1976.63475061
1976.69868991
1976.76361713
1976.82753010
1976.90315275
1976.97782138
1977.04095050
1977.10649236
1977.17058526
1977.23426441
1977.29899170
1977.36292393
1977.43681042
1977.51243770
1977.59424141
1977.64104334
1977.70518719
1977.76797693
1977.83374846
1977.89738056
1977.96224292
1978.03959443
1978.10186875
1978.16572442
1978.22965738
1978.29329533
1978.35732996
1978.42108567
1978.48493745
1978.55069191
1978.63039861
1978.67931656
1978.74315809
1978.80948502
1978.88096681
1978.94764531
1979.00965559
1979.08535651
1979.15010867
1979.21294619
1979.27696741
1979.34151696
1979.40642394
1979.46929950
1979.53496034
1979.59886648
1979.68059827
1979.72754380
1979.79245785
1979.85529635
1979.92006728
1979.98639738
1980.04979786
1980.12261402
1980.18658818
1980.25230242
1980.31616223
1980.37988576
1980.44375216
1980.50857503
1980.57250043
1980.63628003
1980.71801865
1980.76397870
1980.82787167
1980.89284595
1980.95642806
1981.02146719
1981.08605185
1981.16131732
1981.22484385
1981.28961600
1981.35437670
1981.41723324
1981.48200198
1981.54398861
1981.60993592
1981.67454789
1981.75449548
1981.80222730
1981.86813463
1981.93181208
1981.99566994
1982.05962558
1982.12362802
1982.19935088
1982.26348669
1982.32608845
1982.38987098
1982.45584731
1982.51877602
1982.58337750
1982.64826059
1982.71196900
1982.79582315
1982.85158288
1982.91471834
1982.98022680
1983.04218710
1983.10807492
1983.18271137
1983.24656801
1983.31158763
1983.37624520
1983.44232758
1983.50390656
1983.56575251
1983.66452025
1983.71836681
1983.79829928
1983.84696976
1983.91080447
1983.97488810
1984.03948106
1984.10261261
1984.17911518
1984.24288430
1984.30684846
1984.37076899
1984.43464392
1984.49929490
1984.56230992
1984.62610025
1984.69008392
1984.75481536
1984.83855663
1984.89541935
1984.95826639
1985.02215644
1985.08691932
1985.15166320
1985.25939922
1985.32428329
1985.38807898
1985.45086043
1985.51586152
1985.58457900
1985.64339147
1985.70820604
1985.81895044
1985.85906467
1985.92180906
1985.98560573
1986.05045468
1986.11513857
1986.17901473
1986.24402435
1986.31862495
1986.38337394
1986.44634898
1986.51202176
1986.57708478
1986.63881858
1986.70364169
1986.76561564
1986.83239190
1986.92318780
1986.97107517
1987.03471165
1987.09975663
1987.16343456
1987.22817161
1987.29126391
1987.36793714
1987.43083854
1987.49568969
1987.55952610
1987.62327084
1987.68805128
1987.75281710
1987.81873832
1987.87949445
1987.96140934
1988.00846434
1988.07403960
1988.13682275
1988.20169462
1988.26646239
1988.33265449
1988.40339900
1988.46814579
1988.53183763
1988.60004042
1988.66279188
1988.72549239
1988.78926833
1988.85407291
1988.92882248
1989.01166531
1989.05754929
1989.12134206
1989.18538352
1989.25230339
1989.31398209
1989.38871947
1989.45339410
1989.51626161
1989.58211579
1989.64600633
1989.70982128
1989.77360942
1989.83668003
1989.90236110
1989.96628089
1990.04720007
1990.09393226
1990.15867613
1990.22349120
1990.28719351
1990.36212619
1990.42601087
1990.49179288
1990.55549934
1990.62242117
1990.68330187
1990.74707002
1990.81088985
1990.87587729
1990.95044693
1991.01534927
1991.09518934
1991.14308086
1991.20606150
1991.27190275
1991.33646499
1991.41123357
