2012.87520852
2012.94112633
2013.00622080
2013.08425741
2013.18034422
2013.23622269
2013.31389554
2013.38065108
2013.44791180
2013.51354045
2013.58012362
2013.65528304
2013.72089414
2013.78761238
2013.86307290
2013.92977724
2013.99875560
2014.06531414
2014.12747266
2014.19480286
2014.26120000
2014.32504982
2014.40266172
2014.47940492
2014.54518839
2014.62319526
2014.69911902
2014.76693757
2014.83321817
2014.89754269
2014.97555517
2015.05375903
2015.11808184
2015.19604141
2015.26073384
2015.32863236
2015.42755248
2015.49213641
2015.55983233
2015.62579598
2015.69040088
2015.76774092
2015.84285523
2015.90987190
2015.98787364
2016.05334382
2016.12029246
2016.19709125
2016.26208332
2016.32965026
2016.40695569
2016.47352667
2016.55019771
2016.64740677
2016.70403958
2016.78066722
2016.84616154
2016.91232413
2016.98000274
2017.04710986
2017.11107817
2017.17656712
2017.24337704
2017.32042914
2017.38593809
2017.45330828
2017.52968357
2017.59549045
2017.66135048
2017.73980498
2017.80503745
2017.88380597
2017.94731641
2018.01541535
2018.09151343
2018.15652183
2018.22285217
2018.30172286
2018.36718450
2018.43220290
2018.49904305
2018.56674287
2018.64181061
2018.74043742
2018.80900423
2018.88417778
2018.94876293
2019.01601073
2019.09347634
2019.17058257
2019.24734601
2019.31371048
2019.37853457
2019.45644854
2019.52152083
2019.58923210
2019.66730699
2019.73377533
2019.79895342
2019.86606127
2019.93078076
2019.99710354
2020.07289491
2020.14012491
2020.21681569
2020.29363325
2020.37082726
2020.44696728
2020.51366138
2020.59094657
2020.65654938
2020.72246451
2020.80073494
2020.86587939
2020.93195324
2021.01050185
2021.07599617
2021.14104358
2021.21845897
2021.28495973
2021.36271108
2021.43819550
2021.50410112
2021.57248263
2021.63633708
2021.70328670
2021.76896997
2021.83611292
2021.90072148
2021.96767134
2022.03514661
2022.10051829
2022.16591508
2022.23336110
2022.29810667
2022.36550685
2022.44178389
2022.50949906
2022.57421929
2022.65243168
2022.72674849
2022.79338311
2022.87138632
2022.93708470
2023.00304226
2023.08094745
2023.14558966
2023.21181760
2023.28958626
2023.35529001
2023.43219437
2023.49683048
2023.57600519
2023.65251409
2023.71838582
2023.78404203
2023.85216656
2023.91676586
2023.98355334
2024.04931390
2024.11553233
2024.19353066
2024.28992759
2024.35796387
2024.42340040
2024.48944817
2024.55728354
2024.63282452
2024.71071704
2024.77598778
2024.84163960
2024.90860628
2024.97489639
2025.04112287
2025.10661133
2025.18359615
2025.25013568
2025.31593671
2025.39294444
2025.45853043
2025.53611965
2025.61246008
2025.67832377
2025.75745582
2025.83256428
2025.89882659
2025.97660574
2026.04332959
2026.12203546
2026.18576971
2026.25172849
2026.32963490
2026.39383825
2026.46142372
2026.52704701
2026.59329519
2026.69252714
2026.76943077
2026.83554192
2026.91269399
2026.98880012
2027.05488080
2027.13202117
2027.19861116
2027.26382339
2027.34395311
2027.40953861
2027.47554468
2027.54349245
2027.60818708
2027.68660915
2027.75072350
2027.81682174
2027.89571412
2027.95942009
2028.02681588
2028.10394650
2028.16890394
2028.24672771
2028.31258652
2028.38062475
2028.45623253
2028.52188703
2028.58863891
2028.65595424
2028.72187742
2028.78717474
2028.88710350
2028.93986242
2029.01735412
2029.08342066
2029.15034955
2029.22856853
2029.29293181
2029.35999822
2029.43713005
2029.50239567
2029.57035100
2029.63620104
2029.70124772
2029.77797142
2029.87648876
2029.94179681
2030.00965778
2030.07454306
2030.14071834
2030.21840045
2030.28438824
2030.36132966
2030.42692296
2030.49377310
2030.56091387
2030.62655886
2030.69146949
2030.76856403
2030.83468493
2030.90083193
2030.97860766
2031.05543668
2031.12050238
2031.18691050
2031.25298313
2031.33165487
2031.40657169
2031.47394602
2031.55002533
2031.61572957
2031.68372757
2031.75409173
2031.81906869
2031.89607520
2031.96112067
2032.02833165
2032.09145467
2032.15985568
2032.23563998
2032.30102044
2032.36697019
2032.43203029
2032.50853333
2032.57321381
2032.63826659
2032.70454329
2032.76931910
2032.83638209
2032.90112694
2032.96691992
2033.03332023
2033.09913906
2033.17558359
2033.27256860
2033.32966831
2033.39333625
2033.45917897
2033.53433497
2033.61068807
2033.67812677
2033.74383515
2033.80761549
2033.87377541
2033.93955083
2034.00577999
2034.07071867
2034.13609766
2034.20446332
2034.26998153
2034.33572892
2034.40024581
2034.46769011
2034.53317614
2034.60855694
2034.67382305
2034.73964553
2034.80616872
2034.88211125
2034.94708162
2035.01291093
2035.07897942
2035.14355653
2035.21988525
2035.28742538
2035.35198444
2035.41817313
2035.48234063
2035.54868389
2035.61452369
2035.69101211
2035.75600369
2035.82157090
2035.88638085
2035.98557988
2036.05086087
2036.11614234
2036.18374829
2036.24731212
2036.32413895
2036.42106300
2036.48802700
2036.55500831
2036.61879474
2036.69616478
2036.77132639
2036.83918151
2036.90382079
2036.96891526
2037.03449223
2037.10069822
2037.16674428
2037.22964178
2037.29729601
2037.36176340
2037.42790990
2037.49278372
2037.55798986
2037.62470005
2037.69064664
2037.75441624
2037.86562461
2037.93089974
2037.99591521
2038.07364389
2038.13742984
2038.20318186
2038.26819855
2038.33602662
2038.40078707
2038.46659980
2038.53291185
2038.59645911
2038.66191466
2038.72653955
2038.79282576
2038.86941804
2038.93597025
2039.00088917
2039.06591001
2039.13210284
2039.19687207
2039.26454409
2039.34029670
2039.40779074
2039.47052854
2039.56765715
2039.63555665
2039.70026127
2039.76525212
2039.84303638
2039.90915242
2039.98434060
2040.05063656
2040.11573128
2040.18273185
2040.24787849
2040.31267356
2040.37723945
2040.44229808
2040.50912579
2040.57658375
2040.64227799
2040.70555949
2040.77149949
2040.83942069
2040.90217532
2040.98110525
2041.04413660
2041.10994348
2041.17637256
2041.24151140
2041.30727050
2041.37218942
2041.43766107
2041.50465944
2041.56855535
2041.63536063
2041.69984435
2041.76675837
2041.83039730
2041.89650382
2041.96413830
2042.03924285
2042.10576849
2042.17110579
2042.23728448
2042.30159656
2042.36835869
2042.43306965
2042.49779109
2042.56654855
2042.66193343
2042.72886183
2042.79306957
2042.85865434
2042.92587775
2042.98955886
2043.05686468
2043.13244808
2043.19823692
2043.26530795
2043.33008278
2043.39578166
2043.45991893
2043.52533596
2043.60353031
2043.66797357
2043.74601359
2043.80970006
2043.87675134
2043.94232124
2044.00625908
2044.08372908
2044.14789244
2044.22489310
2044.29122734
2044.35720343
2044.42269652
2044.48660730
2044.55482107
2044.62031319
2044.68530891
2044.75042362
2044.81475033
2044.88243552
2044.94562413
2045.01301577
2045.07798444
2045.14280706
2045.20879728
2045.28422684
2045.35058839
2045.41745706
2045.48248887
2045.55015114
2045.62390987
2045.68951999
2045.78704625
2045.85474266
2045.91854055
2045.98365793
2046.05187804
2046.11585367
2046.18193240
2046.24819227
2046.31200626
2046.38879724
2046.45502713
2046.52022742
2046.58744839
2046.65114656
2046.72914100
2046.79314807
2046.85920974
2046.92323290
2046.98926287
2047.05716091
2047.12075985
2047.19861506
2047.26219694
2047.32857311
2047.39547811
2047.47086890
2047.54857662
2047.61363427
2047.67935752
2047.74327805
2047.80987707
2047.87577854
2047.94030396
2048.00603063
2048.07085179
2048.13823221
2048.20414613
2048.26790330
2048.33534590
2048.40060616
2048.46628333
2048.54206788
2048.60910136
2048.67405613
2048.73960384
2048.80571548
2048.90177303
2048.95657849
2049.03452855
2049.09836545
2049.16455536
2049.23034737
2049.29719117
2049.37306446
2049.48034944
2049.54899207
2049.62472614
2049.68908552
2049.75403688
2049.81965529
2049.89729718
2049.96334494
2050.03053690
2050.09539658
2050.15903161
2050.25332032
2050.31800446
2050.38102898
2050.44669372
2050.50961975
2050.57374142
2050.63658065
2050.71037229
2050.77503400
2050.83848519
2050.90280508
2050.96606537
2051.02996785
2051.09312598
2051.15514699
2051.21966266
2051.28466740
2051.34839507
2051.41130330
2051.47577776
2051.53917605
2051.60118608
2051.66645220
2051.73074892
2051.79354695
2051.86745830
2051.93129203
2051.99483685
2052.05888952
2052.12318161
2052.18564269
2052.25007570
2052.31465451
2052.37635052
2052.44013476
2052.50396044
2052.56886498
2052.63212942
2052.69715001
2052.76996642
2052.83344467
2052.89673763
2052.96090587
2053.02429489
2053.08764320
2053.15051241
2053.21461312
2053.31255580
2053.36446091
2053.42843190
2053.49245653
2053.55631391
2053.61924530
2053.68273941
2053.74640637
2053.82125029
2053.88567136
2053.94913889
2054.01266249
2054.07722156
2054.13924622
2054.20324550
2054.26596794
2054.33021371
2054.39424517
2054.45707733
2054.51989535
2054.58424742
2054.64761108
2054.71256877
2054.78749974
2054.85173332
2054.91430216
2054.97699194
2055.04257329
2055.10617955
2055.17014835
2055.23106636
2055.29688689
2055.35873699
2055.42200118
2055.50979822
2055.57261087
2055.63716945
2055.70026029
2055.76525626
2055.83838474
2055.90224749
2055.99804928
2056.06171649
2056.12572527
2056.18747175
2056.25162560
2056.31601863
2056.38963058
2056.45520780
2056.51733998
2056.58346503
2056.64521931
2056.70764236
2056.77275487
2056.84620347
2056.91074766
2056.97357056
2057.03881375
2057.10276329
2057.16464996
2057.22960984
2057.29265241
2057.35601876
2057.42005753
2057.49244556
2057.55635170
2057.61808648
2057.68316046
2057.74609088
2057.81073162
2057.88564625
2057.94712307
2058.01106969
2058.07385503
2058.13876982
2058.20149982
2058.28847278
2058.35128617
2058.41594178
2058.47984061
2058.54381136
2058.60523576
2058.67059525
2058.73324480
2058.79776558
2058.86251384
2058.93426480
2058.99977521
2059.06197834
2059.12752337
2059.19005711
2059.25387157
2059.31852621
2059.38127791
2059.44525135
2059.50912604
2059.57328940
2059.63693832
2059.70007768
2059.76237151
2059.83701892
2059.91143252
2059.97584944
2060.03981459
2060.10521918
2060.16901317
2060.22933580
2060.29404700
2060.35884280
2060.42196412
2060.48451809
2060.55160205
2060.61415090
2060.67580254
2060.73948291
2060.80248793
2060.86758581
2060.94096981
2061.00507733
2061.06822693
2061.13292546
2061.19688914
2061.25933340
2061.32356088
2061.38718517
2061.45114861
2061.51614019
2061.57866905
2061.64298626
2061.70492924
2061.76797986
2061.83349490
2061.90823667
2061.97215451
2062.03422867
2062.09847809
2062.16232060
2062.22672460
2062.29000391
2062.35389444
2062.41721885
2062.48024192
2062.54519985
2062.60737397
2062.67296874
2062.73506776
2062.79776753
2062.86345324
2062.93740385
2063.00012264
2063.06378204
2063.12840620
2063.19090873
2063.25379794
2063.31946268
2063.38205591
2063.44567460
2063.50976360
2063.57365511
2063.63730769
2063.70014277
2063.76469769
2063.83872534
2063.90204073
2063.97690977
2064.04194109
2064.10525478
2064.16929477
2064.23177585
2064.29564420
2064.35996286
2064.42283745
2064.48742455
2064.55039860
2064.61388344
2064.67842958
2064.74098941
2064.80513424
2064.86756533
2064.93163141
2065.00657969
2065.06930604
2065.13429835
2065.19814988
2065.26127802
2065.32487623
2065.38886527
2065.45169816
2065.51536658
2065.61322174
2065.67571598
2065.73972014
2065.80268688
2065.86744196
2065.93032508
2065.99381236
2066.06893618
2066.13303712
2066.19530730
2066.25898719
2066.32311690
2066.38763720
2066.48301793
2066.53661459
2066.60088839
2066.66373640
2066.72683578
2066.78989980
2066.85395174
2066.91799246
2066.98248472
2067.04654373
2067.12135109
2067.18382509
2067.24528387
2067.31128482
2067.37388098
2067.43795559
2067.50165376
2067.56591659
2067.62942362
2067.69286482
2067.75645230
2067.82065491
2067.88530613
2067.94709138
2068.01253108
2068.08572953
2068.14946793
2068.21437711
2068.27675895
2068.34186098
2068.40375155
2068.46876483
2068.53136829
2068.59521202
2068.65906647
2068.72390445
2068.78583818
2068.85000544
2068.91299144
2068.97711750
2069.04095245
2069.11499448
2069.17907763
2069.24226088
2069.30521738
2069.36964259
2069.43385642
2069.49621851
2069.56048964
2069.62314211
2069.68724501
2069.75187477
2069.81417323
2069.87993184
2069.94169490
2070.00762880
2070.06983144
2070.14419677
2070.20796711
2070.27180523
2070.33679267
2070.39948561
2070.46459568
2070.52721695
2070.59117453
2070.65389186
2070.71640292
2070.78118995
2070.84489299
2070.90793239
2070.97043882
2071.03646903
2071.10067872
2071.17374113
2071.23797202
2071.30079150
2071.36587549
2071.42802108
2071.49386868
2071.55628709
2071.62090174
2071.68403867
2071.74640101
2071.81155350
2071.87492741
2071.93976319
2072.00084261
2072.06364502
2072.12870926
2072.20253967
2072.26668255
2072.33091612
2072.39356738
2072.45923529
2072.52105125
2072.58687934
2072.64961178
2072.71362861
2072.77864677
2072.84101057
2072.90378470
2073.00072655
2073.06349898
2073.12810339
2073.19070710
2073.26554639
2073.32947838
2073.39363467
2073.45615817
2073.52033128
2073.58408065
2073.64809943
2073.72144417
2073.78701017
2073.84960291
2073.91248480
2073.97653431
2074.04116773
2074.10453335
2074.16869671
2074.24218724
2074.30519470
2074.37102304
2074.43415338
2074.49588571
2074.56213706
2074.62479099
2074.68816734
2074.75210688
2074.81564487
2074.87883177
2074.94390405
2075.00656482
2075.06895592
2075.13280965
2075.19661436
2075.27059520
2075.33506503
2075.39981183
2075.47065142
2075.53732383
2075.60508777
2075.68392554
2075.76273503
2075.82843878
2075.89682540
2075.97489127
2076.05530308
2076.11999941
2076.18698608
2076.26529454
2076.34374490
2076.41034001
2076.47837604
2076.55753052
2076.63724040
2076.70206716
2076.77153241
2076.84986622
2076.92849261
2076.99417612
2077.06162945
2077.14083269
2077.21893927
2077.28539712
2077.35325591
2077.43235358
2077.50606354
2077.57798395
2077.64528416
2077.72453763
2077.80209442
2077.87112763
2077.94754145
2078.02586210
2078.10365905
2078.18266894
2078.26121707
2078.33881214
2078.44005016
2078.50588873
2078.58624324
2078.66268753
2078.72965592
2078.79790699
2078.87777461
2078.95459120
2079.02302611
2079.08906973
2079.16784752
2079.24726433
2079.31464988
2079.38203616
2079.46176481
2079.53866551
2079.60474132
2079.72785246
2079.78646525
2079.86457988
2079.94161103
2080.00923282
2080.07752900
2080.15621439
2080.23376460
2080.30201933
2080.38049431
2080.45848460
2080.53596630
2080.60405402
2080.68176149
2080.76149891
2080.82687596
2080.89524771
2080.97377804
2081.05379365
2081.11990481
2081.18633316
2081.26520579
2081.34529382
2081.41044826
2081.47939712
2081.55745055
2081.63626443
2081.71299934
2081.79181322
2081.87053396
2081.95209898
2082.01622772
2082.08305202
2082.16167402
2082.24159332
2082.30645398
2082.37560446
2082.45402873
2082.53173108
2082.60000532
2082.66789921
2082.74606699
2082.82181301
2082.89057778
2082.96865731
2083.04818774
2083.12513111
2083.19293016
2083.27193177
2083.35105699
2083.42718359
2083.49533763
2083.57451527
2083.65257553
2083.75158293
2083.81958020
2083.89863593
2083.97783869
2084.05506951
2084.12110849
2084.19990140
2084.27825789
2084.34469136
2084.41295414
2084.49357099
2084.57117045
2084.64711225
2084.72704253
2084.80587103
2084.88411220
2084.96154587
2085.03031942
2085.10920254
2085.18576191
2085.25241432
2085.32061566
2085.39901628
2085.47784015
2085.54435773
2085.61238426
2085.69012123
2085.76882636
2085.83615437
2085.90475336
2085.98315642
2086.06011198
2086.12744779
2086.19603458
2086.27481676
2086.35146732
2086.41977154
2086.49742049
2086.57750876
2086.65367804
2086.72196983
2086.80042457
2086.87831099
2086.97778285
2087.03453879
2087.11410604
2087.21328240
2087.28019057
2087.34858013
2087.42595675
2087.50560957
2087.57202792
2087.63833315
2087.71811008
2087.79815178
2087.86402254
2087.93255691
2088.01039750
2088.08894831
2088.15645015
2088.22420848
2088.30375696
2088.38043336
2088.44626218
2088.51500916
2088.59260472
2088.67261911
2088.73862348
2088.80508792
2088.88585300
2088.96370846
2089.04066816
2089.12065428
2089.19823448
2089.27507788
2089.34545376
2089.41166853
2089.49018788
2089.56615577
2089.63516412
2089.71446659
2089.79191367
2089.87024699
2089.93873529
2090.01506255
2090.09365895
2090.17119307
2090.25009131
2090.32831029
2090.40927554
2090.47465453
2090.54263059
2090.62181871
2090.69919241
2090.76505146
2090.83505016
2090.91143301
2090.99146350
2091.05768949
2091.12641013
2091.20401447
2091.28238193
2091.34799767
2091.42695490
2091.50580437
2091.58475308
2091.66273776
2091.74180008
2091.81977744
2091.89820976
2091.96528445
2092.04369409
2092.12163195
2092.20032393
2092.26582629
2092.33489997
2092.41439432
2092.49077693
2092.56921753
2092.63724625
2092.71582485
2092.79276334
2092.86220128
2092.93957327
2093.01922707
2093.11843122
2093.17512060
2093.25261376
2093.33162975
2093.40901515
2093.47699754
2093.55647824
2093.63435954
2093.70693433
2093.77940989
2093.85914391
2093.93802288
2094.00275432
2094.07156274
2094.14932360
2094.22906932
2094.30656052
2094.37294060
2094.45149214
2094.53045523
2094.59924146
2094.66606625
2094.74480186
2094.82244740
2094.89947635
2094.96934656
2095.04681485
2095.12590837
2095.19111816
2095.27003834
2095.34876567
2095.42478548
2095.49486123
2095.56145976
2095.63927328
2095.71728722
2095.78512235
2095.86510554
2095.94233977
2096.02061288
2096.08720970
2096.16602480
2096.24472311
2096.34425080
2096.41092613
2096.48990628
2096.58969315
2096.64765448
2096.71455948
2096.79321732
2096.87104425
2096.93767911
2097.00561079
2097.08375248
2097.16282943
2097.24012462
2097.31883146
2097.39791182
2097.47564367
2097.54454474
2097.61136513
2097.72162581
2097.80197495
2097.86652890
2097.93534975
2098.01299944
2098.09180624
2098.15801565
2098.22723270
2098.30440110
2098.38416511
2098.44987007
2098.51822769
2098.59557115
2098.67404833
2098.74163989
2098.80853343
2098.88855051
2098.96563724
2099.03326538
2099.11200611
2099.19085680
2099.26868374
2099.33567504
2099.41511380
2099.49426121
2099.59271200
2099.66029259
2099.73982254
2099.81769750
2099.88302554
2099.94982326
2100.02988886
2100.10999687
2100.17673121
2100.24366083
2100.32279093
2100.40096944
2100.46676047
2100.54651935
2100.62531128
2100.70303631
2100.76903043
2100.83764210
2100.91629335
2100.99449551
2101.06035115
2101.13033864
2101.20784935
2101.28681122
2101.35212780
2101.45228233
2101.53073658
2101.61092116
2101.67649032
2101.74438446
2101.82251225
2101.89984718
2101.97891023
2102.04890868
2102.12525984
2102.20300998
2102.27103162
2102.34884466
2102.45059516
2102.51500404
2102.58387926
2102.66428278
2102.74079899
2102.80865753
2102.87650827
2102.95547282
2103.03003807
2103.09580399
2103.16347528
2103.24329170
2103.32131612
2103.38668463
2103.45443102
2103.58856918
2103.66741817
2103.74710269
2103.82697714
2103.90772613
2103.98768762
2104.06811698
2104.15011184
2104.22910004
2104.30942577
2104.39099787
2104.47024597
2104.55101081
2104.63184636
2104.70973205
2104.79124002
2104.87186394
2104.95204534
2105.03157602
2105.11363207
2105.19238671
2105.27228115
2105.35381837
2105.43343219
2105.51603682
2105.59689869
2105.67424313
2105.74905463
2105.83524326
2105.91552072
2105.99615390
2106.07703699
2106.15658474
2106.23708651
2106.31857058
2106.39838652
2106.47872225
2106.57891993
2106.65566167
2106.74047838
2106.82101721
2106.90072075
2106.98277632
2107.06389493
2107.14306038
2107.22303064
2107.30390203
2107.38427823
2107.46354657
2107.54299143
2107.62388207
2107.70413589
2107.78471641
2107.86588061
2107.94607542
2108.02751561
2108.10665961
2108.18680883
2108.26790476
2108.34724844
2108.42661162
2108.50717848
2108.58811667
2108.66725872
2108.74799674
2108.82890250
2108.91096295
2108.98949522
2109.07014815
2109.15019229
2109.23211693
2109.31054803
2109.39054463
2109.47236809
2109.55129582
2109.63189780
2109.71243004
2109.79226109
2109.87288379
2109.95378736
2110.03548331
2110.11521927
2110.19514858
2110.27435523
2110.35484652
2110.43687112
2110.51569012
2110.59605316
2110.67600709
2110.75770109
2110.87054030
2110.93888085
2111.01911247
2111.09975127
2111.17880554
2111.25933803
2111.34251463
2111.42097450
2111.50114737
2111.58155161
2111.70542320
2111.78711208
2111.86682513
2111.94669884
2112.02864494
2112.10727279
2112.18707117
2112.29030379
2112.36931589
2112.45026846
2112.52958556
2112.61086142
2112.69069491
2112.77253763
2112.85223654
2112.93426821
2113.01263275
2113.09227728
2113.17347245
2113.25249429
2113.33307896
2113.41519816
2113.49593594
2113.57448138
2113.65629923
2113.73632777
2113.81659012
2113.89785404
2113.97653333
2114.05610740
2114.13734353
2114.21793478
2114.29742157
2114.37743109
2114.45900635
2114.53816985
2114.61979046
2114.69928700
2114.78004697
2114.86016742
2114.94119314
2115.02092374
2115.10041370
2115.18150280
2115.26219157
2115.34170080
2115.42279283
2115.50243419
2115.58453633
2115.66335679
2115.74406921
2115.82343922
2115.90427184
2115.98421748
2116.06483067
2116.14475510
2116.22651029
2116.30541608
2116.38606511
2116.46630918
2116.54663540
2116.62622069
2116.70822823
2116.78694800
2116.86730568
2116.94742442
2117.02816634
2117.10935956
2117.18996056
2117.27082219
2117.34988792
2117.43013223
2117.51223071
2117.59330421
2117.67085466
2117.75144664
2117.83165706
2117.91173533
2117.99166001
2118.07359708
2118.15344496
2118.23439753
2118.31441509
2118.39410644
2118.47567390
2118.55564075
2118.63459506
2118.71426130
2118.79709901
2118.87668088
2118.95648999
2119.03606723
2119.11700494
2119.22943405
2119.29885371
2119.38075640
2119.45979629
2119.53951129
2119.61940353
2119.70194989
2119.78100685
2119.86209473
2119.98464366
2120.06509642
2120.14589271
2120.22633036
2120.30778274
2120.38752626
2120.46629601
2120.54709889
2120.62785154
2120.70880606
2120.78849546
2120.86911986
2120.95011413
2121.02984058
2121.11064126
2121.19010904
2121.27124569
2121.34930229
2121.43181549
2121.51151586
2121.59061718
2121.67240798
2121.75241506
2121.82461877
2121.90591487
2121.98556038
2122.06578689
2122.14689526
2122.22673045
2122.30640083
2122.38717762
2122.46718323
2122.54761649
2122.62907375
2122.70834331
2122.78822678
2122.86974158
2122.94847670
2123.03163063
2123.11047694
2123.18959996
2123.26996008
2123.35073467
2123.43162507
2123.51132739
2123.59315597
2123.67312112
2123.75197010
2123.86540323
2123.93599804
2124.01500648
2124.09574182
2124.17605854
2124.25511915
2124.33616632
2124.41799490
2124.49106804
2124.55377805
2124.61857385
2124.68388190
2124.74708855
2124.80892499
2124.87584267
2124.94002066
2125.00438613
2125.06714588
2125.13318194
2125.19579858
2125.25982126
2125.32361061
2125.39943027
2125.46321718
2125.52696802
2125.59099192
2125.65470667
2125.71957415
2125.78355466
2125.84794842
2125.91319039
2125.97665012
2126.04015860
2126.10475156
2126.16937742
2126.23453089
2126.29840485
2126.37345577
2126.43675751
2126.50086967
2126.56475509
2126.62930147
2126.69508104
2126.75704719
2126.82311617
2126.88573938
2126.95037061
2127.01537268
2127.08045618
2127.14168822
2127.20648255
2127.27019072
2127.34578485
2127.42086771
2127.48463561
2127.54963451
2127.61373301
2127.67833718
2127.77333782
2127.83942557
2127.90310594
2127.96694235
2128.03108547
2128.09556506
2128.16035891
2128.22371404
2128.28636456
2128.35164042
2128.42744886
2128.49339520
2128.55606328
2128.61904123
2128.68374805
2128.74754130
2128.81232686
2128.87600334
2128.93969590
2129.00388462
2129.07038416
2129.13302322
2129.19769322
2129.26123292
2129.32569372
2129.39948073
2129.47638290
2129.54058088
2129.60302855
2129.66761809
2129.73205354
2129.79830708
2129.89259970
2129.98074685
2130.04213005
2130.10712163
2130.17087222
2130.23675931
2130.30072421
2130.36558950
2130.43077759
2130.49770014
2130.57538153
2130.64011150
2130.70735100
2130.78544223
2130.85014758
2130.91696846
2130.99463570
2131.05963850
2131.13850333
2131.21527360
2131.28216640
2131.35992897
2131.43465051
2131.50245467
2131.57977010
2131.64474632
2131.72248768
2131.80015882
2131.86647965
2131.93347705
2132.00962682
2132.07564362
2132.14374524
2132.22065057
2132.28549562
2132.36416078
2132.42994303
2132.49502433
2132.57496022
2132.64094143
2132.70532202
2132.78319528
2132.88175554
2132.94801737
2133.02544128
2133.09072519
2133.15691729
2133.23469888
2133.30146222
2133.39975453
2133.47726695
2133.54333349
2133.61116643
2133.68905797
2133.75350245
2133.83084201
2133.90698032
2133.98616625
2134.06388517
2134.13945638
2134.20529983
2134.28333328
2134.34889635
2134.41424730
2134.49253772
2134.56081074
2134.62511575
2134.70162392
2134.76772337
2134.83712083
2134.91358341
2134.97849770
2135.05625588
2135.13337870
2135.19929359
2135.27630888
2135.34216501
2135.40931699
2135.48734775
2135.55217598
2135.61988165
2135.69832444
2135.76126095
2135.82841439
2135.90681355
2135.97188730
2136.03899100
2136.11743112
2136.18120755
2136.25882091
2136.33791955
2136.40230819
2136.47952365
2136.54651521
2136.61372033
2136.69093287
2136.76536134
2136.83393083
2136.91264182
2136.97646214
2137.04294608
2137.12090760
2137.18547300
2137.25244212
2137.32996356
2137.39609300
2137.46287756
2137.54182285
2137.60540277
2137.68324019
2137.76024232
2137.82554988
2137.90356162
2137.96940288
2138.03607040
2138.11507299
2138.19006101
2138.25782275
2138.33551315
2138.40148607
2138.47803788
2138.55618469
2138.62170266
2138.68756976
2138.76665256
2138.83147372
2138.90792581
2138.98595438
2139.06250887
2139.14084415
2139.20621851
2139.27246449
2139.35012905
2139.41560118
2139.48263857
2139.56094507
2139.63737303
2139.70407567
2139.77995042
2139.84574950
2139.91318795
2140.01230044
2140.06701959
2140.13379293
2140.21064438
2140.27736555
2140.35448178
2140.43116769
2140.49795054
2140.57485148
2140.64041846
2140.70654399
2140.76421836
