2012.82598215
2012.89398771
2012.97670839
2013.02774065
2013.10519675
2013.20211568
2013.25777301
2013.33661176
2013.40157579
2013.46645571
2013.53529290
2013.59966496
2013.67490654
2013.74350138
2013.80941773
2013.88619970
2013.96694308
2014.01884136
2014.08679669
2014.14942234
2014.21539355
2014.28214641
2014.34897363
2014.42805034
2014.50258658
2014.56934870
2014.64632401
2014.72201347
2014.78789154
2014.85489699
2014.93641252
2014.99828285
2015.07616805
2015.14092631
2015.21772266
2015.28352077
2015.35047843
2015.44912450
2015.51482582
2015.58177665
2015.64763961
2015.71336944
2015.79130390
2015.88310478
2015.93313377
2016.01067983
2016.07561851
2016.14158070
2016.22016246
2016.28504677
2016.35184352
2016.42862036
2016.49445041
2016.57222492
2016.66891516
2016.72576594
2016.81864738
2016.86750755
2016.93539339
2017.00204898
2017.06922119
2017.13394507
2017.19855436
2017.26533623
2017.34419082
2017.40907415
2017.47502976
2017.55256705
2017.61847194
2017.68420421
2017.76220742
2017.84482473
2017.90464462
2017.97044297
2018.03646830
2018.11424672
2018.17994413
2018.24591461
2018.32456903
2018.38848346
2018.45524144
2018.52203258
2018.58680937
2018.66559837
2018.78064162
2018.83036195
2018.90618745
2018.97280475
2019.03884544
2019.11564253
2019.19241377
2019.27018975
2019.33917078
2019.40272267
2019.47870738
2019.54530420
2019.61047840
2019.68901726
2019.76986207
2019.82386466
2019.88735584
2019.95244885
2020.01848588
2020.09593418
2020.16185078
2020.24055860
2020.31541447
2020.39222691
2020.46995608
2020.53559571
2020.61354138
2020.68030180
2020.76113588
2020.82213703
2020.88693576
2020.95367058
2021.03155261
2021.09844737
2021.16419915
2021.24178569
2021.30596490
2021.38341320
2021.46032877
2021.52721792
2021.59395250
2021.65879901
2021.74043572
2021.79243152
2021.85717905
2021.92301884
2021.99086031
2022.05668450
2022.12263206
2022.18835410
2022.25520131
2022.32099039
2022.38778812
2022.46266032
2022.53040305
2022.59521275
2022.67399908
2022.76473622
2022.81660182
2022.89254679
2022.95836684
2023.02431098
2023.10296004
2023.16865916
2023.23268282
2023.31242707
2023.37750813
2023.45500226
2023.52202210
2023.59864827
2023.67432919
2023.75715276
2023.80900837
2023.87380515
2023.93884427
2024.00561030
2024.07330354
2024.13811933
2024.21517193
2024.31284862
2024.37965877
2024.44647722
2024.51040409
2024.57905232
2024.65602982
2024.74773781
2024.79958830
2024.86437362
2024.93034020
2024.99625240
2025.06210585
2025.13063657
2025.20643940
2025.27166041
2025.33733856
2025.41593349
2025.48079049
2025.55959754
2025.63630246
2025.71622323
2025.77907563
2025.85672093
2025.92160353
2025.99937390
2026.06423065
2026.14297748
2026.20876095
2026.27470022
2026.35373036
2026.41654594
2026.48308449
2026.55098497
2026.61492402
2026.71454168
2026.79043447
2026.85624842
2026.93400539
2027.01200469
2027.07765846
2027.15452942
2027.22032655
2027.28897308
2027.36603226
2027.43154120
2027.49764456
2027.56532926
2027.64524637
2027.70716156
2027.77376912
2027.84057976
2027.91751825
2027.98232673
2028.05141041
2028.12510722
2028.19085997
2028.26952342
2028.33563140
2028.40111377
2028.47814077
2028.54377844
2028.62679608
2028.67748531
2028.74565275
2028.80835082
2028.90803382
2028.96283684
2029.03978119
2029.10739177
2029.17225121
2029.24923334
2029.31406206
2029.38095877
2029.45948690
2029.52353737
2029.60533694
2029.65804394
2029.72289630
2029.79975629
2029.89837457
2029.96508769
2030.03104256
2030.09589274
2030.16276165
2030.24141461
2030.30618798
2030.38311624
2030.45085750
2030.51573693
2030.59844274
2030.64751356
2030.71331117
2030.79191903
2030.85786439
2030.92372954
2031.00144750
2031.07641016
2031.14397759
2031.20997805
2031.27563816
2031.35264004
2031.43252083
2031.49515965
2031.58897976
2031.63966118
2031.70559728
2031.77641518
2031.84221353
2031.91694920
2031.98373668
2032.04974007
2032.11438983
2032.17937020
2032.25607634
2032.32194978
2032.38868070
2032.45265194
2032.52937003
2032.61320516
2032.66097379
2032.72778224
2032.79171862
2032.85843198
2032.92425374
2032.98919436
2033.05507853
2033.12074424
2033.19560402
2033.29425789
2033.34916112
2033.41601931
2033.47988791
2033.55772825
2033.64943088
2033.69918412
2033.76509900
2033.82989090
2033.89663084
2033.96051919
2034.02734665
2034.09313232
2034.15713745
2034.22678823
2034.29085139
2034.35650491
2034.42147138
2034.49145009
2034.55394579
2034.63078871
2034.71148528
2034.76043761
2034.82738332
2034.90400657
2034.96789516
2035.03696909
2035.09963570
2035.16640075
2035.24226185
2035.30891694
2035.37477917
2035.43776274
2035.50548523
2035.57017790
2035.63597868
2035.72875358
2035.77683600
2035.84679008
2035.90933357
2036.00803596
2036.07391477
2036.13770681
2036.20387672
2036.26866691
2036.34526285
2036.44380799
2036.51074859
2036.57577430
2036.64134347
2036.73343351
2036.79396532
2036.85982633
2036.92570050
2036.99147227
2037.05718504
2037.12207934
2037.18793304
2037.25302848
2037.31851402
2037.38533588
2037.44836138
2037.51607973
2037.58081165
2037.64599535
2037.71167838
2037.79327973
2037.88715665
2037.95093479
2038.01688332
2038.09457665
2038.15936124
2038.22531440
2038.29022504
2038.35697351
2038.42179540
2038.48762447
2038.55431199
2038.61920581
2038.68500708
2038.76608619
2038.81592793
2038.89250778
2038.95840048
2039.02503436
2039.08889248
2039.15476689
2039.22058084
2039.28435216
2039.36230417
2039.42716141
2039.49388282
2039.59048723
2039.65737980
2039.73821705
2039.78904695
2039.86411421
2039.92965851
2040.00750007
2040.07324478
2040.13813908
2040.20320575
2040.26885050
2040.33387963
2040.39945294
2040.46445622
2040.53221017
2040.59699646
2040.66376078
2040.74283236
2040.79259706
2040.85846636
2040.92521898
2041.00191586
2041.06591318
2041.13358642
2041.19750256
2041.26237443
2041.33002037
2041.39414716
2041.45982994
2041.52754219
2041.59231776
2041.65811683
2041.72294092
2041.80573450
2041.85387860
2041.92046981
2041.98541434
2042.06208659
2042.12684241
2042.19181497
2042.25855637
2042.32518270
2042.38803680
2042.45504956
2042.52067407
2042.58641049
2042.68340403
2042.75006034
2042.83189283
2042.88166996
2042.94650721
2043.01138664
2043.07817851
2043.15494780
2043.21900218
2043.28672467
2043.35075369
2043.41663249
2043.48558500
2043.54791711
2043.62490851
2043.68879246
2043.76638876
2043.84733645
2043.89718917
2043.96374845
2044.02856887
2044.10451872
2044.17135033
2044.24612087
2044.31288421
2044.38025367
2044.44372388
2044.50853602
2044.57534081
2044.64104456
2044.70835623
2044.77196176
2044.85342413
2044.90331659
2044.96809776
2045.03398486
2045.10092667
2045.16568517
2045.23151570
2045.30724831
2045.37404335
2045.43992752
2045.50621544
2045.56880135
2045.64627232
2045.71223719
2045.82379932
2045.87575051
2045.94183021
2046.00649752
2046.07226320
2046.13727161
2046.20208642
2046.26884538
2046.33374968
2046.41142643
2046.47973089
2046.54124429
2046.60882561
2046.67170142
2046.75141251
2046.82936574
2046.88464956
2046.94643870
2047.01196520
2047.08011119
2047.14252302
2047.22016685
2047.28601981
2047.35196201
2047.41773329
2047.49269766
2047.57280275
2047.63433736
2047.70341299
2047.76572462
2047.84660941
2047.89841577
2047.96140397
2048.03156602
2048.09298531
2048.16222820
2048.22662098
2048.29061952
2048.35528538
2048.42047761
2048.48718342
2048.56607507
2048.63066705
2048.69660168
2048.76042908
2048.82637980
2048.93993557
2048.97982622
2049.05561174
2049.12145202
2049.18726939
2049.25442551
2049.31890290
2049.43661902
2049.50262193
2049.56955935
2049.64610166
2049.71110982
2049.77768201
2049.84484131
2049.93430625
2049.98409801
2050.04911056
2050.11488867
2050.17965863
2050.27528390
2050.34012262
2050.40208145
2050.46782128
2050.53070391
2050.59260033
2050.65733933
2050.73219666
2050.79617424
2050.85988338
2050.93876894
2050.98759253
2051.04945214
2051.11425598
2051.17909348
2051.24297524
2051.30392714
2051.36874001
2051.43239015
2051.49552024
2051.56012856
2051.62308067
2051.68679957
2051.75154173
2051.81539448
2051.89014868
2051.95209947
2052.03176400
2052.07903209
2052.14553212
2052.20731955
2052.27152046
2052.33410442
2052.39792913
2052.46269153
2052.52882048
2052.58942203
2052.65322626
2052.71695783
2052.79095013
2052.85720343
2052.91949018
2052.98226846
2053.04733562
2053.12597152
2053.17299775
2053.23761752
2053.33261621
2053.38627430
2053.44931053
2053.51391226
2053.57768577
2053.64054255
2053.70462131
2053.76822172
2053.84304833
2053.90694374
2053.96996876
2054.03353966
2054.09636841
2054.17624407
2054.22500867
2054.28986884
2054.35184059
2054.41553291
2054.47952195
2054.54222465
2054.60613981
2054.66904462
2054.73390284
2054.80842908
2054.87325902
2054.93618017
2054.99800149
2055.06292408
2055.12570942
2055.19045744
2055.27118278
2055.31836993
2055.38107604
2055.44501973
2055.53051910
2055.59343830
2055.65752096
2055.72108577
2055.78603054
2055.85883646
2055.92246929
2056.02028544
2056.08303519
2056.14611287
2056.20988760
2056.29067658
2056.33758748
2056.41229317
2056.47622077
2056.53927528
2056.60477033
2056.66755519
2056.73020839
2056.79432494
2056.86810976
2056.93195178
2056.99902159
2057.06034165
2057.12338373
2057.18952609
2057.25183723
2057.32964246
2057.37851506
2057.44157738
2057.51325422
2057.57514649
2057.64085658
2057.70481319
2057.76749175
2057.83042265
2057.90612162
2057.96994901
2058.03375031
2058.09663635
2058.16389975
2058.22427968
2058.31007626
2058.38903423
2058.43691208
2058.50059465
2058.56254861
2058.62817873
2058.69138148
2058.75937265
2058.81884877
2058.88353973
2058.96082541
2059.02128823
2059.08533432
2059.14881916
2059.21288280
2059.27896080
2059.33943093
2059.40215435
2059.48208170
2059.53330829
2059.59613947
2059.65860445
2059.72479509
2059.78623802
2059.85992068
2059.93269296
2059.99855957
2060.06139442
2060.12542466
2060.18822024
2060.25439381
2060.31670788
2060.38201909
2060.44684708
2060.52314435
2060.57139402
2060.63326850
2060.69686792
2060.76179538
2060.82458902
2060.88875653
2060.96429433
2061.02818609
2061.09190206
2061.15407642
2061.21854576
2061.28048875
2061.34628247
2061.41016154
2061.47290715
2061.53907194
2061.61582222
2061.66357305
2061.72736192
2061.79216503
2061.85694304
2061.93082245
2061.99352905
2062.05726891
2062.12123698
2062.18426151
2062.24996940
2062.31497415
2062.37646292
2062.44038661
2062.50228669
2062.56710858
2062.63019089
2062.71489350
2062.75854662
2062.82235914
2062.88610461
2062.95915824
2063.02282057
2063.08663139
2063.15145011
2063.21436711
2063.27827228
2063.34188073
2063.40487917
2063.46863341
2063.53238278
2063.59722247
2063.65908110
2063.72388568
2063.80467953
2063.86061700
2063.92657943
2064.00244370
2064.06214876
2064.12795394
2064.19073880
2064.25467590
2064.31840601
2064.38139421
2064.44611492
2064.51090316
2064.57290540
2064.63571854
2064.69954959
2064.76442560
2064.84501246
2064.89193605
2064.95494497
2065.02975647
2065.09341612
2065.15641309
2065.22004397
2065.28408445
2065.34683738
2065.41485610
2065.47544131
2065.53819886
2065.63491933
2065.69791509
2065.76166933
2065.82633811
2065.90523318
2065.95631152
2066.01598757
2066.09181258
2066.15558609
2066.22041115
2066.28232805
2066.34599818
2066.40896249
2066.50658383
2066.55866789
2066.62225854
2066.68628050
2066.74990333
2066.81508459
2066.87672891
2066.95554645
2067.00338383
2067.06813697
2067.14399417
2067.20682511
2067.26879711
2067.33258476
2067.39643360
2067.46121185
2067.52486882
2067.58970777
2067.65258041
2067.71447853
2067.78019130
2067.84219232
2067.90602434
2067.96974957
2068.05143577
2068.10757121
2068.17233215
2068.23597522
2068.29988965
2068.36179412
2068.42770047
2068.49036245
2068.55523140
2068.61713513
2068.68106102
2068.74472677
2068.81053998
2068.87250589
2068.93951012
2069.00001950
2069.06700520
2069.15573896
2069.20155297
2069.26569244
2069.33024516
2069.39308122
2069.45684400
2069.51894327
2069.58372176
2069.64832203
2069.71212577
2069.77501474
2069.83787689
2069.90260686
2069.96554971
2070.02852182
2070.09316158
2070.16904218
2070.25299532
2070.29463092
2070.35950133
2070.42153526
2070.48630619
2070.55004069
2070.61478139
2070.67586398
2070.74039037
2070.80529247
2070.86822679
2070.93191935
2070.99576747
2071.05890146
2071.12344638
2071.19959079
2071.26006775
2071.33982322
2071.38887843
2071.45157406
2071.51554993
2071.57918861
2071.64543508
2071.70691580
2071.76898191
2071.83262547
2071.89968285
2071.96223341
2072.02423516
2072.08792772
2072.15196674
2072.22575936
2072.28962478
2072.35425211
2072.43412437
2072.48191079
2072.54390742
2072.60856230
2072.67052479
2072.73523965
2072.79845581
2072.86301755
2072.92681398
2073.02249387
2073.08652313
2073.15013744
2073.21498249
2073.28876121
2073.35160848
2073.41644525
2073.49920786
2073.54314820
2073.60615956
2073.67177822
2073.74472555
2073.80840056
2073.87334776
2073.93602852
2073.99985006
2074.06269416
2074.12664858
2074.19051717
2074.26514045
2074.32810183
2074.39214377
2074.45679158
2074.53652048
2074.58460167
2074.64838737
2074.70923102
2074.77498085
2074.83791980
2074.90258029
2074.96541391
2075.02930640
2075.09311989
2075.15636238
2075.21978944
2075.29389096
2075.35866970
2075.42231277
2075.49401643
2075.57584793
2075.62782520
2075.70584597
2075.78446919
2075.85223654
2075.91925418
2075.99783570
2076.07990249
2076.14256495
2076.21125781
2076.28917032
2076.36800638
2076.43576057
2076.52066188
2076.58134364
2076.65899211
2076.72588565
2076.79467652
2076.87347942
2076.95060687
2077.01920268
2077.08609598
2077.16389049
2077.24581001
2077.31036883
2077.37717704
2077.47205016
2077.53399729
2077.60077600
2077.66847484
2077.74840098
2077.82614331
2077.89295688
2077.97166957
2078.04966279
2078.12949627
2078.20629750
2078.28500727
2078.37866208
2078.46348464
2078.53034868
2078.60913257
2078.68690635
2078.75468858
2078.82247178
2078.90126664
2078.97920500
2079.04602539
2079.11290625
2079.19249910
2079.28627508
2079.33713327
2079.40403607
2079.48381202
2079.56176110
2079.62843131
2079.75314234
2079.80898448
2079.88787759
2079.96652592
2080.03440567
2080.10133432
2080.19598558
2080.25799196
2080.32568787
2080.40346848
2080.48229821
2080.56103065
2080.62702063
2080.70888505
2080.78533885
2080.85220338
2080.91914690
2080.99857591
2081.07632824
2081.15836747
2081.21112128
2081.28892651
2081.36876122
2081.43695353
2081.50222135
2081.58108691
2081.65991810
2081.73858886
2081.81537034
2081.89356982
2081.97110174
2082.03989114
2082.12097391
2082.18661622
2082.26773459
2082.33103608
2082.39884512
2082.47779090
2082.55641217
2082.62247188
2082.69109110
2082.76898655
2082.84583191
2082.91352831
2082.99329743
2083.08797819
2083.14985388
2083.21572757
2083.29548718
2083.37435957
2083.45224210
2083.51924145
2083.59771546
2083.67456837
2083.77624329
2083.84303858
2083.92180857
2084.01550751
2084.08085017
2084.14528416
2084.22336222
2084.30210588
2084.36954872
2084.43761572
2084.51622626
2084.59403076
2084.67186745
2084.74965367
2084.82846633
2084.92321242
2084.98424405
2085.05381145
2085.13164497
2085.20953091
2085.27969856
2085.34406380
2085.42393508
2085.50204703
2085.57095784
2085.63534770
2085.71409307
2085.79382660
2085.87660091
2085.92747519
2086.00642682
2086.08420963
2086.15442068
2086.21884053
2086.30097875
2086.37459729
2086.44234440
2086.52445605
2086.60090522
2086.67871143
2086.74532922
2086.83914860
2086.90296307
2087.00203045
2087.06211048
2087.13734353
2087.23711723
2087.30497649
2087.37273751
2087.45053324
2087.52856034
2087.59514717
2087.66303520
2087.75676364
2087.82059615
2087.88742606
2087.95520024
2088.03395536
2088.11524122
2088.17772083
2088.24671162
2088.32518587
2088.40409117
2088.47080576
2088.53867429
2088.61747183
2088.71216868
2088.76205675
2088.82812207
2088.90870381
2088.98755377
2089.06330271
2089.14233431
2089.22439183
2089.29974727
2089.37006853
2089.43545532
2089.51320326
2089.59191376
2089.67474708
2089.73652989
2089.81575580
2089.89525259
2089.96024880
2090.04090637
2090.11774051
2090.19565400
2090.27542995
2090.35225165
2090.43190692
2090.49769405
2090.58247858
2090.64436134
2090.72424384
2090.78993905
2090.85775200
2090.93476510
2091.01445230
2091.08119516
2091.14900713
2091.22775250
2091.30462004
2091.37343870
2091.45120322
2091.54613316
2091.60799544
2091.68588894
2091.76448412
2091.84313878
2091.92113834
2091.98797799
2092.06771176
2092.14639471
2092.22430796
2092.29099182
2092.35888279
2092.45267900
2092.51642642
2092.59434308
2092.66203534
2092.74098746
2092.81851841
2092.88866217
2092.96339931
2093.04217198
2093.14189106
2093.19775295
2093.27845904
2093.37228792
2093.43401953
2093.50180078
2093.57958553
2093.65747074
2093.73427806
2093.80198519
2093.88276174
2093.96153465
2094.02670665
2094.09436161
2094.17326302
2094.25296680
2094.34563320
2094.39850891
2094.47651017
2094.55619420
2094.62095685
2094.68975234
2094.76754417
2094.84628759
2094.92412695
2094.99419758
2095.07074792
2095.15080133
2095.21634855
2095.31002018
2095.37209068
2095.44990738
2095.51853318
2095.58449830
2095.66412625
2095.74193588
2095.80979149
2095.88958694
2095.96735585
2096.04425582
2096.11117521
2096.18983646
2096.28457768
2096.37021213
2096.43418483
2096.51488969
2096.61463584
2096.66964464
2096.73760606
2096.81619783
2096.89482422
2096.96368920
2097.02955094
2097.10756975
2097.20115215
2097.26396651
2097.34479474
2097.42178394
2097.50041984
2097.56635691
2097.63409355
2097.74582318
2097.82357770
2097.89132018
2097.95828321
2098.03795286
2098.13084235
2098.18197774
2098.25037730
2098.32921799
2098.40803577
2098.47475523
2098.54073863
2098.62040827
2098.70018008
2098.76612959
2098.83238142
2098.91201450
2098.99038513
2099.07331719
2099.13612911
2099.21385560
2099.29286599
2099.35964030
2099.43829497
2099.51720393
2099.61719535
2099.68378705
2099.76257996
2099.84143894
2099.90726435
2099.99186066
2100.05389605
2100.13371101
2100.19937575
2100.26745762
2100.34609083
2100.42386145
2100.49072402
2100.57051021
2100.64758792
2100.72624405
2100.79381831
2100.85981536
2100.95562666
2101.01865996
2101.08513025
2101.15200087
2101.23165540
2101.31050780
2101.37726798
2101.47810103
2101.55585628
2101.63369565
2101.69966613
2101.76929984
2101.86213667
2101.92488642
2102.00358546
2102.07151544
2102.15025398
2102.22813040
2102.29487449
2102.37471554
2102.47347864
2102.54041314
2102.60905528
2102.68907382
2102.78061821
2102.83089540
2102.90136221
2102.97902580
2103.05296372
2103.12085128
2103.18849697
2103.26643142
2103.34512510
2103.41180336
2103.53167379
2103.61260222
2103.70841865
2103.77192518
2103.85109892
2103.93168359
2104.01140565
2104.09220804
2104.17284318
2104.25261059
2104.33445209
2104.41424828
2104.49499508
2104.58894953
2104.65467741
2104.73454869
2104.81632534
2104.89710603
2104.97687223
2105.05568440
2105.13552130
2105.21732062
2105.29696150
2105.37984529
2105.47460772
2105.53886471
2105.62027393
2105.69899687
2105.77780270
2105.85873943
2105.94045805
2106.02126653
2106.10108100
2106.18165299
2106.26159619
2106.35843735
2106.42222524
2106.50521947
2106.60462282
2106.68362151
2106.76437952
2106.84602573
2106.92574585
2107.00565809
2107.08654703
2107.16625349
2107.26093620
2107.32691838
2107.40954909
2107.48788388
2107.57011231
2107.64887450
2107.72864557
2107.80950209
2107.88926194
2107.96918979
2108.05179661
2108.14473803
2108.21163474
2108.29133389
2108.37211701
2108.45183323
2108.53395950
2108.61252103
2108.69132418
2108.77215510
2108.85397685
2108.93357360
2109.03041061
2109.09423142
2109.17499748
2109.25593225
2109.33650814
2109.41955918
2109.49602322
2109.57494852
2109.65994541
2109.73745417
2109.81723426
2109.91198524
2109.97783064
2110.05849528
2110.13844457
2110.22007396
2110.29987137
2110.37967340
2110.45951689
2110.54134522
2110.62024736
2110.70083909
2110.79591458
2110.89525430
2110.96325400
2111.04615169
2111.12379406
2111.20448917
2111.28525157
2111.36403058
2111.44584941
2111.52669178
2111.64927045
2111.72924949
2111.81092715
2111.89171662
2111.97150525
2112.05225692
2112.13114565
2112.21178590
2112.31359614
2112.39234077
2112.48909952
2112.55489445
2112.63570001
2112.71382244
2112.79551644
2112.87710414
2112.95598019
2113.03764322
2113.11660923
2113.19639420
2113.27703836
2113.37191026
2113.43871944
2113.51946332
2113.60030008
2113.67996388
2113.75807826
2113.84162326
2113.92043738
2114.00114517
2114.08014751
2114.16068439
2114.25550802
2114.32243887
2114.40212144
2114.48298551
2114.56286971
2114.64448374
2114.72426090
2114.80507914
2114.88392617
2114.96403297
2115.04447964
2115.14028241
2115.20521767
2115.28580209
2115.36769431
2115.44643455
2115.52720061
2115.60807614
2115.68698754
2115.76783113
2115.85072760
2115.93149244
2116.02213035
2116.08902950
2116.16955370
2116.24850996
2116.32923750
2116.41091540
2116.49079570
2116.57254675
2116.65054509
2116.73115511
2116.81210012
2116.90764665
2116.97247195
2117.05251511
2117.13313708
2117.21306176
2117.29383147
2117.37543307
2117.45511881
2117.53820837
2117.61585050
2117.69675163
2117.79449561
2117.85521735
2117.93697767
2118.01675045
2118.09553336
2118.17735390
2118.25814946
2118.33986589
2118.41755556
2118.49855860
2118.57923542
2118.67294241
2118.73795934
2118.81881854
2118.89935176
2118.98113914
2119.06102358
2119.14177282
2119.25440064
2119.32238255
2119.40317299
2119.48481115
2119.57875975
2119.64442839
2119.72436428
2119.80523396
2119.93096606
2120.00876227
2120.09027146
2120.17107897
2120.25085614
2120.33070425
2120.42649995
2120.49047582
2120.57114948
2120.65091836
2120.73169490
2120.81345814
2120.89314998
2120.97292495
2121.05374562
2121.13357813
2121.21527213
2121.31002701
2121.37484012
2121.45565251
2121.53542675
2121.61621402
2121.69597680
2121.77713832
2121.84872105
2121.93044357
2122.01243331
2122.09099875
2122.18586261
2122.25154149
2122.33138643
2122.41223246
2122.49291514
2122.57283737
2122.65164905
2122.73350762
2122.81223178
2122.89193629
2122.97369514
2123.06868115
2123.13619470
2123.21514633
2123.29391778
2123.37562397
2123.45453561
2123.53623693
2123.61921970
2123.69779977
2123.77555526
2123.90617891
2123.95933354
2124.03999793
2124.11984532
2124.20058163
2124.27951498
2124.36016157
2124.44096566
2124.51279561
2124.57548539
2124.64153803
2124.70438628
2124.76993667
2124.84878127
2124.89870883
2124.96251648
2125.02649966
2125.09015760
2125.15818144
2125.21870765
2125.28261770
2125.34743130
2125.42331726
2125.48605653
2125.54916151
2125.61472410
2125.67761380
2125.74247543
2125.80650737
2125.89102591
2125.93588711
2125.99970914
2126.06359406
2126.12840133
2126.19124299
2126.25715886
2126.32313226
2126.39579653
2126.45978630
2126.52338012
2126.58830294
2126.65009818
2126.71607158
2126.77970393
2126.84558907
2126.92539184
2126.97331870
2127.03609893
2127.10188752
2127.16575076
2127.23050267
2127.29356182
2127.36821289
2127.44400012
2127.50899950
2127.57259259
2127.63652506
2127.70357049
2127.79628663
2127.86116265
2127.94380580
2127.98965931
2128.05450070
2128.11936696
2128.18215353
2128.24597239
2128.31170247
2128.37661091
2128.45060370
2128.51521884
2128.57908865
2128.64108089
2128.70691434
2128.77070053
2128.83438310
2128.89823024
2128.98297819
2129.02912768
2129.09166849
2129.15570702
2129.22049502
2129.28511552
2129.34929546
2129.42383463
2129.49952482
2129.56466024
2129.62814435
2129.69105355
2129.75398690
2129.81972112
2129.91561239
2130.00232838
2130.06514299
2130.13083357
2130.19371132
2130.25875459
2130.32333413
2130.38855368
2130.45512417
2130.52082402
2130.59860317
2130.66459510
2130.73240658
2130.80913784
2130.87486231
2130.95665773
2131.01857878
2131.08345967
2131.16222356
2131.23911939
2131.30508206
2131.38183502
2131.45950811
2131.52548297
2131.60223130
2131.67001157
2131.74770173
2131.82376275
2131.90528023
2131.95546063
2132.03299182
2132.09991364
2132.16669308
2132.24371227
2132.30846273
2132.38702109
2132.45301912
2132.51900130
2132.59747433
2132.66348820
2132.72826011
2132.80692673
2132.92067559
2132.97161472
2133.05041811
2133.11518392
2133.18188607
2133.25971618
2133.32375397
2133.42350914
2133.50211480
2133.56811893
2133.63479889
2133.71158378
2133.77739944
2133.87209653
2133.93109625
2134.00894805
2134.08659506
2134.16439834
2134.23017207
2134.30602731
2134.37302398
2134.43862192
2134.51735607
2134.58141971
2134.64809724
2134.72598415
2134.81162981
2134.85858973
2134.93734850
2135.00210164
2135.07912449
2135.15708869
2135.22260032
2135.29956734
2135.36638408
2135.43316619
2135.51089439
2135.57577406
2135.64259738
2135.72034166
2135.80120647
2135.85205368
2135.92888344
2135.99568872
2136.06246303
2136.13936495
2136.20518232
2136.28387648
2136.36166904
2136.42741375
2136.50345649
2136.57023056
2136.63515217
2136.71278235
2136.80647300
2136.85729607
2136.93512179
2137.00221794
2137.06680406
2137.14693183
2137.20976911
2137.27725852
2137.35406462
2137.41905596
2137.48675919
2137.56357578
2137.62955381
2137.70828479
2137.79897829
2137.84873811
2137.92857575
2137.99672661
2138.06023266
2138.13806618
2138.21481011
2138.28085008
2138.35845978
2138.42437564
2138.50102181
2138.57708502
2138.64478752
2138.71185880
2138.80455178
2138.85521540
2138.93313084
2139.00900632
2139.08575172
2139.16346333
2139.23125921
2139.29520314
2139.37313321
2139.43885915
2139.50559323
2139.58671843
2139.66024261
2139.74194222
2139.80396980
2139.86868905
2139.93541485
2140.03528509
2140.08911581
2140.15697971
2140.23464695
2140.30036898
2140.37722214
2140.45437909
2140.52068529
2140.59851442
2140.67928316
2140.73122337
