1756.40758203
1756.49901513
1756.59705986
1756.69687073
1756.79555643
1756.89713858
1757.00590116
1757.10609726
1757.20459693
1757.30491151
1757.39286351
1757.48373097
1757.57212987
1757.67130246
1757.75976255
1757.86850977
1757.95805847
1758.04472754
1758.14584718
1758.24546277
1758.33393286
1758.42285107
1758.52351284
1758.62335346
1758.71113211
1758.81214984
1758.91183979
1758.99956212
1759.09914113
1759.19918582
1759.29881141
1759.39933859
1759.48625221
1759.58617036
1759.67498739
1759.77553969
1759.87404521
1759.99697384
1760.08608832
1760.17384405
1760.27445145
1760.37279776
1760.46338022
1760.56261400
1760.65089903
1760.74969957
1760.83924729
1760.93905817
1761.03991596
1761.12674010
1761.22711978
1761.32682460
1761.41472369
1761.50642035
1761.63698313
1761.71529759
1761.81324040
1761.90370193
1762.00286963
1762.10279754
1762.20345127
1762.29118651
1762.38043728
1762.47969203
1762.57898286
1762.66814147
1762.76797088
1762.85673061
1762.94554569
1763.04468829
1763.14571602
1763.24346695
1763.34360112
1763.45478131
1763.54357152
1763.64207826
1763.75059630
1763.84960236
1763.93935732
1764.03781213
1764.13898274
1764.22725363
1764.32652130
1764.41580206
1764.52522438
1764.62757673
1764.73618936
1764.83584884
1764.93551757
1765.02482173
1765.12409867
1765.21283963
1765.30224107
1765.39128606
1765.49017120
1765.59082931
1765.67855700
1765.77817600
1765.86743237
1765.96692045
1766.05624558
1766.16637446
1766.25595023
1766.35476441
1766.44450182
1766.53260961
1766.63310608
1766.73182518
1766.83163313
1766.93119557
1767.03030695
1767.13086169
1767.22956933
1767.32132792
1767.43011951
1767.52896954
1767.62974054
1767.71770667
1767.82749154
1767.91825173
1768.01615602
1768.11657301
1768.24764023
1768.33820635
1768.43735870
1768.54805029
1768.63870808
1768.78042831
1768.85877251
1768.94616277
1769.05961209
1769.16800847
1769.26862343
1769.36766119
1769.46641150
1769.55401338
1769.64397875
1769.73336142
1769.82214944
1769.93112754
1770.04284753
1770.13173185
1770.27502245
1770.35366069
1770.45174588
1770.60673372
1770.72723522
1770.81730519
1770.90577796
1771.00536307
1771.09422569
1771.19335561
1771.30383583
1771.40453149
1771.50296094
1771.59301213
1771.68199617
1771.78059117
1771.86936481
1771.97935399
1772.06910213
1772.17993659
1772.26846105
1772.35679193
1772.45719307
1772.54492515
1772.65836130
1772.75596059
1772.85528677
1772.94501345
1773.04456004
1773.13257762
1773.26505455
1773.33305490
1773.44181041
1773.53153685
1773.63079745
1773.73178300
1773.83013736
1773.93031834
1774.02901184
1774.12935398
1774.22847536
1774.31896736
1774.42979500
1774.52776902
1774.61779388
1774.71670730
1774.80661269
1774.91623055
1775.01722195
1775.12681007
1775.21545619
1775.31568959
1775.41425777
1775.55713414
1775.65702596
1775.75692802
1775.85666576
1775.94559372
1776.04599193
1776.13429575
1776.23415831
1776.32261060
1776.43270901
1776.53458958
1776.64283114
1776.73184541
1776.83087708
1776.94195145
1777.03073898
1777.12061146
1777.21863668
1777.31965417
1777.43092798
1777.58358501
1777.66291859
1777.76194489
1777.85086212
1777.94960268
1778.05021861
1778.13797605
1778.23791858
1778.33736204
1778.43719071
1778.54746418
1778.63707334
1778.75385310
1778.85365276
1778.96174755
1779.07465196
1779.17187529
1779.28238134
1779.38224464
1779.49250543
1779.59210809
1779.70189223
1779.80220291
1779.91036743
1780.01008761
1780.12089599
1780.22026899
1780.33018673
1780.42980061
1780.58328829
1780.66066360
1780.75921203
1780.85975043
1781.01415435
1781.10188106
1781.21165569
1781.31097359
1781.42025475
1781.53177700
1781.64074340
1781.75388236
1781.86208832
1781.96169659
1782.07114525
1782.17004598
1782.28087485
1782.38122649
1782.55605918
1782.66639921
1782.77616896
1782.88682740
1782.99595862
1783.10757474
1783.21616714
1783.32779838
1783.43743452
1783.53802900
1783.67979043
1783.77977222
1783.88871692
1783.98957252
1784.09828171
1784.19798043
1784.30729646
1784.40755204
1784.51817415
1784.61633737
1784.72613101
1784.83640496
1784.93604932
1785.03539306
1785.14578282
1785.25757814
1785.36721892
1785.46580368
1785.57447068
1785.68533977
1785.79629298
1785.89630207
1786.00514169
1786.11670369
1786.22555965
1786.33655064
1786.44619776
1786.55590388
1786.66528207
1786.77657783
1786.88665698
1786.99802027
1787.10662705
1787.21661355
1787.31479505
1787.41563090
1787.51474083
1787.62628308
1787.72414494
1787.83519470
1787.93268426
1788.04433940
1788.15325606
1788.26432922
1788.37439593
1788.48496002
1788.59521324
1788.69426856
1788.80414802
1788.91509074
1789.01411607
1789.11347078
1789.21196118
1789.32274543
1789.42134579
1789.53216222
1789.63086596
1789.73157771
1789.83040067
1789.94130487
1790.04975927
1790.16252593
1790.27103129
1790.38085395
1790.53528517
1790.63439680
1790.74412292
1790.85530823
1790.96449723
1791.07503084
1791.18395555
1791.29564018
1791.39490200
1791.50571306
1791.61401508
1791.72587501
1791.82491375
1791.92372915
1792.03231448
1792.14289807
1792.25281167
1792.36540644
1792.47303628
1792.58427474
1792.69391064
1792.80474755
1792.91467993
1793.02602615
1793.11368021
1793.22386834
1793.32275030
1793.43432473
1793.54422590
1793.65457617
1793.76497251
1793.87523817
1793.98440035
1794.09466870
1794.19443642
1794.29279395
1794.40375544
1794.51383191
1794.61229769
1794.72352396
1794.82361083
1794.93409568
1795.04412387
1795.15249416
1795.25239890
1795.36277720
1795.46212801
1795.57191142
1795.67289526
1795.82525801
1795.92419068
1796.07851268
1796.14425706
1796.28782804
1796.37590145
1796.48765045
1796.59816017
1796.70778242
1796.80971468
1796.91736012
1797.01728510
1797.11480490
1797.22746575
1797.33636388
1797.44609609
1797.55648829
1797.66726424
1797.77613507
1797.88661041
1797.99725934
1798.08632506
1798.19576737
1798.29547878
1798.40458025
1798.50530639
1798.61497959
1798.71461151
1798.82484036
1798.93422514
1799.04316570
1799.15557322
1799.26456157
1799.36381583
1799.47484656
1799.57365539
1799.68287754
1799.79359498
1799.90443457
1800.00427300
1800.11265719
1800.22332026
1800.33302077
1800.44414805
1800.55359964
1800.66464134
1800.77493894
1800.88523874
1800.99405691
1801.10480970
1801.21538914
1801.31498815
1801.42334113
1801.52368692
1801.63412983
1801.74422361
1801.85472113
1801.96580112
1802.07515932
1802.18690247
1802.29553656
1802.40695154
1802.50612144
1802.60524770
1802.70323513
1802.81479908
1802.92339733
1803.03448097
1803.13315496
1803.24531722
1803.35417074
1803.44378356
1803.54180219
1803.65349195
1803.76263682
1803.87402473
1803.97130926
1804.08239778
1804.19341681
1804.30271699
1804.41164340
1804.52194271
1804.63249119
1804.73216749
1804.84097980
1804.93104050
1805.02952286
1805.13002494
1805.23916079
1805.35040364
1805.44830427
1805.55984969
1805.67113203
1805.78024204
1805.93239023
1806.04308500
1806.15306613
1806.25242743
1806.36379267
1806.47243724
1806.58323611
1806.69337743
1806.80237577
1806.90254286
1807.01204028
1807.12301591
1807.22151412
1807.33217451
1807.43138025
1807.53137033
1807.63800616
1807.74919147
1807.83667120
1807.94823198
1808.05774598
1808.16812843
1808.26527788
1808.37673553
1808.48594696
1808.59744702
1808.68550239
1808.79573587
1808.90453941
1809.01600218
1809.12682007
1809.23734027
1809.34684622
1809.44510891
1809.55575759
1809.66663960
1809.77575424
1809.88656384
1809.99812584
1810.10675188
1810.19565205
1810.30539889
1810.40571396
1810.51542496
1810.61504030
1810.72483005
1810.82424961
1810.92266102
1811.02359684
1811.17605832
1811.25304426
1811.40665214
1811.47639817
1811.62729903
1811.72790253
1811.83879844
1811.93821361
1812.04828642
1812.15808958
1812.26756627
1812.37796189
1812.53161584
1812.62025197
1812.72975963
1812.84167636
1812.95178916
1813.05037294
1813.16086803
1813.25987897
1813.36916476
1813.48093351
1813.58938620
1813.68905591
1813.79880543
1813.91023406
1814.02985713
1814.14257526
1814.25126104
1814.36080844
1814.47080396
1814.58144704
1814.69103882
1814.80282780
1814.91269995
1815.02298000
1815.13153144
1815.23215103
1815.34187422
1815.45140967
1815.56176115
1815.67299449
1815.78258139
1815.89314864
1816.00175372
1816.10261468
1816.21184928
1816.32356780
1816.43215020
1816.54399014
1816.65187671
1816.76364472
1816.87350249
1816.98294067
1817.09257998
1817.20309726
1817.31366061
1817.42438000
1817.53452668
1817.63365733
1817.73217066
1817.83308696
1817.93082327
1818.04234552
1818.13998016
1818.25204099
1818.34833638
1818.46127053
1818.56926828
1818.68173774
1818.79117201
1818.89232262
1818.99101197
1819.10018903
1819.19956080
1819.28807843
1819.39938931
1819.50951112
1819.61836927
1819.71879138
1819.82870937
1819.94019944
1820.03778215
1820.14784154
1820.25773637
1820.36835970
1820.47816798
1820.58894101
1820.68683847
1820.79905509
1820.90741587
1821.01834567
1821.11841499
1821.22835809
1821.37068832
1821.48037055
1821.58311567
1821.70073389
1821.78963187
1821.88952564
1821.98702545
1822.08793932
1822.19850486
1822.30815832
1822.40684304
1822.51839602
1822.62680410
1822.73749472
1822.82551961
1822.93617342
1823.03503466
1823.14559362
1823.25527999
1823.36584457
1823.47369140
1823.58354917
1823.69621001
1823.85067561
1823.96362098
1824.06538087
1824.17469665
1824.27659843
1824.37844463
1824.47727686
1824.57921351
1824.73370007
1824.84482150
1824.94615619
1825.04742017
1825.15806642
1825.25899906
1825.36974356
1825.47208933
1825.58222309
1825.69467499
1825.80677970
1825.91846238
1826.03117930
1826.13076709
1826.24218012
1826.34306010
1826.44464128
1826.59839520
1826.69986520
1826.79948664
1826.91195585
1827.02522597
1827.13626402
1827.24804447
1827.34997283
1827.49378104
1827.58372715
1827.69344399
1827.80512789
1827.90701676
1828.01793656
1828.12994546
1828.24211332
1828.35199791
1828.46557450
1828.57643262
1828.68819356
1828.78817315
1828.90074550
1829.01226092
1829.11333376
1829.22374351
1829.33676251
1829.49212094
1829.60302733
1829.71377378
1829.81483321
1829.91602210
1830.00722431
1830.11749046
1830.22950229
1830.33955340
1830.45166421
1830.55428157
1830.66387481
1830.76577025
1830.86660318
1830.97741400
1831.08998927
1831.19161506
1831.34578809
1831.42600889
1831.53723857
1831.64849556
1831.76116323
1831.87082596
1831.97304664
1832.07334587
1832.18409769
1832.29621728
1832.40843804
1832.51919108
1832.61022458
1832.72131529
1832.83388203
1832.93378458
1833.04445545
1833.15768412
1833.26768379
1833.37935404
1833.48235516
1833.59143201
1833.69364002
1833.79502663
1833.90609126
1834.00790040
1834.11753435
1834.22921532
1834.34281117
1834.44253014
1834.54331698
1834.65474903
1834.76607550
1834.87782084
1834.98880940
1835.10170942
1835.21321119
1835.32433385
1835.42531720
1835.53763354
1835.64937035
1835.74978758
1835.86180769
1835.97372590
1836.08503530
1836.18576973
1836.29866561
1836.40003638
1836.50989731
1836.61195806
1836.71235433
1836.82325706
1836.92409218
1837.03642315
1837.14732759
1837.26038365
1837.37022484
1837.48400307
1837.58384125
1837.69439412
1837.80722441
1837.91754907
1838.03136728
1838.13199858
1838.24390702
1838.33333675
1838.43512370
1838.54413789
1838.65643960
1838.75707845
1838.85756956
1838.94869497
1839.04855315
1839.14972326
1839.26222124
1839.37328953
1839.48415423
1839.62977638
1839.74110943
1839.84268354
1839.94109788
1840.05470080
1840.16648734
1840.27729621
1840.38936558
1840.50206177
1840.61299718
1840.72498292
1840.81390868
1840.92717856
1841.03807252
1841.14279591
1841.25175646
1841.34039064
1841.45220302
1841.56495383
1841.66340791
1841.77599903
1841.87860445
1841.98766642
1842.10176233
1842.19087046
1842.30179661
1842.41336299
1842.56788028
1842.68084978
1842.78218130
1842.89239308
1843.00412574
1843.10507082
1843.21661819
1843.31753059
1843.42850135
1843.54067701
1843.65356948
1843.75310461
1843.85380661
1843.96559754
1844.07889204
1844.18887684
1844.29147616
1844.44406540
1844.54599181
1844.65642692
1844.76915384
1844.86983706
1844.98281706
1845.09429396
1845.18398285
1845.29393741
1845.39552810
1845.49514564
1845.59686993
1845.69763751
1845.80917610
1845.90985128
1846.02379481
1846.13480116
1846.24535745
1846.35620581
1846.46762786
1846.58120275
1846.69143257
1846.80359311
1846.91540550
1847.02645330
1847.13954081
1847.29464544
1847.40512053
1847.50637086
1847.60584552
1847.71808311
1847.81925420
1847.91281186
1848.03108080
1848.13141563
1848.24344427
1848.35599979
1848.45708872
1848.56797999
1848.68047919
1848.79039231
1848.90320846
1849.00521386
1849.14798344
1849.21664062
1849.32794027
1849.44089076
1849.54127727
1849.65089782
1849.76363497
1849.86421263
1849.96513918
1850.07827740
1850.18806910
1850.29018812
1850.39092084
1850.50295826
1850.60367781
1850.69404767
1850.80508279
1850.90529376
1851.00496079
1851.11762821
1851.22917046
1851.34000176
1851.44200741
1851.55468434
1851.66442850
1851.77726098
1851.87943559
1851.99586597
1852.10934284
1852.20887017
1852.31999502
1852.43400730
1852.54346887
1852.64561666
1852.74425360
1852.85711022
1852.96905695
1853.06949758
1853.18249708
1853.29387061
1853.40416846
1853.50609121
1853.63939563
1853.79343797
1853.87277058
1853.97300056
1854.08546392
1854.19734238
1854.30823561
1854.42110979
1854.52272656
1854.61489036
1854.72430147
1854.83350729
1854.94653946
1855.04726852
1855.15831510
1855.25871063
1855.35999534
1855.47112677
1855.57160544
1855.67256709
1855.78451602
1855.89808968
1856.00885296
1856.12061073
1856.23357829
1856.34251885
1856.45497977
1856.60876831
1856.72258651
1856.82282528
1856.92283266
1857.03427617
1857.13585613
1857.24697414
1857.35947919
1857.47018713
1857.58228258
1857.68278002
1857.79439809
1857.90550538
1858.01834104
1858.13026119
1858.23173168
1858.32247017
1858.47501943
1858.57701947
1858.68852807
1858.79999449
1858.90079328
1859.00084699
1859.11408347
1859.22502400
1859.32442040
1859.42591868
1859.53756455
1859.64860747
1859.75142720
1859.86122694
1859.96361196
1860.07493746
1860.18548204
1860.28710052
1860.38775839
1860.49957736
1860.61193661
1860.72237733
1860.82449293
1860.93489781
1861.04612920
1861.14759286
1861.24820416
1861.36032643
1861.47177481
1861.57170662
1861.68473098
1861.78516113
1861.89668510
1862.00804083
1862.09057148
1862.19000957
1862.30313975
1862.41553241
1862.52543065
1862.62685676
1862.72786401
1862.83927143
1862.92917365
1863.02935025
1863.14077254
1863.25481919
1863.36522212
1863.47608438
1863.56682726
1863.67823517
1863.79000928
1863.88979115
1863.99141328
1864.09228229
1864.20466836
1864.30433369
1864.41696917
1864.52760713
1864.62903544
1864.72984715
1864.84063944
1864.95280243
1865.05304265
1865.15434345
1865.26706183
1865.37765591
1865.49036137
1865.60016891
1865.71202177
1865.81489538
1865.92431137
1866.03637220
1866.13903174
1866.23775157
1866.35034829
1866.46178058
1866.57328236
1866.68491652
1866.79686642
1866.90750803
1866.99901282
1867.12690906
1867.23848934
1867.33741836
1867.45001142
1867.55078096
1867.65052015
1867.76355647
1867.87298513
1867.98479801
1868.08558388
1868.19535899
1868.30773751
1868.41794222
1868.52954615
1868.63141429
1868.74055721
1868.83114697
1868.94196511
1869.04345169
1869.14360511
1869.25416774
1869.36496003
1869.46501325
1869.57734422
1869.67844655
1869.79033306
1869.90075086
1870.01126155
1870.11276641
1870.21340234
1870.32432409
1870.42483080
1870.53472100
1870.64731163
1870.75946364
1870.86955620
1870.98119962
1871.08081716
1871.18162912
1871.29218784
1871.40399511
1871.49521366
1871.59341149
1871.69437339
1871.80705764
1871.96000260
1872.05044852
1872.16023559
1872.27303028
1872.38295534
1872.49573078
1872.60725328
1872.71636572
1872.82983577
1872.92850464
1873.04130178
1873.15315781
1873.26304434
1873.36344451
1873.47505697
1873.58687131
1873.68644789
1873.79740865
1873.90962795
1874.01925752
1874.13189886
1874.24374562
1874.35360315
1874.46543382
1874.57580651
1874.67685984
1874.77883428
1874.88783287
1875.00098011
1875.09968507
1875.21221523
1875.32404542
1875.43372740
1875.53517887
1875.64526021
1875.74699085
1875.84682781
1875.95752770
1876.07120937
1876.18092158
1876.29272154
1876.39276769
1876.49434155
1876.59298580
1876.70365034
1876.81508043
1876.92676579
1877.03781067
1877.14064356
1877.23840888
1877.35093417
1877.46342166
1877.61622302
1877.69500754
1877.80652468
1877.91877933
1878.01820256
1878.13002250
1878.24208309
1878.35084835
1878.46253615
1878.57241464
1878.68545241
1878.78691144
1878.89692939
1879.00997863
1879.12083357
1879.23053457
1879.34266976
1879.45328993
1879.56472295
1879.66529938
1879.77659490
1879.88980212
1879.99853690
1880.11117629
1880.26408565
1880.37632690
1880.48854255
1880.59874897
1880.69983789
1880.80965568
1880.92198250
1881.03394532
1881.14374238
1881.25532705
1881.35604051
1881.45571193
1881.56879846
1881.67858114
1881.77888768
1881.88964754
1882.00228522
1882.11444333
1882.22475142
1882.33523505
1882.43592656
1882.54758437
1882.64841242
1882.75997832
1882.87038393
1882.98149951
1883.09383267
1883.18384218
1883.29357316
1883.40508786
1883.50497822
1883.61667699
1883.71713762
1883.87072794
1883.95058962
1884.06252586
1884.17393279
1884.27427176
1884.38570356
1884.49861724
1884.60683709
1884.71955548
1884.82989062
1884.94200095
1885.04166871
1885.14256186
1885.24166617
1885.34187836
1885.45391481
1885.56647301
1885.67716217
1885.78886630
1885.88871936
1886.00076751
1886.11104219
1886.22210560
1886.31233209
1886.41105143
1886.52308740
1886.63484005
1886.73360304
1886.83538974
1886.94645071
1887.05923029
1887.15985330
1887.26977299
1887.37107647
1887.48186632
1887.59362897
1887.68374575
1887.79257684
1887.90569555
1888.01527026
1888.12821197
1888.22843148
1888.33855500
1888.45252046
1888.55045182
1888.66290030
1888.77460907
1888.88475502
1888.98655051
1889.08604175
1889.19634788
1889.29806584
1889.40791142
1889.52061785
1889.61940010
1889.73148604
1889.84440240
1889.99679732
1890.08793273
1890.19805235
1890.31010953
1890.39845966
1890.50952575
1890.61112302
1890.72280058
1890.82246858
1890.93310800
1891.04410607
1891.13482432
1891.23467007
1891.34589024
1891.45687270
1891.56820381
1891.67970071
1891.79124344
1891.90349323
1892.05770112
1892.16955227
1892.26930829
1892.38047922
1892.48104956
1892.59112432
1892.70306105
1892.79357353
1892.90239170
1893.03717994
1893.13678675
1893.23874900
1893.35057577
1893.46090701
1893.57200090
1893.67182006
1893.78316263
1893.89576252
1894.00638195
1894.10681040
1894.21759415
1894.32948310
1894.43039063
1894.54014161
1894.64185444
1894.75266429
1894.86415607
1894.96497144
1895.07422236
1895.18681470
1895.29807291
1895.40875914
1895.52166672
1895.63188045
1895.74356289
1895.84285006
1895.96200867
1896.06336651
1896.17407688
1896.28579248
1896.39579117
1896.50844446
1896.60793399
1896.72070333
1896.81995564
1896.93131552
1897.03251952
1897.13126788
1897.24372148
1897.35438602
1897.46511979
1897.57686318
1897.68786539
1897.79974068
1897.90132527
1898.01033873
1898.12310978
1898.22251691
1898.32327742
1898.43591266
1898.54674323
1898.64676696
1898.75708357
1898.86822427
1898.96938950
1899.08036587
1899.19077294
1899.29153662
1899.39245927
1899.49427548
1899.60399525
1899.70480575
1899.80452276
1899.91640975
1900.02745365
1900.13930481
1900.25055058
1900.36047881
1900.47263473
1900.58547843
1900.69600594
1900.80693818
1900.90782547
1901.01841540
1901.13022779
1901.24166715
1901.34184520
1901.44128573
1901.55390976
1901.65367919
1901.76450659
1901.87717329
1901.97595334
1902.07729534
1902.18850088
1902.34287213
1902.43319590
1902.54310926
1902.64475041
1902.75576237
1902.86507328
1902.96812413
1903.06784822
1903.16767957
1903.27833801
1903.38991585
1903.49067929
1903.60213231
1903.71312428
1903.82397142
1903.93774526
1904.04745918
1904.15781993
1904.27133361
1904.42421031
1904.53540781
1904.63674883
1904.74822769
1904.85884517
1904.95869091
1905.07035165
1905.18186951
1905.29142837
1905.40528340
1905.50421095
1905.60498902
1905.71689869
1905.82755981
1905.93822385
1906.03995936
1906.15081041
1906.26252869
1906.37309131
1906.48501634
1906.59617653
1906.70735843
1906.80879308
1906.91807838
1907.03139117
1907.13006492
1907.24199629
1907.35344296
1907.46334145
1907.56500357
1907.66389943
1907.77662659
1907.87834186
1907.98772396
1908.10026558
1908.21087038
1908.32300826
1908.42189729
1908.53327082
1908.63422004
1908.74418655
1908.85595164
1908.96724569
1909.07911781
1909.19168601
1909.30160790
1909.41317258
1909.52344750
1909.63457284
1909.74560723
1909.85638562
1909.97031330
1910.06980722
1910.18161961
1910.29350222
1910.40389953
1910.50711350
1910.61546502
1910.72711966
1910.82923502
1910.93766626
1911.03834339
1911.18133118
1911.29292853
1911.39432953
1911.50614168
1911.60741955
1911.70560642
1911.81839697
1911.92922778
1912.03904532
1912.15147942
1912.26096124
1912.37413676
1912.48029595
1912.63185168
1912.71851392
1912.82889954
1912.93643381
1913.05545466
1913.16613016
1913.26308823
1913.37255883
1913.48052878
1913.57849914
1913.68903617
1913.79490400
1913.90544029
1914.01341634
1914.17675415
1914.28552648
1914.39413229
1914.51242098
1914.62191231
1914.73115470
1914.83994800
1914.94874032
1915.05621412
1915.16576348
1915.26460472
1915.36210234
1915.47093026
1915.56900814
1915.67706464
1915.78559365
1915.89363407
1916.00355181
1916.11197672
1916.22001250
1916.32879190
1916.43805014
1916.54796594
1916.65614800
1916.76517536
1916.87440873
1916.98159460
1917.07922509
1917.18888074
1917.28580223
1917.39494710
1917.49291893
1917.60243463
1917.71096144
1917.81865053
1917.92726950
1918.03670256
1918.14662786
1918.25390077
1918.35119943
1918.46065979
1918.56936898
1918.67808157
1918.78676150
1918.88412087
1918.99503799
1919.10245718
1919.21076213
1919.31945742
1919.42747979
1919.52693300
1919.63548298
1919.74254376
1919.85232815
1919.96077621
1920.06921013
1920.17897818
1920.27658965
1920.38614096
1920.48441315
1920.59180333
1920.70097551
1920.80911247
1920.91726504
1921.02629068
1921.13717074
1921.24471111
1921.35347247
1921.46195320
1921.57031374
1921.66871978
1921.77860730
1921.91855966
1922.00553545
1922.11429388
1922.22276462
1922.34241523
1922.45086987
1922.55916361
1922.66931346
1922.77763889
1922.87491732
1922.98535243
1923.08203377
1923.18070996
1923.27842359
1923.38604489
1923.49594533
1923.60454773
1923.71220829
1923.82199511
1923.93003235
1924.03963680
1924.13640860
1924.24428907
1924.35491704
1924.46275899
1924.57315216
1924.68035924
1924.78925323
1924.89798582
1925.00605378
1925.12537891
1925.23482854
1925.34359965
1925.44212980
1925.54992592
1925.64852872
1925.75716330
1925.86615262
1925.96372582
1926.07168748
1926.16917315
1926.27876492
1926.36506803
1926.46243180
1926.57323920
1926.68181283
1926.79195634
1926.89841005
1927.00615838
1927.11593008
1927.22528780
1927.32438431
1927.43192370
1927.51786817
1927.62834522
1927.73625105
1927.85472821
1927.96349785
1928.07297065
1928.17204327
1928.27990010
1928.38889137
1928.48774042
1928.59533198
1928.69286202
1928.80298042
1928.95297407
1929.06349866
1929.17048509
1929.28990286
1929.39977940
1929.50732269
1929.60752537
1929.71546192
1929.82329632
1929.92098166
1930.03052784
1930.14927539
1930.25797872
1930.36599792
1930.47600807
1930.58393536
1930.69202259
1930.79177812
1930.88978188
1930.99849594
1931.09597161
1931.20373409
1931.30329481
1931.41101925
1931.52980215
1931.63944683
1931.75910548
1931.86881355
1931.95441401
1932.06292327
1932.17198914
1932.27051880
1932.37901270
1932.48934054
1932.65066620
1932.74908590
1932.85761856
1932.97616740
1933.08707209
1933.18259899
1933.29178092
1933.40128029
1933.50982710
1933.61963172
1933.72662497
1933.81533789
1933.91185637
1934.05264866
1934.16195517
1934.27114296
1934.39003873
1934.49880497
1934.60824826
1934.71693916
1934.85758833
1934.94414988
1935.05395353
1935.17251724
1935.27149624
1935.38034707
1935.47703597
1935.58799478
1935.69464037
1935.79230158
1935.90190261
1935.99935732
1936.10941062
1936.21629709
1936.31410873
1936.42480276
1936.53274102
1936.63056485
1936.73860186
1936.89116599
1936.98923265
1937.09795159
1937.21770094
1937.32640988
1937.42386922
1937.52172792
1937.67429473
1937.75930663
1937.86936261
1937.95604655
1938.05377554
1938.16345241
1938.27179466
1938.38294584
1938.48996835
1938.59870557
1938.70808937
1938.81527914
1938.91485084
1939.04402415
1939.12983574
1939.22890885
1939.33768387
1939.44615290
1939.55614964
1939.65279831
1939.76146726
1939.87004528
1939.97974481
1940.08804586
1940.18501002
1940.28461293
1940.39260531
1940.50149906
1940.59915808
1940.70683107
1940.81611248
1940.91510879
1941.02270864
1941.13233016
1941.24047346
1941.34875890
1941.45934883
1941.56617117
1941.67589021
1941.78430195
1941.88194268
1941.99118142
1942.10770274
1942.21673156
1942.32631090
1942.43506762
1942.54385458
1942.65243016
1942.76025382
1942.86965177
1942.97874398
1943.08774061
1943.18439977
1943.29300143
1943.39204967
1943.49975461
1943.61854481
1943.72899333
1943.82811886
1943.92465806
1944.03274066
1944.14235389
1944.25100602
1944.35951430
1944.46787094
1944.57579603
1944.67347602
1944.76130806
1944.87044488
1944.97917503
1945.08765162
1945.18561589
1945.29508966
1945.39212696
1945.50072570
1945.61011511
1945.71889939
1945.81675077
1945.92528124
1946.03420107
1946.14264792
1946.29566505
1946.40250836
1946.51197920
1946.60970112
1946.72034347
1946.87029689
1946.95784367
1947.06687273
1947.17505919
1947.27295812
1947.38163829
1947.53346977
1947.64373738
1947.75076964
1947.85979822
1947.96884703
1948.06616106
1948.17563361
1948.31697324
1948.42573363
1948.53457520
1948.63227591
1948.75170002
1948.84952970
1948.94806643
1949.05687436
1949.16463244
1949.27334797
1949.38310114
1949.48173344
1949.59062597
1949.69808685
1949.84991297
1949.95833178
1950.06711947
1950.17526106
1950.27403551
1950.38239531
1950.49308618
1950.60023498
1950.70922991
1950.81895602
1950.92586175
1951.03615838
1951.14486341
1951.25278241
1951.36235492
1951.46998330
1951.57808126
1951.67667674
1951.77459688
1951.88476477
1951.99226198
1952.12217672
1952.23289830
1952.34042891
1952.43906170
1952.55435008
1952.65466126
1952.76533310
1952.87285542
1952.99228027
1953.10213389
1953.20980201
1953.30749565
1953.41646254
1953.52386929
1953.63410180
1953.74218098
1953.84084912
1953.94959366
1954.09030719
1954.19992652
1954.30763486
1954.41708279
1954.52681183
1954.63462062
1954.74378597
1954.89538876
1954.99333230
1955.10201589
1955.21060877
1955.30712676
1955.41702964
1955.51495343
1955.62385498
1955.72246071
1955.84014012
1955.95035141
1956.04792095
1956.14670491
1956.27648018
1956.36217256
1956.47192817
1956.59079737
1956.70065392
1956.80941040
1956.90600787
1957.01693231
1957.12545620
1957.22213851
1957.32097513
1957.42862155
1957.53778373
1957.63561390
1957.76057760
1957.86734338
1957.97506977
1958.08179045
1958.18850771
1958.28727216
1958.39287326
1958.48925472
1958.60811563
1958.70474406
1958.81324723
1958.91792771
1959.02610563
1959.13442228
1959.24197069
1959.34773100
1959.45675738
1959.56352950
1959.66979523
1959.77749358
1959.88594554
1959.99190968
1960.10033994
1960.21750102
1960.32610000
1960.43329830
1960.58333047
1960.69097884
1960.77755526
1960.88447635
1960.99159151
1961.09901167
1961.20642257
1961.31310716
1961.43147704
1961.53896937
1961.64654631
1961.76362571
1961.87224809
1961.97947857
1962.08737124
1962.19392905
1962.29004037
1962.39937931
1962.50513133
1962.61169402
1962.71973955
1962.82846093
1962.92331736
1963.04271416
1963.14949360
1963.25713831
1963.37443470
1963.49260539
1963.58990576
1963.69654208
1963.79311517
1963.90092640
1964.00847725
1964.11550683
1964.22304622
1964.32992098
1964.43838343
1964.54546811
1964.66385481
1964.77103434
1964.86766936
1964.97403529
1965.07128422
1965.17841303
1965.27413254
1965.38165267
1965.49074610
1965.59721760
1965.70359914
1965.81060312
1965.91912359
1966.02656838
1966.13369793
1966.25142488
1966.36070897
1966.46622011
1966.58374494
1966.69088424
1966.79936814
1966.90701334
1967.01419336
1967.12281672
1967.22840661
1967.32532176
1967.44395032
1967.55290161
1967.65862413
1967.76503224
1967.88312126
1967.99203890
1968.09817614
1968.20553803
1968.31301183
1968.42096131
1968.52858871
1968.63526379
1968.73192051
1968.83999847
1968.94668209
1969.05432290
1969.15103447
1969.25744258
1969.36428126
1969.47090856
1969.58059688
1969.68672827
1969.79396948
1969.90222542
1970.00941421
1970.11634797
1970.22288457
1970.33163057
1970.43838635
1970.54467622
1970.66349373
1970.77173968
1970.87837795
1970.99734516
1971.10454175
1971.21232129
1971.31923653
1971.42575996
1971.53456228
1971.64178130
1971.75874733
1971.86567134
1971.96409957
1972.07191373
1972.17921248
1972.29685118
1972.40461170
1972.51040614
1972.61922894
1972.72487710
1972.80294995
1972.91027697
1973.02012572
1973.12714189
1973.22214168
1973.33987815
1973.44775034
1973.55577490
1973.66340889
1973.78025764
1973.87689120
1973.98389713
1974.09149454
1974.19816548
1974.30791451
1974.41314039
1974.52162868
1974.61779900
1974.72507824
1974.83157145
1974.95069080
1975.05796955
1975.19873892
1975.28351798
1975.39023256
1975.49756764
1975.60538131
1975.70251394
1975.80924169
1975.91859014
1976.02581672
1976.13061886
1976.23963622
1976.34639883
1976.45326969
1976.57200333
1976.73311347
1976.84062896
1976.99111291
1977.09767243
1977.20580281
1977.31440545
1977.42029473
1977.52872622
1977.63558099
1977.74242015
1977.84974401
