1349.13748916
1349.16138759
1349.23597006
1349.26965572
1349.33347938
1349.36246366
1349.43306448
1349.46675356
1349.53292217
1349.56195498
1349.59386961
1349.63203673
1349.67651363
1349.69904673
1349.73477771
1349.80216659
1349.82432153
1349.86702814
1349.89105798
1349.92415289
1349.96110365
1350.03358619
1350.06646167
1350.12806423
1350.14726128
1350.19921167
1350.21902263
1350.27460237
1350.28790143
1350.33123560
1350.34967709
1350.39128240
1350.40768833
1350.45868445
1350.47948187
1350.53265398
1350.55216092
1350.60407449
1350.65497528
1350.67368398
1350.71969786
1350.74079395
1350.79253149
1350.84880803
1350.86656563
1350.90872367
1350.93244631
1350.97416378
1351.00188513
1351.04598950
1351.06670499
1351.11616219
1351.16887692
1351.20014936
1351.23573307
1351.27539182
1351.30016186
1351.33390750
1351.36497197
1351.40327368
1351.42773823
1351.49866697
1351.53403126
1351.56561968
1351.59911639
1351.62724807
1351.66028203
1351.69915449
1351.73204875
1351.78719207
1351.80468440
1351.85384562
1351.90571335
1351.93476859
1351.96838257
1352.00060684
1352.03168033
1352.09869350
1352.13098872
1352.16727656
1352.20206228
1352.22935088
1352.26417879
1352.33217183
1352.38104217
1352.40072367
1352.45139187
1352.50537222
1352.53286244
1352.56980149
1352.60815708
1352.66855375
1352.69841819
1352.73162282
1352.76052640
1352.80091024
1352.82716386
1352.89909003
1352.93770576
1352.96501703
1353.00206336
1353.02957406
1353.10034970
1353.13458905
1353.16723096
1353.19968710
1353.22792874
1353.26287246
1353.33205017
1353.36864910
1353.40642589
1353.43264196
1353.50017981
1353.55331535
1353.60804102
1353.62893889
1353.67482355
1353.74719199
1353.76612402
1353.81807685
1353.89067105
1353.90908987
1353.96197283
1353.97950052
1354.02354149
1354.03928279
1354.09225791
1354.11106755
1354.16303086
1354.21481131
1354.23376115
1354.28374351
1354.30449192
1354.35551778
1354.37542603
1354.42233663
1354.47551533
1354.49514759
1354.54620124
1354.59774545
1354.61684327
1354.66675566
1354.68758794
1354.73946104
1354.78952922
1354.80841712
1354.85075485
1354.87022570
1354.93531302
1354.97093355
1354.99957211
1355.03442416
1355.06644948
1355.10022048
1355.13653513
1355.16627035
1355.20762406
1355.23277664
1355.26746558
1355.33949196
1355.36498806
1355.39877637
1355.42772336
1355.50014104
1355.53199814
1355.58104403
1355.60078526
1355.63892507
1355.66650795
1355.73360718
1355.76822688
1355.80241113
1355.83208588
1355.86719247
1355.92192691
1355.97350720
1355.99886044
1356.04349874
1356.06662332
1356.13231553
1356.16753621
1356.19867187
1356.23232657
1356.27127900
1356.29989392
1356.34061006
1356.36625929
1356.39927398
1356.47063062
1356.49049205
1356.54066263
1356.59084174
1356.61246763
1356.66713722
1356.71478486
1356.73209020
1356.80072494
1356.83464125
1356.86515349
1356.90489172
1356.93206767
1357.00001463
1357.03597552
1357.06618690
1357.10593366
1357.13085097
1357.17654155
1357.19951082
1357.24841384
1357.26739975
1357.33311634
1357.37056301
1357.40001833
1357.43326928
1357.47382890
1357.49993405
1357.53583252
1357.56585520
1357.60744345
1357.63149645
1357.66652136
1357.70326244
1357.73412747
1357.80812285
1357.83109870
1357.89924314
1357.94084188
1357.96707770
1358.00013995
1358.03100791
1358.06679276
1358.09573219
1358.13145244
1358.15953512
1358.19248497
1358.23650156
1358.26427022
1358.33334504
1358.36692976
1358.40558279
1358.43386515
1358.49827883
1358.53687652
1358.56804460
1358.59993437
1358.65580106
1358.70642391
1358.73259927
1358.78940366
1358.81027105
1358.84904014
1358.86918195
1358.90869416
1358.93208888
1358.97910725
1358.99978008
1359.04875429
1359.06871788
1359.11976520
1359.17214031
1359.19946986
1359.24225180
1359.26707232
1359.33292934
1359.38475685
1359.40704687
1359.45671666
1359.47560774
1359.51854279
1359.53597150
1359.58839756
1359.60582358
1359.64821274
1359.66678248
1359.71815162
1359.76835634
1359.80049064
1359.83324910
1359.87528401
1359.89984803
1359.93275741
1359.96747901
1360.00478012
1360.03232204
1360.07562671
1360.10215364
1360.16605410
1360.19749037
1360.26588984
1360.29460375
1360.33252584
1360.35763502
1360.39872029
1360.42531159
1360.49915532
1360.53227535
1360.56692966
1360.63183510
1360.69979132
1360.73544306
1360.79798550
1360.82938375
1360.86627282
1360.89223899
1360.96616318
1360.99814559
1361.03384072
1361.06660259
1361.12763146
1361.14660080
1361.24508706
1361.26535566
1361.30815223
1361.33200896
1361.37930089
1361.39856718
1361.43993040
1361.46634079
1361.51070335
1361.53259888
1361.58150678
1361.64682986
1361.66733300
1361.73310201
1361.78533034
1361.80384887
1361.85680887
1361.87765456
1361.93258455
1361.97786602
1362.03233862
1362.07232138
1362.13304110
1362.19087388
1362.24015139
1362.26568138
1362.30031376
1362.33243733
1362.37050669
1362.39923424
1362.44137521
1362.46546381
1362.51224422
1362.53318719
1362.60752390
1362.63439754
1362.66539545
1362.70325025
1362.76608867
1362.80064985
1362.83274904
1362.87133966
1362.90008087
1362.93327331
1363.00326119
1363.03046153
1363.06436711
1363.09821271
1363.13109258
1363.20210349
1363.26517109
1363.31566277
1363.33546715
1363.39337843
1363.41336421
1363.47162877
1363.53537099
1363.54988691
1363.64668796
1363.70756860
1363.72654037
1363.78458574
1363.84383066
1363.86328493
1363.92897251
1363.94785603
1364.00081700
1364.05354393
1364.07349776
1364.12944272
1364.14931757
1364.20028784
1364.21818466
1364.27405331
1364.29308164
1364.35805705
1364.37789630
1364.43259491
1364.45156107
1364.50290950
1364.52258783
1364.56850540
1364.59015347
1364.63073455
1364.64998012
1364.69941708
1364.71287632
1364.75632776
1364.77583153
1364.81964527
1364.83950671
1364.88697417
1364.90141987
1364.94410722
1364.96321820
1365.01422603
1365.06891829
1365.08795053
1365.14195063
1365.21561320
1365.23531080
1365.28905123
1365.34133808
1365.35955941
1365.42523723
1365.44409076
1365.50894158
1365.56152831
1365.58074512
1365.63332453
1365.68868947
1365.70788872
1365.75893067
1365.77976271
1365.83209247
1365.88922331
1365.90478541
1365.96842914
1365.99000723
1366.04458784
1366.09512559
1366.11519500
1366.16672506
1366.18671425
1366.24156792
1366.26129672
1366.31433328
1366.37052765
1366.38602588
1366.44317891
1366.49242984
1366.51188095
1366.56480487
1366.62082419
1366.63648259
1366.71150392
1366.73047399
1366.78813219
1366.83758427
1366.85684666
1366.91083969
1366.97479841
1366.99378018
1367.04752452
1367.06740131
1367.12037668
1367.17183774
1367.19111208
1367.24402552
1367.30330944
1367.31795263
1367.37092677
1367.39167104
1367.44809069
1367.46465509
1367.52955444
1367.58090652
1367.60027765
1367.65413243
1367.67317564
1367.72802541
1367.77917513
1367.79793601
1367.85184419
1367.87266452
1367.92553968
1367.94536186
1368.00939300
1368.03024917
1368.08423561
1368.13714393
1368.15596332
1368.20879752
1368.22863311
1368.28247984
1368.33395602
1368.35347393
1368.40738747
1368.46127297
1368.48058169
1368.52345165
1368.54195945
1368.59595174
1368.64814131
1368.66655671
1368.72036736
1368.77442670
1368.79201071
1368.84670444
1368.90005015
1368.91745082
1368.96059043
1368.97912773
1369.03450779
1369.05378871
1369.10753622
1369.15936811
1369.17923833
1369.26516817
1369.28408679
1369.33922352
1369.39078723
1369.40972999
1369.46611405
1369.48268040
1369.53730952
1369.60160275
1369.65320523
1369.67198585
1369.71584153
1369.77637669
1369.85057857
1369.92300357
1369.97580071
1370.02855884
1370.04603606
1370.10790266
1370.17408030
1370.22519076
1370.24590626
1370.29548731
1370.34713854
1370.40020168
1370.45482446
1370.51039371
1370.56311137
1370.61962562
1370.68295532
1370.73371543
1370.78761215
1370.80497503
1370.86781101
1370.91522216
1370.97420132
1371.03426617
1371.06641705
1371.13484163
1371.19788608
1371.23131671
1371.27075164
1371.29530762
1371.33031107
1371.40607285
1371.43090433
1371.46976485
1371.52821300
1371.57954094
1371.59981149
1371.65368821
1371.67413503
1371.73198317
1371.77854732
1371.80086367
1371.86661244
1371.90447505
1371.93143499
1372.00043983
1372.04157216
1372.10261688
1372.13192885
1372.16785292
1372.19966637
1372.23858199
1372.26572161
1372.31145560
1372.36983841
1372.40130418
1372.43621840
1372.46517441
1372.53197571
1372.56780665
1372.60906356
1372.63483639
1372.66756510
1372.73433861
1372.77270394
1372.80019319
1372.86598098
1372.90093981
1372.93198258
1372.97123392
1372.99911619
1373.06547400
1373.10023657
1373.16708492
1373.20457693
1373.23305483
1373.29987661
1373.33960313
1373.36661988
1373.40482528
1373.43334560
1373.46681476
1373.53945651
1373.56506672
1373.60345424
1373.62922439
1373.66392430
1373.73203022
1373.77805653
1373.79949200
1373.84844305
1373.86832715
1373.93311995
1373.98706324
1374.00609426
1374.05979617
1374.11043730
1374.13264881
1374.17487877
1374.23604783
1374.26727078
1374.30816466
1374.33124901
1374.38180505
1374.43490793
1374.46674210
1374.50673438
1374.53271811
1374.59970860
1374.63293736
1374.66542787
1374.70542624
1374.73141314
1374.78008405
1374.85312175
1374.87279008
1374.92773274
1374.94656311
1374.99971645
1375.02139475
1375.07336221
1375.12686542
1375.14607393
1375.18850868
1375.25337121
1375.27078456
1375.33562197
1375.38706987
1375.40735553
1375.45933152
1375.51372073
1375.53303433
1375.58489329
1375.60397282
1375.65883820
1375.71132179
1375.73376175
1375.79457315
1375.81439874
1375.86745968
1375.92038336
1375.93908816
1375.99523280
1376.01172454
1376.06656919
1376.08566555
1376.15011897
1376.17084324
1376.22494695
1376.27807372
1376.29548853
1376.35939727
1376.41316916
1376.43233428
1376.48603912
1376.54952802
1376.56978248
1376.62178528
1376.64255759
1376.69551272
1376.74915782
1376.76737354
1376.82118688
1376.89440719
1376.91289159
1376.96769308
1376.98659976
1377.04063618
1377.10495867
1377.12165814
1377.17826845
1377.19640762
1377.25018146
1377.26993439
1377.32379576
1377.37709344
1377.39559222
1377.45856011
1377.51613517
1377.53074301
1377.58477626
1377.63793813
1377.65655785
1377.71277563
1377.73044449
1377.78412397
1377.80306112
1377.85689933
1377.91021627
1377.92878063
1377.98276732
1378.04616333
1378.06556128
1378.10831860
1378.12818759
1378.18011677
1378.23405372
1378.25283483
1378.30574558
1378.35904960
1378.37652292
1378.43099698
1378.48394650
1378.50268934
1378.55744329
1378.60992689
1378.62704059
1378.68063304
1378.73528191
1378.75396208
1378.79671111
1378.81503825
1378.86973783
1378.93320285
1378.95070518
1378.99520281
1379.01457882
1379.06848504
1379.12134143
1379.14019325
1379.19909537
1379.24549276
1379.26674488
1379.33254242
1379.37394318
1379.39973990
1379.45453116
1379.52871134
1379.54796033
1379.60288787
1379.62186769
1379.67571784
1379.72891483
1379.78192749
1379.79945226
1379.84453771
1379.86613604
1379.92502865
1379.94409990
1380.00091185
1380.05177972
1380.07056303
1380.12367493
1380.18748590
1380.20738147
1380.25968831
1380.32474759
1380.34360697
1380.39547422
1380.41427118
1380.46924846
1380.54368708
1380.56302872
1380.61603748
1380.63672031
1380.68876139
1380.74248842
1380.76249614
1380.81626413
1380.86782905
1380.88719238
1380.93044512
1380.94902168
1381.01191130
1381.03390728
1381.08848959
1381.13999406
1381.15897631
1381.21273650
1381.26464324
1381.28445714
1381.33555102
1381.40105477
1381.42027084
1381.46328415
1381.48216377
1381.54722963
1381.56656712
1381.62128157
1381.67266632
1381.69243340
1381.73537065
1381.78937099
1381.80685504
1381.84974231
1381.86855853
1381.92266565
1381.94255293
1381.99935512
1382.04731777
1382.06814591
1382.12192340
1382.17476881
1382.19971343
1382.26549511
1382.30921865
1382.33343622
1382.37190176
1382.39931202
1382.44419803
1382.50853710
1382.53282879
1382.58075121
1382.60075820
1382.66659377
1382.70704660
1382.73253296
1382.80174285
1382.85472869
1382.87356247
1382.93324283
1382.97878859
1382.99974790
1383.04072395
1383.07085073
1383.12578144
1383.17908936
1383.19903100
1383.24979380
1383.30219987
1383.33372782
1383.37468290
1383.43362281
1383.47452205
1383.50169923
1383.53365214
1383.58593850
1383.63702239
1383.66684514
1383.71135715
1383.73255100
1383.79933572
1383.83597635
1383.86726683
1383.90912400
1383.93211180
1384.00935740
1384.03381951
1384.06499345
1384.13244840
1384.19249058
1384.24526090
1384.26723104
1384.30770532
1384.33203407
1384.37994186
1384.39901530
1384.46670309
1384.50466249
1384.53253695
1384.58852678
1384.64173034
1384.66717135
1384.70472554
1384.73197341
1384.77893205
1384.79978140
1384.85071632
1384.92439329
1384.94352914
1384.99862662
1385.01824498
1385.07171698
1385.09177005
1385.14537980
1385.19834590
1385.24819538
1385.26704647
1385.32244944
1385.34001736
1385.39486348
1385.41293803
1385.46776927
1385.53214028
1385.58318321
1385.60236198
1385.66629925
1385.68610436
1385.74006252
1385.79324366
1385.84502582
1385.86766765
1385.91756712
1385.93647696
1386.00072436
1386.05369338
1386.07360163
1386.12838142
1386.14827821
1386.20875729
1386.26267083
1386.28244742
1386.33354789
1386.39971065
1386.44198693
1386.46562594
1386.51236783
1386.57666862
1386.59912931
1386.64998865
1386.71330884
1386.73301253
1386.78467449
1386.83748333
1386.86645031
1386.91097451
1386.93335060
1386.98414118
1387.01328955
1387.06882101
1387.12318975
1387.13989214
1387.19366403
1387.21352742
1387.27845089
1387.29724347
1387.35126843
1387.40390563
1387.42212233
1387.47803681
1387.49572371
1387.54962579
1387.56906641
1387.62106605
1387.67566567
1387.69378679
1387.74957522
1387.81157104
1387.83089756
1387.87403253
1387.89330858
1387.95024024
1387.96591278
1388.02092517
1388.08524206
1388.10461782
1388.15751565
1388.20979201
1388.22747184
1388.28332805
1388.30306661
1388.35607537
1388.42037494
1388.43775733
1388.48165762
1388.50154709
1388.55440835
1388.57352568
1388.62818674
1388.68065157
1388.70009170
1388.75199966
1388.77190303
1388.83817234
1388.89048722
1388.90802540
1388.95341561
1388.97073070
1389.02557315
1389.08824140
1389.14012766
1389.15929887
1389.20382064
1389.22025119
1389.29723908
1389.31596607
1389.36987059
1389.43471995
1389.45277817
1389.50723492
1389.52743281
1389.58227331
1389.60117950
1389.65613898
1389.70798136
1389.72704188
1389.77033802
1389.78891482
1389.84178949
1389.86160241
1389.92740409
1389.94451365
1389.99946776
1390.01846879
1390.07298259
1390.13656098
1390.15639267
1390.20269326
1390.21922451
1390.26270447
1390.28189909
1390.32605563
1390.34601702
1390.39737788
1390.41629480
1390.48123802
1390.53648910
1390.55220334
1390.60774577
1390.66049634
1390.67958588
1390.72176463
1390.74002131
1390.79434811
1390.85914310
1390.87821801
1390.92073932
1390.94147993
1391.00326266
1391.05778426
1391.08615268
1391.14007549
1391.19451151
1391.21365395
1391.26648742
1391.33101373
1391.34748524
1391.40227113
1391.42322898
1391.47496116
1391.54165493
1391.56072252
1391.60327797
1391.62081590
1391.67456267
1391.69354688
1391.74753332
1391.79998157
1391.82009047
1391.87307046
1391.89297408
1391.94582851
1392.00970361
1392.02869025
1392.08236169
1392.13556282
1392.15431224
1392.20742950
1392.22802505
1392.28008076
1392.30015333
1392.35574160
1392.41743558
1392.43646611
1392.49140975
1392.51032764
1392.57446825
1392.63966235
1392.65616166
1392.71988023
1392.73870401
1392.79269216
1392.81173732
1392.86461467
1392.91783921
1392.96976400
1392.98807261
1393.04361845
1393.06195096
1393.11514355
1393.18046810
1393.19871478
1393.25259419
1393.27058293
1393.32452524
1393.37836954
1393.39637729
1393.45013674
1393.46901830
1393.52239693
1393.54484615
1393.60776016
1393.62868094
1393.67240837
1393.69169125
1393.73448197
1393.75332184
1393.80616969
1393.86083928
1393.88012850
1393.92210197
1393.94197072
1393.99485294
1394.04748283
1394.06663380
1394.13085877
1394.18427859
1394.20330230
1394.25615990
1394.27593893
1394.32978688
1394.38253892
1394.40172695
1394.45545666
1394.50850297
1394.52823031
1394.58063955
1394.59897230
1394.66436925
1394.72774991
1394.74804605
1394.78963308
1394.80880234
1394.86274392
1394.88349380
1394.93661325
1394.98990215
1395.00750616
1395.05241070
1395.06979625
1395.12507829
1395.14429412
1395.19706078
1395.26174923
1395.28087192
1395.32506357
1395.34239158
1395.39547227
1395.46035015
1395.48017624
1395.53328618
1395.55290576
1395.60588990
1395.62479803
1395.67972948
1395.73295280
1395.75036443
1395.80325349
1395.85782019
1395.87704212
1395.92905443
1395.94985112
1396.00273920
1396.05576893
1396.07560428
1396.12007533
1396.13757401
1396.19221068
1396.20937729
1396.26431605
1396.31771126
1396.33789452
1396.39198896
1396.40784754
1396.46249397
1396.48218205
1396.53365604
1396.60049025
1396.62921025
1396.68299360
1396.74889378
1396.76785165
1396.81031006
1396.82954929
1396.89690623
1396.91345503
1396.96841159
1396.98939113
1397.03311929
1397.05202499
1397.10396222
1397.12382633
1397.17767795
1397.22932235
1397.24766461
1397.31352261
1397.33428346
1397.38726004
1397.43823007
1397.45916646
1397.51211476
1397.53206250
1397.58573979
1397.65936312
1397.67960782
1397.73346626
1397.78755266
1397.80341513
1397.85625713
1397.87700213
1397.93084180
1397.98215682
1398.00141239
1398.05728567
1398.07626427
1398.12922110
1398.18115174
1398.20066160
1398.25492647
1398.30734083
1398.32868072
1398.38125014
1398.40071441
1398.45445411
1398.50548559
1398.52521561
1398.57977110
1398.59915223
1398.65290534
1398.70486890
1398.72475544
1398.77749382
1398.83051307
1398.85042790
1398.90143523
1398.96628849
1398.98611677
1399.03782871
1399.10135102
1399.12084138
1399.17460278
1399.19460587
1399.24741008
1399.30083941
1399.32217687
1399.42795497
1399.47994730
1399.50062354
1399.55356258
1399.60449311
1399.62840787
1399.67776511
1399.69907282
1399.75113609
1399.80496186
1399.82583681
1399.88085992
1399.94056028
1399.96048559
1400.03353645
1400.08695408
1400.10804090
1400.14933878
1400.17010450
1400.22279924
1400.27566074
1400.29652057
1400.33749930
1400.35845178
1400.41033366
1400.47372577
1400.49465729
1400.54630267
1400.56671901
1400.62107897
1400.64146752
1400.69614369
1400.71710593
1400.76627372
1400.83141053
1400.85001367
1400.89185719
1400.91260096
1400.96669614
1401.02945435
1401.04949060
1401.10068688
1401.16456905
1401.18542450
1401.23745388
1401.25820741
1401.31019925
1401.36397431
1401.38495848
1401.43673650
1401.49880351
1401.52050521
1401.57541618
1401.59638036
1401.64425548
1401.69814122
1401.71798364
1401.77099387
1401.84474714
1401.86570986
1401.92751917
1401.98028875
1402.00023113
1402.04367185
1402.06713142
1402.13160312
1402.15470112
1402.20065526
1402.22249204
1402.27222815
1402.32596176
1402.34792654
1402.39984742
1402.41987538
1402.47348026
1402.52475798
1402.54553979
1402.59738534
1402.62422167
1402.68908127
1402.73894660
1402.76180275
1402.80876919
1402.82952662
1402.87972402
1402.93004162
1402.95040700
1403.00117126
1403.05258405
1403.07197688
1403.12089623
1403.18271553
1403.20365314
1403.25245693
1403.30358300
1403.32467469
1403.37374935
1403.39466380
1403.44453693
1403.46650585
1403.51830435
1403.56874677
1403.58818130
1403.63914280
1403.68707082
1403.73640928
1403.75772601
1403.79557715
1403.81668908
1403.88765221
1403.94017896
1403.95946866
1404.01078246
1404.03446658
1404.08050216
1404.10127422
1404.15111322
1404.20211129
1404.22376058
1404.27269626
1404.32461106
1404.34764079
1404.38454035
1404.40459975
1404.44537490
1404.51530915
1404.60093081
1404.62178553
1404.67267803
1404.72569264
1404.74661002
1404.79346138
1404.84423709
1404.86517324
1404.90514455
1404.92498550
1404.96396280
1404.98485603
1405.04477143
1405.09600014
1405.11568944
1405.16657317
1405.21718846
1405.23742926
1405.27697707
1405.29715716
1405.33603596
1405.35774571
1405.41055211
1405.45681906
1405.47857124
1405.52840024
1405.55019801
1405.59918733
1405.66008235
1405.68089562
1405.72012209
1405.74088806
1405.78974767
1405.81159762
1405.86238650
1405.88329753
1405.93329549
1405.95441669
1406.00501296
1406.05399010
1406.07521199
1406.12502734
1406.15264288
1406.20557289
1406.25669482
1406.27839750
1406.32732709
1406.37768955
1406.39901774
1406.44901083
1406.46892419
1406.52269242
1406.57293176
1406.59057038
1406.64100330
1406.66117291
1406.71175894
1406.76140168
1406.78658547
1406.83288850
1406.85980724
1406.91335629
1406.96394744
1406.98497233
1407.03448194
1407.08559046
1407.11117458
1407.15517996
1407.21629782
1407.23896769
1407.28136661
1407.29679437
1407.34007612
1407.35866414
1407.39827632
1407.41946992
1407.46845535
1407.48921156
1407.53821064
1407.59000889
1407.61098429
1407.66426515
1407.68178674
1407.73092674
1407.78152131
1407.80242015
1407.84226053
1407.89430918
1407.91566126
1407.95215121
1407.97541281
1408.01381984
1408.03233447
1408.07371768
1408.09220330
1408.15854965
1408.17398838
1408.22441935
1408.27382461
1408.29527715
1408.34931942
1408.39566463
1408.41513573
1408.45942831
1408.50489142
1408.52570883
1408.56901521
1408.59072325
1408.63747709
1408.65830425
1408.70724994
1408.76169913
1408.77896302
1408.82996060
1408.85080946
1408.90180241
1408.94867352
1408.97166254
1409.02039757
1409.04121912
1409.09130096
1409.11206132
1409.16206830
1409.21518093
1409.23656715
1409.27142163
1409.29330254
1409.34225626
1409.36316242
1409.41311382
1409.46432571
1409.48397673
1409.52448198
1409.54594793
1409.59561821
1409.61641734
1409.66779550
1409.71771252
1409.73887346
1409.78582551
1409.80758695
1409.85760857
1409.88153381
1409.92868506
1409.94937983
1410.00118516
1410.09426251
1410.11588961
1410.16487138
1410.22614186
1410.24579118
1410.29576184
1410.31739772
1410.37255444
1410.39316144
1410.44200570
1410.46298598
1410.50904203
1410.56012787
1410.58067734
1410.62969909
1410.65049772
1410.70266705
1410.75384091
1410.77323155
1410.82299204
1410.84606347
1410.88981943
1410.94268825
1410.99268085
1411.01353751
1411.05402057
1411.07344900
1411.12343965
1411.14319576
1411.20023615
1411.24453825
1411.26790078
1411.31871282
1411.33960728
1411.39961946
1411.43737650
1411.46748865
1411.50820967
1411.53321962
1411.60125508
1411.63480616
1411.67380345
1411.69989811
1411.73289745
1411.80539267
1411.83054257
1411.86526150
1411.93190968
1411.95954449
1411.99040781
1412.02636041
1412.06808008
1412.09316951
1412.12412768
1412.20093491
1412.23804146
1412.30189779
1412.34191249
1412.36979428
1412.40354040
1412.43378884
1412.50655762
