2428.63037131
2428.71009167
2428.79083140
2428.86875512
2428.94841404
2429.02820998
2429.11001394
2429.18983012
2429.26785381
2429.36326843
2429.43011662
2429.50816396
2429.58875911
2429.66863380
2429.74827419
2429.83030099
2429.90783901
2429.98864628
2430.06748185
2430.14743334
2430.24206046
2430.30582763
2430.38494773
2430.46562115
2430.54671269
2430.62809803
2430.70607491
2430.78558096
2430.86545687
2430.94633410
2431.02701093
2431.12178507
2431.18659379
2431.26541059
2431.34523140
2431.42509171
2431.50482402
2431.58655239
2431.68739714
2431.76616226
2431.84605816
2431.92685128
2432.02148791
2432.08632516
2432.16554888
2432.24688862
2432.32570104
2432.40572445
2432.48720244
2432.57498387
2432.65776550
2432.73685854
2432.81751269
2432.91118993
2432.97832216
2433.05593625
2433.13559883
2433.21637757
2433.29646023
2433.37534334
2433.45500738
2433.53660727
2433.61538312
2433.69560060
2433.79033817
2433.85605021
2433.93676580
2434.01451033
2434.09433552
2434.17420071
2434.25382452
2434.33563823
2434.41359731
2434.49522011
2434.57603542
2434.66985821
2434.73357809
2434.81363198
2434.89415423
2434.97408695
2435.05378634
2435.13674327
2435.21337773
2435.29415184
2435.37184955
2435.45361450
2435.54854224
2435.61433205
2435.69321249
2435.77384055
2435.85266516
2435.93438670
2436.01219755
2436.09219366
2436.17193425
2436.25170167
2436.33228487
2436.42803644
2436.49290490
2436.57468789
2436.65443750
2436.74324562
2436.82301426
2436.90202537
2436.98170794
2437.06254349
2437.14330077
2437.22284071
2437.33864221
2437.38157170
2437.46223488
2437.54209640
2437.62101024
2437.70258745
2437.78151397
2437.86231294
2437.94213668
2438.03206998
2438.11165502
2438.20654619
2438.32509883
2438.40595924
2438.48686379
2438.56665266
2438.64630621
2438.72503573
2438.80483118
2438.90578638
2438.98561548
2439.08237618
2439.14794705
2439.22780784
2439.30756088
2439.38731951
2439.46625920
2439.54614071
2439.62685362
2439.70676245
2439.80928753
2439.87806133
2439.97210989
2440.03775464
2440.11987311
2440.19637592
2440.32995234
2440.40968221
2440.49078985
2440.57372240
2440.65127578
2440.73002651
2440.82474384
2440.89160105
2440.96851712
2441.05118367
2441.13093475
2441.22100093
2441.30148929
2441.40231209
2441.47231250
2441.55097985
2441.63177638
2441.72553578
2441.79117736
2441.87113373
2441.95102866
2442.02970381
2442.11030919
2442.19110232
2442.26992497
2442.40372009
2442.48438302
2442.57927297
2442.64516591
2442.72507060
2442.80364724
2442.88525445
2442.96323815
2443.04394180
2443.12380795
2443.20443870
2443.28434899
2443.36311825
2443.45875376
2443.52354493
2443.60350301
2443.68544423
2443.76308124
2443.86583550
2443.93360798
2444.01337052
2444.09408147
2444.17207079
2444.25271080
2444.34944346
2444.41433410
2444.54687556
2444.62773109
2444.70844083
2444.78820727
2444.86619976
2444.94592987
2445.02760558
2445.10735130
2445.20209545
2445.26605766
2445.34679885
2445.44949119
2445.51725538
2445.59729830
2445.67713666
2445.75703305
2445.83751288
2445.91830893
2445.99613440
2446.09090220
2446.15493780
2446.23642310
2446.31642652
2446.39725744
2446.47817856
2446.55584970
2446.63757271
2446.71644681
2446.79511489
2446.87398264
2446.96873679
2447.03546941
2447.11535483
2447.19524903
2447.27584077
2447.35478215
2447.43347144
2447.51426408
2447.59495870
2447.67473709
2447.75459496
2447.85028679
2447.91433312
2447.99415369
2448.07465644
2448.15383822
2448.23352835
2448.31516725
2448.39411180
2448.48376862
2448.56447324
2448.64343072
2448.73908233
2448.80399492
2448.88465809
2448.96364848
2449.04337177
2449.12407541
2449.20480929
2449.28377043
2449.36342033
2449.44231271
2449.52317922
2449.61783755
2449.68458651
2449.76330335
2449.84325679
2449.92290327
2450.00271482
2450.08274579
2450.16142289
2450.24307886
2450.32292478
2450.40263758
2450.49746097
2450.56224507
2450.64217657
2450.72191399
2450.80166580
2450.88240456
2450.96224365
2451.04123649
2451.12105681
2451.20085275
2451.28086909
2451.37514366
2451.44103344
2451.51995484
2451.60169345
2451.68047783
2451.75932340
2451.84092304
2451.91904548
2452.00070900
2452.08045228
2452.15943926
2452.25704354
2452.31998297
2452.40067930
2452.48054765
2452.56034189
2452.66287429
2452.73073112
2452.80969153
2452.89047441
2452.97107712
2453.04687994
2453.14186937
2453.20761700
2453.28541224
2453.36611052
2453.44503948
2453.50773071
2453.57060920
2453.63741935
2453.70024396
2453.77613992
2453.84080382
2453.90585465
2454.00252172
2454.05643021
2454.13715580
2454.18591454
2454.24887226
2454.31482006
2454.38059842
2454.44532303
2454.51019758
2454.57384455
2454.63887026
2454.70273081
2454.76960729
2454.84413011
2454.91006012
2454.97389312
2455.03898905
2455.10151206
2455.18333576
2455.23318409
2455.30030608
2455.36178705
2455.42678521
2455.48955300
2455.56639324
2455.63134703
2455.69691693
2455.76074188
2455.82468801
2455.89953486
2455.96539001
2456.03003270
2456.09503940
2456.15984325
2456.24171035
2456.29042813
2456.35350386
2456.41812217
2456.48316032
2456.54735025
2456.61355113
2456.71029549
2456.76334626
2456.82696763
2456.89204040
2456.96780178
2457.03239693
2457.09821575
2457.16306422
2457.24388977
2457.29175982
2457.35655831
2457.42137434
2457.48635812
2457.55209576
2457.61592876
2457.68076382
2457.74559692
2457.80855562
2457.87525289
2457.93916245
2458.01586883
2458.07886264
2458.14479971
2458.20856810
2458.28914765
2458.33814605
2458.40293015
2458.46674218
2458.53173303
2458.59557725
2458.66234084
2458.72518153
2458.79130634
2458.85485213
2458.92169154
2458.98376082
2459.06144293
2459.12521010
2459.19033578
2459.25479439
2459.33560019
2459.41655350
2459.48222458
2459.54516938
2459.61084679
2459.67565357
2459.73955678
2459.80561869
2459.86916789
2459.93415387
2459.99792884
2460.06378375
2460.13772485
2460.22544752
2460.30517910
2460.35591538
2460.41876802
2460.48386834
2460.54757407
2460.61345287
2460.67826428
2460.74305764
2460.80879772
2460.87169449
2460.93671947
2461.00133608
2461.06619478
2461.14190447
2461.20662323
2461.27243865
2461.35107088
2461.40102454
2461.46473173
2461.53064589
2461.60639508
2461.67022490
2461.73419663
2461.79986649
2461.86370046
2461.92868692
2461.99451404
2462.05926645
2462.15605640
2462.20995782
2462.27463098
2462.35548481
2462.40338510
2462.46923245
2462.53556182
2462.59790465
2462.66266315
2462.72644105
2462.79130439
2462.85709542
2462.92450047
2462.98834371
2463.10375779
2463.16939644
2463.24614135
2463.32612356
2463.37577733
2463.43869579
2463.50447415
2463.56745430
2463.63427689
2463.69831737
2463.76312780
2463.82720851
2463.89214962
2463.95654339
2464.02153692
2464.08631712
2464.15222591
2464.21607670
2464.29082286
2464.37070219
2464.42063950
2464.48427940
2464.55122414
2464.61413213
2464.67799463
2464.77651441
2464.84117929
2464.93714687
2464.99184579
2465.05759879
2465.12156198
2465.18548031
2465.25111165
2465.31609177
2465.40776246
2465.45697030
2465.52049414
2465.58554351
2465.65109024
2465.71505685
2465.79064756
2465.85547043
2465.91934439
2465.98433255
2466.04914299
2466.11403655
2466.18122681
2466.24344774
2466.30836813
2466.37318051
2466.46419340
2466.51309818
2466.57666933
2466.64247206
2466.70628483
2466.77118156
2466.83696211
2466.90177645
2466.96494628
2467.03036307
2467.09448083
2467.15930663
2467.22389202
2467.28895626
2467.35455444
2467.42188586
2467.50934620
2467.56006126
2467.65670786
2467.70968889
2467.77359674
2467.85053597
2467.91412540
2467.97986791
2468.04379453
2468.10860033
2468.17441087
2468.23836285
2468.30414559
2468.36787668
2468.43374353
2468.52448043
2468.57254139
2468.63726941
2468.70247993
2468.76687564
2468.83204033
2468.89658769
2468.96235459
2469.02625171
2469.09200300
2469.15492902
2469.22326982
2469.28462522
2469.34940396
2469.41426876
2469.47816783
2469.56889912
2469.61969489
2469.68349302
2469.74825859
2469.81316947
2469.87692274
2469.94197820
2470.00661309
2470.07399279
2470.16919676
2470.23399305
2470.29809619
2470.39571095
2470.46143811
2470.54031757
2470.60365783
2470.66493229
2470.72991509
2470.79810692
2470.85941112
2470.92420180
2470.98909294
2471.05324045
2471.11869868
2471.18449849
2471.24769076
2471.31326334
2471.37701710
2471.44280984
2471.50671525
2471.59666854
2471.64740604
2471.71149601
2471.77511519
2471.85096605
2471.91665492
2471.98153874
2472.04876898
2472.11030627
2472.17766987
2472.24092260
2472.30728488
2472.36953702
2472.43441279
2472.50020017
2472.56124642
2472.65695898
2472.70301510
2472.76786380
2472.83269350
2472.89868006
2472.96278832
2473.02826557
2473.12510819
2473.18228031
2473.24372300
2473.30670047
2473.37244128
2473.43743969
2473.50304811
2473.56590806
2473.63272992
2473.72273514
2473.77331490
2473.83638697
2473.91303776
2473.97781796
2474.04177823
2474.10648650
2474.17146224
2474.23423978
2474.30100240
2474.36484198
2474.42975774
2474.49449478
2474.55924158
2474.62425193
2474.68913550
2474.77977536
2474.83086029
2474.89252582
2474.95834392
2475.02303025
2475.08788335
2475.15268159
2475.21858355
2475.28247238
2475.34650604
2475.41130720
2475.47582482
2475.54076203
2475.60648090
2475.67035681
2475.73629486
2475.82688937
2475.87582877
2475.94967649
2476.01544436
2476.08035256
2476.14609239
2476.21110713
2476.27398586
2476.33876533
2476.40257980
2476.46849517
2476.53411042
2476.59788807
2476.66178007
2476.72774787
2476.80227435
2476.88527663
2476.93296529
2476.99682926
2477.06072613
2477.12742121
2477.19134710
2477.25840180
2477.32003759
2477.38578620
2477.44971647
2477.51456982
2477.57940292
2477.64425065
2477.70841304
2477.77303891
2477.84772533
2477.92970166
2477.98824814
2478.05343623
2478.11794238
2478.18184170
2478.24756739
2478.31257506
2478.37728431
2478.44110488
2478.50585240
2478.57091908
2478.63557664
2478.70556729
2478.76645312
2478.78729396
2478.86104562
2478.93507059
2479.01864119
2479.09046773
2479.16628129
2479.23108245
2479.29388828
2479.35874308
2479.42359082
2479.48751719
2479.55236737
2479.61617135
2479.68008968
2479.74391561
2479.80953817
2479.88340003
2479.94815829
2480.02700898
2480.07782889
2480.13963363
2480.20451111
2480.26746956
2480.33211615
2480.39626099
2480.46184746
2480.52480738
2480.58861673
2480.65244461
2480.72221339
2480.78111095
2480.84499930
2480.92158183
2480.98545310
2481.06538680
2481.11406947
2481.17607097
2481.24194197
2481.30481144
2481.37134950
2481.43335368
2481.49897405
2481.56195566
2481.62672635
2481.68970383
2481.75546414
2481.82029261
2481.89504511
2481.95895661
2482.02371316
2482.10365441
2482.15136014
2482.21512877
2482.27892788
2482.34279989
2482.40667824
2482.47240856
2482.53624960
2482.60114951
2482.66409066
2482.72873920
2482.79277358
2482.85644396
2482.93220290
2483.00809326
2483.07179948
2483.15379897
2483.20047631
2483.26237053
2483.32819375
2483.39199724
2483.45707318
2483.52070016
2483.58578610
2483.64847587
2483.71327680
2483.77629328
2483.84118489
2483.91576989
2483.99178240
2484.05535233
2484.11930699
2484.19895225
2484.24786874
2484.31285008
2484.37559398
2484.44052729
2484.50337018
2484.56918389
2484.63283110
2484.69767542
2484.76068410
2484.82636908
2484.88919173
2484.95421330
2485.01690478
2485.08365886
2485.14654636
2485.21052004
2485.29033329
2485.33907960
2485.40302304
2485.46662613
2485.53070464
2485.59540219
2485.66018970
2485.72292458
2485.78992394
2485.86189969
2485.93862655
2486.01311671
2486.07704406
2486.14085634
2486.20661055
2486.27057155
2486.34857062
2486.39917134
2486.46219684
2486.52914012
2486.59075372
2486.65551539
2486.71927939
2486.78415760
2486.84712483
2486.91278981
2486.97485275
2487.05063095
2487.11550112
2487.18018428
2487.24402654
2487.30800339
2487.38808581
2487.43644104
2487.50030037
2487.59520470
2487.65315921
2487.71293571
2487.77773931
2487.85349021
2487.91725055
2487.98204538
2488.04604270
2488.12175020
2488.18655819
2488.24944789
2488.31430050
2488.39430319
2488.44089008
2488.50685080
2488.56982218
2488.63350450
2488.69834249
2488.76307148
2488.82791385
2488.89175148
2488.95450367
2489.02036590
2489.08421548
2489.15819120
2489.22393907
2489.28783766
2489.35145293
2489.42924647
2489.48018633
2489.54299581
2489.60782770
2489.67183990
2489.73975305
2489.80029389
2489.87634565
2489.94000578
2490.00501467
2490.06773688
2490.14448739
2490.20739001
2490.27217314
2490.33612463
2490.39993251
2490.48069321
2490.52663936
2490.59164240
2490.65553635
2490.72123328
2490.78493340
2490.84880955
2490.91260500
2490.97843724
2491.04135937
2491.10515750
2491.18012674
2491.24481454
2491.30957060
2491.37249199
2491.43739019
2491.51809603
2491.56518395
2491.62980177
2491.69383347
2491.75760162
2491.82239669
2491.88724466
2491.95102988
2492.01495698
2492.07900137
2492.14181938
2492.21826855
2492.28115923
2492.34611911
2492.40999283
2492.47669741
2492.55853916
2492.60239806
2492.66716412
2492.73189190
2492.79480086
2492.86055434
2492.92362032
2492.98864750
2493.05323606
2493.11697519
2493.18177148
2493.25462446
2493.32059640
2493.38443135
2493.44836943
2493.51293629
2493.59076810
2493.64079002
2493.70550049
2493.76943491
2493.83328035
2493.90820668
2493.97275526
2494.03765005
2494.10143696
2494.16533530
2494.26196386
2494.31583870
2494.37967560
2494.44450578
2494.50749983
2494.57227173
2494.65216642
2494.70084056
2494.76477596
2494.82763810
2494.89254996
2494.95638369
2495.02199479
2495.08587289
2495.14977733
2495.21368176
2495.28844450
2495.35228018
2495.41702210
2495.48111134
2495.54667978
2495.60868372
2495.68920475
2495.73723572
2495.83407516
2495.89979939
2495.96269738
2496.02758047
2496.09037849
2496.15624511
2496.21922014
2496.28483173
2496.35966712
2496.42573147
2496.48666532
2496.55218329
2496.61824227
2496.69492232
2496.74468702
2496.80846590
2496.87230401
2496.96902351
2497.03308666
2497.09773008
2497.16262585
2497.22635986
2497.29113372
2497.36495413
2497.42980625
2497.49287003
2497.55837605
2497.62228146
2497.70125235
2497.75315234
2497.81477374
2497.88271883
2497.94169831
2498.00671525
2498.07107292
2498.13606255
2498.19812476
2498.26362054
2498.32771295
2498.40429573
2498.48236379
2498.53397876
2498.59775349
2498.66257148
2498.74066222
2498.79055126
2498.85308548
2498.91986394
2498.98270830
2499.04662736
2499.11054252
2499.17624310
2499.23906331
2499.30295970
2499.37868451
2499.44072600
2499.50756029
2499.57133721
2499.63615861
2499.69906075
2499.77999991
2499.82673723
2499.90248520
2499.96628504
2500.03014754
2500.09505964
2500.15979059
2500.22295165
2500.28684974
2500.35457687
2500.41615585
2500.48114206
2500.54382745
2500.60764046
2500.67238579
2500.73644504
2500.81707359
2500.86503264
2500.92890075
2500.99281079
2501.05745348
2501.12255965
2501.18616517
2501.24921798
2501.31475009
2501.37872376
2501.45268364
2501.51739020
2501.58433251
2501.64691476
2501.71076604
2501.77368817
2501.85755451
2501.91427949
2501.97737984
2502.04116968
2502.10581700
2502.17165509
2502.23540617
2502.29832318
2502.36121775
2502.42800816
2502.50099767
2502.56763935
2502.63063901
2502.69548211
2502.75928488
2502.82324514
2502.90483284
2502.95276239
2503.01553238
2503.08141703
2503.14429405
2503.20937340
2503.27288774
2503.33671489
2503.40043696
2503.47640289
2503.53926065
2503.60290689
2503.66881569
2503.73163151
2503.79758394
2503.85942112
2503.94033615
2503.98800701
2504.05378219
2504.11755058
2504.19734604
2504.27607555
2504.34125365
2504.41890090
2504.49873463
2504.57461743
2504.64241745
2504.72102214
2504.78697262
2504.85482531
2504.94936368
2505.01121646
2505.07718352
2505.14483360
2505.22373403
2505.28950020
2505.35742749
2505.43417532
2505.51291752
2505.57908182
2505.64765107
2505.72534708
2505.79036694
2505.85913806
2505.95095308
2506.01485507
2506.09173213
2506.17043044
2506.24835294
2506.31607154
2506.38277003
2506.46256377
2506.52843795
2506.59444451
2506.67218928
2506.75182455
2506.86468619
2506.90658047
2506.98518467
2507.05203993
2507.11879669
2507.19665264
2507.27546262
2507.34121293
2507.40830615
2507.48608384
2507.55391166
2507.61963759
2507.69947401
2507.78052264
2507.85899006
2507.91105852
2507.98984167
2508.06845977
2508.13324704
2508.21435882
2508.28993223
2508.36776721
2508.43463539
2508.51240113
2508.61532680
2508.67980467
2508.77181718
2508.83635990
2508.90446396
2508.97007286
2509.04780423
2509.11472507
2509.19050279
2509.26938883
2509.34904653
2509.41384136
2509.48263588
2509.56037944
2509.62642964
2509.70921152
2509.77302769
2509.85179817
2509.91755580
2509.98438278
2510.06218094
2510.12889114
2510.19676869
2510.27453955
2510.35238331
2510.41838061
2510.49711549
2510.57474981
2510.65560828
2510.70975911
2510.78819460
2510.85429527
2510.92184465
2510.99960869
2511.07648062
2511.14447959
2511.24417307
2511.32277045
2511.40071173
2511.47742031
2511.57315408
2511.63500637
2511.70079838
2511.76861084
2511.84637389
2511.91223758
2511.97908431
2512.05783553
2512.13662551
2512.20262037
2512.26961899
2512.34909018
2512.42502929
2512.50775388
2512.57071818
2512.64944721
2512.71518924
2512.79402579
2512.87090577
2512.93867044
2513.00480451
2513.08439443
2513.16203363
2513.22892084
2513.29674548
2513.37456852
2513.45512953
2513.50805010
2513.58685472
2513.66601456
2513.73053169
2513.80823623
2513.88607170
2513.95636931
2514.01986073
2514.09853417
2514.17652714
2514.24408311
2514.32121567
2514.41484976
2514.46658297
2514.53373934
2514.61119544
2514.68992886
2514.75580279
2514.83562531
2514.91245579
2514.99028858
2515.06739140
2515.14671313
2515.22373184
2515.29151577
2515.38328983
2515.44815926
2515.51382327
2515.58177494
2515.65871368
2515.72621431
2515.79124392
2515.87188564
2515.94902454
2516.01658588
2516.09426774
2516.17206494
2516.25341029
2516.34361763
2516.40902368
2516.48465731
2516.55014065
2516.65091129
2516.72881185
2516.82952300
2516.88434748
2516.96322133
2517.04353390
2517.10602741
2517.17366262
2517.27734141
2517.35127227
2517.42996424
2517.49727982
2517.57557487
2517.64140832
2517.70930002
2517.78701919
2517.85391200
2517.92417450
2517.99843864
2518.07727861
2518.14399660
2518.22586493
2518.31057485
2518.37660311
2518.44520380
2518.52300465
2518.60179878
2518.66766783
2518.74570907
2518.82322735
2518.89027961
2518.96144518
2519.03584732
2519.10370196
2519.18426517
2519.24812571
2519.32696568
2519.39273721
2519.46055966
2519.53742452
2519.61621865
2519.69548845
2519.77085340
2519.85505400
2519.91588229
2519.98426502
2520.06197541
2520.15620927
2520.20669418
2520.28343299
2520.36135087
2520.42819175
2520.49692410
2520.57390428
2520.65260845
2520.71839241
2520.79820590
2520.87506760
2520.94284421
2521.00874618
2521.10662840
2521.18709677
2521.27507886
2521.34304199
2521.42142359
2521.48643566
2521.56513128
2521.64420506
2521.71075702
2521.77845416
2521.85732338
2521.93660025
2522.01788197
2522.13273845
2522.21055832
2522.27823327
2522.34509853
2522.42296642
2522.50101864
2522.56773785
2522.63554495
2522.71432176
2522.78012426
2522.85017074
2522.94168783
2523.00348428
2523.06956008
2523.14909734
2523.22695768
2523.32565252
2523.39576849
2523.47044297
2523.54829965
2523.61509298
2523.69489502
2523.77161896
2523.85432428
2523.90533728
2523.98510153
2524.05409646
2524.11687206
2524.19646174
2524.27434256
2524.34007264
2524.40778416
2524.48577322
2524.56455809
2524.63048053
2524.70914398
2524.80276880
2524.85356554
2524.92154794
2524.99823701
2525.07723033
2525.14388201
2525.22166482
2525.29949395
2525.36630679
2525.43410584
2525.51207467
2525.57779280
2525.65663374
2525.74848143
2525.81231882
2525.88010202
2525.94687951
2526.02559415
2526.09140615
2526.15936099
2526.23616198
2526.31599547
2526.38078907
2526.44961993
2526.52650137
2526.59324277
2526.66113154
2526.75478879
2526.81778040
2526.88365457
2526.96242822
2527.04020761
2527.10685490
2527.17395227
2527.25166266
2527.31933980
2527.38524469
2527.46403663
2527.56372450
2527.63053149
2527.71252659
2527.77606263
2527.84304321
2527.91968816
2527.99769161
2528.07642918
2528.14410851
2528.21100132
2528.28973230
2528.36757972
2528.43345365
2528.51220657
2528.58989429
2528.68379022
2528.78859200
2528.86722010
2528.94615442
2529.01184110
2529.08974093
2529.16767636
2529.23531791
2529.30133569
2529.37889663
2529.47983427
2529.56143367
2529.62440431
2529.70314212
2529.76898606
2529.83578963
2529.91458766
2529.98045184
2530.04915323
2530.12698235
2530.20492802
2530.28193600
2530.34839069
2530.42833901
2530.50995986
2530.56191154
2530.63870252
2530.71769414
2530.78423147
2530.85214560
2530.92990500
2530.99570334
2531.06352702
2531.14129934
2531.21934741
2531.28617024
2531.36467960
2531.45670137
2531.50851261
2531.57625558
2531.65408691
2531.72178794
2531.78869733
2531.86640407
2531.94430146
2532.01020099
2532.07798687
2532.15575456
2532.22285656
2532.29029916
2532.36820826
2532.46678046
2532.52472668
2532.59077371
2532.66860747
2532.74815278
2532.81410521
2532.89198603
2532.97162861
2533.03742330
2533.10439876
2533.18215280
2533.26000412
2533.32867527
2533.41960721
2533.48428940
2533.55018064
2533.62796978
2533.70588327
2533.77353555
2533.84132972
2533.91852250
2533.99614708
2534.06274390
2534.13072581
2534.20953261
2534.27435109
2534.35622892
2534.42005192
2534.49883752
2534.56477191
2534.63560858
2534.71130169
2534.78697043
2534.85573447
2534.93351143
2535.01241649
2535.07832479
2535.15619805
2535.23397086
2535.31758852
2535.36765262
2535.44638896
2535.52415714
2535.58993403
2535.66871962
2535.76862815
2535.82340679
2535.89213036
2535.96906471
2536.03790605
2536.10369854
2536.18252315
2536.28245873
2536.32704930
2536.39387872
2536.47359250
2536.54061916
2536.60722476
2536.68519262
2536.76288960
2536.82881351
2536.89642239
2536.97428370
2537.05209479
2537.12218394
2537.21365885
2537.27546822
2537.34123146
2537.40830908
2537.48691889
2537.58775437
2537.64251766
2537.72134665
2537.79835950
2537.86507482
2537.93204711
2538.01167628
2538.07672687
2538.17227315
2538.23327820
2538.31200552
2538.37782386
2538.44669787
2538.52437364
2538.59010640
2538.65800858
2538.73587770
2538.81551248
2538.88034071
2538.94917034
2539.02611761
2539.11169550
2539.15988421
2539.23848719
2539.31719769
2539.38396396
2539.46099169
2539.53961881
2539.60543227
2539.67247283
2539.75011861
2539.81891923
2539.88573841
2539.96267495
2540.05623979
2540.10715210
2540.17398469
2540.25377039
2540.32967270
2540.39780259
2540.47635072
2540.55397675
2540.62073571
2540.68791036
2540.76744250
2540.84532186
2540.90928505
2541.00484181
2541.06758498
2541.13454996
2541.20132842
2541.27922777
2541.35786610
2541.42464334
2541.50252562
2541.57944607
2541.64712395
2541.71416914
2541.79179420
2541.90667385
2541.95945593
2542.03609430
2542.11723509
2542.18176027
2542.24876888
2542.32645977
2542.39322897
2542.46201276
2542.53792141
2542.61660899
2542.69356089
2542.76156815
2542.85727535
2542.90693765
2542.97386264
2543.05140432
2543.12938120
2543.19510104
2543.26289033
2543.34181246
2543.41082836
2543.47437440
2543.55435076
2543.63224181
2543.69811087
2543.79071071
2543.86544638
2543.93215390
2544.00003267
2544.07782108
2544.14479630
2544.21062025
2544.28923322
2544.36710478
2544.44390917
2544.51372818
2544.58957124
2544.65739223
2544.74019556
2544.80202177
2544.88063572
2544.95752764
2545.02522234
2545.10302977
2545.18096545
2545.24772489
2545.32645709
2545.40524415
2545.47206869
2545.57282055
2545.66482599
2545.74937061
2545.81523088
2545.89334210
2545.97178538
2546.03772977
2546.10645481
2546.18337745
2546.25011301
2546.31796374
2546.39494978
2546.47373732
2546.54043460
2546.62320867
2546.68632731
2546.76205577
2546.83084079
2546.90841660
2546.98652489
2547.05421739
2547.11993577
2547.19970294
2547.27553820
2547.34336358
2547.42227522
2547.50098085
2547.58098866
2547.64375596
2547.72348900
2547.78927028
2547.85799459
2547.93386593
2548.00259535
2548.06762082
2548.14728608
2548.22501671
2548.29186417
2548.35970345
2548.43750649
2548.53115203
2548.58130488
2548.65909354
2548.73892020
2548.80375355
2548.87060856
2548.95026895
2549.02794423
2549.09478755
2549.17280075
2549.25056747
2549.31726596
2549.38430456
2549.48183448
2549.54064013
2549.60756049
2549.68624685
2549.76411255
2549.83082908
2549.92973628
2550.00649314
2550.10814343
2550.16203997
2550.24289259
2550.32060639
2550.40134246
2550.45340799
2550.53134976
2550.59894864
2550.67575231
2550.75558117
2550.83331448
2550.89943685
2550.96700720
2551.04468615
2551.11157652
2551.17935850
2551.25627042
2551.35018415
2551.40176425
2551.46973299
2551.54661785
2551.61326636
2551.68025864
2551.75890502
2551.83671001
2551.90344630
2551.98227553
2552.06114475
2552.12592398
2552.19479603
2552.28948386
2552.33841473
2552.40610406
2552.48506374
2552.56176427
2552.62777937
2552.69553258
2552.77516688
2552.84120684
2552.91884897
2552.99767503
2553.07452405
2553.14043089
2553.22513179
2553.28792494
2553.36467546
2553.44240511
2553.52130530
2553.59822551
2553.66509344
2553.73181047
2553.81154570
2553.88842324
2553.95533263
2554.03382589
2554.12755896
2554.17778812
2554.24628910
2554.32312519
2554.39191191
2554.45770172
2554.53657948
2554.61446493
2554.68021378
2554.74713926
2554.82607650
2554.89261335
2554.96043507
2555.03822763
2555.13598795
2555.19300988
2555.26072018
2555.35963104
2555.41534201
2555.48424844
2555.56196371
2555.64073175
2555.70675635
2555.78552707
2555.84835338
2555.91314845
2555.97589089
2556.04270154
2556.12070962
2556.17042654
2556.23434682
2556.25623994
2556.33500091
2556.39984816
2556.46379550
2556.52851182
2556.59565868
2556.65631850
2556.75500261
2556.81881342
2556.88261009
2556.94638360
2557.01126351
2557.07509432
2557.16020823
2557.20487073
2557.29167156
2557.35944355
2557.42028988
2557.48406631
2557.54795880
2557.61275655
2557.68852281
2557.75144177
2557.81528574
2557.88090098
2557.94563413
2558.00876642
2558.07448650
2558.13816151
2558.21901242
2558.26686638
2558.34161595
2558.40558865
2558.50318001
2558.56797654
2558.63180052
2558.69589634
2558.76048491
2558.82538774
2558.88820235
2558.95428766
2559.02187142
2559.08264412
2559.14576008
2559.22529027
2559.27432427
2559.33908569
2559.41485463
2559.47870641
2559.54276639
2559.60828046
2559.67458129
2559.73627364
2559.80189084
2559.86568629
2559.92960731
2559.99442944
2560.05814590
2560.12401934
2560.18604522
2560.26576168
2560.31801275
2560.38949625
2560.45507468
2560.55096229
2560.60574435
2560.66954248
2560.73444093
2560.79826076
2560.86306363
2560.92693442
2560.99174046
2561.05551519
2561.12054895
2561.18412936
2561.24822080
2561.32982800
2561.37883104
2561.44056411
2561.50538307
2561.57368876
2561.63599453
2561.69982290
2561.76470769
2561.82752132
2561.89228713
2561.95623692
2562.02291420
2562.08584071
2562.14879648
2562.21364641
2562.28046900
2562.34305979
2562.42297374
2562.48188495
2562.54658079
2562.61146631
2562.67771059
2562.74250273
2562.80634036
2562.86889921
2562.93347778
2562.99738490
2563.06148950
2563.12608148
2563.18989058
2563.25568942
2563.31858302
2563.38425190
2563.46509013
2563.52300636
2563.58579317
2563.65406374
2563.71636611
2563.78124237
2563.84324387
2563.90987117
2563.97629610
2564.03689448
2564.10245072
2564.16630298
2564.23004553
2564.29391607
2564.35889083
2564.42609303
2564.50529652
2564.56321445
2564.62711084
2564.69182667
2564.75587179
2564.82046718
2564.88531345
2564.94921252
2565.01403612
2565.07790959
2565.14174551
2565.20644233
2565.27124471
2565.33762137
2565.39994982
2565.46381696
2565.55952635
2565.60351032
2565.66852921
2565.73328551
2565.79718434
2565.86014231
2565.92408283
2565.98978511
2566.05240955
2566.11929675
2566.18106468
2566.24825688
2566.31183291
2566.40954275
2566.47250584
2566.53827712
2566.63093890
2566.68777749
2566.75167119
2566.81656013
2566.87920553
2566.94409837
2567.00798744
2567.07370095
2567.13776434
2567.20236583
2567.26720162
2567.33214809
2567.39593452
2567.46080152
2567.52373267
2567.58936620
2567.67920782
2567.72912149
2567.79198681
2567.85595707
2567.92063755
2567.98639933
2568.04927318
2568.14698156
2568.21001511
2568.30665415
2568.36143450
2568.42426446
2568.49003940
2568.55393360
2568.61977461
2568.70948409
2568.75839107
2568.82218335
2568.88606268
2568.95096722
2569.01588468
2569.08044326
2569.14440499
2569.20811876
