2708.40879767
2708.47331139
2708.53915508
2708.60396698
2708.66687179
2708.74878936
2708.79704513
2708.86042244
2708.93619480
2709.00011020
2709.06591221
2709.13165131
2709.19451077
2709.25722079
2709.32306277
2709.38792611
2709.45284138
2709.51752966
2709.58259609
2709.64460905
2709.72205589
2709.80377695
2709.85162945
2709.92564052
2709.98945012
2710.05513558
2710.11907439
2710.18382070
2710.25057381
2710.31364929
2710.37745352
2710.44125384
2710.50489228
2710.57170805
2710.63472282
2710.70034489
2710.76324434
2710.84697074
2710.89384020
2710.96978298
2711.03275459
2711.09738899
2711.16120956
2711.22596318
2711.28907133
2711.35376888
2711.41845692
2711.48027191
2711.54423047
2711.60711431
2711.68479277
2711.74767174
2711.81161714
2711.89468086
2711.94005406
2712.01491164
2712.07989176
2712.14283436
2712.20653473
2712.27129542
2712.33509161
2712.39814832
2712.46270128
2712.52759437
2712.58956490
2712.65522038
2712.71905971
2712.78289344
2712.84686639
2712.92653165
2712.97791037
2713.04923588
2713.11414237
2713.17805777
2713.24276068
2713.30577570
2713.37040230
2713.43346315
2713.49713597
2713.56193177
2713.63670572
2713.69974195
2713.76532526
2713.83166730
2713.89299735
2713.97189510
2714.02086912
2714.09546558
2714.16028674
2714.22313865
2714.28717669
2714.35079514
2714.41555632
2714.49043706
2714.55526846
2714.61717219
2714.68384996
2714.74669504
2714.81172051
2714.87437859
2714.93731218
2715.01691965
2715.07677124
2715.15184191
2715.21641438
2715.28136061
2715.34329970
2715.40819351
2715.47423250
2715.53657655
2715.60044344
2715.67677948
2715.73935369
2715.80201689
2715.86691704
2715.92969922
2715.99532520
2716.07538372
2716.13396018
2716.19877476
2716.26515825
2716.32540822
2716.38828646
2716.45314175
2716.51795804
2716.61564082
2716.67801072
2716.74248250
2716.80615970
2716.87021189
2716.95828955
2717.02091130
2717.10149304
2717.15941171
2717.22225021
2717.28599909
2717.35168358
2717.41467860
2717.47939858
2717.54331399
2717.60714333
2717.67036363
2717.74827566
2717.80962155
2717.87343724
2717.93835836
2718.00216503
2718.06599949
2718.14577446
2718.20472493
2718.26855549
2718.33330473
2718.39702070
2718.46195791
2718.52571849
2718.58856431
2718.65337937
2718.74921286
2718.83519961
2718.89884927
2718.96351097
2719.02534790
2719.09216221
2719.17095390
2719.22332589
2719.29461849
2719.36001650
2719.42237421
2719.51731487
2719.57288248
2719.63401772
2719.69965686
2719.77540166
2719.83852883
2719.90319127
2719.96791222
2720.03087824
2720.09363847
2720.17638305
2720.25525471
2720.34107323
2720.41503798
2720.47964605
2720.54252063
2720.61073220
2720.67213515
2720.73939928
2720.79973776
2720.86360660
2720.92846262
2720.99371313
2721.05519678
2721.11902027
2721.19891739
2721.24749888
2721.31231687
2721.38713836
2721.45094869
2721.51481094
2721.57776671
2721.64253643
2721.70654448
2721.77127372
2721.84415888
2721.92079164
2721.98373254
2722.05187316
2722.11127980
2722.17716543
2722.25686019
2722.30307356
2722.37107156
2722.44237122
2722.50813714
2722.57139183
2722.63844921
2722.69783341
2722.76348645
2722.82728312
2722.89138309
2722.95514270
2723.01882210
2723.08465653
2723.14654124
2723.21031841
2723.29207580
2723.34012432
2723.40277899
2723.47954682
2723.54269617
2723.60721720
2723.67004814
2723.73743613
2723.80976955
2723.87291451
2723.94087789
2724.00122831
2724.06502059
2724.13009019
2724.19460903
2724.25750092
2724.33825406
2724.38418583
2724.45896149
2724.52729448
2724.58869426
2724.65247801
2724.71875690
2724.78261233
2724.84396262
2724.90787778
2724.97070945
2725.03739234
2725.10277865
2725.16413405
2725.22708617
2725.29183297
2725.37402946
2725.43387007
2725.49514721
2725.55906872
2725.62323330
2725.68786818
2725.75162755
2725.81455333
2725.87821323
2725.94306706
2726.00604477
2726.07169464
2726.13457507
2726.19860775
2726.26146380
2726.32725922
2726.40784462
2726.46668025
2726.52956045
2726.59236359
2726.65815706
2726.72104189
2726.78577479
2726.85067908
2726.91356805
2726.97831241
2727.04209226
2727.10491613
2727.16989503
2727.23366586
2727.30093755
2727.36134916
2727.45207923
2727.50110202
2727.56634497
2727.62966889
2727.69598265
2727.76825902
2727.83122211
2727.89609836
2727.96224414
2728.02360954
2728.08738744
2728.15021033
2728.21514486
2728.27983924
2728.34367151
2728.40674650
2728.49938950
2728.54532907
2728.61204341
2728.67404564
2728.74115398
2728.80269200
2728.86528206
2728.93022512
2728.99411883
2729.05814053
2729.12165633
2729.18671545
2729.24966342
2729.31522332
2729.37707122
2729.45390073
2729.53356014
2729.58066561
2729.64545775
2729.70826480
2729.78491072
2729.84872032
2729.91262865
2729.97658624
2730.03946350
2730.10515652
2730.16703953
2730.23186386
2730.29661383
2730.36148180
2730.42429665
2730.50014214
2730.57806246
2730.62674318
2730.68960776
2730.75542781
2730.81921960
2730.88227631
2730.94786060
2731.01169262
2731.07553220
2731.13836850
2731.20424073
2731.26712433
2731.33100999
2731.39575094
2731.46967253
2731.53430181
2731.61413969
2731.66547184
2731.72606144
2731.79064171
2731.85440815
2731.91745681
2731.98466389
2732.04851786
2732.10993641
2732.17360508
2732.24088823
2732.30579326
2732.39901579
2732.46184892
2732.53667725
2732.61653073
2732.66537797
2732.72919171
2732.79326413
2732.85690476
2732.92371394
2732.99263012
2733.05933276
2733.13902679
2733.21775070
2733.28709599
2733.36234951
2733.44226127
2733.52212669
2733.61405362
2733.67691870
2733.74471433
2733.82450247
2733.90416115
2733.97038006
2734.04977982
2734.12865318
2734.20949775
2734.28530984
2734.36503459
2734.43375768
2734.52667398
2734.59062694
2734.66924406
2734.74718290
2734.82945766
2734.90573421
2735.00561225
2735.07678879
2735.15311337
2735.23181169
2735.30964203
2735.40354845
2735.45649438
2735.53408701
2735.61384370
2735.68167640
2735.74948008
2735.82838806
2735.90806064
2735.98585319
2736.06365282
2736.14265809
2736.22117720
2736.31945951
2736.37876204
2736.44760240
2736.52559561
2736.60515165
2736.68401867
2736.74975436
2736.82957590
2736.90833736
2736.98716245
2737.05403941
2737.13380658
2737.22765717
2737.29244249
2737.37112446
2737.44897919
2737.51482070
2737.59657028
2737.67439844
2737.75141617
2737.82003442
2737.89892899
2737.97872469
2738.05558858
2738.14928703
2738.24689984
2738.32920726
2738.40467729
2738.48023412
2738.56007711
2738.63883077
2738.71780726
2738.79737768
2738.87534286
2738.95499617
2739.04769281
2739.11172914
2739.19035748
2739.26944101
2739.34890829
2739.42769803
2739.50476965
2739.58433884
2739.66205655
2739.74101038
2739.82173182
2739.88766767
2739.98143293
2740.04517815
2740.12398228
2740.20176557
2740.27240963
2740.34842141
2740.42819370
2740.50779874
2740.58563469
2740.65348201
2740.73329990
2740.83402543
2740.91472054
2740.97858450
2741.05745006
2741.13712898
2741.21847628
2741.28273229
2741.36179655
2741.44031469
2741.51923926
2741.59719492
2741.66576807
2741.73263064
2741.82981606
2741.89215353
2741.97144015
2742.04875338
2742.12752581
2742.20980787
2742.28756215
2742.35300990
2742.43166579
2742.51054671
2742.58832489
2742.66633980
2742.75245821
2742.81305586
2742.89251631
2742.99266401
2743.06026801
2743.14246426
2743.21879762
2743.29751446
2743.37532043
2743.45524851
2743.53297914
2743.62672002
2743.71247466
2743.76848552
2743.84829024
2743.92700171
2744.00580291
2744.07262867
2744.15138013
2744.23016012
2744.30889013
2744.37771074
2744.44391039
2744.54198937
2744.60331552
2744.68302929
2744.75906520
2744.84112126
2744.91649011
2744.99627630
2745.06399342
2745.14279560
2745.22163849
2745.30034533
2745.37820981
2745.46010569
2745.51412462
2745.59366968
2745.67154026
2745.75025100
2745.81799812
2745.89678518
2745.97558296
2746.05369954
2746.13228789
2746.20102610
2746.27899322
2746.37363936
2746.43634718
2746.51428334
2746.59496309
2746.67276906
2746.75164023
2746.81840772
2746.89925253
2746.97699340
2747.05680836
2747.12608245
2747.20486098
2747.29860819
2747.36207303
2747.43869945
2747.51675703
2747.58537089
2747.66433276
2747.74305374
2747.82338607
2747.89967115
2747.97959314
2748.05638120
2748.13501685
2748.22777664
2748.29356206
2748.37484524
2748.45040767
2748.52931932
2748.60866421
2748.68751515
2748.78624461
2748.85526733
2748.93386129
2749.00178249
2749.09756649
2749.15932711
2749.23812538
2749.30417144
2749.38713909
2749.46592835
2749.54220490
2749.60911258
2749.68880685
2749.76759074
2749.84640388
2749.92419937
2750.00730892
2750.07439483
2750.15324698
2750.22877309
2750.29730308
2750.37413527
2750.45403654
2750.53377884
2750.61054471
2750.67852516
2750.75727906
2750.83611707
2750.93096386
2750.99445455
2751.07240193
2751.15133869
2751.22990826
2751.29772901
2751.37656337
2751.45450538
2751.53766711
2751.63477378
2751.70190601
2751.78042463
2751.87511051
2751.93835470
2752.01586566
2752.08480769
2752.16257879
2752.24322612
2752.32199489
2752.38882870
2752.46753749
2752.54540441
2752.62620728
2752.70311847
2752.78880851
2752.90453174
2752.97329188
2753.05311659
2753.12239776
2753.19667312
2753.27991092
2753.35873382
2753.42309125
2753.50192610
2753.58411747
2753.67528932
2753.72716687
2753.80855854
2753.88387546
2753.96360338
2754.04269617
2754.11172963
2754.18911722
2754.26705143
2754.34688516
2754.42443586
2754.49331889
2754.58590483
2754.65010306
2754.72859194
2754.80648568
2754.88619799
2754.96504185
2755.04381282
2755.12059186
2755.20057285
2755.28015912
2755.36251092
2755.43696255
2755.52050804
2755.58689446
2755.66218967
2755.74548355
2755.81130945
2755.87660555
2755.95639442
2756.03523804
2756.11316274
2756.18191728
2756.26065557
2756.34185537
2756.43309768
2756.48511640
2756.55287717
2756.63268896
2756.71144018
2756.79170643
2756.85702569
2756.93581128
2757.01488774
2757.09691625
2757.17147126
2757.24253833
2757.33288367
2757.41958771
2757.48746331
2757.55527406
2757.62204887
2757.70187041
2757.77464829
2757.84039690
2757.90429329
2757.97164568
2758.03292965
2758.10122241
2758.16509735
2758.23090203
2758.31030227
2758.40019363
2758.46215759
2758.52698460
2758.59288851
2758.65758752
2758.72235285
2758.78634091
2758.86352346
2758.92677009
2758.98968466
2759.05561979
2759.12027832
2759.18618931
2759.24821129
2759.33072351
2759.37864233
2759.44262747
2759.50644072
2759.57111900
2759.63616520
2759.71281136
2759.77810527
2759.84031791
2759.91869561
2759.98099480
2760.04388450
2760.10963384
2760.17443330
2760.24079241
2760.30312574
2760.38201568
2760.43187864
2760.49564605
2760.55939176
2760.62537419
2760.68940662
2760.75588715
2760.81886462
2760.91648694
2760.96943896
2761.03670236
2761.09824989
2761.16629981
2761.22682407
2761.29151455
2761.35640081
2761.43622869
2761.48499303
2761.54976299
2761.61482089
2761.68952511
2761.75538636
2761.81920205
2761.88492384
2761.95794407
2762.02352957
2762.08843241
2762.15572311
2762.21809130
2762.28289418
2762.34496004
2762.40972098
2762.49032076
2762.54020517
2762.60501926
2762.67229046
2762.73279790
2762.80095144
2762.86237268
2762.92623737
2763.00301007
2763.06778588
2763.13175054
2763.19570373
2763.26046101
2763.32522878
2763.42286256
2763.49578112
2763.57165538
2763.62651083
2763.72324129
2763.78902501
2763.85213243
2763.91860759
2763.98158775
2764.05643947
2764.12208373
2764.18490419
2764.24983067
2764.31813075
2764.37968267
2764.46130377
2764.50829172
2764.60680931
2764.67065279
2764.76834557
2764.83149688
2764.89708189
2764.96186624
2765.02570630
2765.08970192
2765.16628762
2765.22925802
2765.29529214
2765.35899518
2765.43954084
2765.48757156
2765.55343233
2765.61725460
2765.68190046
2765.74679817
2765.81056193
2765.88638548
2765.95035404
2766.01757501
2766.07993321
2766.15474349
2766.21849700
2766.28268547
2766.34919550
2766.41214445
2766.49790080
2766.54076520
2766.60779186
2766.67130181
2766.73615978
2766.80002765
2766.86490098
2766.92861963
2766.99354295
2767.05832437
2767.12219735
2767.19815548
2767.26528284
2767.32760373
2767.39791450
2767.45619474
2767.53611770
2767.58587631
2767.65086886
2767.71371565
2767.77877794
2767.84241028
2767.91159368
2767.97298834
2768.03701590
2768.10159788
2768.16637978
2768.24229525
2768.30530174
2768.36995881
2768.43571839
2768.49871171
2768.57943315
2768.62834720
2768.69316909
2768.76037056
2768.82266025
2768.88758502
2768.95035672
2769.01619407
2769.08292402
2769.14492503
2769.22080783
2769.28467935
2769.35176501
2769.41413418
2769.47797741
2769.54279126
2769.62352538
2769.67152441
2769.73733763
2769.81199723
2769.87792578
2769.93980464
2770.00482523
2770.07290052
2770.13518094
2770.19825666
2770.26394969
2770.32769345
2770.39461698
2770.45729529
2770.52119924
2770.58498445
2770.66929965
2770.71675864
2770.77867822
2770.84328678
2770.90828616
2770.97323117
2771.03889494
2771.10266869
2771.16653241
2771.23145914
2771.30650689
2771.37200779
2771.43934262
2771.50217259
2771.56467536
2771.62829746
2771.71001170
2771.75701720
2771.82284871
2771.88766060
2771.95245787
2772.01554066
2772.08136510
2772.14407560
2772.20979032
2772.28557486
2772.34956073
2772.41322916
2772.48006442
2772.54641110
2772.60866616
2772.67161389
2772.75535906
2772.80227899
2772.86610735
2772.93334247
2772.99816411
2773.05959778
2773.12542661
2773.18936712
2773.26747127
2773.32818521
2773.39306050
2773.45993014
2773.52325382
2773.58714485
2773.65193236
2773.71826831
2773.80948209
2773.85641251
2773.92026160
2773.98429354
2774.05234884
2774.11369156
2774.17856612
2774.24236084
2774.31812685
2774.38196034
2774.44783158
2774.51426018
2774.57588158
2774.64057254
2774.70625825
2774.77003737
2774.85141563
2774.89977087
2774.96267983
2775.03092651
2775.09031072
2775.15620269
2775.22098264
2775.28923054
2775.35984266
2775.42795574
2775.48821888
2775.55506756
2775.62145495
2775.68372830
2775.74661921
2775.82340460
2775.90627546
2775.95308617
2776.01691697
2776.08105497
2776.14556723
2776.21039814
2776.27426649
2776.35022048
2776.41490559
2776.48069004
2776.54451889
2776.60935980
2776.67325863
2776.73726790
2776.80109407
2776.86598740
2776.97847357
2777.01833740
2777.08235838
2777.14805360
2777.24376518
2777.29677108
2777.36397182
2777.43740604
2777.50352695
2777.56699228
2777.63083576
2777.69559938
2777.76039957
2777.81422541
2777.88107580
2777.94511164
2778.02567046
2778.07354320
2778.13832633
2778.20246750
2778.26734376
2778.33187283
2778.40764299
2778.47503293
2778.53733309
2778.60116756
2778.66598969
2778.72989559
2778.79391193
2778.86196259
2778.92346672
2778.98758449
2779.06989971
2779.11681598
2779.18262798
2779.24895223
2779.31129774
2779.38699866
2779.45084580
2779.51580666
2779.58599602
2779.64687380
2779.70950994
2779.77315106
2779.83944702
2779.90296063
2779.96803023
2780.03287918
2780.11119666
2780.16196122
2780.25581059
2780.30964301
2780.37345138
2780.44827849
2780.51215244
2780.57418076
2780.67068692
2780.73449993
2780.80083929
2780.86117362
2780.92326411
2780.99031979
2781.05265019
2781.13392605
2781.17841959
2781.24314103
2781.30606584
2781.40182911
2781.45374445
2781.51758550
2781.58230937
2781.64502304
2781.71039911
2781.77184619
2781.83562384
2781.90955324
2781.97316437
2782.03626228
2782.09981539
2782.17980881
2782.22846832
2782.29038912
2782.35434013
2782.41720691
2782.49181970
2782.55671473
2782.61951593
2782.68253022
2782.74511881
2782.80899423
2782.87289623
2782.93582957
2783.00296814
2783.06332539
2783.12622850
2783.19105599
2783.26994959
2783.31782891
2783.38072885
2783.45454878
2783.52176195
2783.58561031
2783.64890790
2783.70910180
2783.77363746
2783.83651399
2783.91270984
2783.97404403
2784.03690155
2784.10085865
2784.16372787
2784.22738142
2784.30815504
2784.35754354
2784.41784959
2784.49463936
2784.55457823
2784.62037731
2784.68467623
2784.74807768
2784.81230517
2784.87469920
2784.93664267
2785.00280771
2785.06444398
2785.13048492
2785.19185032
2785.25464835
2785.31655135
2785.40137830
2785.44525988
2785.52099785
2785.58381343
2785.64589686
2785.70945581
2785.77321884
2785.83623337
2785.91100732
2785.97579922
2786.03863236
2786.10391529
2786.16525655
2786.22806531
2786.29191586
2786.35583444
2786.43451763
2786.48343485
2786.55731670
2786.62105729
2786.68741202
2786.74771441
2786.81401622
2786.87435762
2786.93732680
2787.00112762
2787.06494770
2787.12972229
2787.19270683
2787.25636453
2787.31922472
2787.38324911
2787.44680880
2787.52566973
2787.58453706
2787.65079426
2787.71123879
2787.77395514
2787.84785138
2787.91262207
2787.97545886
2788.03923773
2788.10311730
2788.16686155
2788.22974321
2788.29154576
2788.35537071
2788.41936145
2788.48329393
2788.56399221
2788.62169047
2788.68554931
2788.75084200
2788.81215181
2788.87437396
2788.93825840
2789.00282697
2789.06656025
2789.13291010
2789.19238256
2789.25797001
2789.31986789
2789.38170897
2789.44753097
2789.51383985
2789.60404231
2789.65242217
2789.71183417
2789.77471120
2789.85064300
2789.91344956
2789.97618005
2790.04012057
2790.10467914
2790.17008252
2790.23137551
2790.29427911
2790.36155665
2790.42115516
2790.48273243
2790.55104836
2790.63930083
2790.68724013
2790.75153612
2790.81535815
2790.87685472
2790.93957814
2791.00330898
2791.06651563
2791.12905400
2791.19409727
2791.25771401
2791.32150971
2791.38429701
2791.44820095
2791.51198129
2791.57392135
2791.64966225
2791.72861973
2791.78742976
2791.85038578
2791.91191795
2791.97781431
2792.04160854
2792.10443363
2792.16831685
2792.23027593
2792.29493788
2792.35874382
2792.42195461
2792.48635422
2792.55039958
2792.61307375
2792.68693488
2792.76662720
2792.81279327
2792.87841925
2792.94114145
2793.00512585
2793.06780758
2793.13176102
2793.19796726
2793.25731660
2793.32137415
2793.38599490
2793.44889410
2793.51178673
2793.57651719
2793.63959170
2793.71319756
2793.80742971
2793.85532317
2793.91807755
2793.97867837
2794.04473588
2794.10410522
2794.16808645
2794.23182168
2794.29661285
2794.35942356
2794.42253756
2794.48716684
2794.54896135
2794.61383517
2794.68772677
2794.76487153
2794.84420058
2794.88911298
2794.95288112
2795.01474536
2795.08052639
2795.14431843
2795.20625411
2795.27021559
2795.33635649
2795.39760657
2795.46046701
2795.52588648
2795.59069228
2795.65033321
2795.72581787
2795.80212124
2795.89039127
2795.93840542
2796.00362569
2796.06394613
2796.12775840
2796.19162358
2796.25549388
2796.31829459
2796.38459860
2796.44843769
2796.51071641
2796.57253846
2796.63537721
2796.71026453
2796.77337707
2796.83726614
2796.90077146
2796.98500181
2797.02763386
2797.09313939
2797.15822533
2797.21809203
2797.28523475
2797.34558493
2797.40833760
2797.47230397
2797.53600141
2797.59992535
2797.66377590
2797.73567387
2797.80235115
2797.86419003
2797.92901070
2797.99092053
2798.07177241
2798.11763982
2798.18038884
2798.24866088
2798.31142696
2798.37531799
2798.43657563
2798.49859834
2798.56232967
2798.62607294
2798.69104697
2798.76293129
2798.82761080
2798.89142746
2798.95333631
2799.01738191
2799.08097598
2799.16269143
2799.21115419
2799.27248887
2799.33660249
2799.39926374
2799.46307553
2799.52584308
2799.59272589
2799.65355296
2799.71894171
2799.79014312
2799.85430892
2799.91791517
2799.98277754
2800.04563457
2800.10938516
2800.17373259
2800.25218441
2800.29709608
2800.36585208
2800.42555885
2800.49186895
2800.55326312
2800.61711758
2800.67901034
2800.75267398
2800.81761412
2800.88151368
2800.94429074
2801.00723066
2801.07431388
2801.13472696
2801.20097295
2801.26228593
2801.34119197
2801.38907836
2801.45278677
2801.51570743
2801.57749657
2801.65536569
2801.71714362
2801.79193025
2801.85581761
2801.91776938
2801.98155898
2802.04529884
2802.11159188
2802.19206341
2802.25364824
2802.32100624
2802.39931104
2802.44518405
2802.50830610
2802.57200037
2802.63674132
2802.69969880
2802.76353253
2802.86262624
2802.91218248
2802.97682956
2803.04070449
2803.10543983
2803.16737160
2803.23221933
2803.29410600
2803.35786098
2803.43861046
2803.48487503
2803.55045127
2803.61247666
2803.67809191
2803.74097380
2803.80570914
2803.87955272
2803.97784332
2804.02817049
2804.09448400
2804.15831213
2804.21770267
2804.28255918
2804.34626296
2804.40915705
2804.49098051
2804.53586658
2804.60176976
2804.66449831
2804.72977393
2804.79218503
2804.85427479
2804.93076296
2804.99371825
2805.05745372
2805.12373944
2805.18757074
2805.24882472
2805.31175172
2805.37579269
2805.44186800
2805.50323682
2805.58204313
2805.64086121
2805.70578307
2805.76862522
2805.83251015
2805.89627610
2806.00390827
2806.06588246
2806.12889065
2806.19348677
2806.25734293
2806.32115545
2806.38494261
2806.44794666
2806.51265835
2806.59060207
2806.63845774
2806.70254796
2806.76947855
2806.83216053
2806.89716991
2806.95843193
2807.03239936
2807.12718496
2807.19542701
2807.25601588
2807.31969138
2807.38438722
2807.44631411
2807.51113405
2807.57426512
2807.65484174
2807.71366397
2807.77648272
2807.84169519
2807.90351042
2807.96684726
2808.03085556
2808.10795253
2808.17038338
2808.23232442
2808.29600211
2808.35990045
2808.42297666
2808.49101562
2808.55049467
2808.61527950
2808.69894981
2808.74185810
2808.80913369
2808.86973499
2808.93336685
2808.99717498
2809.06096848
2809.13581021
2809.20014619
2809.26153938
2809.32878572
2809.38936581
2809.45587169
2809.51593369
2809.58065878
2809.64436183
2809.70823018
2809.78628435
2809.83589691
2809.90127444
2809.96252964
2810.02555782
2810.10020914
2810.16502981
2810.22697670
2810.29086090
2810.35562598
2810.41943972
2810.48222482
2810.54504869
2810.60994519
2810.67272858
2810.73661230
2810.80135324
2810.88014834
2810.92721188
2810.99105390
2811.05470477
2811.12945653
2811.20542588
2811.27070394
2811.33012423
2811.39492028
2811.45886275
2811.52245974
2811.58538918
2811.66112423
2811.72496332
2811.78776964
2811.85169991
2811.93232334
2811.97928155
2812.04248455
2812.10785233
2812.18171199
2812.24451392
2812.30843713
2812.37224550
2812.43855780
2812.49997074
2812.56376814
2812.62899598
2812.69028336
2812.75519936
2812.81706896
2812.88529589
2812.94565363
2813.02439729
2813.07485782
2813.13533381
2813.21092208
2813.27487650
2813.33773133
2813.40243376
2813.46626139
2813.53160186
2813.59196131
2813.68964580
2813.75250234
2813.81985863
2813.88013445
2813.94653744
2814.00688445
2814.08576562
2814.13381146
2814.19827227
2814.27320445
2814.33955210
2814.39986035
2814.46366604
2814.55937982
2814.62869780
2814.68703630
2814.75184503
2814.81489394
2814.87763613
2814.94256383
2815.00535308
2815.06916170
2815.15105489
2815.21879079
2815.28259673
2815.35462392
2815.41924857
2815.48410264
2815.54784470
2815.61167136
2815.68663597
2815.74847826
2815.81229663
2815.87617522
2815.94078012
2816.00469163
2816.06847172
2816.13237859
2816.21017968
2816.25798927
2816.33624775
2816.39910527
2816.46086905
2816.52436511
2816.58814374
2816.65195430
2816.71390875
2816.77878184
2816.84243564
2816.90826080
2816.96929267
2817.03642832
2817.09673534
2817.15984569
2817.22439744
2817.30620578
2817.36557536
2817.42585264
2817.49078473
2817.55616641
2817.64846710
2817.70317942
2817.76601451
2817.82907878
2817.89296078
2817.95581244
2818.02141794
2818.08418524
2818.14907126
2818.21196120
2818.27485504
2818.35543142
2818.44633020
2818.51009957
2818.57298098
2818.63685689
2818.70155029
2818.76792427
2818.82828859
2818.89115732
2818.95499129
2819.01874505
2819.08601601
2819.14640569
2819.21372126
2819.27409899
2819.33789761
2819.42686030
2819.47651700
2819.53942157
2819.60314461
2819.67802047
2819.74429498
2819.80709325
2819.86845377
2819.93228263
2819.99623777
2820.05904994
2820.12287660
2820.19068589
2820.25045190
2820.31345058
2820.38065279
2820.47096716
2820.51597635
2820.58067390
2820.64352361
2820.71724041
2820.78138499
2820.84504123
2820.90966832
2820.97180952
2821.03464802
2821.09935191
2821.19592877
2821.26097472
2821.32608431
2821.38643912
2821.47718016
2821.52515651
2821.58821493
2821.65167782
2821.71572854
2821.77874161
2821.84338454
2821.90809306
2821.97239930
2822.03468581
2822.09669755
2822.16241495
