1500.25229382
1500.33538840
1500.41865170
1500.52530947
1500.60574946
1500.69720231
1500.77528540
1500.85619984
1500.93513016
1501.01340146
1501.08168439
1501.15767608
1501.24457067
1501.30690563
1501.37902928
1501.47033731
1501.54383117
1501.62071228
1501.69649453
1501.78090593
1501.85796087
1501.94088771
1502.02438093
1502.17003136
1502.25693424
1502.33242368
1502.42710993
1502.49621840
1502.59173360
1502.67529020
1502.74067107
1502.82820663
1502.90453819
1502.98635058
1503.06302640
1503.14352636
1503.22858410
1503.30891949
1503.39214476
1503.50386694
1503.59301018
1503.67027699
1503.75625292
1503.82624226
1503.91209506
1504.02039928
1504.09910871
1504.18674814
1504.26610878
1504.33834142
1504.41685434
1504.49505348
1504.57664619
1504.64138682
1504.73935181
1504.80348681
1504.88726626
1504.96900477
1505.05707282
1505.13511690
1505.21123268
1505.29426314
1505.37442543
1505.45764948
1505.54385117
1505.68005326
1505.75715867
1505.83498307
1505.92306599
1505.99915642
1506.06940104
1506.14872560
1506.23498848
1506.29204984
1506.37467071
1506.45640605
1506.53327789
1506.61699199
1506.68634963
1506.77471196
1506.84163906
1506.90857397
1507.00443733
1507.08136110
1507.21139165
1507.29910446
1507.39878027
1507.48635558
1507.57719745
1507.67444101
1507.75266697
1507.83796437
1507.91885638
1508.00159841
1508.08247238
1508.16000543
1508.23402056
1508.32050726
1508.40603335
1508.48666766
1508.59491336
1508.68168727
1508.74536122
1508.82438663
1508.89975027
1508.96781157
1509.04401757
1509.12645387
1509.20635308
1509.27139384
1509.34903904
1509.42579117
1509.49656558
1509.57217815
1509.64013095
1509.71589297
1509.78786815
1509.87746415
1509.95081709
1510.04763862
1510.12565393
1510.20735928
1510.28840806
1510.36187243
1510.45571973
1510.53500723
1510.61232207
1510.69143671
1510.80445717
1510.88570953
1510.96449893
1511.04727218
1511.12563954
1511.20854054
1511.28715562
1511.35749069
1511.43605627
1511.50414390
1511.58028212
1511.64410626
1511.71582812
1511.79049958
1511.86721782
1511.94227401
1512.02559827
1512.10233869
1512.16546042
1512.30135312
1512.38052895
1512.46468971
1512.54716746
1512.64757786
1512.72939903
1512.82055566
1512.91001878
1512.98886426
1513.07197005
1513.15330604
1513.26107436
1513.34370205
1513.41044386
1513.52328439
1513.59713007
1513.67132172
1513.74771959
1513.83191839
1513.91101230
1513.97475428
1514.05271181
1514.13536729
1514.23065794
1514.29316771
1514.37411189
1514.45395187
1514.52581343
1514.60461209
1514.68014103
1514.76428570
1514.82821809
1514.89870554
1514.97559518
1515.03936739
1515.11947629
1515.19954520
1515.26875241
1515.35374821
1515.45038543
1515.54116341
1515.63242902
1515.71533831
1515.80484922
1515.88875886
1515.97518290
1516.07317935
1516.15989742
1516.25765933
1516.33878588
1516.41266301
1516.52898758
1516.61360158
1516.69812489
1516.77687284
1516.84755412
1516.92346145
1517.00029330
1517.10494257
1517.18171348
1517.26347832
1517.33539523
1517.40395293
1517.47113725
1517.54664961
1517.63674274
1517.71749846
1517.79367715
1517.88128098
1517.97636879
1518.05926223
1518.13573178
1518.22345118
1518.30035959
1518.38409101
1518.46822812
1518.54844331
1518.63727887
1518.72732348
1518.82124832
1518.89694012
1519.00168228
1519.06633977
1519.16188715
1519.22761423
1519.32071596
1519.40998550
1519.48515214
1519.56454228
1519.64645537
1519.73674964
1519.80038385
1519.86868190
1519.93754363
1520.02290905
1520.09298812
1520.18099009
1520.26639063
1520.35298924
1520.46714170
1520.53620409
1520.61230500
1520.70375420
1520.78204233
1520.85832829
1520.93649890
1521.00811373
1521.08422342
1521.16240866
1521.27757318
1521.35545098
1521.44538636
1521.52438885
1521.65006009
1521.72735445
1521.80445669
1521.87969062
1521.95443254
1522.03618617
1522.10167821
1522.17173022
1522.23643159
1522.31059422
1522.38954112
1522.46556255
1522.54535742
1522.62542243
1522.69555587
1522.77081979
1522.84619464
1522.91138631
1522.98811454
1523.05970230
1523.12174445
1523.20268619
1523.29144544
1523.36362005
1523.44504893
1523.53135741
1523.63988349
1523.71533270
1523.81549515
1523.88783653
1523.99589937
1524.07219290
1524.15974236
1524.28243815
1524.36276501
1524.42965457
1524.51925398
1524.62350926
1524.69607933
1524.78868662
1524.86236407
1524.94928841
1525.03023649
1525.10084000
1525.19391394
1525.27649018
1525.34878450
1525.44978566
1525.52424134
1525.59495603
1525.67220089
1525.74581568
1525.83236773
1525.91774217
1526.00026234
1526.07597803
1526.15619274
1526.24227253
1526.32319209
1526.40610284
1526.50240359
1526.58953590
1526.66164273
1526.74424482
1526.82060929
1526.90333938
1526.98181354
1527.08095759
1527.15615763
1527.22022071
1527.30643215
1527.38451816
1527.47007229
1527.55436520
1527.63206770
1527.70610598
1527.78662472
1527.85822467
1527.93984275
1528.00966094
1528.08915983
1528.17770867
1528.24522603
1528.32739316
1528.41044142
1528.48629122
1528.59426019
1528.67283797
1528.74862681
1528.83588711
1528.92557796
1529.01064837
1529.08693263
1529.17075059
1529.25059983
1529.32178043
1529.39876077
1529.47758040
1529.55422428
1529.63303050
1529.71109603
1529.77654272
1529.86768472
1529.94424424
1530.03217185
1530.12703925
1530.20142229
1530.27485739
1530.35304068
1530.45621442
1530.53357071
1530.61184640
1530.70292257
1530.77768424
1530.85603966
1530.93964794
1531.02005087
1531.08655082
1531.16178890
1531.22956909
1531.30383046
1531.37483625
1531.45147647
1531.53319548
1531.61101135
1531.68882332
1531.77480680
1531.85476917
1531.94566735
1532.03288085
1532.11883531
1532.20295194
1532.27624905
1532.35760552
1532.43775172
1532.52182520
1532.58925747
1532.68725075
1532.77364846
1532.86065984
1532.93950995
1533.01534414
1533.08966110
1533.16718830
1533.25297453
1533.33361932
1533.42298273
1533.50161853
1533.58124785
1533.67477211
1533.75057947
1533.83317254
1533.90832796
1533.98127252
1534.05212593
1534.13284752
1534.20657495
1534.28239719
1534.36553493
1534.44496311
1534.50923220
1534.59440185
1534.66910403
1534.76136681
1534.83600560
1534.92161020
1534.99421953
1535.09157695
1535.16647710
1535.24247806
1535.32857978
1535.40877157
1535.52585317
1535.59501161
1535.68092951
1535.76841851
1535.84420662
1535.94594188
1536.03113127
1536.13236648
1536.21287181
1536.28594071
1536.36483885
1536.44451206
1536.52824494
1536.61759591
1536.70945568
1536.78875098
1536.86127375
1536.93268256
1537.01340951
1537.09840678
1537.17400179
1537.24514826
1537.32173362
1537.39479204
1537.47286293
1537.55058201
1537.63794277
1537.71752089
1537.80343001
1537.88086651
1537.95398588
1538.03185027
1538.11960599
1538.22224408
1538.29798002
1538.37640321
1538.45459431
1538.53963717
1538.61775243
1538.69429026
1538.77979197
1538.84363635
1538.92349851
1539.00911725
1539.08142376
1539.16180206
1539.24929472
1539.31725094
1539.44929292
1539.54309658
1539.62110652
1539.70328023
1539.78263332
1539.87279715
1539.95051428
1540.02786472
1540.11085592
1540.18572999
1540.25579053
1540.32923417
1540.40672089
1540.47847567
1540.55613745
1540.63016354
1540.69346472
1540.77820331
1540.85687933
1540.93047389
1540.99453136
1541.07230578
1541.15000535
1541.23676975
1541.31064956
1541.38400811
1541.49260856
1541.58103549
1541.66307804
1541.75728130
1541.84007551
1541.97499127
1542.04788048
1542.12144261
1542.20746217
1542.28220580
1542.35682533
1542.43035966
1542.50324279
1542.57985814
1542.67271314
1542.74081223
1542.82727748
1542.91761758
1543.00725430
1543.10774346
1543.19495037
1543.26672269
1543.37846682
1543.44072717
1543.51639459
1543.59524640
1543.68541999
1543.76592775
1543.84937025
1543.92823523
1544.00787260
1544.07806041
1544.15491250
1544.22617405
1544.30152451
1544.37124128
1544.44539684
1544.52218238
1544.60869663
1544.68244064
1544.75575579
1544.83151342
1544.90289784
1544.98984144
1545.06597113
1545.15337041
1545.23149738
1545.32199035
1545.39953559
1545.48418300
1545.56127524
1545.63993371
1545.72389553
1545.79736842
1545.87824385
1545.94927622
1546.05455208
1546.11875291
1546.19422942
1546.26557557
1546.33113076
1546.46420795
1546.54445118
1546.61586730
1546.69288713
1546.78150375
1546.85744814
1546.94755224
1547.03671231
1547.12330824
1547.19985069
1547.28246107
1547.36121146
1547.44301580
1547.50732488
1547.58485769
1547.65638816
1547.73630322
1547.81769041
1547.89797533
1547.97410673
1548.06979966
1548.15223840
1548.24256144
1548.34027019
1548.41005767
1548.48410376
1548.57242951
1548.64652583
1548.71710544
1548.78614369
1548.85893440
1548.93401790
1549.01091071
1549.08642526
1549.16294723
1549.22776246
1549.30467356
1549.39561075
1549.46887031
1549.56711618
1549.63674542
1549.71218634
1549.79614377
1549.86231189
1549.94079360
1550.01778491
1550.11434605
1550.19537070
1550.27437855
1550.36061827
1550.44655957
1550.53101315
1550.61041256
1550.69759290
1550.76623959
1550.84540957
1550.92955351
1551.01018538
1551.09732232
1551.17939363
1551.28235038
1551.34388442
1551.41927658
1551.50016786
1551.56346123
1551.63271915
1551.71185744
1551.78939635
1551.87419784
1551.95802677
1552.04099604
1552.11896843
1552.20964475
1552.28491208
1552.36230446
1552.43736796
1552.52441908
1552.61294549
1552.69100346
1552.76502737
1552.84155178
1552.91608987
1553.03629588
1553.10053231
1553.17420025
1553.25124154
1553.32103998
1553.39156596
1553.50848639
1553.57993835
1553.66275475
1553.73645365
1553.80762377
1553.88273774
1553.96268353
1554.04154193
1554.11751655
1554.19601118
1554.27982305
1554.36172273
1554.46012049
1554.53633331
1554.61826687
1554.69434414
1554.77364773
1554.84678636
1554.93261868
1555.01228506
1555.08908961
1555.15086039
1555.24278331
1555.31890031
1555.40902221
1555.48869322
1555.57075430
1555.66366611
1555.74910418
1555.83016735
1555.90635750
1556.00685567
1556.08511527
1556.17686728
1556.25654390
1556.32989782
1556.40994235
1556.48719014
1556.57190752
1556.65158755
1556.73394949
1556.81335963
1556.88584851
1556.96276106
1557.04046210
1557.12758855
1557.20684509
1557.28304548
1557.35940776
1557.44371968
1557.51101957
1557.57359175
1557.64813107
1557.72518113
1557.79066025
1557.86731023
1557.93945680
1558.01804018
1558.10487723
1558.20221979
1558.28728947
1558.37987652
1558.46260539
1558.54405524
1558.61195928
1558.68228411
1558.76876667
1558.84698507
1558.93074037
1559.00385999
1559.09208529
1559.14856005
1559.24145845
1559.32018153
1559.39468647
1559.47283831
1559.55590875
1559.65532954
1559.73057956
1559.84465815
1559.92573229
1560.00268263
1560.09464090
1560.17500165
1560.26348930
1560.34432279
1560.42559880
1560.50733464
1560.58555840
1560.66613467
1560.74539780
1560.81830676
1560.89919097
1560.99165490
1561.07108942
1561.14768892
1561.24002241
1561.31874647
1561.41360802
1561.50410075
1561.59073008
1561.67083580
1561.74191717
1561.81350299
1561.89405927
1561.98183597
1562.07250839
1562.19118108
1562.27408086
1562.37812768
1562.45725743
1562.53962181
1562.60940904
1562.69095129
1562.75250215
