89.18032157
89.22807381
89.29576696
89.33031766
89.37791995
89.42486030
89.47275566
89.52329390
89.57167614
89.62094365
89.68030511
89.73098160
89.77939114
89.82879690
89.87870977
89.92707324
89.97534284
90.02652450
90.07330150
90.12351377
90.17144862
90.22173769
90.27076139
90.32214127
90.38342907
90.44070791
90.49901050
90.55931648
90.60965504
90.65816723
90.70801330
90.77302260
90.80777883
90.85614279
90.90372411
90.95397052
91.00317318
91.05123920
91.10161214
91.15263557
91.19841612
91.24588090
91.30679275
91.35721104
91.40888982
91.45673154
91.50479975
91.55148995
91.60052487
91.65487020
91.70131416
91.75002603
91.79777071
91.84726155
91.89765936
91.95541485
92.00433907
92.05135866
92.10199492
92.15106397
92.19970782
92.24946002
92.31962906
92.35336616
92.39880904
92.44623604
92.49408897
92.54397892
92.59374332
92.64258099
92.69151107
92.73939765
92.81219032
92.90389039
92.95383716
93.00268117
93.05049046
93.10048915
93.14831307
93.19919094
93.24802813
93.29611756
93.34682939
93.39540181
93.44432603
93.50406418
93.55313616
93.60383288
93.65184380
93.73043790
93.77030632
93.82132731
93.87003723
93.91884468
93.96782181
94.02545393
94.07361455
94.12324412
94.17122919
94.22100236
94.27100667
94.34180156
94.39078406
94.43888982
94.48837993
94.53621921
94.58711561
94.63518114
94.68401808
94.73371129
94.78270915
94.83247573
94.88223525
94.93093713
94.97980357
95.02751144
95.07821718
95.17872389
95.21238980
95.25636860
95.31805698
95.36801715
95.41688140
95.46565398
95.51261871
95.56367262
95.61247811
95.66119851
95.71019442
95.75914571
95.81020230
95.85869254
95.90667372
95.95653222
96.00528383
96.05511333
96.11547465
96.16325175
96.21313683
96.26132256
96.31094335
96.35897524
96.40784802
96.45771701
96.50655274
96.55585390
96.60574434
96.65460494
96.72403279
96.75778184
96.80184842
96.87415371
96.92188034
96.97226206
97.02069307
97.06951782
97.11760920
97.16735774
97.21711507
97.26599931
97.31491720
97.36444608
97.41366507
97.46153897
97.51347717
97.55922773
97.61003002
97.65894572
97.70788116
97.75765457
97.80562429
97.85542623
97.90533155
97.95219096
98.00106618
98.05246653
98.16426868
98.19225408
98.23049313
98.28139123
98.33019307
98.37834857
98.48085793
98.54269673
98.59159853
98.63956995
98.68926657
98.73833732
98.78724205
98.83657075
98.88577244
98.93479541
98.98370135
99.05523109
99.10328492
99.15339333
99.20210276
99.25203002
99.30001119
99.35173679
99.39870762
99.44665514
99.49548721
99.56650446
99.60014404
99.64370203
99.69248217
99.74191986
99.79274970
99.84099638
99.89094997
99.93791032
99.99012987
100.03852771
100.09743106
100.14671588
100.19619745
100.24499222
100.29382502
100.34279752
100.39086403
100.44046410
100.49139390
100.54022865
100.58706099
100.63800738
100.68698622
100.73596091
100.78362489
100.84535179
100.90433364
100.95345194
101.00403504
101.07388201
101.10669727
101.15072386
101.19867724
101.24834923
101.29820310
101.34710709
101.39513093
101.44589446
101.49569104
101.54467475
101.59253451
101.65379817
101.70233816
101.75106246
101.79991964
101.84783425
101.89780028
101.94863939
101.99648013
102.04549017
102.09336188
102.14431094
102.19210268
102.24197971
102.29223148
102.33864521
102.38842594
102.43838830
102.48766703
102.53703572
102.58567981
102.65560333
102.68839007
102.73416843
102.78125604
102.82990623
102.88105960
102.92912489
102.97886881
103.02776280
103.07651125
103.12557445
103.17433093
103.22509129
103.29006353
103.33990034
103.39295104
103.44157221
103.49150410
103.54153230
103.59217831
103.64205071
103.69307682
103.74385814
103.79393266
103.84471033
103.89542826
103.94552326
104.00513950
104.05695189
104.14975252
104.20960794
104.26136157
104.31146925
104.36086671
104.41177018
104.47305067
104.53305822
104.58503567
104.63684270
104.68456129
104.73450976
104.78621951
104.84703163
104.89800630
104.94784091
104.99683048
105.04870821
105.09846724
105.14846935
105.19711735
105.24800838
105.30062632
105.35047581
105.40042281
105.46927528
105.50503308
105.55099868
105.60184924
105.66266576
105.71270078
105.76376395
105.81307583
105.88587411
105.93579186
105.99667956
106.04655148
106.10730460
106.15831510
106.20997804
106.25927261
106.30999079
106.36252876
106.40948155
106.46057007
106.52222870
106.58297963
106.63288568
106.68268591
106.73264291
106.80503061
106.83905346
106.88455290
106.93426976
106.98608288
107.03508074
107.08575284
107.13672311
107.18757148
107.23549975
107.29628018
107.34852533
107.39741201
107.44795148
107.49876328
107.54879318
107.59854855
107.64933183
107.70033356
107.75008308
107.80006544
107.85185126
107.90157103
107.95051891
108.00156672
108.05321478
108.11300145
108.16489405
108.21478376
108.28376228
108.31756278
108.36471207
108.43636981
108.48734179
108.54912208
108.60000678
108.64877009
108.69968429
108.74956011
108.79944129
108.85130537
108.90114510
108.96149667
109.02392086
109.08481856
109.13555648
109.18452216
109.23528520
109.28621403
109.33607716
109.38683776
109.43667920
109.48554443
109.53639865
109.58739014
109.65737193
109.69010698
109.74892425
109.81076111
109.86066033
109.91063903
109.96030590
110.01236357
110.06211455
110.11241484
110.16142855
110.21184903
110.26348954
110.31345361
110.36426566
110.41418926
110.46517758
110.51416739
110.57719672
110.63686537
110.68738485
110.73727456
110.78920983
110.83700498
110.88852626
110.93940535
110.98913342
111.05919104
111.09187903
111.13986094
111.18880784
111.23970717
111.29054554
111.34035553
111.40313129
111.46405557
111.51438145
111.56566576
111.61450465
111.66413812
111.71714298
111.76440638
111.81639066
111.86542680
111.91640512
111.96650695
112.01688501
112.06767755
112.11755141
112.17852201
112.23983053
112.29017178
112.33899215
112.39082478
112.46064589
112.51169931
112.57345181
112.62454911
112.67432764
112.72490075
112.77504354
112.82620203
112.87661350
112.92638545
112.97727113
113.04714174
113.10001592
113.16080366
113.21024964
113.25929431
113.31097700
113.36026792
113.41119236
113.46097406
113.51103298
113.56170629
113.61246836
113.66250801
113.71327788
113.76314272
113.83298554
113.89790365
113.94910628
113.99750705
114.04739116
114.09822002
114.15806569
114.22008345
114.27090719
114.31989749
114.37054277
114.42050660
114.47147371
114.52233281
114.57210793
114.62219708
114.67381857
114.73477015
114.78450285
114.83535951
114.88537649
114.93525767
114.98504328
115.03491982
115.08497947
115.13660974
115.20645085
115.24230373
115.28713928
115.33703631
115.38894793
115.43887519
115.49874450
115.54969869
115.60148987
115.64921748
115.71202275
115.76047203
115.81221177
115.86264932
115.91348648
115.96254992
116.04834347
116.06371053
116.13589343
116.18587530
116.24763657
116.29658494
116.35941361
116.40939036
116.45915524
116.50827403
116.57985594
116.61277166
116.66107953
116.71148759
116.76231231
116.81043782
116.86108602
116.91110519
116.96101539
117.01185181
117.06267263
117.11640478
117.17374165
117.22542994
117.28731726
117.34617355
117.39797399
117.44800926
117.49767418
117.54768141
117.59748140
117.65064157
117.69927664
117.74906079
117.79985893
117.84880559
117.90064017
117.98055792
118.02163417
118.07224970
118.12404235
118.17188431
118.22297673
118.27402551
118.32462105
118.37687352
118.42532793
118.47522154
118.52587609
118.57556246
118.62531954
118.67568785
118.72700458
118.78886045
118.84884362
118.89947257
118.94912310
118.99894723
119.04988727
119.10156801
119.15059318
119.20137011
119.25334439
119.30204237
119.35104729
119.42083306
119.45776066
119.50479463
119.55342678
119.61436544
119.67708878
119.72591719
119.77699499
119.82669697
119.87683098
119.92757305
119.97857453
120.02719107
120.07817207
120.12912699
120.17849081
120.22781269
120.27905383
120.32809022
120.37987652
120.44173702
120.49149045
120.54056047
120.59217636
120.64215213
120.69191580
120.74175260
120.79466360
120.86366893
120.89640813
120.94351744
120.99433046
121.04501109
121.09509878
121.14492559
121.19570593
121.25644930
121.30633341
121.35725639
121.40796822
121.45898677
121.50845543
121.55943082
121.60861617
121.65846346
121.70868427
121.76054347
121.81045001
121.85930499
121.91006681
121.96043853
122.02198891
122.07277292
122.12281964
122.17349320
122.22329783
122.27419228
122.34410385
122.37895419
122.42575484
122.47472100
122.52461510
122.57445508
122.62518545
122.67606966
122.72835187
122.78694533
122.83763596
122.88861306
122.93936805
122.98843515
123.03837216
123.08800880
123.14129283
123.18924889
123.23958258
123.29153224
123.33995446
123.39075773
123.44164316
123.49241327
123.55231086
123.60411374
123.65312599
123.70583414
123.75291468
123.82459070
123.85836681
123.90520891
123.95617065
124.00497810
124.05586255
124.10768714
124.15804862
124.20611318
124.25786120
124.30871640
124.36773067
124.41955282
124.46829663
124.51916329
124.57008456
124.62014689
124.67075803
124.72055558
124.77216464
124.82061905
124.87327453
124.92135445
124.97226548
125.02253529
125.07253520
125.12314050
125.18408550
125.23388354
125.30584774
125.33961020
125.38700818
125.43664897
125.48534499
125.53514059
125.58617865
125.63783110
125.68779469
125.73761492
125.78954678
125.83757891
125.88821029
125.95012248
126.01086219
126.06175006
126.11158491
126.16153314
126.23340592
126.28412872
126.34715512
126.39725963
126.44629796
126.49619816
126.54659134
126.59562211
126.64753008
126.72811464
126.76914116
126.83196008
126.87988615
126.92963031
126.98276415
127.03132022
127.08113655
127.13118523
127.18393726
127.23202620
127.28291602
127.33264384
127.38357925
127.43423014
127.48614078
127.53501357
127.58683108
127.64584438
127.69758046
127.74550483
127.79731917
127.84817973
127.89725025
127.94699172
127.99895308
128.04847538
128.09836363
128.16910829
128.20296828
128.26003501
128.31111768
128.36152183
128.41250673
128.46129175
128.51416739
128.56294728
128.61278506
128.66362246
128.71357606
128.76349332
128.81442288
128.86538608
128.91518144
128.96401570
129.01488919
129.06783286
129.11672466
129.16556258
129.22721535
129.28830079
129.33853988
129.38924270
129.46110938
129.50995754
129.58089043
129.61285284
129.66259164
129.71354387
129.76335483
129.81327307
129.86514520
129.91406943
129.96478834
130.01391834
130.07571082
130.13563060
130.18716725
130.23811412
130.28703761
130.33795523
130.39075700
130.43860944
130.48781478
130.54043321
130.59024197
130.63905527
130.69055095
130.74043774
130.79737964
130.85846921
130.90930613
130.95962324
131.03165302
131.06462018
131.11025469
131.16106210
131.21309246
131.26105876
131.31175402
131.36174126
131.41364410
131.46245642
131.51421396
131.56402053
131.61492254
131.67494984
131.72575384
131.77639644
131.82740572
131.87717182
131.92714004
131.97611571
132.02910473
132.07780343
132.12652311
132.17835062
132.22805333
132.27870251
132.32918175
132.38008522
132.44189477
132.52004856
132.55366961
132.60243024
132.65344904
132.70320148
132.75520185
132.80294312
132.85293816
132.90383407
132.95564720
133.00542988
133.05634334
133.10614114
133.15708533
133.21555957
133.26694700
133.31842952
133.36766777
133.41767110
133.46773977
133.51849476
133.57007432
133.61924577
133.66894628
133.71981392
133.77047455
133.82050494
133.86966542
133.92354264
133.99285371
134.04278438
134.09480523
134.14360633
134.19334489
134.24591601
134.29677657
134.34379982
134.39565366
134.44648253
134.49636298
134.54619003
134.59704791
134.64839731
134.69781818
134.74760695
134.79770024
134.85929597
134.92043212
134.97023942
135.02107073
135.07189520
135.12080212
135.17065892
135.22189763
135.27232836
135.32237850
135.39468696
135.42845283
135.47378551
135.52359964
135.57336720
135.62521519
135.68526029
135.74688137
135.80869897
135.85862550
135.90866954
135.95951377
136.00937739
136.06001048
136.10892227
136.15978454
136.21976820
136.27251780
136.32141130
136.37243180
136.42273624
136.48448825
136.54537010
136.59404369
136.64577246
136.69513432
136.76479819
136.79930695
136.84705992
136.89897471
136.94703902
136.99868099
137.06948222
137.11943167
137.18037496
137.23203717
137.28183814
137.34271926
137.39355032
137.44352536
137.49438739
137.54429197
137.59514863
137.64611696
137.69503973
137.74589395
137.80570499
137.85952125
137.90738320
137.95735215
138.00897584
138.05836891
138.10782367
138.19061642
138.22543165
138.27038203
138.32226659
138.37115327
138.42186681
138.47176872
138.52275972
138.57259847
138.62349951
138.67431911
138.72216984
138.77299871
138.82483207
138.87480907
138.92377060
138.98549969
139.03797061
139.08604199
139.13757986
139.20985321
139.25926042
139.30836215
139.36096814
139.40829468
139.46028091
139.51116707
139.56009642
139.63158642
139.66624341
139.71138470
139.76223673
139.82211213
139.87393477
139.92386910
139.97365739
140.02481808
140.07464489
140.12427397
140.17711914
140.22603507
140.27691026
140.32985222
140.37769467
140.42697169
140.47648886
140.52923870
140.57912305
140.63995858
140.69079818
140.73088407
140.79060661
140.84335353
140.89132129
140.94221574
141.01222996
141.08146374
141.12926230
141.18041349
141.24356228
141.29739975
141.35983979
141.42328091
141.48910819
141.55224089
141.61579733
141.67958636
141.73245226
141.79617546
141.84833382
141.91389120
141.96587573
142.02982421
142.08352466
142.14773719
142.22217606
142.26319282
142.31592560
142.38071157
142.44360850
142.50750628
142.59307016
142.64611550
142.69791399
142.76175008
142.82449269
142.88938423
142.95138175
143.01095313
143.07398124
143.12381975
143.18667012
143.23968400
143.32342688
143.42098227
143.48575679
143.53867680
143.60169979
143.65532442
143.72104028
143.77090098
143.84067553
143.89860558
143.96242851
144.02633140
144.09200435
144.15416327
144.20677000
144.27067947
144.32377723
144.40582319
144.44166876
144.50468370
144.56066328
144.62221878
144.67320173
144.73880251
144.79173423
144.85566297
144.91044910
144.97213260
145.05710452
145.10929701
145.17297340
145.23668076
145.30149258
145.36511265
145.42812564
145.48187242
145.56303944
145.59881528
145.66254678
145.72947754
145.78946681
145.84322967
145.90703480
145.95802946
146.02378384
146.07480482
146.13955203
146.19336683
146.25620623
146.31988506
146.38197938
146.45868981
146.52166818
146.59031536
146.63811343
146.72107124
146.75504435
146.82166596
146.87163394
146.93640211
146.98836152
147.05236925
147.10481750
147.16877379
147.22158165
147.28687182
147.33950268
147.40375788
147.45556515
147.53040606
147.59349415
147.65820575
147.72108831
147.78608785
147.86850830
147.91155697
147.97537892
148.03006778
148.11487414
148.16780708
148.23149713
148.28342168
148.34911242
148.41201716
148.47607756
148.52874377
148.59360410
148.64552231
148.70836439
148.77116648
148.83977173
148.88799939
148.97074996
149.01656538
149.08036173
149.14399009
149.19686305
149.26095514
149.31464462
149.37864187
149.43061152
149.49845388
149.54618076
149.61090578
149.66779721
149.72851132
149.78033883
149.84529547
149.89733680
149.96096931
150.02476517
150.11140449
150.15138531
150.21580923
150.27893461
150.35511720
150.41818091
150.47411294
150.53485851
150.58868623
150.65250111
150.70545721
150.76741255
150.82206118
150.88590361
150.93784644
151.00266971
151.05454208
151.11956796
151.18132094
151.26918541
151.29898232
151.36384484
151.43757106
151.50059819
151.56435479
151.61691056
151.68071154
151.73555278
151.79790041
151.85093502
151.91585484
151.96759019
152.03116638
152.08476711
152.14960502
152.20142619
152.26448453
152.32025784
152.40291064
152.44494312
152.50975079
152.57357590
152.63541178
152.70132610
152.77504963
152.83884452
152.89076175
152.95501232
153.00815274
153.07407364
153.12579387
153.19170405
153.24240345
153.30626807
153.35903961
153.42204284
153.47586227
153.55727214
153.62357728
153.67656679
153.72945121
153.79508685
153.85784214
153.92072347
153.98487359
154.03839435
154.10224970
154.15511681
154.21704217
154.27101057
154.33478741
154.38860245
154.45548372
154.50907860
154.56823112
154.62198082
154.70671965
154.75869613
154.82456632
154.88725431
154.95211635
155.01500939
155.07880330
155.14169780
155.19643127
155.25835370
155.31319835
155.37491695
155.42793815
155.49256784
155.54560196
155.61132757
155.66216887
155.72693631
155.77815674
155.86369185
155.91764294
155.97267532
156.02249872
156.08716059
