2842.06908978
2842.13305589
2842.19711295
2842.27046598
2842.33541075
2842.39783063
2842.47034130
2842.53694861
2842.60014331
2842.66318247
2842.72730365
2842.79012215
2842.85455492
2842.95086969
2843.03696884
2843.10084451
2843.16328121
2843.22503378
2843.31091984
2843.37687934
2843.43973028
2843.50430690
2843.56838273
2843.63162132
2843.69514565
2843.75700404
2843.82177692
2843.88554824
2843.94998466
2844.01249451
2844.07683561
2844.14142490
2844.20439798
2844.27747356
2844.33881824
2844.40391929
2844.46853418
2844.53034966
2844.59429334
2844.65720157
2844.72294433
2844.78585573
2844.84935300
2844.91349710
2844.97760682
2845.04175385
2845.10344986
2845.16938815
2845.23189775
2845.30786515
2845.36919374
2845.43580982
2845.49578088
2845.56024753
2845.62352148
2845.68819781
2845.75221221
2845.81431952
2845.87953272
2845.94196382
2846.00565053
2846.10250192
2846.16513611
2846.23690365
2846.29929866
2846.37331339
2846.43936505
2846.50184637
2846.56845782
2846.63136971
2846.69501839
2846.75622824
2846.81946488
2846.88574914
2846.94744636
2847.01198056
2847.07577260
2847.13920599
2847.20145423
2847.27630473
2847.35127008
2847.41576234
2847.48074538
2847.54119138
2847.60657501
2847.66991405
2847.73392551
2847.79820493
2847.86087666
2847.92595650
2847.98960786
2848.05247318
2848.11574298
2848.17922416
2848.24272680
2848.31768482
2848.38373429
2848.44573482
2848.50904216
2848.57205669
2848.63433297
2848.70067550
2848.76215208
2848.82698786
2848.89002482
2848.95442054
2849.01658953
2849.08085139
2849.14542021
2849.21924452
2849.28334888
2849.35697863
2849.43358091
2849.49537835
2849.55915673
2849.62406030
2849.68676299
2849.75107630
2849.81426076
2849.87868305
2849.94152642
2850.00580608
2850.07105561
2850.13422740
2850.19680136
2850.25965303
2850.32325807
2850.39867836
2850.46111676
2850.52682125
2850.58883542
2850.65324528
2850.71623494
2850.77966565
2850.84365005
2850.90836369
2850.97155718
2851.03526827
2851.09900350
2851.16333070
2851.22489481
2851.30268078
2851.35335367
2851.42789723
2851.49237217
2851.55580996
2851.61917899
2851.68297834
2851.74563813
2851.80953451
2851.87329120
2851.93777639
2852.00106837
2852.06030946
2852.12437896
2852.18860327
2852.25235630
2852.31621977
2852.37928063
2852.45521877
2852.51680530
2852.58132292
2852.64393638
2852.70797052
2852.77217850
2852.84438319
2852.89931982
2852.96331398
2853.02683075
2853.09046578
2853.16568517
2853.22756916
2853.29298399
2853.35700960
2853.41964257
2853.49484684
2853.55811835
2853.62109582
2853.68496612
2853.74969780
2853.81091131
2853.87736233
2853.93929093
2854.00390607
2854.06678773
2854.13173591
2854.19409581
2854.25735342
2854.32218920
2854.38582521
2854.44949436
2854.52360003
2854.58693615
2854.65209133
2854.71410941
2854.77832128
2854.84173005
2854.90794873
2854.96793149
2855.03337265
2855.09632940
2855.19244424
2855.25708913
2855.32028310
2855.38351877
2855.44917180
2855.54369750
2855.59765719
2855.65955677
2855.72446327
2855.78810585
2855.85030581
2855.91512502
2855.97847893
2856.04342004
2856.10497830
2856.16939059
2856.23391576
2856.29678742
2856.36063675
2856.42365591
2856.48777466
2856.55112150
2856.62664955
2856.69050133
2856.75364117
2856.81662937
2856.88142810
2856.94520844
2857.00840753
2857.07195088
2857.13668476
2857.19831591
2857.26240540
2857.32613721
2857.38952940
2857.45349625
2857.51715688
2857.58107423
2857.65494560
2857.71785749
2857.78269571
2857.84777580
2857.90983264
2857.97373440
2858.03705125
2858.10103248
2858.19816719
2858.26061145
2858.32468972
2858.38807362
2858.45091724
2858.51451813
2858.57957261
2858.64365698
2858.71639756
2858.78126065
2858.84510316
2858.90852241
2858.97281816
2859.06814989
2859.12111166
2859.18424785
2859.26007945
2859.34992449
2859.41479807
2859.47932739
2859.54496506
2859.60770555
2859.67386206
2859.73875684
2859.81455748
2859.87967048
2859.94468010
2860.00908191
2860.07464181
2860.13924841
2860.20373994
2860.26839823
2860.33433507
2860.39892217
2860.46397056
2860.52854035
2860.59329153
2860.65786693
2860.72190717
2860.78787911
2860.86363000
2860.93007883
2860.99334400
2861.05963070
2861.12311237
2861.19012001
2861.25182211
2861.32849875
2861.39386385
2861.45805354
2861.52211450
2861.58798453
2861.65361904
2861.71622543
2861.78371655
2861.84682202
2861.92250513
2861.98684721
2862.05235347
2862.11776367
2862.18238174
2862.24712707
2862.31327650
2862.37790066
2862.44315385
2862.50734574
2862.57333133
2862.63610693
2862.70192015
2862.76570097
2862.83173898
2862.92828244
2862.98321006
2863.04799196
2863.11195491
2863.17820699
2863.24266999
2863.31842893
2863.38385400
2863.44849962
2863.51260690
2863.57860639
2863.64227068
2863.70636821
2863.77209585
2863.83709084
2863.91251650
2863.97756099
2864.04152930
2864.10863715
2864.17454740
2864.23794545
2864.30177918
2864.36730348
2864.43247475
2864.49737807
2864.56323737
2864.62723494
2864.69284970
2864.75617240
2864.82096821
2864.88600587
2864.96286902
2865.02554368
2865.09126499
2865.15538056
2865.22185231
2865.28641649
2865.36189847
2865.42727868
2865.49174534
2865.55693319
2865.61978827
2865.68680834
2865.75070741
2865.81634192
2865.88038338
2865.95868233
2866.02112878
2866.08611280
2866.15030688
2866.21668135
2866.28041805
2866.34582532
2866.41042705
2866.47636120
2866.53994015
2866.60477764
2866.67087880
2866.73579285
2866.80097460
2866.86456745
2866.93980147
2867.00465847
2867.07017083
2867.13529870
2867.19928920
2867.26400771
2867.32970439
2867.40518368
2867.50338164
2867.56747771
2867.63306321
2867.69678942
2867.76187048
2867.82641077
2867.89828899
2867.95589388
2868.03304107
2868.09763110
2868.16138827
2868.22708056
2868.29125514
2868.35722342
2868.42093134
2868.48851974
2868.55036837
2868.61716292
2868.68237320
2868.78009037
2868.84477938
2868.90787632
2868.97156839
2869.03901514
2869.11373764
2869.17863048
2869.24393828
2869.30836545
2869.37347528
2869.44942805
2869.51402539
2869.58020944
2869.64392102
2869.70779352
2869.77360771
2869.83967084
2869.90392319
2869.96732440
2870.03292282
2870.12972424
2870.18624173
2870.24706002
2870.31397916
2870.37947957
2870.44472837
2870.51041433
2870.57255553
2870.63840239
2870.70329328
2870.76790818
2870.83459399
2870.89813052
2870.96230680
2871.02821632
2871.09355168
2871.16926893
2871.23396160
2871.29893733
2871.36242217
2871.42754126
2871.49300291
2871.55930058
2871.62369312
2871.68842114
2871.75331227
2871.81828240
2871.88317134
2871.94690901
2872.01252596
2872.07584013
2872.14236796
2872.21729039
2872.28189382
2872.34551910
2872.41139010
2872.47497563
2872.54083420
2872.60567242
2872.67190036
2872.73571581
2872.80138128
2872.86538689
2872.93032947
2872.99626362
2873.06089778
2873.12614219
2873.18989643
2873.26637949
2873.32998380
2873.39483763
2873.47038031
2873.53567202
2873.60145037
2873.69901613
2873.76298322
2873.82791093
2873.89249291
2873.95780607
2874.02214522
2874.08883225
2874.15297221
2874.21697027
2874.28254406
2874.35835201
2874.42388022
2874.48728241
2874.55416863
2874.61736017
2874.68126850
2874.74634932
2874.81245023
2874.87631614
2874.94186020
2875.03984092
2875.10486054
2875.16969681
2875.23370170
2875.30007787
2875.36425220
2875.43989192
2875.50335604
2875.58086041
2875.64461881
2875.70969743
2875.77342388
2875.84188658
2875.90589853
2875.96934022
2876.03326026
2876.10049001
2876.16524753
2876.22932922
2876.29338920
2876.35985802
2876.43307647
2876.50031208
2876.57639285
2876.64039407
2876.70678488
2876.76837849
2876.83567748
2876.89923888
2876.97540644
2877.03977338
2877.10479105
2877.16944398
2877.23466426
2877.29874984
2877.36393891
2877.43991557
2877.51548995
2877.57926614
2877.64550164
2877.70979788
2877.77566595
2877.84131875
2877.90552209
2877.97134604
2878.03500739
2878.09899570
2878.16478624
2878.22987584
2878.29369055
2878.36072501
2878.42341820
2878.48899273
2878.56400245
2878.62871925
2878.69442081
2878.75985198
2878.82302181
2878.88758965
2878.95271753
2879.01773300
2879.08272190
2879.14828570
2879.21341382
2879.27690889
2879.34300396
2879.40789606
2879.47375488
2879.53737210
2879.61304230
2879.67824526
2879.74405385
2879.80765133
2879.87289793
2879.97022890
2880.02442947
2880.08795210
2880.15368852
2880.21881249
2880.28367071
2880.34775581
2880.41447112
2880.47898801
2880.54378332
2880.60736861
2880.68363784
2880.74826956
2880.81256263
2880.87905973
2880.94162370
2881.00814592
2881.07301267
2881.13775337
2881.20188309
2881.26759415
2881.33141106
2881.39664352
2881.47339599
2881.53716608
2881.61492329
2881.67908933
2881.74289259
2881.80739045
2881.87288623
2881.93747699
2882.00320415
2882.06664388
2882.13321998
2882.19735701
2882.26309538
2882.32569519
2882.39179561
2882.45694543
2882.52243438
2882.58550523
2882.65104051
2882.72858243
2882.79224037
2882.85784099
2882.92244881
2882.98724657
2883.05116319
2883.11786461
2883.18155352
2883.24528704
2883.31135163
2883.37574880
2883.44043855
2883.50700587
2883.58037743
2883.64650370
2883.71055393
2883.77558257
2883.84102788
2883.90590853
2883.97205967
2884.03618963
2884.10166054
2884.16432228
2884.23127604
2884.29485181
2884.35950889
2884.42335310
2884.49053800
2884.55444633
2884.61938671
2884.68421665
2884.76076261
2884.85663559
2884.92297788
2884.98719025
2885.05911650
2885.12519474
2885.19003004
2885.25452011
2885.32094821
2885.38387180
2885.44896140
2885.51397468
2885.57881631
2885.65557585
2885.71831146
2885.78430486
2885.85913952
2885.92437759
2885.99104512
2886.05484520
2886.15236293
2886.20646622
2886.26980502
2886.33506235
2886.40116570
2886.46512451
2886.52986667
2886.59498601
2886.66114275
2886.72507742
2886.78970012
2886.86653524
2886.93056767
2886.99529472
2887.06125886
2887.12502066
2887.19026654
2887.25476294
2887.31887437
2887.38278100
2887.44956385
2887.51240747
2887.57894797
2887.65635824
2887.72059669
2887.78541297
2887.84985111
2887.92570172
2887.98939209
2888.05539963
2888.12016812
2888.18496880
2888.25115115
2888.31435634
2888.37837975
2888.44446701
2888.50847263
2888.57532935
2888.63805204
2888.70363608
2888.76753783
2888.83430093
2888.91047947
2888.97422177
2889.03920823
2889.10491540
2889.16940497
2889.23304756
2889.29925233
2889.36322235
2889.42802206
2889.49342129
2889.56004566
2889.62219515
2889.71929328
2889.78519281
2889.84943614
2889.91549780
2889.99158394
2890.06615577
2890.13092549
2890.19803455
2890.26121707
2890.32628959
2890.39012406
2890.45636638
2890.51893718
2890.58442418
2890.64960666
2890.71488960
2890.77870553
2890.84497272
2890.90999283
2890.98608652
2891.08239373
2891.13712459
2891.20096880
2891.26760366
2891.33160025
2891.39550127
2891.46189379
2891.52563706
2891.59129571
2891.65448846
2891.73235538
2891.79631394
2891.86178266
2891.92538282
2892.00262022
2892.07808294
2892.14288654
2892.20736198
2892.27388029
2892.33707573
2892.40228820
2892.46664588
2892.53172669
2892.59609047
2892.66089699
2892.72598659
2892.79097549
2892.85592660
2892.92058172
2892.98548065
2893.05130411
2893.12629286
2893.19110061
2893.25595639
2893.33159660
2893.39662426
2893.46097999
2893.52666496
2893.58941862
2893.65552977
2893.72039896
2893.78562045
2893.85265662
2893.91509284
2893.98087948
2894.04568577
2894.11050327
2894.18748028
2894.25174750
2894.31656354
2894.38110213
2894.44496780
2894.51029218
2894.57611344
2894.63970312
2894.70482953
2894.77103503
2894.83404444
2894.90007295
2894.96351439
2895.02913890
2895.09399297
2895.16930989
2895.23608835
2895.30021002
2895.36525353
2895.42911774
2895.49503531
2895.55983696
2895.62359560
2895.68839018
2895.75416073
2895.81819097
2895.88410610
2895.98165187
2896.03520317
2896.09900813
2896.16396363
2896.22877382
2896.29369640
2896.37068024
2896.43551627
2896.50008802
2896.56541679
2896.62996951
2896.69452101
2896.76033960
2896.82434351
2896.88984782
2896.95400435
2897.01903055
2897.08283405
2897.14736069
2897.22391347
2897.28930393
2897.35300429
2897.41989954
2897.48387468
2897.54906814
2897.61347092
2897.67918929
2897.74470238
2897.81891996
2897.89528940
2897.96037948
2898.02550541
2898.08850701
2898.17410928
2898.25351488
2898.33144300
2898.40943133
2898.47899386
2898.55891707
2898.63730574
2898.71549644
2898.79547280
2898.87400507
2898.95396120
2899.03121104
2899.11133734
2899.19108403
2899.27021437
2899.34760026
2899.42723479
2899.50654312
2899.58713753
2899.66571882
2899.74384222
2899.85516567
2899.93548336
2900.01396078
2900.09267274
2900.17288170
2900.25021687
2900.33159708
2900.41133671
2900.48857362
2900.56673409
2900.64616700
2900.72600780
2900.80470513
2900.88477609
2900.96358046
2901.04245041
2901.12217029
2901.20140888
2901.28064723
2901.35763716
2901.43879283
2901.51735046
2901.59604536
2901.67782542
2901.75441259
2901.83297168
2901.90214923
2901.97989522
2902.06065299
2902.14056669
2902.21765659
2902.29638562
2902.37751910
2902.45497910
2902.53519586
2902.61337924
2902.69299574
2902.77196688
2902.85071858
2902.92982795
2903.00925257
2903.08825004
2903.18890364
2903.26791086
2903.37043473
2903.43694695
2903.51505841
2903.59484338
2903.67389399
2903.75408052
2903.83422706
2903.91254624
2903.99085032
2904.07014840
2904.18233346
2904.26215281
2904.36185336
2904.43089169
2904.49854568
2904.57734736
2904.65629143
2904.73486028
2904.81487589
2904.89365125
2904.97238686
2905.05320583
2905.13197826
2905.26411596
2905.34428371
2905.42185758
2905.50223525
2905.58153991
2905.65863395
2905.73829726
2905.81814879
2905.89843747
2905.97677714
2906.07649452
2906.14538583
2906.22459468
2906.30348194
2906.38292899
2906.46063622
2906.54032903
2906.62012692
2906.73186020
2906.81159958
2906.88965448
2906.96941848
2907.04717910
2907.12702770
2907.20706233
2907.28547831
2907.36327087
2907.43220632
2907.51210417
2907.59204201
2907.67173140
2907.74918190
2907.81709505
2907.89694170
2907.97578484
2908.05573803
2908.13325216
2908.21322657
2908.28082838
2908.36073062
2908.43875845
2908.51850246
2908.59609388
2908.67556092
2908.75755651
2908.83573478
2908.91360072
2908.99346347
2909.07093590
2909.17238871
2909.25162438
2909.33138716
2909.40961955
2909.48981461
2909.56895154
2909.64736508
2909.72633255
2909.80596904
2909.88487264
2909.96478025
2910.02097908
2910.10299759
2910.18193337
2910.26201652
2910.33948432
2910.50635197
2910.58622130
2910.66418672
2910.74377152
2910.82150800
2910.90141073
2910.98121277
2911.05907164
2911.13981381
2911.21622811
2911.29770195
2911.37540844
2911.45635785
2911.53482064
2911.61275387
2911.69227870
2911.77043624
2911.84998008
2911.92982308
2912.01061815
2912.08834976
2912.16717875
2912.24658069
2912.32472482
2912.40653000
2912.48187203
2912.56322396
2912.64165920
2912.72086244
2912.80050844
2912.87739890
2912.95809304
2913.06978366
2913.14815648
2913.22824743
2913.30675509
2913.38609730
2913.46456399
2913.54474929
2913.62309554
2913.70277762
2913.78103903
2913.86075305
2913.94001017
2914.02041515
2914.09934995
2914.19904612
2914.25555191
2914.33547609
2914.41584328
2914.49552561
2914.57261648
2914.65267817
2914.72576935
2914.81037127
2914.91105901
2914.97876443
2915.05745713
2915.13710167
2915.21682788
2915.29473966
2915.37454292
2915.45363035
2915.53232573
2915.61149167
2915.69047792
2915.81363929
2915.91311822
2915.98213144
2916.06228700
2916.14067689
2916.22067227
2916.29820615
2916.37851628
2916.45807280
2916.53568665
2916.61469655
2916.69448030
2916.84998740
2916.92789332
2917.00781532
2917.08618838
2917.16580708
2917.24292379
2917.32297647
2917.40331342
2917.48214997
2917.56203612
2917.63966923
2917.71851090
2917.78885776
2917.86628509
2917.94623146
2918.02476008
2918.10379485
2918.18465233
2918.26278476
2918.34110663
2918.42186001
2918.49883947
2918.57907085
2918.65713428
2918.73681051
2918.81673226
2918.89467988
2918.97456286
2919.05325288
2919.13299616
2919.21324876
2919.28960869
2919.36898187
2919.44930224
2919.52895190
2919.60760632
2919.68492686
2919.76407159
2919.84317633
2919.92271188
2920.00252635
2920.08259366
2920.16146312
2920.24002002
2920.31891192
2920.39866787
2920.47736423
2920.55547057
2920.63414158
2920.71482450
2920.79350501
2920.87307202
2920.95003391
2921.02971722
2921.10952681
2921.18881904
2921.26813175
2921.34734889
2921.42513145
2921.50592896
2921.58593019
2921.66537261
2921.74440835
2921.82103013
2921.90030554
2921.98066932
2922.06059448
2922.13898827
2922.21872374
2922.29532578
2922.40831883
2922.48690767
2922.56697960
2922.64471535
2922.72371696
2922.80356142
2922.88230143
2922.98516004
2923.05300225
2923.13051272
2923.21039667
2923.28968086
2923.36778476
2923.44876635
2923.52468816
2923.60629389
2923.68523992
2923.76292471
2923.84376050
2923.94359832
2924.01118379
2924.09210394
2924.17012031
2924.24934696
2924.32664531
2924.40764202
2924.48609505
2924.56523149
2924.64445740
2924.72359408
2924.85621600
2924.92515461
2925.00446171
2925.08251369
2925.16330193
2925.24230793
2925.32093676
2925.40083924
2925.47977039
2925.55900313
2925.65729812
2925.71589555
2925.79462288
2925.87595458
2925.95335411
2926.03210533
2926.11225089
2926.18989351
2926.26938469
2926.34921476
2926.42835120
2926.49583598
2926.56557721
2926.64287313
2926.72268614
2926.85712321
2926.93587541
2927.01350266
2927.09330811
2927.17208151
2927.24813717
2927.32738869
2927.40670920
2927.48677821
2927.56491551
2927.64380741
2927.72206954
2927.80203006
2927.88244844
2927.95996501
2928.03906658
2928.11989018
2928.19701177
2928.27617649
2928.35503767
2928.43410681
2928.51451301
2928.59236749
2928.67142981
2928.75206543
2928.83001208
2928.91072962
2928.98837589
2929.06734288
2929.14623868
2929.22601341
2929.30478608
2929.38438502
2929.46239798
2929.54188112
2929.62294731
2929.72240332
2929.79213943
2929.86924591
2929.94888045
2930.02762070
2930.10738129
2930.18611641
2930.26502172
2930.34497589
2930.42364543
2930.54554923
2930.62585108
2930.70402959
2930.78265914
2930.86290491
2930.94129895
2931.02100224
2931.09773886
2931.17767865
2931.25862684
2931.33644499
2931.41598469
2931.49587889
2931.57287297
2931.65250678
2931.73370974
2931.81216034
2931.89136529
2931.96860269
2932.04857247
2932.12740536
2932.20581817
2932.28578210
2932.36380457
2932.44441800
2932.52259505
2932.60244902
2932.68198652
2932.76123633
2932.83957965
2932.91832209
2932.99718571
2933.07708697
2933.15793251
2933.23532913
2933.31421322
2933.39389506
2933.47254680
2933.55173687
2933.65128870
2933.72073420
2933.78878705
2933.86895285
2933.94878195
2934.02631461
2934.10517700
2934.19094506
2934.29575342
2934.39769751
2934.46524300
2934.54526690
2934.61176523
2934.69147803
2934.77196980
2934.84931472
2934.92958804
2934.99783009
2935.07643820
2935.15587598
2935.23516577
2935.33532274
2935.40395366
2935.48266465
2935.56163359
2935.64087487
2935.72021001
2935.79912555
2935.87890053
2935.95653948
2936.03640735
2936.11519367
2936.19413287
2936.27255202
2936.35460539
2936.43154827
2936.51095193
2936.64401148
2936.72416289
2936.80344269
2936.88293752
2936.96094195
2937.03962442
2937.11766615
2937.19748574
2937.27724511
2937.35603655
2937.43463515
2937.51505378
2937.59438770
2937.67209761
2937.75308870
2937.83213615
2937.90914169
2937.98926092
2938.06716758
2938.14788927
2938.22709056
2938.30545095
2938.38418120
2938.46320841
2938.54300264
2938.62305239
2938.70031759
2938.77891301
2938.86010695
2938.93810773
2939.01757989
2939.09607120
2939.17404418
2939.25510135
2939.33489802
2939.41288173
2939.49255479
2939.57230294
2939.65063408
2939.73007332
2939.80910443
2939.88848175
2939.96525958
2940.03411164
2940.11426208
2940.19366183
2940.27347118
2940.35060277
2940.43108820
2940.50966900
2940.58909654
2940.66720654
2940.74514856
2940.81512263
2940.89352374
2940.97383972
2941.05237200
2941.13116564
2941.21027111
2941.28921543
2941.36912888
2941.44738297
2941.52810734
2941.60577263
2941.68481861
2941.76492980
2941.84402284
2941.92210163
2942.00120539
2942.06978098
2942.14849026
2942.22782589
2942.30717444
2942.38596881
2942.46402029
2942.54339883
2942.62226049
2942.69330026
2942.75761112
2942.82178229
2942.88690406
2942.95077583
2943.04764429
2943.11236670
2943.17583911
2943.24165111
2943.31563317
2943.38061183
2943.44496389
2943.50797525
2943.57476639
2943.63763561
2943.70280615
2943.76585433
2943.83084201
2943.89449995
2943.95824664
2944.02267526
2944.08793723
2944.15089520
2944.22005568
2944.29190148
2944.35725194
2944.42080286
2944.48401438
2944.55065899
2944.61438179
2944.67778349
2944.74297231
2944.80623260
2944.90330854
2944.95711658
2945.05321924
2945.11895127
2945.18182536
2945.24658971
2945.31173685
2945.38701475
2945.45057883
2945.51568939
2945.57863906
2945.64579372
2945.70748705
2945.77251764
2945.83678633
2945.90102112
2945.96457228
2946.03027530
2946.09469441
2946.15858202
2946.22237114
2946.28834503
2946.35148073
2946.42708436
2946.48999284
2946.55638242
2946.62102999
2946.68447850
2946.74856189
2946.81479397
2946.87706976
2946.97265213
2947.02742589
2947.09144882
2947.15650842
2947.22132349
2947.28595740
2947.34888026
2947.41546903
2947.48889569
2947.55314000
2947.61823666
2947.68288350
2947.74609502
2947.81198456
2947.87598725
2947.94216155
2948.00353207
2948.06812673
2948.13221573
2948.19782780
2948.26299298
2948.32628935
2948.39062728
2948.45259830
2948.52844282
2948.59238358
2948.65871344
2948.72188108
2948.78649402
2948.85216949
2948.91603175
2948.98101406
2949.07666396
2949.14047551
2949.20642477
2949.26759049
2949.33395107
2949.39824364
2949.46346953
2949.53824202
2949.60212134
2949.66689910
2949.74095186
2949.79683789
2949.86060311
2949.92629930
2949.98834517
2950.05305076
2950.11729751
2950.18243757
2950.24762030
2950.31120217
2950.38486801
2950.45101403
2950.52471010
2950.58937473
2950.65422734
2950.71805814
2950.78047827
2950.84663818
2950.91106266
2950.97585749
2951.03923286
2951.10520529
2951.16898391
2951.23310583
2951.29790870
2951.36187214
2951.42556494
2951.50222574
2951.56509154
2951.63238688
2951.69390393
2951.75962475
2951.82326221
2951.88693893
2951.95228038
2952.01585250
2952.07960504
2952.14577715
2952.20971303
2952.27299404
2952.33783958
2952.40173402
2952.46697673
2952.54054455
2952.60592842
2952.67099437
2952.73370389
2952.79867646
2952.86476737
2952.92722017
2952.99230074
2953.05742349
2953.12084299
2953.18567902
2953.25097658
2953.31539496
2953.37698589
2953.44394258
2953.51782004
2953.58106765
2953.64835421
2953.71082041
2953.77482725
2953.84032766
2953.90389637
2953.96783981
2954.03260806
2954.09621237
2954.16177617
2954.22527783
2954.28893383
2954.35486164
2954.41799393
2954.48250325
2954.55850381
2954.62237630
2954.71854674
2954.77221751
2954.83597468
2954.90197978
2954.96605854
2955.03071098
2955.09567282
2955.15970452
2955.22209709
2955.28872732
2955.35205856
2955.41691629
2955.48094287
2955.55629002
2955.62060040
2955.68492491
2955.74936866
2955.81421590
2955.87707732
2955.94131333
2956.00545329
2956.07176997
2956.13589311
2956.19866480
2956.26359104
2956.33867951
2956.40449541
2956.46776448
2956.53191979
2956.62905693
2956.69243644
2956.75862659
2956.82224918
2956.88698501
2956.95130562
2957.01512765
2957.07910864
2957.14179500
2957.20788470
2957.27354725
2957.33671782
2957.39984620
2957.46542488
2957.57262038
2957.63833486
2957.73472960
2957.80014248
2957.86249897
2957.92879396
2957.99202987
2958.05679592
2958.11980728
2958.18333893
2958.24868160
2958.31339451
2958.37862112
2958.45240813
2958.51665878
2958.58066195
2958.64691525
2958.72134762
2958.78517209
2958.84892243
2958.91369483
2958.97718820
2959.04313357
2959.10608324
2959.17216782
2959.23662034
2959.29996231
2959.36609394
2959.42874885
2959.49206327
2959.55938835
2959.62195695
2959.68716942
2959.76257192
2959.82627375
2959.89160934
2959.95500129
2960.01995606
2960.08387390
2960.14818940
2960.21247856
2960.27591001
2960.33986954
2960.41691312
2960.47972870
2960.54379990
2960.60850159
2960.70533372
2960.77925337
2960.84614837
2960.90873696
2960.97468306
2961.03853069
2961.10311218
2961.16659165
2961.23184411
2961.29537357
2961.35100067
