2981.72339660
2981.78870001
2981.85086316
2981.91668174
2981.97800643
2982.04441991
2982.10654307
2982.17369017
2982.24900757
2982.31323530
2982.37586900
2982.44156495
2982.50540453
2982.57218201
2982.63528553
2982.69909147
2982.76350351
2982.82741770
2982.89283717
2982.95547599
2983.02158836
2983.08497104
2983.15062993
2983.22319838
2983.28806781
2983.35088242
2983.41782765
2983.48072271
2983.54648180
2983.60981450
2983.67437381
2983.73878244
2983.80346049
2983.86796981
2983.93353142
2983.99509845
2984.05975089
2984.12405103
2984.18772312
2984.26235858
2984.33811875
2984.40203171
2984.46685629
2984.52967528
2984.59459299
2984.65993346
2984.72498477
2984.78794347
2984.85382447
2984.91769697
2984.98365476
2985.04517669
2985.11036064
2985.17402224
2985.24894711
2985.31404377
2985.37790481
2985.45723166
2985.51840177
2985.58206727
2985.64707080
2985.71162084
2985.77421529
2985.84056806
2985.90371132
2985.96898572
2986.03307130
2986.09742679
2986.16043229
2986.23612175
2986.30087781
2986.36570141
2986.42886076
2986.49392695
2986.55827341
2986.62370653
2986.68830899
2986.75220221
2986.81514335
2986.87944130
2986.94595352
2987.01703375
2987.07955750
2987.14348387
2987.20850617
2987.28363926
2987.34938372
2987.44529231
2987.49903671
2987.59604634
2987.64945233
2987.71407283
2987.77925434
2987.84186025
2987.90819205
2987.97123779
2988.03641296
2988.10093399
2988.16359865
2988.22758573
2988.29324901
2988.36736492
2988.44480908
2988.50886540
2988.57341252
2988.63651043
2988.70094710
2988.76554542
2988.82929552
2988.89334112
2988.95894271
2989.02182973
2989.08657604
2989.17340199
2989.23730350
2989.30332030
2989.36468131
2989.44140744
2989.50437029
2989.58233571
2989.64453518
2989.70951335
2989.77376692
2989.83968937
2989.90250324
2989.96788394
2990.03008269
2990.09570208
2990.16077387
2990.22466197
2990.28918154
2990.35291604
2990.41777230
2990.49248530
2990.55737009
2990.62067427
2990.68439146
2990.74972998
2990.81426661
2990.88030731
2990.94376581
2991.00788163
2991.07158834
2991.13632489
2991.20116970
2991.26538426
2991.32789459
2991.39210623
2991.45856847
2991.53226381
2991.60832629
2991.67210980
2991.73663131
2991.80009079
2991.86506775
2991.93098532
2991.99410907
2992.05749054
2992.12357463
2992.18717528
2992.25182942
2992.31616394
2992.38006789
2992.44529523
2992.52066530
2992.58450902
2992.64840054
2992.71206774
2992.77663095
2992.84155914
2992.90444445
2992.96955428
2993.03346042
2993.09915881
2993.16270557
2993.22844053
2993.29224232
2993.35675018
2993.45229378
2993.51695476
2993.59296385
2993.65744928
2993.72258935
2993.78641722
2993.85028509
2993.91509088
2993.97930349
2994.04362582
2994.10907698
2994.17266251
2994.23502826
2994.30116892
2994.36407910
2994.42921916
2994.49346395
2994.57038197
2994.63384657
2994.69826276
2994.76282475
2994.82669846
2994.88967935
2994.95327317
2995.02068651
2995.08595555
2995.14896032
2995.21219452
2995.27576177
2995.37473723
2995.42826684
2995.49253455
2995.56646224
2995.67413439
2995.73713624
2995.80243600
2995.86775648
2995.93145684
2995.99663762
2996.05963728
2996.12506894
2996.18980720
2996.25437285
2996.31783599
2996.38208200
2996.44694338
2996.51181111
2996.58568711
2996.64978732
2996.71399579
2996.77985094
2996.84341234
2996.90606506
2996.97359640
2997.03765419
2997.10030081
2997.16463898
2997.23103905
2997.32631983
2997.39122339
2997.45513295
2997.51973565
2997.58384757
2997.65921471
2997.73313582
2997.79925428
2997.86267476
2997.92871252
2997.99173437
2998.05535306
2998.11917582
2998.18389457
2998.25014982
2998.31405523
2998.37890589
2998.44149765
2998.50681716
2998.57066210
2998.63564393
2998.71008192
2998.77485017
2998.83890454
2998.90272828
2998.96799317
2999.03201244
2999.09681434
2999.16068561
2999.22528100
2999.28916593
2999.35220265
2999.41852372
2999.48298648
2999.54769086
2999.60994372
2999.68707019
2999.76095058
2999.84175541
2999.90667385
2999.97315681
3000.03508858
3000.12323110
3000.18737739
3000.25270080
3000.34997594
3000.41552755
3000.47942711
3000.54506234
3000.61059786
3000.67373284
3000.73974257
3000.81510337
3000.88019832
3000.94674224
3001.00998498
3001.07323795
3001.13915772
3001.20404275
3001.26798888
3001.33386744
3001.39875296
3001.47463381
3001.54048189
3001.60430100
3001.67011226
3001.73395623
3001.81002335
3001.88572110
3001.95157625
3002.01482825
3002.07897796
3002.14537559
3002.21017286
3002.27473680
3002.33853688
3002.40394733
3002.47021159
3002.53497131
3002.59891939
3002.66494667
3002.76154816
3002.81447848
3002.88004448
3002.94557610
3003.01087781
3003.07399303
3003.13976188
3003.20377432
3003.26986134
3003.33512745
3003.40065687
3003.46354950
3003.52934029
3003.59348950
3003.65941610
3003.72311134
3003.78952506
3003.86355003
3003.93028315
3004.02701849
3004.07934343
3004.14336343
3004.21063317
3004.27647613
3004.33930439
3004.40557866
3004.47115416
3004.53585951
3004.59900399
3004.66561447
3004.72918561
3004.79517169
3004.85787098
3004.93421262
3004.99836282
3005.06321299
3005.12814191
3005.19514005
3005.25984905
3005.32381566
3005.38833059
3005.45212214
3005.51955596
3005.58325974
3005.64899787
3005.71239689
3005.77844343
3005.84378439
3005.90865821
3005.98389443
3006.05010018
3006.11326417
3006.17904740
3006.24418039
3006.30754015
3006.37148116
3006.43801483
3006.50237080
3006.56840418
3006.63220695
3006.69720341
3006.76280793
3006.82661752
3006.90347507
3006.96814945
3007.04279540
3007.10780064
3007.17290266
3007.23668227
3007.30259618
3007.36811195
3007.43163824
3007.49704893
3007.59485167
3007.65872465
3007.72463613
3007.78903793
3007.85499061
3007.91872755
3007.99502312
3008.05954975
3008.13505391
3008.19969855
3008.26522993
3008.33041071
3008.39333210
3008.45969828
3008.52429196
3008.59030511
3008.65503874
3008.72038141
3008.78494754
3008.84973847
3008.94585502
3009.00085626
3009.06490040
3009.12962135
3009.20656984
3009.27109867
3009.33716228
3009.39994178
3009.46556385
3009.52836773
3009.59420533
3009.65988909
3009.72655832
3009.79013532
3009.85487017
3009.91983201
3009.98482676
3010.04824235
3010.11431986
3010.17912273
3010.25518839
3010.31950511
3010.38444963
3010.46075690
3010.52616467
3010.60200845
3010.66590021
3010.73081670
3010.79460459
3010.86186945
3010.92727259
3010.98996407
3011.05476621
3011.11970659
3011.18437878
3011.24923212
3011.32508298
3011.38991901
3011.45473773
3011.52061580
3011.58389072
3011.65026348
3011.71511683
3011.77913293
3011.84480352
3011.90940549
3011.97361225
3012.03936866
3012.10415666
3012.16815009
3012.23420565
3012.30952354
3012.38551459
3012.45058614
3012.51652517
3012.58023967
3012.64401318
3012.70841060
3012.77417043
3012.83984760
3012.90364817
3012.96885772
3013.03359964
3013.09897619
3013.16446807
3013.22843224
3013.29370177
3013.36903404
3013.43296164
3013.49778792
3013.56353262
3013.62864782
3013.69207317
3013.75902059
3013.85472096
3013.91973473
3013.98356577
3014.06283411
3014.12649425
3014.19126933
3014.25576719
3014.31999175
3014.38576303
3014.46275955
3014.52590891
3014.58943763
3014.65554172
3014.71908556
3014.78435118
3014.84949904
3014.91603053
3014.98012635
3015.04578573
3015.10870054
3015.17485314
3015.23834798
3015.30474049
3015.37093064
3015.43394297
3015.51094583
3015.57533618
3015.64017684
3015.70278348
3015.78078327
3015.84421984
3015.91069622
3015.97423445
3016.05124560
3016.11434546
3016.18074772
3016.24505176
3016.31086864
3016.37439907
3016.44116168
3016.50512390
3016.57974937
3016.64525637
3016.70909059
3016.77635374
3016.83978835
3016.90486576
3016.97007652
3017.03594265
3017.09951745
3017.16514245
3017.22824426
3017.29279041
3017.35892448
3017.42352962
3017.48845391
3017.55490884
3017.62896209
3017.69452711
3017.75813312
3017.82361159
3017.88937190
3017.95278701
3018.01916465
3018.09406806
3018.16013436
3018.22440816
3018.28926882
3018.35415581
3018.41774621
3018.48382982
3018.54969448
3018.62347345
3018.68922547
3018.75284928
3018.81885389
3018.88368431
3018.94900382
3019.01342489
3019.07786473
3019.14285363
3019.20783204
3019.27293626
3019.33746997
3019.40298160
3019.46641645
3019.53195027
3019.60744638
3019.67268933
3019.73599546
3019.80387033
3019.86817242
3019.93209538
3020.02987130
3020.08355939
3020.14763595
3020.21450243
3020.27934065
3020.34185513
3020.40789143
3020.47355227
3020.53785314
3020.60309536
3020.67877628
3020.74355307
3020.80749700
3020.87331485
3020.93869336
3021.00132803
3021.06828740
3021.13321315
3021.19773223
3021.26278671
3021.32642930
3021.39098836
3021.45619523
3021.52285763
3021.58686374
3021.66257294
3021.72693086
3021.79177031
3021.85601729
3021.92184685
3021.98555453
3022.05282305
3022.11691034
3022.18132409
3022.24606357
3022.31126776
3022.37471237
3022.44083400
3022.50671842
3022.57123676
3022.63364591
3022.71188342
3022.77565206
3022.84167520
3022.90540287
3022.97195361
3023.03636493
3023.10021085
3023.16533920
3023.23167418
3023.29548596
3023.35959910
3023.42520801
3023.49101879
3023.55385070
3023.61837393
3023.68408255
3023.76039177
3023.82511516
3023.88769279
3023.95513465
3024.01967616
3024.08548670
3024.15007575
3024.21506075
3024.28010109
3024.34273869
3024.40988360
3024.47328067
3024.53776049
3024.60266625
3024.66869671
3024.74395925
3024.80867362
3024.90509104
3024.96125354
3025.02413105
3025.09085953
3025.15477616
3025.21979407
3025.28394207
3025.34908506
3025.42226474
3025.48670116
3025.57330817
3025.63701170
3025.70168536
3025.82190029
3025.88778275
3025.95100769
3026.01862632
3026.08116030
3026.14631377
3026.20995757
3026.28758141
3026.35206368
3026.41746364
3026.48326662
3026.54708011
3026.61106086
3026.67577937
3026.74179812
3026.80645008
3026.88308820
3026.94817852
3027.01106164
3027.07557560
3027.14070810
3027.20543539
3027.27160579
3027.33557020
3027.40172939
3027.46644352
3027.53018533
3027.59421557
3027.66071682
3027.72552091
3027.79089722
3027.86593059
3027.93167627
3027.99556584
3028.06010442
3028.12559386
3028.19221360
3028.25648472
3028.32943206
3028.39551347
3028.45961344
3028.52715795
3028.59109359
3028.65536520
3028.72039847
3028.78446870
3028.88184599
3028.93698791
3029.00207141
3029.06696961
3029.13131290
3029.19531315
3029.26149428
3029.32601580
3029.38993803
3029.45493449
3029.52082085
3029.58468262
3029.65015280
3029.71419547
3029.77942062
3029.84471282
3029.91960551
3029.98570471
3030.04947359
3030.11637298
3030.17879652
3030.24574686
3030.30993192
3030.37697736
3030.43839371
3030.50523947
3030.56901176
3030.63858257
3030.69874233
3030.76488518
3030.82737820
3030.89263798
3030.98976487
3031.04427240
3031.10832337
3031.17318622
3031.23865323
3031.30371259
3031.36986543
3031.43612263
3031.49889847
3031.56347362
3031.62936974
3031.69401974
3031.76018356
3031.82375666
3031.88713666
3031.99634920
3032.07300487
3032.13648873
3032.20153858
3032.26692246
3032.33181456
3032.40763885
3032.47247829
3032.53665360
3032.60192897
3032.66746571
3032.73127701
3032.79767854
3032.86172487
3032.92659748
3033.00228450
3033.06734069
3033.13185416
3033.19863335
3033.26113247
3033.32638297
3033.39119950
3033.45492376
3033.52036054
3033.58597993
3033.64985535
3033.71480621
3033.77817110
3033.84641071
3033.91024615
3033.97631122
3034.05095693
3034.11427549
3034.18054780
3034.24523681
3034.30991022
3034.37511051
3034.44050974
3034.50614620
3034.57070453
3034.63550569
3034.73231881
3034.79726358
3034.86173585
3034.92684543
3034.99065307
3035.06759352
3035.13215477
3035.19781074
3035.26172541
3035.32638151
3035.39055779
3035.45727871
3035.52132651
3035.58635832
3035.65081206
3035.71673499
3035.78187481
3035.84654797
3035.90926774
3035.97595843
3036.03994234
3036.11602702
3036.18132482
3036.24547063
3036.31091179
3036.37461289
3036.44138184
3036.51561746
3036.58064196
3036.64656099
3036.71157939
3036.77600339
3036.84091987
3036.90511200
3036.97087183
3037.03395219
3037.11129004
3037.17530419
3037.24134001
3037.30470562
3037.37061003
3037.43449837
3037.50041374
3037.56646590
3037.62993586
3037.69578712
3037.76073993
3037.82468581
3037.88930437
3037.95520316
3038.01802703
3038.08443149
3038.15969696
3038.22546288
3038.28866344
3038.35463172
3038.41798759
3038.48542872
3038.54784421
3038.61477920
3038.67831548
3038.74360670
3038.80924389
3038.87359718
3038.93879283
3039.00374565
3039.07903038
3039.14280072
3039.22130618
3039.28482612
3039.34826488
3039.41283857
3039.47862253
3039.54249991
3039.60894581
3039.67373137
3039.73820023
3039.80291045
3039.86887898
3039.93284851
3039.99993612
3040.06236014
3040.12760163
3040.19337950
3040.26919744
3040.33405590
3040.40347433
3040.47185633
3040.54968912
3040.61525438
3040.68318923
3040.76075042
3040.83656909
3040.90391124
3040.98265612
3041.05972627
3041.12680608
3041.20548732
3041.28328232
3041.36002382
3041.42672962
3041.50489009
3041.57047803
3041.63724722
3041.71729453
3041.79435249
3041.86127797
3041.93967298
3042.01735314
3042.08270532
3042.15019912
3042.22858389
3042.29450853
3042.36189944
3042.44059751
3042.51681506
3042.58431861
3042.66079191
3042.74055299
3042.81715746
3042.89501292
3042.97434392
3043.03970024
3043.13860597
3043.21808204
3043.28398279
3043.34985135
3043.42849797
3043.49442749
3043.56104650
3043.63885515
3043.71735524
3043.78334547
3043.85036725
3043.92927816
3043.99400399
3044.06327004
3044.14084878
3044.23945195
3044.30598318
3044.38488654
3044.46193913
3044.52988715
3044.60586455
3044.68550396
3044.75213687
3044.85141466
3044.92939080
3044.99436897
3045.06198468
3045.14104797
3045.20602249
3045.27365501
3045.35149828
3045.43039505
3045.49589132
3045.56386542
3045.64125838
3045.70618876
3045.77362502
3045.85350142
3045.95189004
3046.00873716
3046.08534334
3046.16356549
3046.23003651
3046.30815041
3046.38592151
3046.45280457
3046.51996069
3046.59856269
3046.66313639
3046.73107319
3046.80897741
3046.87449001
3046.94188165
3047.02111074
3047.09874092
3047.17487289
3047.24310056
3047.32020094
3047.38681970
3047.45507858
3047.53302400
3047.60871858
3047.67709156
3047.75548803
3047.83338153
3047.89814563
3047.97774799
3048.05563758
3048.12123064
3048.18861400
3048.26650554
3048.33297485
3048.40027555
3048.47864935
3048.54294291
3048.60971942
3048.66762394
3048.74786825
3048.82348871
3048.89140869
3048.96978566
3049.04718958
3049.11387174
3049.19479530
3049.26106249
3049.32653097
3049.40272243
3049.48100382
3049.55753540
3049.62690214
3049.70441115
3049.77999260
3049.84923110
3049.92606573
3050.00399677
3050.06978512
3050.13727477
3050.21517534
3050.28162758
3050.34796841
3050.42764147
3050.50440515
3050.57120946
3050.64986656
3050.72779102
3050.79218868
3050.86035881
3050.93821378
3051.00516681
3051.07095614
3051.15049608
3051.21559274
3051.28219420
3051.36159029
3051.43817136
3051.50637026
3051.58439151
3051.66150506
3051.72723904
3051.80599269
3051.88487776
3051.95068805
3052.01721686
3052.09499552
3052.19486771
3052.26163520
3052.33904839
3052.41716839
3052.48572983
3052.55154841
3052.62970619
3052.69671335
3052.76284328
3052.84098083
3052.90617989
3052.97399893
3053.05337698
3053.12945946
3053.19600021
3053.27292456
3053.35080855
3053.41761895
3053.48606628
3053.56387518
3053.62941411
3053.69695521
3053.77515834
3053.84107372
3053.90807917
3053.98613528
3054.06489430
3054.13203531
3054.19804943
3054.27670288
3054.34252390
3054.40941012
3054.48697204
3054.58511635
3054.65404009
3054.73065359
3054.80940505
3054.87646292
3054.95405263
3055.03075146
3055.09737534
3055.17650422
3055.25390961
3055.31945634
3055.38778714
3055.46539635
3055.53098795
3055.59856343
3055.67622408
3055.75446549
3055.82042134
3055.88856148
3055.96731099
3056.03115398
3056.09921050
3056.17640036
3056.25455278
3056.32146070
3056.39916915
3056.47785697
3056.54481951
3056.62135035
3056.69948425
3056.76642362
3056.83448818
3056.91300851
3056.97864740
3057.04440650
3057.12235070
3057.19911341
3057.26693196
3057.34594503
3057.43319521
3057.50025771
3057.56814282
3057.64485238
3057.71242541
3057.78004234
3057.85627256
3057.96738706
3058.05631635
3058.11100186
3058.19102454
3058.25704792
3058.33441479
3058.41199523
3058.49012059
3058.58740670
3058.66736039
3058.73386895
3058.80128254
3058.87792163
3058.95456926
3059.02168418
3059.09926218
3059.17790905
3059.24490499
3059.31315655
3059.38952306
3059.45611452
3059.52337329
3059.60107686
3059.70069866
3059.75796221
3059.83575818
3059.91323379
3059.97897947
3060.05703022
3060.13485301
3060.20105974
3060.30191425
3060.37864550
3060.44599228
3060.53444590
3060.61272535
3060.68971748
3060.75717495
3060.83508649
3060.91270058
3060.97834093
3061.04627603
3061.12312090
3061.18973942
3061.25704500
3061.33460496
3061.43389494
3061.49987858
3061.57978668
3061.65775014
3061.72317034
3061.80124938
3061.87961830
3061.94481541
3062.01256838
3062.09127718
3062.15775405
3062.22407488
3062.30296409
3062.37955101
3062.44783134
3062.52382531
3062.60214938
3062.66856042
3062.74692154
3062.82543382
3062.89026742
3062.95847265
3063.03688205
3063.11372448
3063.19085680
3063.27071711
3063.34724746
3063.42375783
3063.50249880
3063.58056150
3063.64774761
3063.74723776
3063.82389904
3063.88998143
3063.95773464
3064.03570835
3064.10132652
3064.17016785
3064.24784411
3064.32670578
3064.39182804
3064.45938182
3064.53678672
3064.60376949
3064.66980336
3064.74769783
3064.82439519
3064.89289617
3064.97074700
3065.04886309
3065.11597411
3065.19263637
3065.27030824
3065.33822407
3065.40504496
3065.48197248
3065.55024452
3065.61516588
3065.69434352
3065.77225286
3065.83931975
3065.91568505
3065.99473957
3066.06049549
3066.12740731
3066.22767546
3066.29274530
3066.36181582
3066.43997848
3066.51612020
3066.59412877
3066.67192377
3066.75031512
3066.81549639
3066.89387116
3066.97175174
3067.03908462
3067.10567291
3067.18359566
3067.25098389
3067.31728839
3067.39596281
3067.46181455
3067.52775333
3067.60639361
3067.68147915
3067.75845763
3067.82597801
3067.90380909
3067.96947846
3068.03708416
3068.11601092
3068.19205610
3068.25922417
3068.33679998
3068.41462058
3068.48144829
3068.56053401
3068.63774850
3068.70246969
3068.77165114
3068.84830267
3068.92601697
3068.99420635
3069.07044706
3069.13760879
3069.20568237
3069.28293440
3069.36245216
3069.42606743
3069.49405202
3069.57186140
3069.63762464
3069.70407640
3069.78301949
3069.86064431
3069.92680788
3070.03978119
3070.11652731
3070.18349326
3070.26099837
3070.33886627
3070.40413701
3070.47366077
3070.55199726
3070.61757033
3070.68357031
3070.76229032
3070.82650171
3070.89442607
3070.97357836
3071.05113613
3071.11670993
3071.19572470
3071.27351385
3071.33890259
3071.40618672
3071.48480725
3071.56178012
3071.62822944
3071.70733296
3071.78553366
3071.85109136
3071.92890001
3072.00832829
3072.07218664
3072.14019366
3072.21898194
3072.29695809
3072.36325039
3072.44149839
3072.50790406
3072.57380798
3072.65167758
3072.73082182
3072.79691737
3072.86337230
3072.94205939
3073.00817884
3073.07464278
3073.15351566
3073.23035419
3073.29748203
3073.37627226
3073.45431472
3073.51940236
3073.59749895
3073.67601294
3073.74195855
3073.80985756
3073.88675900
3073.95357817
3074.02075721
3074.09831913
3074.17567624
3074.24374738
3074.32064540
3074.39959703
3074.46646863
3074.53079144
3074.60944440
3074.67675559
3074.74581684
3074.82218433
3074.89820829
3074.96599174
3075.04366849
3075.12166341
3075.18868616
3075.26731816
3075.34403527
3075.41022664
3075.47785429
3075.55766730
3075.62236387
3075.69982314
3075.77774102
3075.84343501
3075.91028296
3075.98939428
3076.06736848
3076.13555129
3076.20218078
3076.27995603
3076.34450851
3076.41246213
3076.49121993
3076.56875795
3076.63468600
3076.71233106
3076.79179322
3076.85584711
3076.92487033
3077.00186392
3077.06809333
3077.13501734
3077.21332409
3077.28054385
3077.34687687
3077.42587287
3077.49126845
3077.55918745
3077.63708021
3077.71521606
3077.77966516
3077.84705095
3077.92491934
3077.99088835
3078.05869764
3078.13776971
3078.20333887
3078.27060593
3078.34907433
3078.42702366
3078.49356001
3078.56157703
3078.63734377
3078.70514794
3078.78286248
3078.86187774
3078.92778288
3078.99311189
3079.07175242
3079.14755939
3079.21658846
3079.29356548
3079.37244396
3079.43986194
3079.50544987
3079.58385976
3079.64974271
3079.71744179
3079.79527604
3079.86143620
3079.92819272
3080.00775973
3080.08440443
3080.16831734
3080.24926406
3080.32968123
3080.41052238
3080.49145326
3080.57185604
3080.65192358
3080.73425076
3080.81392333
3080.89363174
3080.97462016
3081.05509608
3081.13477231
3081.21579389
3081.29655141
3081.37768660
3081.45650169
3081.56043697
3081.64020634
3081.72114160
3081.80075396
3081.88171019
3081.96253379
3082.04251746
3082.12342981
3082.20400228
3082.28389087
3082.36386699
3082.44461890
3082.52511116
3082.60717600
3082.68778212
3082.76880247
3082.84798889
3082.92919478
3083.01125961
3083.12245067
3083.19330757
3083.27355164
3083.35427308
3083.43429942
3083.51300553
3083.59322326
3083.67555166
3083.75573452
3083.83659762
3083.91717936
3084.03977924
3084.12064721
3084.20247433
3084.28236877
3084.36326283
3084.44396598
3084.52490563
3084.65852058
3084.73938539
3084.81990885
3084.89982036
3084.98201051
3085.07153153
3085.15311045
3085.23289786
3085.31432269
3085.39447264
3085.47463966
3085.55591748
3085.63609620
3085.71904289
3085.79669892
3085.87695078
3085.95830076
3086.03900733
3086.11889373
3086.19943231
3086.28029907
3086.36033540
3086.44073429
3086.52384043
3086.60208842
3086.68315169
3086.76301419
3086.84462749
3086.92554519
3087.00390144
3087.08626226
3087.16600017
3087.24810304
3087.32663044
3087.40741113
3087.51013321
3087.58995232
3087.67129889
3087.75168875
3087.86656937
3087.93376182
3088.01450740
3088.09541536
3088.17623262
3088.25604148
3088.33720763
3088.41680267
3088.49677781
3088.57819387
3088.65927615
3088.78414663
3088.86761263
3088.94400792
3089.02415982
3089.10499098
3089.18569145
3089.26658868
3089.34717481
3089.42710143
3089.50689128
3089.58774243
3089.66762736
3089.74915532
3089.82916362
3089.91117311
3089.99088299
3090.07074573
3090.15241389
3090.23296320
3090.31349057
3090.39365174
3090.47551201
3090.55426225
3090.63491007
3090.71477159
3090.79550352
3090.87601138
3090.95699687
3091.03791482
3091.11880498
3091.19868431
3091.27938381
3091.36016035
3091.44124580
3091.52079427
3091.60229712
3091.68216913
3091.76200677
3091.84300152
3091.92387705
3092.00335336
3092.08422206
3092.16611525
3092.24491377
3092.32549356
3092.40646490
3092.48837345
3092.56814160
3092.64976465
3092.73098810
3092.81092545
3092.89017599
3092.97118464
3093.05084087
3093.13255218
3093.21225231
3093.29231961
3093.37281041
3093.45299059
3093.53479455
3093.61459732
3093.69595998
3093.77763179
3093.85646322
3093.93774006
3094.01600390
3094.12981006
3094.21051175
3094.29144189
3094.36823678
3094.45174790
3094.51161387
