1662.48231274
1662.50595248
1662.56679020
1662.58446516
1662.65100436
1662.72753804
1662.74089220
1662.80439183
1662.82155601
1662.88949370
1662.91029989
1662.95988704
1662.98112112
1663.04632278
1663.06477305
1663.12566002
1663.14603492
1663.21790330
1663.23786811
1663.29964767
1663.37212144
1663.38757187
1663.46649927
1663.48626952
1663.55337094
1663.56844469
1663.63890216
1663.65558871
1663.71034851
1663.76363302
1663.78211328
1663.85593701
1663.87699092
1663.93625778
1663.95384154
1664.04330735
1664.08637796
1664.11028102
1664.14323964
1664.18738741
1664.21013603
1664.26558971
1664.28481188
1664.34245789
1664.36350595
1664.42130678
1664.44629967
1664.54426345
1664.56903447
1664.62295606
1664.65692771
1664.72454162
1664.74555408
1664.82528434
1664.84535130
1664.90318651
1664.92219315
1664.98198859
1665.00086430
1665.05989516
1665.08059651
1665.13730045
1665.15855550
1665.22524343
1665.29212689
1665.31107989
1665.37989383
1665.40103770
1665.45770190
1665.47753115
1665.53644278
1665.55537701
1665.61841681
1665.63825509
1665.69752243
1665.71499551
1665.78425441
1665.80345707
1665.86054744
1665.88238398
1665.96517160
1665.98605874
1666.05299219
1666.07593147
1666.14074036
1666.20363095
1666.22266782
1666.28241718
1666.30146917
1666.36931909
1666.39009871
1666.44843763
1666.46696616
1666.54473205
1666.57664205
1666.66069919
1666.68028024
1666.73783630
1666.75809221
1666.81795007
1666.83712957
1666.89541217
1666.92377596
1666.99005405
1667.00918429
1667.06769193
1667.08604468
1667.14335497
1667.16567327
1667.23199962
1667.25053742
1667.29730857
1667.31620329
1667.38590495
1667.40199124
1667.45781990
1667.48774871
1667.54174490
1667.56286171
1667.63082451
1667.64831295
1667.70237009
1667.72211328
1667.77755063
1667.79687300
1667.84343935
1667.86077126
1667.92309281
1667.94073899
1667.99680976
1668.01656513
1668.08238217
1668.10128568
1668.15864034
1668.17613585
1668.23673221
1668.25583198
1668.31441934
1668.33632414
1668.40231404
1668.42821683
1668.49274460
1668.51446313
1668.58124639
1668.60625073
1668.67010877
1668.78105027
1668.80059767
1668.86054525
1668.87962649
1668.95095533
1668.96426293
1669.02392232
1669.04318350
1669.12093451
1669.15598112
1669.18987353
1669.22259663
1669.27246440
1669.29115458
1669.34883473
1669.36894777
1669.42775724
1669.45071530
1669.51266918
1669.52892004
1669.58208217
1669.60189825
1669.69922495
1669.72007942
1669.77076371
1669.79159794
1669.84646185
1669.86555260
1669.91632223
1669.93525523
1669.99964648
1670.01892569
1670.08475102
1670.15566611
1670.17469689
1670.24683542
1670.26728858
1670.31944035
1670.34011123
1670.40413188
1670.42491370
1670.47597565
1670.49827517
1670.55753837
1670.57650015
1670.63139527
1670.65039752
1670.70221089
1670.72179950
1670.77775738
1670.79848360
1670.84809220
1670.86736606
1670.94320366
1670.96303900
1671.01591782
1671.03585166
1671.08680317
1671.10670775
1671.16465829
1671.18698512
1671.23435214
1671.25673578
1671.32069060
1671.34361843
1671.39330480
1671.41614583
1671.48488809
1671.50297362
1671.55446467
1671.57381118
1671.63303903
1671.65736803
1671.71332030
1671.73419598
1671.79283137
1671.81294539
1671.88183492
1671.90196430
1671.96243899
1671.98147098
1672.05084788
1672.06835144
1672.11611489
1672.13532852
1672.19357967
1672.22383982
1672.29565408
1672.32657177
1672.36195215
1672.39370831
1672.45179635
1672.46659070
1672.52664409
1672.54909965
1672.61544892
1672.63442850
1672.69311997
1672.71154269
1672.78250922
1672.80248988
1672.86095778
1672.88028015
1672.93900404
1672.95807212
1673.01194178
1673.03180419
1673.09116638
1673.10844051
1673.16937990
1673.18942638
1673.26731003
1673.29039389
1673.39294299
1673.41587423
1673.48414496
1673.50549119
1673.57056632
1673.58928283
1673.64693689
1673.66620343
1673.73768977
1673.75311850
1673.81611516
1673.83586590
1673.89356239
1673.91378027
1673.97561298
1673.99463132
1674.05641990
1674.07205661
1674.13018342
1674.15488763
1674.22001494
1674.23919931
1674.29138766
1674.31070223
1674.38809387
1674.41092490
1674.46550111
1674.51025962
1674.57904625
1674.60110368
1674.67397680
1674.70797186
1674.75563023
1674.77763377
1674.84351127
1674.86632889
1674.93325868
1674.95207368
1675.01323202
1675.03699001
1675.10376278
1675.13264467
1675.18677642
1675.20959014
1675.27681055
1675.34271365
1675.36267163
1675.42349912
1675.44246675
1675.50004962
1675.51933395
1675.57415812
1675.59409270
1675.65078371
1675.67068440
1675.73917505
1675.75988811
1675.81994881
1675.83547069
1675.90567459
1675.92295457
1675.99042659
1676.01012589
1676.06479158
1676.08467300
1676.15429396
1676.17217688
1676.22969806
1676.24906920
1676.30206992
1676.32382867
1676.38766257
1676.40858530
1676.46362183
1676.48355641
1676.54540399
1676.56625334
1676.63021670
1676.65107677
1676.71707009
1676.73782947
1676.79272264
1676.81250459
1676.87263990
1676.89336758
1676.95846075
1676.97918283
1677.03422107
1677.05607808
1677.12150161
1677.14085665
1677.18373441
1677.20370068
1677.27018308
1677.29203741
1677.35802755
1677.38272592
1677.46307204
1677.49807037
1677.53693503
1677.56291486
1677.62708301
1677.69688414
1677.71655711
1677.77538682
1677.80929289
1677.87606444
1677.89500720
1677.95176892
1677.97093623
1678.03594967
1678.05582330
1678.11160515
1678.12949197
1678.18895169
1678.20931488
1678.28854021
1678.30720210
1678.36052002
1678.37980435
1678.44760893
1678.46679623
1678.52150020
1678.54145184
1678.59479462
1678.61432301
1678.66691633
1678.68604585
1678.73891759
1678.76442930
1678.82384342
1678.84305437
1678.89413997
1678.91415720
1678.97889636
1678.99781425
1679.05075914
1679.07069908
1679.13335294
1679.19258176
1679.21247538
1679.26944921
1679.28697861
1679.33906139
1679.35890137
1679.41037779
1679.42953973
1679.48696876
1679.50341296
1679.55554158
1679.57621733
1679.62728586
1679.64700759
1679.70202145
1679.72182534
1679.77193326
1679.79489327
1679.85857454
1679.87847596
1679.93027567
1679.95016368
1680.01401611
1680.03312514
1680.09586751
1680.11583305
1680.18075555
1680.25070906
1680.27546399
1680.34556671
1680.36359908
1680.42163300
1680.44142324
1680.49246276
1680.51141235
1680.57711992
1680.59621603
1680.64903487
1680.66897018
1680.72069675
1680.74075225
1680.80428188
1680.82261219
1680.87639700
1680.89453104
1680.98015636
1681.01324981
1681.04803701
1681.07900005
1681.13189422
1681.15065803
1681.20150347
1681.22047135
1681.28075343
1681.30122463
1681.35819993
1681.37819497
1681.43798894
1681.45795131
1681.52628983
1681.54560318
1681.60207501
1681.61961026
1681.68206639
1681.69928493
1681.75469887
1681.77318693
1681.81665154
1681.83603389
1681.90434826
1681.92364967
1681.98857437
1682.00762733
1682.08239071
1682.10311352
1682.17001746
1682.20103780
1682.26777571
1682.29074034
1682.35692797
1682.37650147
1682.44544634
1682.46449662
1682.52444468
1682.54404719
1682.60255020
1682.62084247
1682.67312444
1682.69240268
1682.75109342
1682.77107749
1682.82859453
1682.84751169
1682.90659229
1682.92633084
1682.98737483
1683.00812226
1683.06608962
1683.08490974
1683.14300047
1683.16184790
1683.21636779
1683.23382966
1683.29466372
1683.31364817
1683.37349189
1683.39239174
1683.45051026
1683.47017981
1683.54014185
1683.55994575
1683.61751813
1683.63688951
1683.69607713
1683.72050219
1683.77618993
1683.79555862
1683.85877251
1683.87225321
1683.95489236
1683.98773883
1684.02372288
1684.05484733
1684.13439644
1684.15347037
1684.21424153
1684.23386696
1684.31397829
1684.33242709
1684.39164227
1684.41317599
1684.47925195
1684.56200082
1684.58068441
1684.64810669
1684.66907526
1684.74709739
1684.80195520
1684.82041839
1684.88027308
1684.89917341
1684.96308167
1684.98284997
1685.04009882
1685.05678635
1685.11372068
1685.13456979
1685.18695245
1685.20438018
1685.26550145
1685.28230528
1685.34600703
1685.36524918
1685.42479594
1685.44399153
1685.49872744
1685.51855523
1685.62043409
1685.63935296
1685.71828255
1685.73798209
1685.79710681
1685.81715817
1685.87574944
1685.89472585
1685.98467561
1686.00433980
1686.05347395
1686.07353019
1686.14112045
1686.15990571
1686.21840823
1686.27375171
1686.36155547
1686.38236386
1686.43920775
1686.50487826
1686.52404947
1686.58610648
1686.60778064
1686.67377517
1686.69270428
1686.75449627
1686.77748919
1686.84512651
1686.86630061
1686.94208214
1686.96510821
1687.03279673
1687.05578136
1687.15548570
1687.17355099
1687.23215127
1687.25281264
1687.31960322
1687.33858840
1687.41001378
1687.42926252
1687.48796058
1687.50703134
1687.58795431
1687.60694096
1687.67126881
1687.68651884
1687.74447059
1687.76639977
1687.82194171
1687.84025520
1687.89875284
1687.91894171
1687.97088649
1687.98896349
1688.04394979
1688.06375685
1688.12306711
1688.13657317
1688.19546700
1688.21631074
1688.26917712
1688.30091645
1688.36486884
1688.38508453
1688.45113733
1688.46924358
1688.53003450
1688.55072513
1688.60838138
1688.62455349
1688.67810449
1688.69357589
1688.74329153
1688.76332680
1688.81939586
1688.83823183
1688.88331045
1688.90309630
1688.95860192
1688.97757150
1689.05927174
1689.09018602
1689.14106316
1689.16593219
1689.22182741
1689.24069557
1689.29576940
1689.31460951
1689.37388759
1689.39231055
1689.44978054
1689.46711562
1689.52285188
1689.54289129
1689.60974964
1689.62872970
1689.68452033
1689.70457486
1689.75439801
1689.77439379
1689.82780581
1689.89461637
1689.91963681
1689.97389412
1689.99131649
1690.04658829
1690.06612936
1690.13327540
1690.15184587
1690.21592772
1690.23388988
1690.29345297
1690.31076098
1690.36689831
1690.38612145
1690.43031334
1690.45046856
1690.50212273
1690.52230282
1690.57833092
1690.59747872
1690.64751423
1690.66824606
1690.72604129
1690.74615970
1690.81003675
1690.83086220
1690.88740864
1690.90481077
1690.96327672
1690.98251132
1691.03321560
1691.05265573
1691.11122651
1691.13020902
1691.17919615
1691.19907562
1691.25365793
1691.27378585
1691.34973170
1691.37063420
1691.43352358
1691.45333747
1691.50420437
1691.52316249
1691.60005481
1691.62081200
1691.68367456
1691.70670161
1691.78388845
1691.80372502
1691.86573912
1691.90145644
1691.96851179
1691.98750990
1692.03990182
1692.06069046
1692.12200118
1692.14614268
1692.22313277
1692.25718951
1692.31124860
1692.33105859
1692.40682720
1692.42681614
1692.47951917
1692.49866356
1692.56759721
1692.58745865
1692.64038842
1692.65918026
1692.72513481
1692.74400321
1692.79805109
1692.81785864
1692.86839908
1692.88659627
1692.94359985
1692.96254236
1693.02332523
1693.04314790
1693.09667281
1693.11604077
1693.17887724
1693.19784609
1693.26772475
1693.28577176
1693.33916501
1693.35836401
1693.41798586
1693.43612039
1693.49816253
1693.51689927
1693.57876368
1693.59679240
1693.68427603
1693.70387903
1693.76827661
1693.78713550
1693.85198267
1693.87109463
1693.92861582
1693.94864841
1693.99241973
1694.01147635
1694.06801059
1694.08749241
1694.14727152
1694.16622525
1694.22398781
1694.24304101
1694.30176686
1694.32084323
1694.38471321
1694.40552282
1694.47224634
1694.49533605
1694.56046433
1694.58801258
1694.65363896
1694.67393365
1694.73103402
1694.75077745
1694.80541169
1694.82420767
1694.88908654
1694.90260186
1694.99239510
1695.03545108
1695.05741245
1695.09018578
1695.12893462
1695.15835192
1695.21639022
1695.23618827
1695.29285661
1695.31205927
1695.38177677
1695.40070003
1695.45873736
1695.47853759
1695.54460917
1695.56453302
1695.62227168
1695.64130148
1695.70095819
1695.72412276
1695.79177080
1695.81164516
1695.87392233
1695.89136347
1695.95052574
1695.97019651
1696.02719741
1696.04698863
1696.09899460
1696.11887140
1696.17770330
1696.19661485
1696.25591829
1696.27453069
1696.33548154
1696.35348417
1696.41418414
1696.43210851
1696.50224829
1696.52207437
1696.58189931
1696.59926487
1696.65725222
1696.67726652
1696.74054185
1696.75599570
1696.82180932
1696.84068333
1696.90050998
1696.91943226
1696.97618325
1696.99521110
1697.06513681
1697.08391061
1697.14449697
1697.16193884
1697.23165268
1697.25063348
1697.31090337
1697.32741681
1697.39635217
1697.41622580
1697.46196246
1697.48097178
1697.54692268
1697.56583082
1697.61165745
1697.63065092
1697.68444304
1697.70953760
1697.76448830
1697.78623341
1697.84001432
1697.85997547
1697.93241217
1697.95226361
1698.00069144
1698.02416881
1698.09514851
1698.13104187
1698.20876094
1698.22782341
1698.27820879
1698.29740585
1698.39179952
1698.40722339
1698.46669724
1698.48603229
1698.54186510
1698.56088563
1698.61953151
1698.63872222
1698.69902064
1698.73247249
1698.79196951
1698.80944576
1698.86975978
1698.88800451
1698.94415378
1698.96314555
1699.02176315
1699.04074687
1699.09410160
1699.11165733
1699.17081398
1699.19021681
1699.25006516
1699.27298713
1699.33191705
1699.35099219
1699.40980581
1699.42820561
1699.48208014
1699.49963465
1699.56063085
1699.58229160
1699.65313306
1699.67211556
1699.73297425
1699.75379776
1699.82069292
1699.84269695
1699.90858957
1699.92831447
1699.98735971
1700.00636854
1700.05916129
1700.07816964
1700.13660901
1700.15787113
1700.22580370
1700.24484788
1700.30256168
1700.32160806
1700.39233249
1700.41115652
1700.47122088
1700.49013121
1700.54791059
1700.56697940
1700.68144004
1700.72124191
1700.74830059
1700.78040490
1700.82533188
1700.84614002
1700.89035044
1700.91497615
1701.00663429
1701.02764748
1701.09495615
1701.11236583
1701.16737188
1701.23314480
1701.25315325
1701.30823975
1701.32772670
1701.37863529
1701.39762900
1701.44195743
1701.46055203
1701.51919839
1701.53679289
1701.60279132
1701.62251622
1701.66640116
1701.68646252
1701.75147815
1701.77114795
1701.82761491
1701.84603860
1701.89841590
1701.91605891
1701.97238080
1701.98996554
1702.04727266
1702.06750713
1702.13320714
1702.15210382
1702.20767648
1702.22592438
1702.29247700
1702.31200441
1702.36843553
1702.38609024
1702.44728563
1702.46606626
1702.52202585
1702.54060948
1702.59695087
1702.62122525
1702.68762451
1702.70704977
1702.76245542
1702.78007601
1702.85318197
1702.87163516
1702.95056133
1702.97651946
1703.03967045
1703.05321454
1703.11022324
1703.13003225
1703.19588270
1703.21660551
1703.27225351
1703.29144471
1703.33647652
1703.35636282
1703.42420421
1703.44312796
1703.50147858
1703.51703751
1703.57582139
1703.59482193
1703.65159609
1703.67094991
1703.72863591
1703.74755770
1703.80453617
1703.82733965
1703.89355044
1703.91305323
1703.98992556
1704.03089990
1704.05869708
1704.08881289
1704.14057603
1704.16040991
1704.21720796
1704.23733124
1704.30921011
1704.32901060
1704.38190745
1704.39985059
1704.45338623
1704.47738121
1704.53737462
1704.55807963
1704.62016956
1704.63989251
1704.69194335
1704.71185086
1704.76430618
1704.78460866
1704.84692582
1704.86674849
1704.92808870
1704.99020740
1705.00981674
1705.07781441
1705.09772753
1705.14871316
1705.16847244
1705.23489437
1705.25338048
1705.30337088
1705.32341639
1705.38198791
1705.40093896
1705.45402794
1705.47374918
1705.52667261
1705.54752781
1705.61447296
1705.63344766
1705.68624431
1705.70517244
1705.76017751
1705.77983268
1705.83178990
1705.85089235
1705.90382456
1705.92378571
1705.97551204
1705.99438654
1706.05623899
1706.07618795
1706.13198346
1706.15123586
1706.20296926
1706.22190153
1706.27482423
1706.29560385
1706.35816848
1706.37790435
1706.43858506
1706.46633006
1706.53227291
1706.55226698
1706.60607470
1706.63086474
1706.69082768
1706.71061133
1706.76162452
1706.78150180
1706.83340002
1706.85244347
1706.90635286
1706.92702740
1707.00196340
1707.02107755
1707.07254691
1707.09168593
1707.14565019
1707.16540191
1707.21834728
1707.23930317
1707.30012822
1707.31908244
1707.39510119
1707.41487729
1707.47732074
1707.49647513
1707.56505453
1707.59803558
1707.63181218
1707.66380337
1707.70619790
1707.73277189
1707.78901161
1707.81243681
1707.87870806
1707.93792689
1707.95863873
1708.01574593
1708.03557689
1708.10837297
1708.12827463
1708.17632554
1708.19695594
1708.25597095
1708.27667767
1708.36520676
1708.38444160
1708.44539928
1708.46434692
1708.57893361
1708.59791806
1708.64956905
1708.66984618
1708.77151976
1708.79034330
1708.83914562
1708.86720783
1708.92229165
1708.94297497
1709.01969833
1709.03971336
1709.09363251
1709.11559289
1709.21034229
1709.22910585
1709.28809989
1709.30896070
1709.37293747
1709.39378462
1709.44332520
1709.46076414
1709.51956655
1709.55044426
1709.62188256
1709.63931176
1709.69419444
1709.71319035
1709.78105636
1709.80087805
1709.87680440
1709.94376881
1709.97656384
1710.03196193
1710.05219274
1710.11150811
1710.13138320
1710.20982395
1710.23071889
1710.28765055
1710.30657673
1710.36053586
1710.38054968
1710.44081274
1710.46005051
1710.52694665
1710.54777455
1710.60636215
1710.62721004
1710.73832513
1710.75923178
1710.84668981
1710.86425847
1710.92090852
1710.94095232
1710.99292636
1711.01079344
1711.07272903
1711.09395872
1711.15488495
1711.17565555
1711.23182676
1711.25352944
1711.31068809
1711.33135190
1711.41374480
1711.43405947
1711.49069880
1711.51170882
1711.56287170
1711.58473432
1711.63985106
1711.66138283
1711.72227200
1711.74239309
1711.79922600
1711.82000538
1711.87686852
1711.89876235
1711.95488480
1711.97774119
1712.08743195
1712.18108713
1712.22168917
1712.24793305
1712.28177670
1712.31871916
1712.34669311
1712.40866503
1712.42867738
1712.48592404
1712.50589665
1712.57187777
1712.59514985
1712.65216123
1712.67383637
1712.72404206
1712.74470903
1712.81151496
1712.87944583
1712.89933945
1712.96816631
1712.99106220
1713.04931164
1713.06508561
1713.12987353
1713.15169763
1713.20653862
1713.22653586
1713.28967295
1713.34731262
1713.36642508
1713.42525357
1713.44612730
1713.51004848
1713.53081469
1713.59093878
1713.61058152
1713.67266681
1713.69321725
1713.74561210
1713.76405603
1713.83151951
1713.85138460
1713.92422677
1713.98274513
1714.00394361
1714.07465903
1714.09478792
1714.21747005
1714.23743559
1714.30226204
1714.32212128
1714.38076204
1714.40110402
1714.45899969
1714.47993925
1714.59705766
1714.61251371
1714.69070016
1714.72514773
1714.78913718
1714.81146425
1714.87848010
1714.89925972
1714.98294627
1715.00487789
1715.06187855
1715.08672588
1715.14068526
1715.16447031
1715.21700706
1715.23887261
1715.29389962
1715.31625547
1715.37949130
1715.39958679
1715.45636948
1715.47735219
1715.54115269
1715.56212540
1715.62095146
1715.64386051
1715.69383872
1715.71659661
1715.76645365
1715.78657694
1715.84088862
1715.86523980
1715.96180362
1715.98186742
1716.03432395
1716.05470251
1716.11005989
1716.12549935
1716.18597307
1716.20384868
1716.25232332
1716.27614470
1716.32620996
1716.35115530
1716.40534654
1716.42174686
1716.49659923
1716.51747539
1716.57648406
1716.59628674
1716.65969616
1716.67914775
1716.73403165
1716.75390137
1716.82132073
1716.84064456
1716.89661390
1716.91840265
1716.95899421
1716.97828147
1717.02819240
1717.05404666
1717.09448950
1717.11397034
1717.16124276
1717.18177833
1717.23818482
1717.25777660
1717.32959427
1717.35035024
1717.39221205
1717.41516255
1717.46916142
1717.49090628
1717.53923927
1717.55878107
1717.61360695
1717.63461282
1717.69276425
1717.71158511
1717.76485792
1717.78618294
1717.86986047
1717.90916130
1717.93676783
1717.96869952
1718.00459459
1718.03643607
1718.07849756
1718.10228310
1718.14425511
1718.17062016
1718.24448071
1718.26291415
1718.31791313
1718.33914404
1718.40510932
1718.42741737
1718.48402769
1718.50720078
1718.56119576
1718.58314127
1718.63597742
1718.66089107
1718.71344757
1718.73460436
1718.80274271
1718.82441223
1718.87845109
1718.90325259
1718.96208644
1718.98495575
1719.05377433
1719.07482214
1719.12767828
1719.15797328
1719.22155922
1719.24398797
1719.30033936
1719.31966661
1719.39555760
1719.41634624
1719.45923107
1719.48014625
1719.57927568
1719.60021645
1719.64262098
1719.66383677
1719.71851222
1719.74706253
1719.80386764
1719.82382953
1719.93503995
1719.95588832
1720.02111217
1720.04313156
1720.09382146
1720.11903377
1720.17015887
1720.18850820
1720.23852615
1720.25843854
1720.32044509
1720.34621841
1720.40534240
1720.42689416
1720.50668245
1720.53885235
1720.58369301
1720.60588234
1720.65458494
1720.67525363
1720.74310843
1720.76335093
1720.81517893
1720.83903542
1720.90111316
1720.91682325
1720.99163881
1721.01766325
1721.08741293
1721.10821279
1721.18427859
1721.20890455
1721.26736147
1721.29515427
1721.36356690
1721.38339249
1721.44434261
1721.46445639
1721.52722776
1721.55105280
1721.61890370
1721.64067855
1721.70567566
1721.72656109
1721.79222039
1721.81327892
1721.89879600
1721.91619788
1721.96897357
1721.99082668
1722.03780994
1722.05769453
1722.12761245
1722.14844180
1722.20584133
1722.22614528
1722.28958956
1722.31394489
1722.38076618
1722.40168355
1722.46097065
1722.48050855
1722.53249575
1722.55383101
1722.60421541
1722.62378159
1722.68651664
1722.70852945
1722.77172846
1722.78728959
1722.84606737
1722.86704862
1722.96568580
1722.99679123
1723.04058108
1723.10947450
1723.13037798
1723.18252780
1723.20316479
1723.25705639
1723.27991570
1723.35772304
1723.37858214
1723.44570892
1723.46633226
1723.52648561
1723.54814684
1723.60616199
1723.62493993
1723.67383685
1723.69484419
1723.75281691
1723.77362140
1723.83050868
1723.85150724
1723.91281137
1723.93281129
1723.99344446
1724.01302575
1724.07783172
1724.09968556
1724.15661990
1724.17755897
1724.23054628
1724.25128932
1724.30624296
1724.32714545
1724.38800049
1724.40983702
1724.46746426
1724.48863837
1724.54281254
1724.56353486
1724.62950721
1724.65449230
1724.71802752
1724.79690226
1724.81680051
1724.87335913
1724.89478582
1724.96246191
1724.98968248
1725.04132396
1725.06218063
1725.12010215
