1741.68654980
1741.74553360
1741.81889336
1741.87829505
1741.94566979
1742.01160727
1742.09206774
1742.14105097
1742.20732344
1742.28091264
1742.34552672
1742.41192427
1742.47114773
1742.53584325
1742.60143696
1742.67708512
1742.74132935
1742.80414583
1742.87514016
1742.94175421
1743.00667915
1743.06387559
1743.14564019
1743.19174940
1743.25169161
1743.31634080
1743.38939678
1743.44296265
1743.50877116
1743.56962059
1743.63695266
1743.68667707
1743.76133073
1743.81499559
1743.87875756
1743.94758028
1744.01198396
1744.07543361
1744.13548383
1744.19101748
1744.27240418
1744.32908349
1744.38095148
1744.44498383
1744.51028448
1744.56511767
1744.62761013
1744.73635515
1744.78816121
1744.85255513
1744.91916870
1744.97415914
1745.02608930
1745.14183603
1745.19571300
1745.27836897
1745.31827909
1745.37017535
1745.43316201
1745.51389237
1745.58071001
1745.64571711
1745.71626503
1745.78210206
1745.84721498
1745.92568353
1745.99070063
1746.05831576
1746.11829918
1746.18514265
1746.29293243
1746.36211502
1746.42701094
1746.49270242
1746.56286536
1746.62854270
1746.71118355
1746.76708292
1746.83206540
1746.90891628
1746.96654352
1747.03682763
1747.10424089
1747.16194957
1747.22902466
1747.31392368
1747.35680461
1747.42448118
1747.49035893
1747.55814132
1747.62617970
1747.69882828
1747.75683391
1747.82260390
1747.88551961
1747.95283047
1748.01966565
1748.08287686
1748.13980047
1748.22952228
1748.29632089
1748.37133101
1748.42392237
1748.50006766
1748.55866599
1748.61857578
1748.70732869
1748.77332785
1748.83714054
1748.91671232
1748.98180135
1749.04836493
1749.12713677
1749.19203977
1749.25686061
1749.31759374
1749.39324068
1749.44865121
1749.52338167
1749.58931087
1749.65395713
1749.72203672
1749.78972378
1749.85365959
1749.93129723
1749.99808732
1750.06404528
1750.12904458
1750.19472411
1750.32935315
1750.38522813
1750.45098617
1750.52889908
1750.59394836
1750.66031982
1750.73692542
1750.80325105
1750.86998945
1750.93779207
1751.00155087
1751.06873276
1751.13926531
1751.20423975
1751.26987466
1751.35158051
1751.40558938
1751.47149077
1751.54911989
1751.61494521
1751.68072642
1751.73876643
1751.80465880
1751.91430129
1751.99403496
1752.04783806
1752.11422074
1752.18954902
1752.25538264
1752.33980744
1752.42653259
1752.48349692
1752.54816318
1752.62607413
1752.69288055
1752.75770163
1752.83942869
1752.90635652
1752.97321902
1753.04904491
1753.11485220
1753.18185342
1753.24354789
1753.32885309
1753.38792320
1753.44850736
1753.51410985
1753.58006830
1753.64178837
1753.70424986
1753.76824199
1753.83552311
1753.89033801
1753.96918275
1754.03311978
1754.09599819
1754.17183067
1754.23464227
1754.29741877
1754.38308603
1754.43715000
1754.50378331
1754.57674494
1754.64167744
1754.70555254
1754.77838738
1754.84323626
1754.90942901
1754.98414021
1755.04815403
1755.11194283
1755.17072524
1755.23513891
1755.28630716
1755.40233842
1755.44753944
1755.51207819
1755.56989268
1755.63466451
1755.69645479
1755.76622374
1755.81811244
1755.88227548
1755.95676823
1756.02060798
1756.07373158
1756.13059960
1756.19739212
1756.25798481
1756.32000550
1756.38384281
1756.44742924
1756.55845510
1756.60824729
1756.67292159
1756.74601512
1756.79657482
1756.86220315
1756.92121987
1756.98498818
1757.04980292
1757.11363754
1757.16639080
1757.22921191
1757.28801992
1757.35183919
1757.41480049
1757.48169907
1757.54654111
1757.63532645
1757.70214872
1757.76795259
1757.83774201
1757.90275107
1757.96987322
1758.03986208
1758.10624695
1758.17221369
1758.24831997
1758.30130899
1758.39984669
1758.47678095
1758.54246243
1758.62736803
1758.68230898
1758.74801436
1758.81282641
1758.87696410
1758.93868953
1759.00466163
1759.08015254
1759.14529447
1759.19797897
1759.25675260
1759.31987579
1759.38460154
1759.45939125
1759.52510955
1759.58706294
1759.69480689
1759.74457640
1759.80338831
1759.87609077
1759.93516819
1759.99183410
1760.07281168
1760.14378846
1760.20636649
1760.28917996
1760.35686288
1760.42203041
1760.49457049
1760.56338590
1760.62927072
1760.73898707
1760.78705773
1760.85541063
1760.92100141
1760.98785196
1761.08148739
1761.12864205
1761.17943484
1761.25906684
1761.32394326
1761.39070921
1761.46050058
1761.52629056
1761.59229460
1761.67197244
1761.75575554
1761.80373135
1761.87987518
1761.94385512
1762.01161117
1762.06734841
1762.12920623
1762.19608457
1762.29883237
1762.40747646
1762.47330935
1762.54217644
1762.60610298
1762.68989730
1762.74662781
1762.81152325
1762.90015255
1762.96894455
1763.03402407
1763.09874811
1763.16742113
1763.23334374
1763.29908910
1763.37217532
1763.43697519
1763.50353170
1763.56350609
1763.63117243
1763.71608827
1763.75608079
1763.82268850
1763.88665917
1763.95259909
1764.01819500
1764.08410298
1764.16290506
1764.23064868
1764.29556143
1764.37140390
1764.43918970
1764.50408783
1764.56582496
1764.63181852
1764.71049431
1764.77683407
1764.84361514
1764.91250661
1764.97672256
1765.04454810
1765.12238688
1765.17818775
1765.24611764
1765.31979826
1765.37564204
1765.44248113
1765.50943676
1765.56524202
1765.63196920
1765.69142793
1765.77225972
1765.82006145
1765.91846214
1765.97525604
1766.04205417
1766.11581159
1766.17107827
1766.23956186
1766.31531949
1766.38035609
1766.44806241
1766.52590973
1766.59196619
1766.65761695
1766.74829279
1766.80140932
1766.86612019
1766.93585769
1767.00083992
1767.06660796
1767.12953220
1767.19530609
1767.26015057
1767.33688710
1767.39979427
1767.46554524
1767.52541772
1767.58825932
1767.65220488
1767.73100378
1767.81255944
1767.85769926
1767.92719197
1767.99311458
1768.07903930
1768.14074255
1768.20463520
1768.27938517
1768.33214988
1768.38536710
1768.45589137
1768.50774228
1768.57287251
1768.64716729
1768.71093292
1768.76245128
1768.84475129
1768.89161508
1768.95539607
1769.02240729
1769.08566116
1769.15249099
1769.21687565
1769.27827023
1769.33093840
1769.40668042
1769.45769093
1769.52337070
1769.61032966
1769.67503054
1769.72786450
1769.78778208
1769.85273848
1769.93427171
1769.98227385
1770.04419116
1770.09803351
1770.17063625
1770.23551999
1770.28746916
1770.36032253
1770.42526820
1770.48799569
1770.54801055
1770.61453391
1770.67859430
1770.75332891
1770.81921787
1770.88503589
1770.94199388
1771.02860907
1771.07555088
1771.15353766
1771.21760098
1771.28638762
1771.34629350
1771.41194134
1771.47691894
1771.54061899
1771.60492002
1771.67566762
1771.72958969
1771.79459655
1771.87316799
1771.93706430
1772.00209140
1772.07378668
1772.12760903
1772.20523522
1772.27020843
1772.33803373
1772.40392489
1772.46981873
1772.53663978
1772.60398477
1772.69692291
1772.75763288
1772.81489367
1772.89078101
1772.95781490
1773.04390078
1773.09977479
1773.15699561
1773.22446519
1773.29446941
1773.35913128
1773.42584919
1773.50269446
1773.55957540
1773.62841080
1773.70131708
1773.76992257
1773.83879722
1773.90867929
1773.96847888
1774.04316423
1774.10612310
1774.16322347
1774.22173062
1774.29756432
1774.35703842
1774.41878409
1774.50646960
1774.55859383
1774.61020824
1774.67701686
1774.72890337
1774.79171375
1774.87156055
1774.93734736
1775.00023113
1775.08293903
1775.14975593
1775.21754588
1775.28361380
1775.35024565
1775.42508071
1775.49022118
1775.55593240
1775.63530426
1775.70105913
1775.76688592
1775.83895423
1775.90587695
1775.97348404
1776.05503409
1776.10273610
1776.16853607
1776.25830908
1776.32205472
1776.38892770
1776.45091083
1776.54955484
1776.61534531
1776.68818893
1776.75300440
1776.81985056
1776.93060360
1777.00475062
1777.04989751
1777.11874169
1777.18302663
1777.25119985
1777.31685232
1777.42610373
1777.49161381
1777.56851954
1777.63535473
1777.70092138
1777.77398979
1777.84072551
1777.90472519
1777.99016620
1778.03909433
1778.10526367
1778.16393247
1778.22967100
1778.29360071
1778.36123096
1778.42625489
1778.49300938
1778.56286097
1778.62868094
1778.69412959
1778.78257505
1778.83831302
1778.91522679
1778.96993442
1779.05583013
1779.10663705
1779.16948522
1779.25622671
1779.31585367
1779.37283116
1779.47146469
1779.54349984
1779.60122192
1779.66794740
1779.73979725
1779.80557090
1779.87116192
1779.93291978
1779.99962210
1780.08526010
1780.13416189
1780.20058285
1780.26505845
1780.34280142
1780.41017397
1780.47546803
1780.55420331
1780.61803720
1780.68213198
1780.74471732
1780.80865435
1780.87346763
1780.95107675
1781.01603143
1781.09768340
1781.13975171
1781.20453866
1781.27148990
1781.34218385
1781.39690001
1781.46210509
1781.53865974
1781.60356274
1781.66747953
1781.74493822
1781.80892303
1781.87384846
1781.93268280
1781.99856494
1782.05027347
1782.14435775
1782.17809096
1782.24196118
1782.30686784
1782.35558727
1782.42843455
1782.49278069
1782.56020784
1782.62588640
1782.69067578
1782.75434511
1782.82937838
1782.89411705
1782.95796753
1783.02771404
1783.09212918
1783.15710093
1783.23895672
1783.29027662
1783.34234404
1783.40089434
1783.46668651
1783.52954420
1783.59367578
1783.65640400
1783.72208012
1783.79499079
1783.85072827
1783.91169521
1783.97358692
1784.03931327
1784.10536851
1784.17412540
1784.24867447
1784.33242953
1784.37332537
1784.43830443
1784.50597662
1784.57187095
1784.63777113
1784.70444077
1784.76201900
1784.82731917
1784.89610556
1784.97285062
1785.03784383
1785.10350776
1785.17234779
1785.23711157
1785.30211795
1785.39391384
1785.44185576
1785.50965156
1785.57847452
1785.64416990
1785.71015200
1785.80985657
1785.86893497
1785.92854950
1786.00525287
1786.06622957
1786.12795549
1786.14583085
1786.19939038
1786.25913072
1786.33226520
1786.39030790
1786.46796480
1786.52593460
1786.59269323
1786.66071553
1786.73733624
1786.79316954
1786.86098484
1786.94081896
1787.00564053
1787.07457954
1787.15553836
1787.21913430
1787.28507885
1787.35665613
1787.44155490
1787.48937467
1787.56417072
1787.61900220
1787.68810823
1787.76078557
1787.83055915
1787.89653369
1787.97136972
1788.02915057
1788.08710866
1788.19050987
1788.24936786
1788.30630123
1788.41293267
1788.46381444
1788.51478764
1788.58444346
1788.65168995
1788.72524111
1788.78222445
1788.84883655
1788.92732851
1788.98023926
1789.04534535
1789.12307735
1789.18907822
1789.25288042
1789.32657738
1789.39242709
1789.46626326
1789.52399729
1789.59095975
1789.65771740
1789.73053860
1789.79731405
1789.86238650
1789.92863337
1789.99540005
1790.05949043
1790.12612789
1790.23602126
1790.30157864
1790.37035162
1790.45503853
1790.50265667
1790.57901480
1790.64313030
1790.70974435
1790.77974077
1790.84637847
1790.91311808
1790.97318586
1791.04082659
1791.10668630
1791.18548813
1791.24933105
1791.31711563
1791.39282816
1791.47533126
1791.51210745
1791.58606113
1791.65276369
1791.71666390
1791.77405440
1791.82899560
1791.89392249
1791.96163418
1792.01539826
1792.06690833
1792.13865993
1792.19239403
1792.25629497
1792.32516158
1792.39095131
1792.46592510
1792.58439396
1792.63044051
1792.69513871
1792.76392315
1792.82769927
1792.89569084
1792.96336034
1793.02834721
1793.10711589
1793.17380796
1793.23868390
1793.29951406
1793.36454945
1793.43114229
1793.51278012
1793.59640620
1793.64114983
1793.70817470
1793.78672785
1793.85275408
1793.91038815
1793.97551131
1794.04417141
1794.11092760
1794.17484513
1794.24164545
1794.30946099
1794.37532875
1794.44198766
1794.53380428
1794.61243300
1794.65102898
1794.72299051
1794.78280277
1794.84355955
1794.91455436
1794.97251173
1795.03120100
1795.10283045
1795.16088363
1795.21863400
1795.28176329
1795.34032968
1795.39915086
1795.48020062
1795.53673559
1795.59569842
1795.69455650
1795.74819843
1795.81605957
1795.87908548
1795.94760442
1796.02396791
1796.08988979
1796.15764731
1796.22863067
1796.28540750
1796.35233583
1796.43019095
1796.49884520
1796.56585130
1796.63266844
1796.71718516
1796.76809717
1796.83600585
1796.90385528
1796.97149650
1797.03254610
1797.09021991
1797.15815980
1797.21710702
1797.27400674
1797.34271901
1797.40854849
1797.47444794
1797.54321970
1797.60084256
1797.66871101
1797.75351567
1797.80551774
1797.86525369
1797.93204280
1798.00481011
1798.07269417
1798.13852364
1798.19865115
1798.30812151
1798.39811394
1798.49095553
1798.54462014
1798.60448214
1798.69547663
1798.74500819
1798.80794487
1798.87236683
1798.92329517
1798.98761278
1799.04732045
1799.09812323
1799.16283411
1799.22467852
1799.29129842
1799.34318762
1799.40797188
1799.49285651
1799.54587771
1799.60960896
1799.67334509
1799.73712218
1799.81125263
1799.87799907
1799.93457379
1799.99851983
1800.08330231
1800.14420830
1800.21187805
1800.27680786
1800.35115628
1800.41862488
1800.48337599
1800.55975631
1800.62710276
1800.72540690
1800.80162289
1800.86955230
1800.93551318
1800.99431193
1801.06194949
1801.12586238
1801.19777222
1801.26552413
1801.33136360
1801.40821033
1801.47593371
1801.54083183
1801.60026741
1801.66451286
1801.74784150
1801.78689267
1801.85162329
1801.91834121
1801.99506603
1802.05995660
1802.11282054
1802.18061170
1802.24357301
1802.30924888
1802.38816774
1802.43891810
1802.50380623
1802.56147419
1802.62631233
1802.69027252
1802.76797892
1802.85186564
1802.89958423
1802.96749633
1803.03415134
1803.09888708
1803.21624443
1803.28099626
1803.35482804
1803.40973706
1803.47710326
1803.55342556
1803.62007033
1803.68610192
1803.76053835
1803.83451959
1803.88933108
1803.95493649
1804.01565572
1804.07950035
1804.15811567
1804.22221190
1804.28674724
1804.37465876
1804.44034585
1804.50228730
1804.59799803
1804.65588640
1804.71392641
1804.80644471
1804.85164402
1804.96497899
1805.05209546
1805.10987752
1805.16914340
1805.25096311
1805.31064688
1805.36771068
1805.43467363
1805.48940271
1805.54949096
1805.62395470
1805.69196480
1805.77755867
1805.83654930
1805.90522549
1805.97132559
1806.04595609
1806.11488950
1806.18270456
1806.25932040
1806.31568544
1806.38412124
1806.46298232
1806.53090319
1806.59960913
1806.66956239
1806.75583576
1806.80386886
1806.87845280
1806.94529896
1807.01038432
1807.08104488
1807.14894381
1807.22260809
1807.28050499
1807.34739650
1807.42932981
1807.48800641
1807.54683637
1807.61058688
1807.67116544
1807.73101988
1807.80878406
1807.86693183
1807.93339472
1808.02318724
1808.07551602
1808.14027712
1808.27556639
1808.33731864
1808.40223822
1808.47588934
1808.52794505
1808.59283684
1808.64748692
1808.71146345
1808.79717581
1808.85208019
1808.91612523
1808.97956342
1809.05867611
1809.12546278
1809.19313399
1809.26989173
1809.33476206
1809.40223237
1809.47145323
1809.53420924
1809.60186729
1809.66002238
1809.72584673
1809.81237220
1809.87955945
1809.94707242
1810.01297016
1810.06775947
1810.13450762
1810.19856923
1810.25815743
1810.32402323
1810.38890770
1810.46687961
1810.53347684
1810.59958913
1810.67221967
1810.73706683
1810.82028722
1810.86794584
1810.92217121
1810.99368924
1811.04680211
1811.11241557
1811.17345639
1811.22614796
1811.28895834
1811.36486397
1811.43162357
1811.49830955
1811.57507192
1811.64094016
1811.70591142
1811.76370909
1811.83043017
1811.91288598
1811.95874625
1812.02440287
1812.08614342
1812.15379488
1812.22281143
1812.28540409
1812.35630163
1812.42080015
1812.48643872
1812.54809686
1812.61292623
1812.67877180
1812.74765498
1812.81482248
1812.87762409
1812.96391940
1813.00977041
1813.06368395
1813.14870853
1813.21440854
1813.33398382
1813.40804819
1813.47321841
1813.53607511
1813.62250525
1813.69042247
1813.75803662
1813.82049056
1813.87640358
1813.96028323
1814.02203816
1814.08797613
1814.15584410
1814.23250553
1814.29840302
1814.36520384
1814.45183024
1814.51977793
1814.59649324
1814.65227144
1814.71820112
1814.79093308
1814.85791357
1814.94390729
1815.00413305
1815.06014092
1815.12735889
1815.23375359
1815.29292536
1815.35155759
1815.41941604
1815.47311625
1815.54073187
1815.61545770
1815.67244763
1815.74112601
1815.81191847
1815.88995694
1815.95714077
1816.04864897
1816.10840905
1816.16753060
1816.25665605
1816.31780415
1816.37058763
1816.43273266
1816.49483161
1816.54658086
1816.61720264
1816.66918717
1816.72191019
1816.78826239
1816.83988680
1816.90454404
1816.97227133
1817.05425195
1817.09006070
1817.15406941
1817.21894925
1817.28153313
1817.35926025
1817.42510679
1817.47703329
1817.55074999
1817.61274459
1817.66579115
1817.74078078
1817.80758061
1817.87207938
1817.96732298
1818.02308605
1818.10670361
1818.15366834
1818.22060739
1818.31915095
1818.35258256
1818.41542830
1818.48727523
1818.58074414
1818.64923138
1818.71623748
1818.77197642
1818.83688234
1818.90160492
1818.95457785
1819.01834250
1819.11319796
1819.16697253
1819.23279103
1819.30561246
1819.35986953
1819.42675787
1819.48562391
1819.54834579
1819.61418941
1819.68107701
1819.74631110
1819.81272767
1819.88650435
1819.95443961
1820.02062163
1820.09090721
1820.17368118
1820.26441723
1820.33225935
1820.39917183
1820.46591608
1820.54180756
1820.59404369
1820.66092252
1820.76560471
1820.82532676
1820.88232181
1820.98210635
1821.04094679
1821.11861857
1821.15951952
1821.21843651
1821.27704436
1821.34086899
1821.39803495
1821.45775237
1821.52939523
1821.58928405
1821.64808353
1821.72288274
1821.79970436
1821.85766489
1821.94161549
1821.99868684
1822.05800393
1822.12166179
1822.19579078
1822.24056099
1822.29784958
1822.37797237
1822.42888267
1822.48655185
1822.55337143
1822.62611241
1822.72584405
1822.80363334
1822.86749942
1822.92533317
1822.99313092
1823.07095215
1823.13578347
1823.24045590
1823.30930252
1823.41016933
1823.47601222
1823.55708343
1823.62064109
1823.69136016
1823.74645520
1823.81527499
1823.87944608
1823.93833406
1823.99687388
1824.06319243
1824.12416279
1824.19680137
1824.24573852
1824.30461699
1824.35967205
1824.42929714
1824.49634566
1824.55197562
1824.61805134
1824.69668763
1824.76465751
1824.83315011
1824.90406764
1824.95998115
1825.02721496
1825.10695790
1825.16386542
1825.24782284
1825.30980428
1825.36567487
1825.43338168
1825.50691431
1825.56468174
1825.62343246
1825.70932768
1825.76907704
1825.83009518
1825.91563468
1825.97758808
1826.04648150
1826.11044291
1826.16997747
1826.23902011
1826.31657291
1826.35648546
1826.43044841
1826.48520773
1826.54824437
1826.61202560
1826.66293639
1826.72658060
1826.78490952
1826.84883168
1826.93377921
1826.99136086
1827.05236560
1827.11901598
1827.17712645
1827.23301241
1827.30166349
1827.38833865
1827.42616103
1827.49313884
1827.61266121
1827.67659629
1827.74052161
1827.82119151
1827.88612474
1827.95098020
1828.02282298
1828.08781644
1828.15137556
1828.21215257
1828.27707020
1828.36190753
1828.43673528
1828.50442624
1828.57028107
1828.64715095
1828.71580545
1828.78268623
1828.86247573
1828.92836153
1828.99803441
1829.08503482
1829.16464805
1829.22118741
1829.31074416
1829.36893046
1829.45566731
1829.51674714
1829.58168354
1829.68288998
1829.76834659
1829.82411308
1829.89191326
1829.95698546
1830.02567507
1830.10143708
1830.15727989
1830.22213876
1830.30785917
1830.36680054
1830.43460390
1830.49132514
1830.55943862
1830.64901610
1830.70977824
1830.76768196
1830.83540218
1830.96310215
1831.02400278
1831.08491047
1831.18466845
1831.25507324
1831.29901840
1831.36609983
1831.42229007
1831.48929104
1831.58803282
1831.63180950
1831.69392430
1831.76858942
1831.83224997
1831.88531383
1831.95786098
1832.02276228
1832.08770648
1832.16468486
1832.22928383
1832.31599752
1832.37994649
1832.44496213
1832.49752960
1832.57828020
1832.64241618
1832.70900244
1832.76874009
1832.83270882
1832.89961422
1832.99061164
1833.07232943
1833.12331848
1833.19493915
1833.25977364
1833.34830590
1833.40941913
1833.52025287
1833.58604163
1833.66165249
1833.71962472
1833.78093056
1833.80255351
1833.86043188
1833.91963023
1833.98404488
1834.03994693
1834.09978479
1834.20166878
1834.25171843
1834.31731287
1834.39361639
1834.43446517
1834.49840439
1834.57916669
1834.65299262
1834.71665147
1834.77772739
1834.84460232
1834.91220624
1834.97014458
1835.02401253
1835.08870927
1835.15857427
1835.22152070
1835.27445535
1835.37305449
1835.45673202
1835.52180130
1835.60783574
1835.65829304
1835.72319628
1835.79835317
1835.86516714
1835.93099345
1835.99877145
1836.06576803
1836.13142635
1836.20535176
1836.27212014
1836.33882172
1836.42879246
1836.47956086
1836.54459869
1836.62438941
1836.69223616
1836.75803150
1836.82408845
1836.89066886
1836.97489935
1837.03088137
1837.09761903
1837.17449404
1837.23262012
1837.30401966
1837.38090978
1837.45386897
1837.50380525
1837.57576336
1837.64242032
1837.71114089
