1853.80898569
1853.87359831
1853.94066487
1854.00339968
1854.05552658
1854.11448795
1854.17835305
1854.24026037
1854.31962345
1854.38185796
1854.44521643
1854.51367587
1854.57709432
1854.64073414
1854.71645154
1854.77839080
1854.83051063
1854.90359611
1854.95579568
1855.01724317
1855.08166245
1855.14914666
1855.21713579
1855.28398829
1855.34915436
1855.42040566
1855.48641897
1855.53973859
1855.61191784
1855.68102898
1855.73273459
1855.84156494
1855.90604957
1855.96911107
1856.03456167
1856.09678886
1856.14857517
1856.21975918
1856.28511249
1856.34887666
1856.42090572
1856.49103769
1856.55844632
1856.62367749
1856.70262219
1856.77737704
1856.85426594
1856.92267151
1856.98773859
1857.05750412
1857.12726648
1857.19436108
1857.26065867
1857.34814816
1857.41388499
1857.49514198
1857.55525608
1857.62112334
1857.68836520
1857.75433438
1857.85297156
1857.91997498
1857.98503304
1858.05295732
1858.11823213
1858.18521141
1858.25076562
1858.32554899
1858.39385581
1858.45842406
1858.53199277
1858.59643448
1858.65883698
1858.75487929
1858.81444555
1858.88233863
1858.94585801
1859.01333173
1859.07595829
1859.14833550
1859.21503757
1859.28694789
1859.34524975
1859.41038754
1859.47123892
1859.53690992
1859.60270501
1859.66456942
1859.72181120
1859.81116729
1859.86692769
1859.94561786
1860.01178574
1860.08444553
1860.14335375
1860.20111972
1860.28551576
1860.34060153
1860.43997575
1860.51266333
1860.58469385
1860.65230874
1860.72007674
1860.78736054
1860.84312435
1860.91703537
1860.97618105
1861.04354141
1861.10469462
1861.16173550
1861.22977608
1861.30900068
1861.36896191
1861.42909527
1861.52577832
1861.57919644
1861.64144923
1861.71736290
1861.79662553
1861.85970386
1861.91478525
1861.97800280
1862.02975107
1862.10047794
1862.16543506
1862.21812615
1862.28108257
1862.33334747
1862.39684760
1862.44840643
1862.51993128
1862.58318467
1862.65359922
1862.72014428
1862.78766091
1862.85374200
1862.92001740
1862.97928987
1863.03509659
1863.10105845
1863.16347703
1863.22937502
1863.29198694
1863.35067963
1863.42103347
1863.47493019
1863.53321596
1863.59748725
1863.66068798
1863.72139575
1863.78718865
1863.85090211
1863.93554683
1864.01144294
1864.07721829
1864.13694620
1864.20189284
1864.27660575
1864.34021290
1864.40410482
1864.47089320
1864.54705604
1864.60450457
1864.67658653
1864.75098810
1864.81496462
1864.87805466
1864.95091949
1865.02312409
1865.08804684
1865.14750826
1865.21144748
1865.27934616
1865.34485576
1865.41046312
1865.47508550
1865.55449076
1865.62041459
1865.68515472
1865.75277303
1865.81306803
1865.87858421
1865.94786578
1866.01398027
1866.07914244
1866.14910521
1866.21404478
1866.26555802
1866.33344622
1866.39227544
1866.45102031
1866.51601522
1866.57437267
1866.63293151
1866.69254409
1866.76167670
1866.82004975
1866.89111722
1866.94778654
1867.01690427
1867.09675668
1867.15460286
1867.21561613
1867.28750573
1867.35566943
1867.42854060
1867.48595866
1867.56489044
1867.67155919
1867.73302569
1867.80101629
1867.89208417
1867.94873959
1868.01820036
1868.09577242
1868.15364932
1868.21247904
1868.28528316
1868.34994918
1868.40890421
1868.49913045
1868.55421013
1868.61814887
1868.77292118
1868.83157803
1868.90625315
1868.98872553
1869.05321625
1869.11441408
1869.19086705
1869.24191437
1869.30658429
1869.38348758
1869.44589153
1869.49836489
1869.56898815
1869.63929396
1869.69274914
1869.76764880
1869.83090024
1869.89560941
1869.98513178
1870.05076328
1870.11441188
1870.17235973
1870.23736708
1870.30479570
1870.37642564
1870.44216076
1870.50689066
1870.57440729
1870.63704604
1870.70134146
1870.76858454
1870.84262722
1870.90607005
1870.98353873
1871.04835055
1871.11364510
1871.18485130
1871.24373294
1871.34347677
1871.41039315
1871.47730782
1871.55643002
1871.61208606
1871.67882324
1871.73764174
1871.79737793
1871.86529490
1871.93314848
1872.00454144
1872.07182548
1872.14961379
1872.21765779
1872.28496109
1872.34497181
1872.41293194
1872.47961816
1872.55667968
1872.61637540
1872.67630835
1872.73921796
1872.79875253
1872.85882737
1872.93751339
1872.99027616
1873.05121408
1873.11496070
1873.16782439
1873.23164293
1873.28877841
1873.34046817
1873.40330366
1873.47516522
1873.52629007
1873.58988040
1873.65868484
1873.71928924
1873.77052502
1873.84223420
1873.91212310
1873.97476647
1874.05403447
1874.10638446
1874.19199369
1874.24948172
1874.31434376
1874.37685548
1874.44801974
1874.50067937
1874.56441160
1874.65281221
1874.70801915
1874.77245648
1874.84767505
1874.91464847
1874.98004738
1875.04823035
1875.11474493
1875.17246921
1875.25074417
1875.30325751
1875.36590747
1875.44642621
1875.51093619
1875.57183194
1875.65516667
1875.71926047
1875.77739995
1875.83555700
1875.90914058
1875.98350679
1876.05076231
1876.11391159
1876.18600037
1876.25163700
1876.31838807
1876.40034016
1876.45209672
1876.51730668
1876.60937881
1876.66585137
1876.74332322
1876.81512627
1876.88606720
1876.95264615
1877.02460035
1877.09128487
1877.14850666
1877.22224311
1877.28380153
1877.35306555
1877.42247268
1877.48608763
1877.54492393
1877.61587827
1877.67305447
1877.73161331
1877.80766692
1877.87527791
1877.94336092
1878.00516705
1878.07112257
1878.13872405
1878.21039910
1878.27724599
1878.34451174
1878.40995990
1878.46761616
1878.53353828
1878.60594865
1878.67393535
1878.78149156
1878.84984105
1878.91661260
1878.98441352
1879.05317797
1879.12112980
1879.18658625
1879.25464804
1879.31175768
1879.37837685
1879.44660175
1879.51448215
1879.58544722
1879.63892239
1879.69716964
1879.77396249
1879.83916854
1879.90725325
1879.96797614
1880.03067462
1880.09662063
1880.15599818
1880.21223620
1880.27910772
1880.33778480
1880.41045727
1880.47609267
1880.54833921
1880.61791432
1880.68584202
1880.75667617
1880.82141728
1880.88803328
1880.96534788
1881.07768007
1881.14345834
1881.25516687
1881.31339217
1881.37177181
1881.44376869
1881.50808581
1881.57830897
1881.65212003
1881.71270029
1881.77312476
1881.84960212
1881.90829676
1881.97415427
1882.03604452
1882.10172844
1882.16714563
1882.25437424
1882.31877719
1882.36789842
1882.42679737
1882.47868997
1882.54082866
1882.60745564
1882.66494172
1882.72863225
1882.77538512
1882.84686219
1882.89769081
1882.97376417
1883.02542419
1883.09911285
1883.16707688
1883.23028491
1883.29452378
1883.36780309
1883.43220286
1883.48402355
1883.55492011
1883.61903146
1883.68154415
1883.74789050
1883.80945648
1883.87512114
1883.92615700
1883.99127943
1884.05993417
1884.12463432
1884.17677561
1884.24176248
1884.29444746
1884.35887503
1884.41877141
1884.47039412
1884.53659126
1884.59931509
1884.67305959
1884.73546793
1884.80048869
1884.85270239
1884.91641292
1884.98179988
1885.03396799
1885.10004688
1885.15133484
1885.21523237
1885.26833720
1885.33132215
1885.38457594
1885.44725370
1885.51209428
1885.57502706
1885.63837065
1885.71439745
1885.77984853
1885.84332427
1885.91178737
1885.97635952
1886.03014409
1886.08903329
1886.18600647
1886.24961192
1886.30731572
1886.35960890
1886.42423932
1886.50271152
1886.56537831
1886.62884478
1886.71491871
1886.78113901
1886.83232604
1886.90086252
1886.96287565
1887.01449349
1887.07362162
1887.13710126
1887.18942931
1887.26839035
1887.32047240
1887.38517376
1887.44951820
1887.51276549
1887.57703678
1887.64398314
1887.70982676
1887.77352631
1887.84726033
1887.91018506
1887.96912619
1888.02138451
1888.08423000
1888.14527253
1888.19807674
1888.26097148
1888.33138725
1888.42655234
1888.48041151
1888.55551866
1888.61831563
1888.68398590
1888.75340449
1888.82212823
1888.87659351
1888.95200956
1889.01975489
1889.08462107
1889.17374482
1889.23672465
1889.29439236
1889.36725988
1889.43110450
1889.49089019
1889.56991633
1889.63742613
1889.70551377
1889.78084595
1889.84696288
1889.91497762
1889.98284266
1890.05018692
1890.11914154
1890.18705095
1890.26205228
1890.32978493
1890.40090019
1890.47385841
1890.54087548
1890.60879683
1890.67556180
1890.74443475
1890.81082962
1890.87804954
1890.94673377
1891.00904703
1891.07647858
1891.14548342
1891.22113158
1891.28698641
1891.35490436
1891.41977712
1891.48693487
1891.55550013
1891.62156293
1891.68933483
1891.75465377
1891.82725017
1891.90425952
1891.97080969
1892.03908579
1892.09646581
1892.15620371
1892.21217037
1892.34628863
1892.40789045
1892.46600580
1892.52609308
1892.60008699
1892.66822680
1892.72587282
1892.78476836
1892.84345154
1892.91226963
1892.97133973
1893.02958016
1893.08749656
1893.15969506
1893.22287945
1893.28279826
1893.35548365
1893.41508526
1893.47571038
1893.54776309
1893.61110766
1893.67230719
1893.73111813
1893.79630809
1893.85710559
1893.91645266
1893.97672621
1894.03800133
1894.12190390
1894.18222109
1894.24202677
1894.31324369
1894.38662662
1894.44509842
1894.50451742
1894.56466736
1894.64583024
1894.70499982
1894.76868889
1894.82068097
1894.88945883
1894.96087666
1895.01465318
1895.09135070
1895.14489755
1895.20791858
1895.27578240
1895.34031993
1895.40331878
1895.46758812
1895.51966041
1895.58440152
1895.65020954
1895.71532002
1895.76863184
1895.84766115
1895.91131926
1895.96317164
1896.04108186
1896.10470827
1896.17088201
1896.22250277
1896.28290870
1896.35556606
1896.42083160
1896.53019053
1896.58885129
1896.65497845
1896.72171782
1896.79407992
1896.85897536
1896.91215455
1896.98407389
1897.05181800
1897.13705689
1897.19929310
1897.27165008
1897.39181196
1897.45686441
1897.54543081
1897.60911915
1897.69005090
1897.75606201
1897.82236399
1897.91513561
1897.99130113
1898.05803684
1898.13735775
1898.20105365
1898.28765981
1898.33863984
1898.40080584
1898.46670651
1898.55561204
1898.62488410
1898.72593328
1898.80290947
1898.86855585
1898.93581307
1898.99562826
1899.05453306
1899.11909009
1899.19146170
1899.25082487
1899.30886195
1899.38063916
1899.44383037
1899.50312478
1899.57435024
1899.64405116
1899.70533823
1899.76242421
1899.82239812
1899.88077118
1899.95427382
1900.03379586
1900.09330824
1900.17528374
1900.23468201
1900.29197573
1900.35763673
1900.41728613
1900.47584765
1900.54738348
1900.60559708
1900.66468328
1900.72945096
1900.79826978
1900.85207288
1900.91333702
1900.99028761
1901.07087389
1901.13801286
1901.20620802
1901.28543384
1901.34150070
1901.40988798
1901.47981881
1901.53911347
1901.60654550
1901.66809441
1901.72638506
1901.79261560
1901.85081458
1901.90955164
1901.96745000
1902.05062675
1902.11695262
1902.18471648
1902.25436790
1902.31141634
1902.38843106
1902.46874036
1902.52415040
1902.59306260
1902.66404889
1902.72664813
1902.80501038
1902.87530693
1902.93728275
1903.00484351
1903.07094923
1903.12794013
1903.20616608
1903.27169860
1903.34087070
1903.40739332
1903.47582278
1903.53447378
1903.61049204
1903.67023165
1903.75959286
1903.81663862
1903.89503670
1903.96205133
1904.02844303
1904.08808853
1904.15530918
1904.22239915
1904.28361380
1904.34940817
1904.41966692
1904.49887738
1904.56569136
1904.63315899
1904.73107351
1904.80039604
1904.85767196
1904.92800435
1904.98735751
1905.04471145
1905.10764739
1905.16724925
1905.22422991
1905.28453906
1905.35329034
1905.41201131
1905.48640483
1905.54718258
1905.60735543
1905.67823615
1905.73896976
1905.80079467
1905.86331639
1905.92343512
1905.98367234
1906.04458150
1906.10522491
1906.16479970
1906.22482359
1906.28511054
1906.36026743
1906.42179513
1906.48064874
1906.65071569
1906.71376233
1906.77429456
1906.84675662
1906.91347185
1906.98525661
1907.06516485
1907.13246108
1907.20000770
1907.28796287
1907.35277956
1907.40439300
1907.47139032
1907.53959889
1907.59100339
1907.65048822
1907.71426018
1907.80022148
1907.85949346
1907.91112543
1907.97609840
1908.04550383
1908.11490633
1908.20055944
1908.25784950
1908.32323817
1908.37526219
1908.43781365
1908.50228413
1908.56451425
1908.62339077
1908.68733048
1908.73938814
1908.81005113
1908.87388503
1908.95053305
1909.01914488
1909.08170999
1909.14686168
1909.21671985
1909.26918127
1909.33305295
1909.40752327
1909.47098097
1909.52368400
1909.58989016
1909.65805069
1909.71853757
1909.77619042
1909.82869303
1909.88731965
1909.95014149
1910.03622591
1910.12715482
1910.19736457
1910.26327913
1910.34077122
1910.39385654
1910.45717600
1910.56753699
1910.61851897
1910.68287340
1910.74327519
1910.81714281
1910.86706642
1910.94611645
1911.01064081
1911.07724828
1911.16948010
1911.24722990
1911.31270366
1911.38049189
1911.43687132
1911.49427402
1911.56191621
1911.63136065
1911.69748001
1911.76821639
1911.83494089
1911.88745765
1911.95124302
1912.00561566
1912.07028314
1912.12702925
1912.19350702
1912.24546740
1912.31028799
1912.36409914
1912.42698242
1912.50003377
1912.56584398
1912.63036810
1912.71023758
1912.77540096
1912.83954157
1912.90783547
1912.96038270
1913.02537835
1913.09353913
1913.15823586
1913.22237574
1913.28782073
1913.35057942
1913.41439918
1913.48915987
1913.55288893
1913.61713096
1913.69203088
1913.76387586
1913.83035094
1913.89483361
1913.96209839
1914.02783326
1914.09359447
1914.15842238
1914.23700161
1914.30346767
1914.36850233
1914.45644287
1914.52440714
1914.58905657
1914.66070285
1914.72737103
1914.82723091
1914.89651053
1914.96010452
1915.02612831
1915.12414182
1915.19086339
1915.25641200
1915.32631016
1915.38792247
1915.49765858
1915.56302116
1915.62969665
1915.69603325
1915.77318522
1915.83958716
1915.90488660
1915.96452795
1916.03106032
1916.09860280
1916.16912804
1916.23802464
1916.30401698
1916.37669920
1916.44345637
1916.50975249
1916.58822421
1916.65435259
1916.71872896
1916.78290175
1916.84736395
1916.91222452
1916.98745187
1917.05491096
1917.11830186
1917.19811136
1917.26881482
1917.32045289
1917.38053432
1917.44444306
1917.50804631
1917.56008155
1917.62533198
1917.68868727
1917.76501249
1917.82908313
1917.89235846
1917.97182833
1918.03011361
1918.08899087
1918.15893633
1918.21622224
1918.27729816
1918.34122203
1918.39881514
1918.45764875
1918.53063427
1918.58896758
1918.66062020
1918.71938847
1918.77863436
1918.83636059
1918.90671492
1918.96553561
1919.03622055
1919.09642851
1919.17505236
1919.24810834
1919.30768241
1919.36587187
1919.43877596
1919.50069717
1919.56044946
1919.66578310
1919.72948437
1919.78877926
1919.84938098
1919.91024528
1919.96806903
1920.03152429
1920.09153916
1920.14969084
1920.20804293
1920.26458888
1920.33321630
1920.39254266
1920.44867340
1920.51671373
1920.59751992
1920.66456479
1920.73026407
1920.78985812
1920.86070690
1920.92706690
1920.99532496
1921.06115053
1921.12913967
1921.18746250
1921.25754961
1921.31464974
1921.39071238
1921.45901140
1921.52679573
1921.59438941
1921.65112456
1921.70980506
1921.78526792
1921.85322585
1921.91928451
1921.99718425
1922.06522044
1922.13154095
1922.19963516
1922.26638502
1922.32206349
1922.39125120
1922.45873102
1922.52546746
1922.59252769
1922.65928120
1922.71741508
1922.78278838
1922.85175349
1922.93945436
1922.99666566
1923.06442660
1923.12595503
1923.18808129
1923.25365622
1923.41502041
1923.48631194
1923.55270900
1923.64449173
1923.70202047
1923.77896009
1923.84646380
1923.91289061
1923.98023633
1924.05415589
1924.12121684
1924.19259078
1924.24890560
1924.31697885
1924.37453271
1924.45042517
1924.51815099
1924.58517635
1924.65306357
1924.72174123
1924.77898642
1924.86538755
1924.93328306
1924.99946021
1925.06683811
1925.13519345
1925.20217371
1925.26961305
1925.33679201
1925.40367620
1925.47070181
1925.53851930
1925.60584845
1925.67364229
1925.74110334
1925.80772397
1925.87485929
1925.94273140
1926.01154339
1926.07660804
1926.14407469
1926.21140067
1926.28546894
1926.35277541
1926.42086086
1926.48816611
1926.55621717
1926.61205729
1926.67044595
1926.74703497
1926.81457136
1926.90345568
1926.95992215
1927.02792640
1927.09871032
1927.16649539
1927.25675187
1927.31154069
1927.38078617
1927.44136887
1927.54196945
1927.60057924
1927.66858252
1927.72604519
1927.79273044
1927.85225281
1927.91070291
1927.97840972
1928.04719562
1928.11374092
1928.17980177
1928.24139847
1928.29765624
1928.36559198
1928.43734773
1928.49428670
1928.56114236
1928.62216368
1928.67881617
1928.74778249
1928.80591198
1928.87669737
1928.94448805
1929.01026900
1929.07849732
1929.14672734
1929.20374652
1929.26366679
1929.33115660
1929.40116253
1929.47260961
1929.53956476
1929.61327585
1929.68622602
1929.75527524
1929.82180689
1929.88827026
1929.95469610
1930.02123505
1930.08794297
1930.15677618
1930.22636178
1930.30054538
1930.36918207
1930.43623205
1930.50166339
1930.56988926
1930.63166395
1930.69849133
1930.76498226
1930.83246476
1930.90070039
1930.96682585
1931.03559932
1931.10104285
1931.16820718
1931.23505041
1931.32418537
1931.38100268
1931.44659761
1931.52426573
1931.59885137
1931.66881926
1931.73733454
1931.80597172
1931.86358604
1931.93094273
1931.99683828
1932.09730354
1932.16551698
1932.23353440
1932.30148160
1932.36772994
1932.42942051
1932.48535913
1932.55325440
1932.62045652
1932.68727416
1932.75597034
1932.81346471
1932.87581064
1932.94270336
1933.00128609
1933.06164644
1933.12990694
1933.19043185
1933.25771906
1933.32502870
1933.39359396
1933.46086240
1933.52930575
1933.59699378
1933.66171490
1933.72943682
1933.80145661
1933.86413363
1933.93132771
1934.00241737
1934.07420993
1934.14310214
1934.20170364
1934.25923141
1934.32693017
1934.39412839
1934.46215117
1934.53037705
1934.59015079
1934.65776470
1934.72537179
1934.79739231
1934.86893838
1934.93676514
1934.99694751
1935.06505611
1935.14271936
1935.21129924
1935.27934421
1935.34672114
1935.41325450
1935.48152962
1935.54928397
1935.62016151
1935.68863949
1935.75542274
1935.83865410
1935.90741660
1935.97403310
1936.03819686
1936.10308133
1936.16938697
1936.23252625
1936.29973032
1936.36315803
1936.43696933
1936.49443249
1936.55752789
1936.61874206
1936.68484387
1936.74668682
1936.80341635
1936.87064676
1936.93848302
1937.00566296
1937.07519370
1937.13322323
1937.18979380
1937.25695545
1937.32470882
1937.39368636
1937.46097796
1937.52013633
1937.57865518
1937.64699882
1937.71403247
1937.78312947
1937.83934067
1937.91698685
1937.97387584
1938.04061326
1938.10246498
1938.18031962
1938.23818799
1938.29630041
1938.36349400
1938.42978964
1938.49951835
1938.55754837
1938.62372625
1938.69510775
1938.76718435
1938.83536122
1938.90489440
1938.97235934
1939.03970507
1939.10804749
1939.17694213
1939.24381974
1939.30578313
1939.37377105
1939.44117212
1939.49912290
1939.57655160
1939.64456341
1939.71858365
1939.78697922
1939.85565761
1939.92263835
1939.99052192
1940.05838256
1940.12078798
1940.19008759
1940.24552957
1940.30855305
1940.37791337
1940.44507112
1940.51308878
1940.57008163
1940.64821860
1940.70573881
1940.77487458
1940.83620065
1940.89307574
1940.96137452
1941.06045494
1941.11703405
1941.19038992
1941.27010189
1941.32791906
1941.38678900
1941.44576061
1941.50298825
1941.56206055
1941.63140380
1941.73091821
1941.79998644
1941.85845678
1941.91752250
1941.97551375
1942.06071192
1942.12382950
1942.18338503
1942.24279452
