3254.73253702
3254.78340179
3254.86194820
3254.94184094
3255.00668623
3255.08656970
3255.16415770
3255.24302985
3255.31102980
3255.37678865
3255.45661750
3255.53436618
3255.60321287
3255.69507666
3255.75863756
3255.83842619
3255.90528779
3255.98409070
3256.06242378
3256.14161946
3256.20746901
3256.28430681
3256.36343008
3256.43313304
3256.49684632
3256.57551611
3256.67038362
3256.72307575
3256.79004194
3256.86976913
3256.94658425
3257.01230044
3257.09015858
3257.17093829
3257.24966269
3257.34751078
3257.40534094
3257.48210438
3257.57704358
3257.62882921
3257.69550600
3257.77533925
3257.85511495
3257.92090233
3258.01984951
3258.09857805
3258.17731099
3258.24328317
3258.31112976
3258.39084110
3258.48436961
3258.53636371
3258.61425623
3258.69288530
3258.77078147
3258.84969312
3258.92844726
3259.00618764
3259.08500688
3259.15164198
3259.23048195
3259.30927339
3259.42399213
3259.46396105
3259.54373261
3259.64339123
3259.71025673
3259.77806894
3259.85687258
3259.93479801
3260.00153161
3260.06839346
3260.14921949
3260.22699376
3260.29381343
3260.37558082
3260.43955669
3260.51721978
3260.58596603
3260.65272962
3260.73161420
3260.81363368
3260.87628591
3260.94504972
3261.02284154
3261.10075040
3261.16844680
3261.23551296
3261.33130012
3261.39255118
3261.45978581
3261.52630071
3261.60599401
3261.68477595
3261.75066816
3261.83049482
3261.90923970
3261.98603946
3262.05484910
3262.13264922
3262.21145164
3262.30519836
3262.35520614
3262.43385374
3262.51363164
3262.61588317
3262.66834928
3262.74799357
3262.84779116
3262.90379104
3262.97244367
3263.04925733
3263.12903913
3263.21279161
3263.26394164
3263.34141700
3263.42142847
3263.48801774
3263.56697595
3263.64493527
3263.72302357
3263.78953799
3263.85815233
3263.93599365
3264.01834838
3264.08507710
3264.16448100
3264.22836397
3264.30707204
3264.37277384
3264.44067528
3264.51938676
3264.59827427
3264.66501372
3264.73279253
3264.81058533
3264.88853588
3264.95547477
3265.02328649
3265.11786266
3265.17973957
3265.24743939
3265.32622498
3265.40500570
3265.48195395
3265.54962305
3265.62848105
3265.70641161
3265.77525099
3265.84440611
3265.91961477
3265.99947849
3266.08165889
3266.13565564
3266.21183686
3266.29316977
3266.35751916
3266.42538160
3266.50412184
3266.58293475
3266.64874382
3266.71900851
3266.79527239
3266.87331778
3266.93898885
3267.02369634
3267.08698735
3267.16530873
3267.23121850
3267.31109441
3267.38899156
3267.46676437
3267.53454952
3267.60134212
3267.68209404
3267.75896329
3267.82760617
3267.89349204
3267.98627596
3268.05006702
3268.11712904
3268.18367978
3268.26364029
3268.34238614
3268.40842269
3268.48607604
3268.56674530
3268.64463758
3268.71042105
3268.79011069
3268.87145239
3268.95171913
3269.00262363
3269.08150383
3269.16123687
3269.22600170
3269.30181745
3269.38060305
3269.45946471
3269.52522307
3269.59402198
3269.67186940
3269.75315843
3269.86734444
3269.90721754
3269.98595364
3270.06487163
3270.13067363
3270.19859044
3270.27763228
3270.35534633
3270.42309052
3270.49002258
3270.56868700
3270.64847002
3270.71430031
3270.78219981
3270.87489571
3270.93871018
3271.01750187
3271.08867256
3271.16412357
3271.24183348
3271.30678556
3271.38751676
3271.46528713
3271.54607123
3271.61085338
3271.68875931
3271.78257795
3271.86744635
3271.93422823
3272.01389349
3272.11263294
3272.16943667
3272.24756641
3272.32601848
3272.40402583
3272.47191802
3272.53952031
3272.61835759
3272.71193462
3272.77718318
3272.84166154
3272.91943972
3272.99934610
3273.06534657
3273.13531698
3273.21169813
3273.29163377
3273.36739808
3273.44818194
3273.52601229
3273.61785534
3273.66962440
3273.73753560
3273.81645090
3273.89637972
3273.97607497
3274.05088476
3274.12954528
3274.20830040
3274.27613943
3274.34300518
3274.42282672
3274.50044568
3274.58433372
3274.64718905
3274.72413120
3274.80221072
3274.86967745
3274.94944048
3275.02639360
3275.09323253
3275.16198122
3275.23886071
3275.31852207
3275.38525542
3275.45302668
3275.54603002
3275.60976916
3275.68752368
3275.75537003
3275.83409760
3275.91205716
3275.97869202
3276.04658859
3276.12439846
3276.20323355
3276.27085267
3276.33897403
3276.41750021
3276.51035289
3276.57407007
3276.65105245
3276.73067895
3276.80944065
3276.87532018
3276.94327161
3277.02295589
3277.10073869
3277.16549256
3277.24441713
3277.32411579
3277.41684729
3277.46968253
3277.53753984
3277.61633348
3277.69425039
3277.76097716
3277.83988125
3277.91786446
3277.99742976
3278.07411884
3278.15403034
3278.23166150
3278.29852066
3278.38233727
3278.44415128
3278.52221349
3278.58983139
3278.65675272
3278.73637044
3278.81418811
3278.88197423
3278.94893409
3279.02669568
3279.10632705
3279.17323034
3279.24023165
3279.33380575
3279.39800691
3279.46348879
3279.53142071
3279.61212728
3279.68914550
3279.75680168
3279.82379932
3279.90142024
3279.98224920
3280.04794417
3280.14870384
3280.24578246
3280.30872287
3280.37335386
3280.44018108
3280.51811603
3280.59785516
3280.66457706
3280.74334900
3280.82438471
3280.89985376
3280.96701306
3281.04448110
3281.12537321
3281.23802785
3281.31519090
3281.36969452
3281.47045199
3281.53724142
3281.60424346
3281.68613567
3281.76168835
3281.83074765
3281.89729206
3281.97405720
3282.05393189
3282.11962345
3282.20344347
3282.26640168
3282.34442561
3282.42100522
3282.48992043
3282.56946841
3282.64646713
3282.71411648
3282.78121628
3282.85982243
3282.93759158
3283.00445684
3283.07229538
3283.16613402
3283.23079793
3283.29655629
3283.36442092
3283.44418053
3283.52100712
3283.58812301
3283.66778364
3283.74488841
3283.82860481
3283.89103444
3283.96897523
3284.04781398
3284.14434476
3284.19743844
3284.27511665
3284.35400245
3284.43367527
3284.50057588
3284.56755256
3284.64652588
3284.72509108
3284.79188051
3284.86062919
3284.93938894
3285.01714786
3285.11184812
3285.16188808
3285.24267755
3285.32068392
3285.38820893
3285.45421427
3285.53483453
3285.61278849
3285.69062762
3285.75828550
3285.83719715
3285.91591935
3285.99474371
3286.07648208
3286.14127447
3286.21919869
3286.29801427
3286.36392672
3286.44344155
3286.52231174
3286.60002775
3286.66893540
3286.73802663
3286.81453261
3286.89237369
3286.96014250
3287.05488738
3287.11782219
3287.19561889
3287.27438571
3287.35309231
3287.43187937
3287.51077980
3287.57756606
3287.64452933
3287.72748090
3287.80292557
3287.88276442
3287.96363337
3288.01643203
3288.09517423
3288.17300141
3288.24185883
3288.30887062
3288.38779567
3288.46526543
3288.54399080
3288.62200181
3288.70161465
3288.77956008
3288.87320782
3288.92533186
3289.00588849
3289.08460825
3289.16044497
3289.23958823
3289.31822827
3289.41899184
3289.48553697
3289.55350742
3289.63321266
3289.71107056
3289.80279562
3289.85759352
3289.93537730
3290.01523346
3290.09314037
3290.15985471
3290.22782930
3290.30740045
3290.38515180
3290.45301668
3290.51988364
3290.59785540
3290.68066776
3290.76129411
3290.81223470
3290.89079551
3290.96991024
3291.03667188
3291.10444557
3291.18543228
3291.26290667
3291.34089427
3291.40855874
3291.48631546
3291.56520394
3291.64398319
3291.72488042
3291.78959772
3291.86930784
3291.94817462
3292.02397526
3292.09283073
3292.17152904
3292.25057112
3292.31813563
3292.38598368
3292.46283148
3292.54354536
3292.60960922
3292.69321834
3292.75611096
3292.83517670
3292.90265928
3292.96951600
3293.04836913
3293.12703209
3293.20705161
3293.27277876
3293.35057229
3293.43043748
3293.50928159
3293.60291469
3293.65478298
3293.73441167
3293.81220910
3293.88904178
3293.95800307
3294.03662775
3294.11640468
3294.18324604
3294.24921262
3294.32794360
3294.40861238
3294.48634910
3294.58107570
3294.64393053
3294.72179209
3294.78869757
3294.85638593
3294.93521297
3295.01417338
3295.09613386
3295.15876293
3295.23871393
3295.31728010
3295.39513044
3295.48972587
3295.54079958
3295.62038536
3295.69913804
3295.76518507
3295.83489022
3295.91179409
3295.99258770
3296.05834923
3296.12716326
3296.20491705
3296.28368631
3296.34951684
3296.44525598
3296.50823077
3296.58798112
3296.66577392
3296.73250167
3296.81054291
3296.89107686
3296.96809435
3297.03575175
3297.10275768
3297.18166299
3297.26223180
3297.32718559
3297.41102146
3297.47567488
3297.55444804
3297.62122625
3297.68910576
3297.76792305
3297.84662648
3297.91341786
3297.98123764
3298.06020389
3298.13796085
3298.20385234
3298.28366535
3298.37828247
3298.44343180
3298.54194768
3298.60892338
3298.68662768
3298.76549398
3298.84425690
3298.91195525
3298.98990019
3299.06955375
3299.14830423
3299.21431152
3299.30903422
3299.37286868
3299.45249200
3299.51833131
3299.58615230
3299.66421500
3299.74480381
3299.80966422
3299.87850165
3299.95829491
3300.03689155
3300.10277938
3300.17077348
3300.26459627
3300.32846535
3300.42912310
3300.48424966
3300.56378594
3300.64259177
3300.72134957
3300.78814364
3300.85595488
3300.93483117
3301.01364480
3301.08042643
3301.20710622
3301.27005199
3301.34979430
3301.41761480
3301.48349556
3301.56231016
3301.64187302
3301.70979276
3301.77664168
3301.85561306
3301.93412632
3302.00117248
3302.06880232
3302.16270289
3302.22739483
3302.30613191
3302.37293670
3302.45182031
3302.52965431
3302.60860204
3302.67525226
3302.74304643
3302.82272632
3302.90082778
3302.97761072
3303.07412103
3303.13695075
3303.21496249
3303.28184409
3303.38148808
3303.46345465
3303.53998599
3303.60767581
3303.67553630
3303.75353560
3303.83218808
3303.90323418
3303.98175061
3304.04654788
3304.12341493
3304.20235949
3304.26895900
3304.34877347
3304.42668622
3304.50546523
3304.57325453
3304.65218470
3304.73090228
3304.80956085
3304.90237841
3304.96620995
3305.04509428
3305.12299631
3305.18959265
3305.25782763
3305.33731539
3305.41611074
3305.49206449
3305.56076124
3305.64142758
3305.71840216
3305.78607223
3305.87203290
3305.93272197
3306.01143491
3306.08932573
3306.16802038
3306.24600091
3306.32562009
3306.40339729
3306.47124998
3306.53911924
3306.61718877
3306.69666605
3306.77751379
3306.83134011
3306.91105827
3306.99116946
3307.06607824
3307.13355570
3307.21251367
3307.29116225
3307.36906622
3307.43780467
3307.51654662
3307.59535855
3307.71008484
3307.76290009
3307.83988563
3307.92059610
3307.99839427
3308.07614904
3308.14493625
3308.22177941
3308.30053916
3308.36924250
3308.43515446
3308.51392567
3308.59388009
3308.67439966
3308.72845540
3308.80822501
3308.88694697
3308.95379151
3309.03067149
3309.11138561
3309.18915696
3309.26930667
3309.33577696
3309.41459644
3309.51347218
3309.59702864
3309.64904029
3309.72699572
3309.80753381
3309.88470661
3309.95218383
3310.02006089
3310.09791831
3310.17669220
3310.25535272
3310.33324670
3310.41116506
3310.50977749
3310.55771484
3310.62631773
3310.70416368
3310.78394280
3310.84987012
3310.92948711
3311.01062815
3311.08626323
3311.15396890
3311.22406927
3311.30070398
3311.37933304
3311.47329895
3311.52398574
3311.60281546
3311.67863268
3311.75831964
3311.82513686
3311.89206941
3311.96986099
3312.04874460
3312.12850202
3312.20744560
3312.28620291
3312.37973582
3312.43080636
3312.49851301
3312.57734712
3312.65529352
3312.72612507
3312.79164986
3312.86956628
3312.94750878
3313.01516886
3313.08387097
3313.16198219
3313.24255735
3313.33455547
3313.38621847
3313.46513913
3313.54575233
3313.62252332
3313.68842773
3313.75825624
3313.83627603
3313.91596640
3313.99355904
3314.07154079
3314.14929361
3314.24613818
3314.29585119
3314.37275189
3314.45256905
3314.53222138
3314.59835472
3314.67792270
3314.75764184
3314.83637673
3314.90318152
3314.98113426
3315.05987426
3315.15561364
3315.21652605
3315.28424000
3315.36308558
3315.44409935
3315.52170588
3315.60063483
3315.66565177
3315.74504664
3315.82378713
3315.89061606
3315.95745158
3316.03625789
3316.12997829
3316.18611154
3316.26055342
3316.34039008
3316.41825748
3316.48732068
3316.55284377
3316.63364957
3316.71060489
3316.78938097
3316.85620015
3316.93684406
3317.01364358
3317.10763217
3317.16021067
3317.23037784
3317.30604438
3317.38473635
3317.45154261
3317.51945673
3317.59817138
3317.67685189
3317.74370593
3317.81271477
3317.89128825
3317.97004410
3318.05303979
3318.10384507
3318.18676129
3318.26223814
3318.32922457
3318.39795961
3318.47484422
3318.57641991
3318.63144066
3318.71207969
3318.78896918
3318.86877804
3318.96447012
3319.01360872
3319.09205907
3319.17184648
3319.25079567
3319.32854483
3319.39656331
3319.47524163
3319.55230276
3319.62110874
3319.69968905
3319.77749014
3319.87746766
3319.92324266
3319.99104902
3320.07058335
3320.14850464
3320.21539672
3320.29388682
3320.37810351
3320.45144703
3320.53036794
3320.59903690
3320.67708059
3320.75498968
3320.84854234
3320.90048962
3320.97055171
3321.04829770
3321.12701917
3321.19382981
3321.27276462
3321.35045405
3321.43003080
3321.49682633
3321.57557535
3321.65443970
3321.73240341
3321.81754536
3321.86606298
3321.94810270
3322.02542300
3322.09129327
3322.15952069
3322.23791643
3322.31572947
3322.39537449
3322.46316574
3322.54455303
3322.62331278
3322.69771077
3322.78340032
3322.83344735
3322.91229975
3322.99122237
3323.05792013
3323.12570504
3323.20529423
3323.28408933
3323.36110682
3323.44326869
3323.51960790
3323.59834839
3323.69317592
3323.74417015
3323.82271900
3323.90847267
3323.97035422
3324.03518440
3324.09821917
3324.16482696
3324.22875383
3324.29449951
3324.36178119
3324.42409502
3324.48712393
3324.55280720
3324.61894542
3324.71237153
3324.75930780
3324.82414846
3324.89002409
3324.95472188
3325.01769594
3325.08353793
3325.14935700
3325.21305615
3325.27890911
3325.34184757
3325.40849852
3325.47241978
3325.53635712
3325.60169053
3325.66797601
3325.76116099
3325.81104053
3325.87338263
3325.94913596
3326.01308209
3326.07874732
3326.14281583
3326.20844230
3326.27326443
3326.33807754
3326.40391514
3326.46688627
3326.53184397
3326.59732414
3326.66333704
3326.73803249
3326.81877416
3326.89872688
3326.95348211
3327.01941358
3327.08404067
3327.14987729
3327.21376490
3327.27979170
3327.34256754
3327.40832834
3327.47555785
3327.53896881
3327.60379021
3327.66865867
3327.73242121
3327.82516466
3327.87149969
3327.94899699
3328.01480802
3328.08206264
3328.14336270
3328.21172080
3328.27430769
3328.33905010
3328.40393635
3328.46782543
3328.53454294
3328.59840885
3328.66445588
3328.72626087
3328.80499161
3328.88468540
3328.93469878
3328.98938916
3329.05429980
3329.11921556
3329.18383167
3329.24973681
3329.31253166
3329.38168849
3329.44420589
3329.50820175
3329.57200525
3329.63885222
3329.70170657
3329.78159150
3329.84306028
3329.92410087
3329.98376058
3330.04966571
3330.11446663
3330.17925683
3330.24511174
3330.30894474
3330.37377614
3330.43861509
3330.50438248
3330.56927166
3330.63407843
3330.69719146
3330.76379145
3330.83848909
3330.90353407
3330.98406997
3331.03526754
3331.09677338
3331.16299400
3331.22656417
3331.29331143
3331.38928901
3331.44311972
3331.50898170
3331.57366584
3331.63951246
3331.70260233
3331.76819295
3331.84401674
3331.90891226
3331.98952862
3332.04949553
3332.11426695
3332.18004068
3332.24394706
3332.30971566
3332.37550840
3332.44141817
3332.50531480
3332.56811771
3332.63297397
3332.69871039
3332.76354691
3332.82750230
3332.90339680
3332.96894013
3333.05079870
3333.09775251
3333.17444379
3333.23845867
3333.30347073
3333.36712501
3333.43290093
3333.49869708
3333.56440644
3333.62734661
3333.72608192
3333.78995904
3333.85665388
3333.93150439
3333.99546149
3334.08837926
3334.13684421
3334.20274252
3334.26478351
3334.33139423
3334.39513190
3334.46122550
3334.52488832
3334.59107018
3334.65782573
3334.72032460
3334.78436240
3334.84999520
3334.91490437
3334.99070500
3335.10531134
3335.15318067
3335.21723894
3335.28274740
3335.34859866
3335.41346638
3335.47729621
3335.54213590
3335.60710407
3335.67118064
3335.73582260
3335.80099240
3335.86635823
3335.93213537
3336.00688104
3336.08177811
3336.16345383
3336.21243858
3336.27741285
3336.34204310
3336.40580954
3336.47379584
3336.53652023
3336.60162616
3336.66514489
3336.73115340
3336.79582437
3336.86101783
3336.92649166
3336.99056384
3337.06714661
3337.13190536
3337.21197290
3337.26368857
3337.32645734
3337.39234833
3337.45512271
3337.52084840
3337.61867479
3337.67267909
3337.73746563
3337.80141200
3337.86720693
3337.93178550
3337.99758775
3338.07473421
3338.15164637
3338.22998092
3338.27981364
3338.34171713
3338.40752523
3338.47258240
3338.53723655
3338.60218229
3338.66785605
3338.73172172
3338.79571734
3338.86143645
3338.92716848
3338.99310190
3339.06691451
3339.13268628
3339.19742332
3339.27944281
3339.32711489
3339.39196823
3339.45575247
3339.52486784
3339.58640294
3339.65323430
3339.71424472
3339.78118458
3339.84516509
3339.91070012
3340.00732745
3340.06448031
3340.13628345
3340.21285500
3340.29471528
3340.34578656
3340.40929578
3340.47311731
3340.53790824
3340.60377485
3340.66785678
3340.73271134
3340.79919504
3340.86205987
3340.92799036
3340.99269376
3341.05651310
3341.12140229
3341.19814817
3341.26116050
3341.34212771
3341.39168200
3341.45672697
3341.52229175
3341.58735306
3341.65433730
3341.71493836
3341.78159613
3341.84464894
3341.91065258
3341.97527820
3342.04106289
3342.10523015
3342.17080371
3342.24654412
3342.31244926
3342.38928657
3342.44021741
3342.50501589
3342.57172877
3342.63581021
3342.69942085
3342.76535110
3342.82920312
3342.89476668
3342.96060403
3343.02656988
3343.08836487
3343.15522257
3343.22914124
3343.29679083
3343.35958203
3343.44139818
3343.48919948
3343.55418814
3343.61909414
3343.68307489
3343.74968146
3343.81357931
3343.88026659
3343.94224493
3344.00903192
3344.07406178
3344.13969605
3344.21450365
3344.27835956
3344.34412207
3344.40703469
3344.48973196
3344.53765102
3344.60268429
3344.67034657
3344.73242950
3344.79902852
3344.89492296
3344.95958369
3345.02435974
3345.09229533
3345.15601983
3345.21897804
3345.29503028
3345.35978244
3345.42549326
3345.50850578
3345.55601817
3345.61993114
3345.68481520
3345.74875084
3345.81359077
3345.87935596
3345.96928195
3346.03011755
3346.13088355
3346.19242133
3346.25737634
3346.33501188
3346.39989155
3346.48166625
3346.52844867
3346.59324058
3346.65821143
3346.72299773
3346.78689168
3346.85363454
3346.91752459
3346.98139904
3347.04839108
3347.11308619
3347.17678728
3347.24074292
3347.30664732
3347.38321644
3347.44620854
3347.53182422
3347.57770527
3347.64376499
3347.70743024
3347.77221264
3347.83614389
3347.90183155
3347.96571721
3348.03377421
3348.09561260
3348.16110058
3348.22512326
3348.29081018
3348.36756728
3348.44137867
3348.50721530
3348.58706707
3348.63695270
3348.70091419
3348.76659063
3348.83355951
3348.89621100
3348.96214393
3349.02509337
3349.09089952
3349.15550198
3349.22038482
3349.28429681
3349.35004615
3349.41488584
3349.48765227
3349.55155036
3349.63427836
3349.68204601
3349.74790970
3349.81077453
3349.87754153
3349.94166296
3350.00728966
3350.07222809
3350.13917795
3350.20401301
3350.26750760
3350.34168349
3350.40637396
3350.48300623
3350.54586570
3350.61261710
3350.69445177
3350.74144753
3350.80708374
3350.87300399
3350.93680359
3351.00078702
3351.09839105
3351.15313385
3351.21801402
3351.28283590
3351.35962470
3351.42357497
3351.48835761
3351.56310523
3351.62805780
3351.70798345
3351.75964255
3351.82441714
3351.88724369
3351.95536457
3352.01887159
3352.08189953
3352.14775737
3352.21133851
3352.27811307
3352.34194802
3352.40912877
3352.47268772
3352.53980240
3352.61236597
3352.67730050
3352.76215500
3352.80590248
3352.87267729
3352.93647518
3353.00237836
3353.06717343
3353.14217827
3353.20596568
3353.27168771
3353.33744096
3353.43422457
3353.50004998
3353.56388737
3353.62795881
3353.70444187
3353.78460864
3353.83415318
3353.90089971
3353.96385328
3354.02878001
3354.09438526
3354.15924397
3354.22405708
3354.28893773
3354.35281022
3354.41963281
3354.48352579
3354.54822748
3354.61133978
3354.68796034
3354.75364117
3354.83453133
3354.88243016
3354.94833066
3355.01402124
3355.07787862
3355.14372110
3355.20751923
3355.27335293
3355.33712912
3355.40197808
3355.46800390
3355.53271144
3355.59557139
3355.67336639
3355.73623951
3355.80212636
3355.88572719
3355.93269077
3356.02943854
3356.08533408
3356.14917366
3356.21394483
3356.27882231
3356.34255925
3356.40835394
3356.48317031
3356.55009506
3356.61308545
3356.68972479
3356.75373797
3356.81871760
3356.89722720
3356.94926372
3357.01391299
3357.07799955
3357.14789463
3357.20856274
3357.27232966
3357.33808364
3357.40391319
3357.46783323
3357.53260343
3357.59746726
3357.66244909
3357.73799006
3357.80614751
3357.86690046
3357.95157382
3357.99742805
3358.06228310
3358.12607173
3358.19194712
3358.25764843
3358.32166575
3358.38632233
3358.45216530
3358.52702702
3358.59182014
3358.65761629
3358.73251239
3358.79744839
3358.86305315
3358.92686299
3359.01259203
3359.05748810
3359.12170046
3359.18830802
3359.25201082
3359.31690731
3359.38162266
3359.44553295
3359.51133081
3359.57534447
3359.64105041
3359.71606061
3359.78171389
3359.84651677
3359.91140960
3359.97610398
3360.05599233
3360.10582602
3360.17164997
3360.23457819
3360.30357313
3360.36413664
3360.43590783
3360.50011313
3360.57880047
3360.64065398
3360.70825944
3360.78395719
3360.84800693
3360.91562775
3360.97948074
3361.06120424
3361.11014730
3361.17613777
3361.24512442
3361.30667146
3361.38356168
3361.44841697
3361.51324398
3361.61213533
3361.66764808
3361.73271549
3361.80927291
3361.87511026
3361.93810529
3362.00385463
3362.11742404
3362.16732698
3362.23421321
3362.29903412
3362.36484881
3362.42976676
3362.49549976
3362.59228314
3362.65901820
3362.73583649
3362.79963877
3362.86575090
3362.94035809
3363.00819005
3363.12103706
3363.15969672
3363.22557431
3363.29141020
3363.35543483
3363.42000511
3363.48698398
3363.58471943
3363.63953708
3363.70628751
3363.77017902
3363.83697308
3363.89975209
3363.96653397
3364.04237995
3364.12426461
3364.17329788
3364.23901748
3364.30365797
3364.36953775
3364.43446277
3364.50018505
3364.56509276
3364.63180637
3364.69566521
3364.76160789
3364.82653511
3364.89316192
3364.95721191
3365.03369009
3365.09984123
3365.18042590
3365.23018523
3365.29527214
3365.36214106
3365.43770837
3365.50269775
3365.57170293
3365.63417791
3365.70005159
3365.76483447
3365.83085737
3365.89555418
3365.96148614
3366.03827396
3366.10308487
3366.18576971
3366.23378508
3366.29947859
3366.36662033
3366.43032435
3366.49606565
3366.55987256
3366.62580670
3366.69048572
3366.75827551
3366.82212216
3366.88686871
3366.95389659
3367.01849515
3367.09527175
3367.16024042
3367.24109693
3367.29280918
3367.35668460
3367.43342439
3367.49829358
3367.57413590
3367.63897608
3367.73773723
3367.80338174
3367.86845499
3367.93409072
3367.99993344
3368.06487382
3368.14556503
3368.22031680
3368.27315910
3368.33634430
3368.40209364
3368.46763209
3368.53376275
3368.59833107
3368.66620107
3368.72996922
3368.79480988
3368.87160306
3368.93549262
3369.00135461
3369.06720415
3369.13295520
3369.22486604
3369.27683234
3369.33949091
3369.40442787
3369.47031350
3369.53593607
3369.60164981
3369.67090050
3369.73240219
3369.80825915
3369.87401653
3369.93910027
3370.00481597
3370.06996968
3370.13548668
3370.23043197
3370.27706152
3370.34218915
3370.40873477
3370.47279061
3370.53836612
3370.60514189
3370.66909899
3370.73581674
3370.80287339
3370.86552465
3370.93128447
3370.99607589
3371.06302745
3371.12720642
3371.19354846
3371.28527400
3371.33522814
3371.39926935
3371.46583253
3371.53164429
3371.59570988
3371.66244177
3371.72813016
3371.79293425
3371.85786708
3371.92589799
3371.98945060
3372.05462577
3372.12108363
3372.18486518
3372.26077699
3372.34146089
3372.41346955
3372.48545115
3372.54723176
3372.61087288
3372.67563138
3372.74141973
3372.80725636
3372.87434299
3372.93701156
3373.01363164
3373.07872757
3373.14333637
3373.21102058
3373.32716658
3373.36179558
3373.42772948
3373.49237144
3373.55905969
3373.62289635
3373.68908845
3373.75455473
3373.82284335
3373.88614362
3373.95109644
3374.01778469
3374.07973938
3374.14750551
3374.21142799
3374.28807830
3374.37641221
3374.41906254
3374.48463244
3374.55294276
3374.62735563
3374.69100333
3374.75709815
3374.82289528
3374.88759453
3374.95463704
3375.02840162
3375.09601269
3375.15988128
3375.22475608
3375.29145457
3375.38422996
3375.43404830
3375.50046592
3375.57470154
3375.63878810
3375.70533494
3375.77121058
3375.83950553
3375.90093603
3375.97015600
3376.03603018
3376.09985805
3376.16314370
3376.22904396
3376.29632906
3376.35883427
3376.45240009
3376.51225582
3376.57631142
3376.64190009
3376.70869415
3376.77358163
3376.84186732
3376.90317396
3376.97004702
3377.03492645
3377.09986317
3377.16680084
3377.23149278
3377.29719287
3377.36199819
3377.42787943
3377.54060868
3377.58042546
3377.64638350
3377.71221427
3377.77950425
3377.84094328
3377.90914803
3377.97176466
3378.03829297
3378.10406718
3378.16795065
3378.23475910
3378.30156755
3378.37442394
3378.44058434
3378.50604355
3378.60011064
3378.64791536
3378.71706828
3378.78178752
3378.84762122
3378.91143691
3378.97575436
