2060.08946166
2060.15487739
2060.22227919
2060.29036268
2060.35665125
2060.42563879
2060.49001589
2060.55485525
2060.62271200
2060.69179828
2060.74798486
2060.82409382
2060.88855674
2060.95865117
2061.02317261
2061.08892577
2061.15870105
2061.22466511
2061.28901832
2061.35476075
2061.42055195
2061.48908771
2061.55769393
2061.62331738
2061.68939481
2061.75753389
2061.82469798
2061.88062416
2061.99788861
2062.06573756
2062.13325590
2062.19746965
2062.26512989
2062.33323849
2062.39696365
2062.46314835
2062.52995014
2062.59684701
2062.66417957
2062.73132683
2062.79595018
2062.86402465
2062.95199274
2063.00791624
2063.06645241
2063.14108242
2063.20872876
2063.27625832
2063.34075123
2063.40710782
2063.47461470
2063.54156814
2063.60700459
2063.70663090
2063.77331274
2063.84012891
2063.90642162
2063.97336335
2064.03955732
2064.10705908
2064.17274056
2064.23264694
2064.30655308
2064.37393026
2064.43948593
2064.50641669
2064.57257507
2064.63937003
2064.70694225
2064.77483606
2064.86131764
2064.92911563
2064.99493901
2065.06188976
2065.12769778
2065.19504277
2065.26043900
2065.32732636
2065.38484925
2065.46046328
2065.52775512
2065.59458202
2065.65918294
2065.72830116
2065.79409674
2065.86045236
2065.96008111
2066.04759254
2066.11467300
2066.18169860
2066.24915087
2066.31489892
2066.38076496
2066.44727052
2066.51479447
2066.57706360
2066.64788385
2066.71531832
2066.78090447
2066.84676466
2066.91356694
2066.98066398
2067.09094841
2067.15774313
2067.22420382
2067.32281077
2067.39030961
2067.45659622
2067.52268389
2067.59079493
2067.65694672
2067.72305487
2067.78169344
2067.85666429
2067.92310744
2067.99083350
2068.04704690
2068.12347183
2068.18930789
2068.25691961
2068.32272251
2068.38934217
2068.45515799
2068.52320028
2068.58976289
2068.65612752
2068.72198040
2068.78956750
2068.85596383
2068.91499932
2068.98944794
2069.05653156
2069.12408306
2069.18966800
2069.24789038
2069.32274933
2069.38923441
2069.45656989
2069.52270047
2069.58990308
2069.65674144
2069.74472610
2069.80954084
2069.87676807
2069.94311199
2070.01263176
2070.08104829
2070.14722666
2070.21268652
2070.27935323
2070.34779732
2070.41261620
2070.47846006
2070.54638800
2070.62006009
2070.67859747
2070.74700816
2070.80901787
2070.88029843
2070.94644023
2071.01263712
2071.07922533
2071.14558850
2071.21279526
2071.27908699
2071.34602677
2071.41202740
2071.47998972
2071.53732537
2071.65515424
2071.72391210
2071.79010071
2071.85606160
2071.92246012
2071.98952498
2072.05609637
2072.12348866
2072.19930285
2072.26729833
2072.33342671
2072.40046475
2072.46553646
2072.56468394
2072.63167175
2072.69897261
2072.75707675
2072.83296091
2072.90005381
2072.96489878
2073.03167033
2073.10013051
2073.16618258
2073.23119993
2073.29909374
2073.36395431
2073.43229112
2073.49976972
2073.56557677
2073.63133212
2073.69700873
2073.76521754
2073.83154341
2073.89061912
2073.96407471
2074.03333701
2074.09771217
2074.16543068
2074.23100001
2074.29762284
2074.36602108
2074.43238499
2074.49765004
2074.56426580
2074.63029228
2074.69870150
2074.80770545
2074.87516015
2074.96220420
2075.01868335
2075.07727924
2075.15130095
2075.21910528
2075.28586294
2075.35006109
2075.41016860
2075.48540984
2075.55149629
2075.61827857
2075.68451545
2075.78372802
2075.85073875
2075.91686421
2075.98357457
2076.05001064
2076.11816533
2076.18395628
2076.24325874
2076.31702054
2076.38326279
2076.45142698
2076.51651186
2076.58361085
2076.65018297
2076.71787661
2076.78375874
2076.84993687
2076.91650313
2076.98259421
2077.05062699
2077.11618876
2077.18344135
2077.25064469
2077.31591511
2077.37459854
2077.44921904
2077.51714601
2077.58297280
2077.64927941
2077.70880251
2077.78300318
2077.84918935
2077.91664844
2077.98332345
2078.05038855
2078.13764252
2078.19367598
2078.26044973
2078.32734196
2078.39297444
2078.45949341
2078.52629788
2078.59394909
2078.66121729
2078.72681002
2078.80334882
2078.87049925
2078.95980683
2079.02667980
2079.09251586
2079.15946832
2079.26815410
2079.33581458
2079.40224821
2079.47928121
2079.54626049
2079.61313859
2079.68115771
2079.74649347
2079.81258968
2079.87972694
2079.94620349
2080.01518127
2080.09305980
2080.18968019
2080.25616478
2080.32249747
2080.38155661
2080.47838741
2080.54596426
2080.61243349
2080.67694518
2080.76708439
2080.83267712
2080.89954912
2080.96497022
2081.03304298
2081.09903093
2081.16704128
2081.23461887
2081.29094051
2081.36520871
2081.43238572
2081.50028148
2081.55721703
2081.63185899
2081.69877610
2081.76623569
2081.83238187
2081.89904517
2081.96578064
2082.03298983
2082.09812957
2082.16505521
2082.23264450
2082.29866268
2082.37661606
2082.43483113
2082.50848468
2082.57767385
2082.64403751
2082.70951712
2082.77685577
2082.84305535
2082.91076411
2082.97513609
2083.04211439
2083.10895251
2083.17686021
2083.24221986
2083.30982890
2083.37549624
2083.44145737
2083.50910859
2083.57576287
2083.64239009
2083.70985284
2083.77776518
2083.83328762
2083.90935562
2083.97589921
2084.04322494
2084.10929091
2084.17661567
2084.24308197
2084.30912088
2084.37522878
2084.44181943
2084.50904033
2084.57580261
2084.64163550
2084.70964951
2084.77592076
2084.84312800
2084.90955481
2084.96694288
2085.04240306
2085.10868358
2085.17531568
2085.24167690
2085.30772775
2085.37533801
2085.44111921
2085.50726393
2085.57424248
2085.64069708
2085.70742012
2085.77441207
2085.84119192
2085.90816583
2085.99666371
2086.05342348
2086.10966321
2086.18552324
2086.25233770
2086.31868698
2086.38386280
2086.45165128
2086.51896970
2086.58461461
2086.65011763
2086.75089496
2086.81714038
2086.88392656
2086.95257934
2087.01754646
2087.08397254
2087.15108567
2087.21740983
2087.30742665
2087.38332496
2087.45094009
2087.51746101
2087.58310933
2087.65007959
2087.71678727
2087.78355419
2087.84970964
2087.91595261
2087.98330077
2088.04926824
2088.11613488
2088.18277917
2088.24859743
2088.31632301
2088.38233729
2088.44042655
2088.51583626
2088.58264585
2088.64992112
2088.71534855
2088.78271622
2088.84868320
2088.91601454
2088.98278146
2089.04839638
2089.11538712
2089.18267701
2089.24990644
2089.31489063
2089.38931438
2089.45674275
2089.52362938
2089.58931525
2089.65750602
2089.72346910
2089.79095453
2089.85594359
2089.92312548
2089.98929507
2090.05782912
2090.12273285
2090.18970896
2090.25579858
2090.32228243
2090.38917760
2090.45486250
2090.52188395
2090.58936719
2090.65599221
2090.71399370
2090.78951094
2090.85597553
2090.92350631
2090.98877502
2091.05546856
2091.12286085
2091.18909675
2091.25550869
2091.32096635
2091.38859343
2091.45571583
2091.52297378
2091.58833465
2091.65497626
2091.74394689
2091.80010811
2091.85758492
2091.93332085
2092.00071704
2092.06635513
2092.13114427
2092.19953033
2092.26099805
2092.32950577
2092.39559880
2092.46263684
2092.52890078
2092.59663758
2092.66410716
2092.73015484
2092.79701417
2092.86506816
2092.93220372
2092.99960405
2093.06713800
2093.13355408
2093.20077985
2093.26709207
2093.33671741
2093.41078446
2093.47892818
2093.54056413
2093.60636167
2093.67299303
2093.74845687
2093.81421735
2093.88075362
2093.95365771
2094.01936918
2094.08680999
2094.17599834
2094.23190990
2094.29869584
2094.36578459
2094.43278996
2094.50058356
2094.56697769
2094.63271915
2094.70129636
2094.76839779
2094.83485166
2094.90186921
2094.96787959
2095.03568904
2095.10229212
2095.16962785
2095.23761260
2095.29559995
2095.37152947
2095.43754765
2095.50469930
2095.57304001
2095.62917319
2095.70508442
2095.77429675
2095.84037686
2095.90790422
2095.96512235
2096.04083634
2096.10852048
2096.17549975
2096.24290741
2096.30858889
2096.37664215
2096.43989456
2096.51260067
2096.56677216
2096.63388578
2096.69146109
2096.76229256
2096.82690786
2096.89403538
2096.96216861
2097.02891139
2097.08688167
2097.15591968
2097.22255104
2097.29832013
2097.36766802
2097.43538092
2097.49588170
2097.55318809
2097.62846468
2097.70091772
2097.75755510
2097.83493504
2097.90102588
2097.96849960
2098.03531236
2098.10176135
2098.16890618
2098.23623922
2098.30367564
2098.36936468
2098.43726873
2098.50357558
2098.56876994
2098.63679662
2098.70540601
2098.77320449
2098.84029909
2098.90583111
2098.97223110
2099.04056913
2099.10777466
2099.17465227
2099.24030450
2099.30830095
2099.37405728
2099.44167705
2099.51026278
2099.57634046
2099.64314492
2099.71091951
2099.77753893
2099.84458915
2099.91045861
2099.97812787
2100.04456029
2100.11208228
2100.17019568
2100.24405770
2100.31009051
2100.37734237
2100.44412806
2100.50161731
2100.57773431
2100.64348650
2100.71149295
2100.77873676
2100.84952166
2100.90806514
2100.98480971
2101.04359041
2101.10305135
2101.17126552
2101.23736391
2101.30491883
2101.37332000
2101.43179009
2101.50431969
2101.57026522
2101.63732130
2101.69569411
2101.77127815
2101.83996165
2101.90705552
2101.97536893
2102.04806651
2102.12062512
2102.18783699
2102.25566985
2102.32206837
2102.42266285
2102.48995664
2102.55684449
2102.62465151
2102.69239098
2102.75132114
2102.86035996
2102.92849611
2102.99404057
2103.06236251
2103.13019414
2103.19825155
2103.26430508
2103.35524301
2103.42176661
2103.48952851
2103.55729798
2103.62441038
2103.68342904
2103.75977401
2103.82677986
2103.89476705
2103.96171829
2104.02977057
2104.09526115
2104.16479190
2104.23154102
2104.30050295
2104.36736447
2104.43547283
2104.50210078
2104.56939531
2104.63768969
2104.70502347
2104.77206638
2104.84118606
2104.90806636
2104.97513682
2105.04348484
2105.10335489
2105.17119993
2105.23795808
2105.30640558
2105.37225821
2105.44002524
2105.50923245
2105.57591769
2105.64320710
2105.71366797
2105.78884826
2105.85607769
2105.92807505
2105.99588499
2106.06462945
2106.13176525
2106.19800237
2106.26629530
2106.34343045
2106.41113506
2106.47818943
2106.55521243
2106.62115918
2106.68911467
2106.75789278
2106.82519998
2106.89262348
2106.97933058
2107.04749599
2107.11525010
2107.18210723
2107.25074002
2107.31678673
2107.38049677
2107.44734415
2107.51356469
2107.57519748
2107.64304789
2107.70052690
2107.76734038
2107.83447229
2107.90208108
2107.96369729
2108.03197290
2108.09945857
2108.16598461
2108.22248692
2108.28865187
2108.42257581
2108.48960507
2108.55237986
2108.60991202
2108.68623309
2108.75078915
2108.81963552
2108.88739133
2108.95628573
2109.02252164
2109.08994684
2109.19013757
2109.25738846
2109.32570088
2109.39260044
2109.46124835
2109.52702004
2109.59466857
2109.66318507
2109.73116592
2109.79255319
2109.84858275
2109.91622616
2109.97704633
2110.03554422
2110.10281314
2110.17116800
2110.23797856
2110.30446681
2110.37516710
2110.43953689
2110.50583204
2110.58155334
2110.64036599
2110.70603455
2110.77489213
2110.84138233
2110.90955603
2110.98309670
2111.05407762
2111.12209992
2111.18993009
2111.25571666
2111.34482260
2111.42339842
2111.48959483
2111.55772001
2111.62899911
2111.70305544
2111.76969314
2111.83248012
2111.89921535
2111.96802125
2112.04393126
2112.11037001
2112.17817044
2112.24585311
2112.31455490
2112.38103998
2112.44882090
2112.50693723
2112.58264171
2112.65152733
2112.71935945
2112.78677491
2112.84640334
2112.91460069
2112.97220745
2113.04027071
2113.10682795
2113.17382210
2113.24253657
2113.30989595
2113.37787753
2113.51052634
2113.56698769
2113.64477235
2113.71222413
2113.80255059
2113.85861355
2113.91666551
2113.98152438
2114.04865165
2114.11721740
2114.18488544
2114.25319859
2114.32041364
2114.38683703
2114.48615663
2114.55513807
2114.62368578
2114.68977540
2114.75722303
2114.81501728
2114.89242307
2114.95870554
2115.02739855
2115.09645948
2115.16359601
2115.23114678
2115.31811915
2115.38745387
2115.45473352
2115.52115521
2115.58934768
2115.65823160
2115.72395550
2115.79136389
2115.85519315
2115.92412388
2115.99227710
2116.05853299
2116.12504172
2116.19294601
2116.25041307
2116.31821862
2116.38600296
2116.45419616
2116.51869371
2116.58728237
2116.65488410
2116.72373169
2116.79167352
2116.85861574
2116.92570205
2117.01396734
2117.08093882
2117.14308068
2117.21193120
2117.27983524
2117.34991919
2117.41652520
2117.48539912
2117.54216961
2117.63574312
2117.69467133
2117.76595409
2117.82513976
2117.88224062
2117.94156429
2117.99973717
2118.06029305
2118.11572650
2118.17744169
2118.24936616
2118.30598598
2118.36500562
2118.42516311
2118.48153474
2118.59859634
2118.65472172
2118.72502631
2118.79343626
2118.85298204
2118.91276139
2118.97016872
2119.02968280
2119.08846546
2119.14794858
2119.20534103
2119.26606124
2119.32443356
2119.38413953
2119.44302848
2119.50111555
2119.56101241
2119.61919579
2119.67698297
2119.74868703
2119.80647665
2119.86457176
2119.92397003
2119.98375523
2120.04066787
2120.09954342
2120.15939298
2120.21728159
2120.27750589
2120.36769752
2120.46129955
2120.51954265
2120.59023417
2120.64791749
2120.71866143
2120.77639229
2120.83442206
2120.89475413
2120.95365015
2121.01366722
2121.07141100
2121.13242280
2121.18908846
2121.24878004
2121.30673984
2121.36721868
2121.42515312
2121.48284936
2121.54571899
2121.60337354
2121.69403572
2121.74188304
2121.79908630
2121.85957513
2121.91583241
2121.97679375
2122.03415865
2122.10824253
2122.16619819
2122.22568545
2122.28511493
2122.34354455
2122.40093725
2122.47059794
2122.53012909
2122.58746986
2122.66798104
2122.72864395
2122.78711478
2122.84796445
2122.90440629
2122.96625997
2123.02418442
2123.08279933
2123.14036270
2123.19913316
2123.25897249
2123.31711246
2123.37661996
2123.43458098
2123.49433936
2123.55331316
2123.62405637
2123.68682433
2123.74166069
2123.80017491
2123.85899584
2123.91858819
2123.97806497
2124.03473160
2124.09412939
2124.15284183
2124.21057342
2124.28170794
2124.34018072
2124.39811394
2124.45826997
2124.51769238
2124.58756495
2124.64501372
2124.70439420
2124.76455779
2124.82207776
2124.88134145
2124.94095184
2124.99986712
2125.05950799
2125.11823457
2125.17811973
2125.23656032
2125.29456157
2125.35417634
2125.41360656
2125.47051407
2125.54095642
2125.60055998
2125.66074478
2125.71783248
2125.77856073
2125.83539145
2125.89615481
2125.95263566
2126.01285411
2126.06987598
2126.14191283
2126.19838735
2126.25988872
2126.32049263
2126.37698324
2126.43704077
2126.50459641
2126.56386254
2126.62305407
2126.68189743
2126.74106896
2126.79846800
2126.85874667
2126.91645242
2126.96547490
2127.02901062
2127.08756970
2127.14479612
2127.20462448
2127.26146056
2127.32235387
2127.37991065
2127.44842398
2127.50992413
2127.56804826
2127.62712836
2127.68492262
2127.74487556
2127.80412364
2127.86186182
2127.93143986
2127.99158200
2128.05030297
2128.10971929
2128.16752841
2128.22733702
2128.28560011
2128.35591495
2128.41467225
2128.47207250
2128.53151222
2128.59248380
2128.64989210
2128.70845899
2128.76828832
2128.82674768
2128.88469163
2128.94411453
2129.00352987
2129.06311758
2129.12133997
2129.18182002
2129.23824285
2129.31006588
2129.36762047
2129.42824438
2129.48404427
2129.54627829
2129.60111148
2129.66203356
2129.73295085
2129.79065513
2129.84856276
2129.90939146
2129.96754094
2130.02603030
2130.08853104
2130.14823237
2130.21576753
2130.27270797
2130.33216256
2130.39140894
2130.45043004
2130.50994510
2130.56657980
2130.62728830
2130.68611241
2130.74669925
2130.80287266
2130.87333792
2130.93364487
2130.99049778
2131.05010768
2131.11838597
2131.17819604
2131.23786055
2131.29833842
2131.35606367
2131.41494336
2131.47409051
2131.53363556
2131.60188508
2131.66270403
2131.72020962
2131.77838129
2131.83605217
2131.89548629
2131.95512227
2132.01675725
2132.08436288
2132.14330840
2132.20292732
2132.26058187
2132.34099431
2132.38876361
2132.44754944
2132.50639938
2132.56660393
2132.62455642
2132.68434454
2132.74348584
2132.80288656
2132.86036898
2132.91791064
2132.98852902
2133.04811405
2133.10647516
2133.16480945
2133.22454637
2133.28307839
2133.34395635
2133.40322516
2133.47217051
2133.53215734
2133.58909656
2133.64916311
2133.70855992
2133.76691957
2133.82511172
2133.89624965
2133.95429235
2134.01280559
2134.07206490
2134.13248546
2134.18869057
2134.24762146
2134.30779114
2134.36752149
2134.42520700
2134.50490483
2134.55417308
2134.61236913
2134.67212677
2134.73090577
2134.78891507
2134.85941105
2134.91731819
2134.97698197
2135.03647118
2135.09483107
2135.15399188
2135.21403722
2135.28180937
2135.33990424
2135.39786452
2135.45829143
2135.51935126
2135.57982303
2135.63631290
2135.69476398
2135.75522282
2135.82534773
2135.88174081
2135.94267094
2136.00008606
2136.05990881
2136.11891894
2136.17741536
2136.23518060
2136.29578744
2136.35435944
2136.41233460
2136.47274152
2136.52822007
2136.58968560
2136.64974509
2136.70671624
2136.77776811
2136.83578642
2136.89568280
2136.95248401
2137.01597487
2137.07049330
2137.12921135
2137.18875713
2137.24623540
2137.30681396
2137.35380990
