2153.39919792
2153.46021338
2153.51894630
2153.57680565
2153.63659206
2153.69422370
2153.75409423
2153.82305641
2153.88019530
2153.94019968
2153.99888847
2154.06886685
2154.12953830
2154.18684761
2154.24715139
2154.30428346
2154.36361517
2154.46646367
2154.52553646
2154.58241326
2154.64180446
2154.70117080
2154.76015289
2154.81859592
2154.87925347
2154.94673304
2155.01865336
2155.07843222
2155.13555185
2155.19560427
2155.25348093
2155.31492208
2155.37257882
2155.43170305
2155.48971893
2155.54997614
2155.60690926
2155.66657646
2155.72347861
2155.78259114
2155.84006698
2155.89907857
2155.97097353
2156.02850081
2156.08785301
2156.16903345
2156.21729963
2156.27525602
2156.33344012
2156.39304198
2156.45152280
2156.51183633
2156.57102200
2156.62767669
2156.68881991
2156.74709446
2156.80575985
2156.86359189
2156.93384748
2156.99369168
2157.05078571
2157.11051557
2157.17066136
2157.22849072
2157.28905367
2157.34672334
2157.40623815
2157.46501544
2157.52390074
2157.58232744
2157.64020507
2157.69979401
2157.75984861
2157.82852749
2157.88784579
2157.94697612
2158.00492690
2158.07223288
2158.13041357
2158.19039479
2158.24983086
2158.30873566
2158.36549738
2158.42564269
2158.48432124
2158.54486517
2158.60189825
2158.66087742
2158.72073625
2158.78907452
2158.84943364
2158.90743538
2158.96664933
2159.02459280
2159.08440579
2159.14277080
2159.20079813
2159.26061040
2159.32031294
2159.37992845
2159.43998574
2159.49835002
2159.55529216
2159.61435837
2159.68486313
2159.74248818
2159.81648477
2159.88378905
2159.95180525
2160.01861191
2160.08573796
2160.15457994
2160.21875859
2160.28689328
2160.35475637
2160.42140528
2160.48778747
2160.55671406
2160.62216294
2160.69083865
2160.75663911
2160.82308883
2160.89017978
2160.95898616
2161.02546198
2161.09166740
2161.16020926
2161.22656390
2161.31491793
2161.38271909
2161.45170126
2161.51783477
2161.58419526
2161.65204616
2161.71762426
2161.78571848
2161.85314978
2161.92002447
2161.98633644
2162.05417417
2162.12241712
2162.18797450
2162.25643419
2162.32140106
2162.38896890
2162.45701728
2162.52412285
2162.59188720
2162.64883519
2162.72473862
2162.79301082
2162.86004739
2162.92632889
2162.98443570
2163.06090380
2163.12875030
2163.19551966
2163.26286490
2163.32985222
2163.41776009
2163.48530696
2163.55200683
2163.62188671
2163.68813919
2163.74389666
2163.82131805
2163.88793893
2163.95554723
2164.02328695
2164.09916795
2164.16699374
2164.23429655
2164.30148014
2164.36917476
2164.43638712
2164.50311966
2164.57149109
2164.63787426
2164.70533286
2164.77134276
2164.83930239
2164.90715719
2164.97309589
2165.04049111
2165.10535607
2165.17311237
2165.24197240
2165.31018218
2165.37605652
2165.44297460
2165.50992438
2165.57710431
2165.64491693
2165.71142931
2165.77885818
2165.84678929
2165.91833536
2165.97955659
2166.04922436
2166.11901134
2166.18624638
2166.25139904
2166.31974121
2166.38750702
2166.45478594
2166.52120689
2166.57919181
2166.65570890
2166.72194676
2166.78949948
2166.85670720
2166.92396711
2167.01120035
2167.07947109
2167.14683169
2167.21454654
2167.28235721
2167.33932860
2167.41448012
2167.48256337
2167.55083655
2167.61693299
2167.67517878
2167.75131285
2167.81760946
2167.88436029
2167.95304648
2168.02928393
2168.09694783
2168.16489356
2168.23329693
2168.29960159
2168.36527698
2168.43174109
2168.49984384
2168.56653786
2168.63531767
2168.70143655
2168.85449366
2168.92385422
2168.98980195
2169.05812291
2169.12505952
2169.19023071
2169.25681087
2169.32589788
2169.39316388
2169.46095895
2169.52636736
2169.59529492
2169.66078477
2169.72970818
2169.79554546
2169.87286249
2169.94066195
2170.00776557
2170.07438255
2170.14210252
2170.20802147
2170.27558662
2170.34403802
2170.41134108
2170.47782908
2170.54436877
2170.61251224
2170.68121233
2170.74637742
2170.81301025
2170.87983203
2170.94693199
2171.01485700
2171.08337838
2171.15002047
2171.21603231
2171.28273779
2171.35053846
2171.41711985
2171.48412204
2171.55190711
2171.61929063
2171.68637377
2171.75320237
2171.81921812
2171.88797355
2171.95382765
2172.02056409
2172.08852836
2172.15622883
2172.22223774
2172.28923141
2172.35708133
2172.42463283
2172.49267195
2172.55872499
2172.62438039
2172.69212620
2172.75926859
2172.84968867
2172.90467594
2172.97212748
2173.03911286
2173.10674798
2173.17474151
2173.23978616
2173.30794938
2173.37472751
2173.47499992
2173.54163372
2173.60839455
2173.67618986
2173.74320668
2173.81130334
2173.87630459
2173.94446757
2174.01198274
2174.07790925
2174.14678268
2174.21382754
2174.27975137
2174.34840026
2174.41479951
2174.48237613
2174.54793717
2174.61577441
2174.68358776
2174.75038223
2174.81774600
2174.88463531
2174.97181931
2175.02831723
2175.09644460
2175.16257933
2175.22974219
2175.29790663
2175.36586383
2175.43371204
2175.49911753
2175.58789994
2175.65571963
2175.72250679
2175.79051836
2175.84853691
2175.92400344
2175.99015011
2176.05814046
2176.12683128
2176.20156613
2176.29159270
2176.35839839
2176.42733789
2176.49516855
2176.56071131
2176.62648788
2176.69543713
2176.76194464
2176.82950784
2176.89459419
2176.96339887
2177.03112591
2177.12006533
2177.17605710
2177.24089695
2177.30849088
2177.37713196
2177.44415586
2177.51076674
2177.57853157
2177.64520048
2177.73406920
2177.80150489
2177.86916927
2177.93715670
2178.00309126
2178.06943907
2178.13731703
2178.20450184
2178.27138165
2178.33615567
2178.42724110
2178.49462632
2178.56126305
2178.62972371
2178.69546103
2178.76269362
2178.82942958
2178.89684333
2178.96417808
2179.03131315
2179.09836338
2179.16603435
2179.25498230
2179.31087387
2179.37856166
2179.44490191
2179.51263993
2179.57940295
2179.64609331
2179.71348853
2179.77956132
2179.86747602
2179.94580096
2180.01480751
2180.08179849
2180.14970815
2180.21542791
2180.28254835
2180.35004646
2180.41816701
2180.48347278
2180.57449677
2180.64023165
2180.70713437
2180.77499795
2180.83341416
2180.90786253
2180.97494299
2181.04262859
2181.11115118
2181.16913219
2181.24412328
2181.31196979
2181.37951617
2181.44658029
2181.51209989
2181.57908746
2181.64675623
2181.71496943
2181.78197357
2181.85041815
2181.90719913
2182.00381513
2182.07031020
2182.14031515
2182.20556217
2182.27367565
2182.34014658
2182.40909389
2182.47506209
2182.54136431
2182.60881366
2182.69858837
2182.76489473
2182.83230312
2182.89886548
2182.96609857
2183.03403528
2183.09986647
2183.16869943
2183.23486414
2183.30038251
2183.36873785
2183.43610796
2183.50246796
2183.57149914
2183.63831823
2183.72572751
2183.79321367
2183.86105359
2183.92809163
2183.99509066
2184.06242541
2184.12833656
2184.19566278
2184.26283735
2184.33033155
2184.39691611
2184.46634835
2184.53216149
2184.59950648
2184.66790497
2184.74598684
2184.81349250
2184.87847035
2184.94746398
2185.01666875
2185.07246401
2185.14895648
2185.21552909
2185.28373668
2185.35104754
2185.41666075
2185.48399453
2185.55271437
2185.61894344
2185.68794122
2185.75361466
2185.82012509
2185.88823320
2185.95289995
2186.02259844
2186.08794712
2186.15544254
2186.22122057
2186.28982679
2186.35518815
2186.42300882
2186.48182756
2186.55901415
2186.62487703
2186.69277888
2186.76093308
2186.82596432
2186.89430503
2186.96025422
2187.02823872
2187.09692881
2187.20592544
2187.27299396
2187.34116132
2187.40815815
2187.47573306
2187.54232248
2187.61961441
2187.68711324
2187.75331550
2187.82090308
2187.88739572
2187.95522906
2188.02175632
2188.08874779
2188.15906994
2188.22516858
2188.28935087
2188.35788980
2188.42507632
2188.49171865
2188.55909656
2188.62668829
2188.69307487
2188.76264584
2188.82849482
2188.89631475
2188.96235366
2189.02839354
2189.09827659
2189.16499401
2189.23245408
2189.28798701
2189.36751978
2189.43295501
2189.50130840
2189.56714348
2189.63425588
2189.69199455
2189.76876984
2189.83545947
2189.90181801
2189.96827944
2190.02676367
2190.10511641
2190.17192624
2190.23783593
2190.30645995
2190.36458212
2190.43908365
2190.50550314
2190.57306805
2190.64146898
2190.69753926
2190.77458176
2190.84254676
2190.91029307
2190.97190513
2191.04135395
2191.10635911
2191.17296511
2191.24143358
2191.30914087
2191.37447322
2191.44303945
2191.51068311
2191.57313875
2191.64416039
2191.71010592
2191.77769862
2191.84487612
2191.91292255
2191.98112868
2192.04909465
2192.11455670
2192.18055782
2192.25012123
2192.31591048
2192.38842203
2192.45629780
2192.52345847
2192.59312039
2192.65959449
2192.72806393
2192.79600577
2192.86343780
2192.92200908
2192.98746601
2193.05688972
2193.12565173
2193.19345167
2193.24992692
2193.31808672
2193.38588642
2193.45195507
2193.54371537
2193.61045108
2193.67870889
2193.73680766
2193.80553725
2193.87154495
2193.93896820
2194.00655189
2194.07458515
2194.14243605
2194.21015285
2194.30116319
2194.35665881
2194.41456741
2194.48406207
2194.55031699
2194.61854555
2194.68511230
2194.76209605
2194.82940471
2194.89752258
2194.96668785
2195.03369005
2195.10012003
2195.16517541
2195.23418635
2195.29948115
2195.36637412
2195.43537799
2195.50504966
2195.56941603
2195.63796373
2195.70528654
2195.76531092
2195.84071405
2195.89816819
2195.96615342
2196.03452949
2196.10226604
2196.16805382
2196.23775547
2196.29406712
2196.36276867
2196.43068734
2196.49835587
2196.56741558
2196.63566193
2196.70171595
2196.77077541
2196.83734948
2196.90505629
2196.97467456
2197.04164286
2197.10880622
2197.17856468
2197.24413133
2197.31326734
2197.38134742
2197.45007140
2197.52145826
2197.58563715
2197.65494651
2197.72121021
2197.78769261
2197.85620983
2197.92489748
2197.99261404
2198.05894625
2198.13294139
2198.18746933
2198.25643736
2198.33091572
2198.39755513
2198.45676274
2198.53399908
2198.60246242
2198.67168767
2198.72910963
2198.79984796
2198.86438768
2198.93264623
2199.00118369
2199.06724186
2199.13630766
2199.20599395
2199.27346597
2199.33819952
2199.42934005
2199.49832393
2199.56634428
2199.63314314
2199.70102159
2199.76371982
2199.83338734
2199.88638391
2199.96312409
2200.03021406
2200.11993270
2200.17818287
2200.23706452
2200.30727841
2200.36253778
2200.43342971
2200.49201927
2200.62218172
2200.67720069
2200.73643805
2200.80165678
2200.91358083
2200.97373492
2201.03520679
2201.10198809
2201.17807389
2201.23521474
2201.30151793
2201.37176279
2201.43222554
2201.50001475
2201.58779559
2201.66874733
2201.73819226
2201.80786538
2201.86290606
2201.93057336
2202.00971165
2202.06930010
2202.12365103
2202.20612415
2202.26406371
2202.33078260
2202.40550087
2202.47328789
2202.54020549
2202.61134586
2202.67899561
2202.74931557
2202.81658815
2202.88395728
2202.95017855
2203.02233415
2203.09000536
2203.15603012
2203.23921467
2203.32684021
2203.39485397
2203.45591965
2203.52427402
2203.59112944
2203.65503087
2203.72354663
2203.79072925
2203.87376117
2203.92833641
2203.99569067
2204.05773330
2204.12685103
2204.19303598
2204.26461691
2204.33376488
2204.39995007
2204.46856677
2204.53512499
2204.60395381
2204.67373640
2204.73926941
2204.80814040
2204.87536763
2204.94417329
2205.00153868
2205.07870626
2205.14611733
2205.22267636
2205.27731669
2205.33930885
2205.41298874
2205.48209038
2205.55087385
2205.61875571
2205.68699134
2205.75357930
2205.82211530
2205.89185816
2205.99058311
2206.06357595
2206.12467479
2206.18119904
2206.25132370
2206.30895143
2206.37842074
2206.45782283
2206.52739502
2206.58450685
2206.65207103
2206.71148856
2206.77125352
2206.84075964
2206.89612799
2206.95616285
2207.01333905
2207.07042942
2207.12989304
2207.20520840
2207.26760406
2207.32550291
2207.39205601
2207.45449971
2207.52035161
2207.57991007
2207.64048545
2207.69720036
2207.75554879
2207.81343764
2207.87263892
2207.93045292
2207.99139719
2208.04713906
2208.10987874
2208.18030085
2208.23924637
2208.29731685
2208.35724907
2208.43741063
2208.50291194
2208.56115358
2208.64099404
2208.71129278
2208.78097444
2208.82718824
2208.88642512
2208.94412843
2209.00542061
2209.06102789
2209.11954017
2209.17692628
2209.23565335
2209.29505235
2209.35208665
2209.42204894
2209.47953526
2209.53836302
2209.59840056
2209.66517480
2209.72482249
2209.79114373
2209.85072851
2209.90855983
2209.96813730
2210.02429510
2210.08373507
2210.14192673
2210.20407859
2210.26100244
2210.32915249
2210.38853102
2210.45661451
2210.51638557
2210.57218132
2210.63297296
2210.69065384
2210.75003042
2210.80643715
2210.86617993
2210.92448325
2210.98363967
2211.04031215
2211.12102862
2211.18942078
2211.24718114
2211.31456831
2211.39014942
2211.45503389
2211.58855359
2211.66231833
2211.75665764
2211.81419565
2211.88388072
2211.94247662
2212.00101108
2212.07014685
2212.13669897
2212.19522660
2212.25384030
2212.31211388
2212.38017958
2212.44969252
2212.50781080
2212.56394007
2212.63315508
2212.69162298
2212.75220593
2212.80977417
2212.86672069
2212.92531952
2212.99342398
2213.05321332
2213.11178289
2213.16987654
2213.22767615
2213.28584075
2213.35918467
2213.41888039
2213.47609950
2213.53610852
2213.59231313
2213.65142493
2213.70878813
2213.76764417
2213.83661245
2213.89448691
2213.95483653
2214.03332117
2214.09291546
2214.14950749
2214.20780375
2214.26797782
2214.32577963
2214.39330358
2214.45270454
2214.51140406
2214.56956744
2214.62680897
2214.68655126
2214.74442768
2214.81299635
2214.87030932
2214.94563078
2215.00916747
2215.06659016
2215.12592772
2215.20628726
2215.25355724
2215.32437676
2215.38425485
2215.44070644
2215.49878473
2215.55764370
2215.61398851
2215.67442833
2215.73223234
2215.79051762
2215.86088536
2215.91935302
2215.97366226
2216.03479109
2216.09295204
2216.15148917
2216.22004834
2216.28872038
2216.34729117
2216.40560522
2216.46315420
2216.52375056
2216.57998614
2216.64054958
2216.69709748
2216.75689925
2216.81382091
2216.87245314
2216.93212228
2216.99193138
2217.04731484
2217.10395246
2217.21995910
2217.28906879
2217.34574030
2217.41550144
2217.47435480
2217.54201138
2217.60211963
2217.65906933
2217.71893669
2217.77587225
2217.84592011
2217.90361611
2217.96237292
2218.02133112
2218.07870602
2218.14754727
2218.21904531
2218.27704753
2218.33556029
2218.39325799
2218.45314340
2218.50916028
2218.56965301
2218.62575742
2218.68593857
2218.75652720
2218.81217398
2218.88244030
2218.94187100
2218.99792348
2219.05803343
2219.11595178
2219.18500856
2219.23295292
2219.33311147
2219.37880108
2219.43887592
2219.49580709
2219.56720980
2219.63652331
2219.70711218
2219.76629005
2219.82462118
2219.88686178
2219.94416744
2220.00673084
2220.07949279
2220.14209203
2220.20413710
2220.27080138
2220.33105323
2220.39129118
2220.45258702
2220.51048465
2220.57261968
2220.63237465
2220.69141111
2220.75330380
2220.81333793
2220.87210449
2220.93235195
2220.99341544
2221.05301974
2221.11424804
2221.17440554
2221.23374237
2221.29470956
2221.35400104
2221.41519375
2221.47439040
2221.53592932
2221.59623822
2221.65148759
2221.72228468
2221.78116608
2221.84174487
2221.90271547
2221.96088178
2222.02326330
2222.08053605
2222.14170243
2222.22627401
2222.28748598
2222.35405224
2222.40822739
2222.46839683
2222.52679305
2222.58689715
2222.64842510
2222.70913239
2222.80365626
2222.85126197
2222.89927557
2222.94918796
2223.00903191
2223.05706087
2223.10394856
2223.15097279
2223.19921947
2223.24609619
2223.29488169
2223.34407776
2223.39074798
2223.44039802
2223.48787037
2223.53635550
2223.58328488
2223.63214791
2223.68314305
2223.72697703
2223.77508133
2223.82489449
2223.87382773
2223.92073981
2223.96761360
2224.01766154
2224.06401675
2224.11139011
2224.16053157
2224.20869950
2224.25857410
2224.30470062
2224.35495288
2224.40169355
2224.44949991
2224.50744411
2224.55750375
2224.60443655
2224.65361483
2224.70083727
2224.74868410
2224.79595164
2224.84616465
2224.89260470
2224.93973181
2224.99232635
2225.03756564
2225.08600225
2225.13242256
2225.18130095
2225.22764397
2225.27813955
2225.32480513
2225.37490720
2225.42338818
2225.47122502
2225.51899993
2225.56650787
2225.61353551
2225.66126800
2225.70917847
2225.75772820
2225.80613141
2225.85436469
2225.90655791
2225.95061107
2226.01049062
2226.05953798
2226.10628816
2226.15618226
2226.20242727
2226.25138807
2226.29849128
2226.34668872
2226.39348937
2226.44313771
2226.48886633
2226.53873142
2226.58860358
2226.63588014
2226.68296215
2226.72975646
2226.77793195
2226.82639416
2226.87544565
2226.92366552
2226.97301397
2227.02104464
2227.06834705
2227.11559582
2227.16295821
2227.21197825
2227.25923702
2227.30806055
2227.35397642
2227.40461390
2227.45347473
2227.49954347
2227.57041443
2227.61830174
2227.66645406
2227.71333420
2227.76249370
2227.81126262
2227.85815275
2227.90670980
2227.95340732
2228.00256634
2228.05195088
2228.09884588
2228.14770891
2228.19390589
2228.24203408
2228.29259305
2228.33862082
2228.38776887
2228.43598410
2228.48319508
2228.53257133
2228.57874100
2228.63065531
2228.67820835
2228.72470912
2228.77106481
2228.82083555
2228.86823719
2228.91612693
2228.96242631
2229.01286776
2229.07091168
2229.12032011
2229.16849463
2229.21613691
2229.26383112
2229.30971870
2229.35837035
2229.40990797
2229.45739592
2229.52649780
2229.57434415
2229.62137422
2229.66952289
2229.71796535
2229.76699125
2229.81436388
2229.87422612
2229.92112307
2229.97124197
2230.01643933
2230.06550765
2230.11312408
2230.16124106
2230.20930293
2230.25873306
2230.30813735
2230.35365557
2230.40249007
2230.45056170
2230.49790995
2230.56767109
2230.61491059
2230.68810140
2230.73510831
2230.79207849
2230.83977758
2230.88974409
2230.93696555
2230.98701228
2231.03254195
2231.07949181
2231.12919404
2231.17895990
2231.22655512
2231.27312659
2231.32100682
2231.36921499
2231.41879116
2231.46678331
2231.51431904
2231.56437479
2231.61141315
2231.65879943
2231.70748009
2231.75430488
2231.80324837
2231.84981252
2231.89882647
2231.94705219
2231.99506067
2232.04413411
2232.09034864
2232.13860434
2232.19717074
2232.24571731
2232.29372676
2232.34343996
2232.40330245
2232.44916492
2232.49766931
2232.54444948
2232.59184453
2232.64134415
2232.69099883
2232.73847044
2232.78592450
2232.83450008
2232.88309663
2232.93115046
2232.98110722
2233.04864580
2233.09486447
2233.15623248
2233.20486390
2233.25236891
2233.30006922
2233.34805088
2233.39611665
2233.44381087
2233.49015389
2233.53856587
2233.58820934
2233.63699337
2233.68451326
2233.73160380
2233.78007576
2233.82751665
2233.88649972
2233.93526255
2233.98433940
2234.03191658
2234.08017009
2234.12671206
2234.17572601
2234.22428696
2234.29266254
2234.34030482
2234.39106078
2234.43811548
2234.48806834
2234.53383085
2234.58236206
2234.63080623
2234.67872401
2234.72605275
2234.77257278
2234.82429496
2234.87219811
2234.92010883
2234.96781352
2235.01443814
2235.06233325
2235.11179410
2235.16038919
2235.21031060
2235.25791387
2235.30341891
2235.37216605
2235.42339794
2235.47005230
2235.53781006
2235.58719485
2235.64586437
2235.69712186
2235.74294044
2235.79183102
2235.83939407
2235.88696710
2235.93388088
2235.98268589
2236.03003218
2236.09306760
2236.14915568
2236.19652635
2236.24478303
2236.29372408
2236.33956559
2236.39127777
2236.43727312
2236.48637021
2236.53480048
2236.58186981
2236.62942651
2236.67803622
2236.72486394
2236.79263730
2236.85520217
2236.90325697
2236.96095005
2237.00936910
2237.05738514
2237.10459929
2237.15474061
2237.20249115
2237.25005809
2237.29616412
2237.34708856
2237.39376024
2237.44256671
2237.49241887
2237.53833693
2237.58853872
2237.63339938
2237.68169824
2237.73156601
2237.77694793
2237.82638830
2237.87440215
2237.92134640
2237.97325266
2238.04227067
2238.07660828
2238.12442781
2238.17474980
2238.22438692
2238.27105275
2238.31877353
2238.36578093
2238.45915793
2238.50631405
2238.55338728
2238.60411374
2238.65113846
2238.69818535
2238.74778006
2238.79296596
2238.84151399
2238.88853870
2238.93936976
2238.98824766
2239.03591286
2239.08446479
2239.13170552
2239.18094060
2239.22774661
2239.27645410
2239.32389743
2239.37165478
2239.42182171
2239.46765956
2239.51553345
2239.56439990
2239.61241057
2239.66010186
2239.70815691
2239.75603007
2239.80571474
2239.85238593
2239.90292661
2239.97163474
2240.01697376
2240.06673498
2240.11403934
2240.16254397
2240.21087087
2240.25892860
2240.32844252
2240.37711319
2240.42511460
2240.47112701
2240.52036892
2240.56820601
2240.61758079
2240.66413861
2240.71202567
2240.76115616
2240.81125214
2240.85790577
2240.90546832
2240.95354800
2241.00096085
2241.05081107
2241.09813176
2241.14427023
2241.19457880
2241.24107299
2241.29013033
2241.33878564
2241.38508453
2241.43440519
2241.50428190
2241.57534669
2241.63316386
2241.70165110
2241.73814935
2241.78705626
2241.84229442
2241.88508173
2241.93277618
2241.98108796
2242.02789641
2242.07568888
2242.12541768
2242.17165537
2242.21987401
2242.26870584
2242.32929366
2242.38681655
2242.44379477
2242.49376372
2242.54245146
2242.58959783
2242.63900236
2242.68718468
2242.73435299
2242.78268038
2242.83001302
2242.87831602
2242.92994872
2242.97576292
2243.02228880
2243.07064398
2243.11942460
2243.16753304
2243.21525675
2243.26509551
2243.31145365
2243.35943506
2243.40932161
2243.45720185
2243.50244772
2243.55188931
2243.59985732
2243.64594093
2243.69382287
2243.74369625
2243.79153797
2243.85084140
2243.89770105
2243.94727235
2243.99411981
2244.04502645
2244.09035132
2244.13925141
2244.18803082
2244.23565115
2244.28335756
2244.33330139
2244.37908024
2244.42781332
2244.47518424
2244.52271998
2244.59309332
2244.64361279
2244.69029812
2244.73822493
2244.78888776
2244.83573156
2244.88216650
2244.93051387
2244.97595139
2245.02689631
2245.07561842
2245.12258022
2245.17198719
2245.22175817
2245.26892892
2245.31549283
2245.36507657
2245.41025954
2245.45804055
2245.50616435
2245.55806988
2245.60529549
2245.65193108
2245.69969941
2245.74840567
2245.79488010
2245.84385651
2245.89203029
2245.93969451
2245.98892228
2246.03766512
2246.08518769
2246.13065372
2246.18137507
2246.22808770
2246.27736667
2246.32260841
2246.37266586
2246.42082526
2246.49044792
2246.54000191
2246.58734503
2246.63749026
2246.68225242
2246.72904648
2246.77839031
2246.82730771
2246.88636806
2246.93667420
2246.98213268
2247.03069339
2247.08014669
2247.12740253
2247.17707866
2247.22309108
2247.27166641
2247.31857556
2247.36526552
2247.41468273
2247.46065613
2247.51050416
2247.66619904
2247.74521786
2247.80537512
2247.85438809
2247.90665470
2247.95572326
2248.00468479
2248.05389233
2248.10526440
2248.16346923
2248.21318047
2248.26322208
2248.31481505
2248.36226325
2248.41173581
2248.46181691
2248.51346400
2248.55979922
2248.62245454
2248.67076120
2248.72111781
2248.77087416
2248.82093088
2248.86964909
2248.92061254
2248.96984177
2249.01857315
2249.06796476
2249.11906108
2249.16909757
2249.21632464
2249.27765583
2249.32711010
2249.37854849
2249.43874305
2249.48650113
2249.53944700
2249.58897490
2249.63778307
2249.68713787
2249.73880763
2249.78642114
2249.83542461
2249.88487181
2249.93410397
2249.98486188
2250.03391704
2250.08515770
2250.13606044
2250.18269457
2250.24282841
2250.30401868
2250.35259743
2250.40393025
2250.45295542
2250.50183284
2250.55114667
2250.60409570
2250.64291526
