4083.81774431
4083.88278539
4083.94746660
4084.01470781
4084.07909231
4084.15662448
4084.22036336
4084.28684316
4084.36435314
4084.42902948
4084.50771316
4084.58379515
4084.64966176
4084.72642032
4084.79191464
4084.86953897
4084.93318619
4085.00106179
4085.06636911
4085.13022453
4085.19590561
4085.26181879
4085.32758178
4085.40590170
4085.47273819
4085.54834305
4085.61286091
4085.69002858
4085.75680314
4085.82038258
4085.88802315
4085.95185273
4086.01908785
4086.08430252
4086.14920974
4086.21494299
4086.27849122
4086.34459530
4086.41137303
4086.47628952
4086.55498783
4086.65202403
4086.71786724
4086.79496104
4086.85881306
4086.92647850
4086.99186529
4087.05808787
4087.12487730
4087.18827608
4087.26669791
4087.34114808
4087.40834736
4087.48545554
4087.56122960
4087.62820896
4087.69404095
4087.75879823
4087.83649376
4087.90023216
4087.96596589
4088.03195539
4088.09826476
4088.17578035
4088.23985082
4088.30640205
4088.37131610
4088.43931946
4088.51409244
4088.57977229
4088.64568742
4088.71224402
4088.77589928
4088.85486529
4088.93136956
4088.99641210
4089.06141075
4089.12817531
4089.19494549
4089.25990245
4089.32709051
4089.39216035
4089.45762956
4089.52451944
4089.59933216
4089.69828641
4089.77454370
4089.84771948
4089.91410346
4089.98030531
4090.05856793
4090.12220613
4090.18738446
4090.25383963
4090.31932761
4090.38540195
4090.46222098
4090.52663790
4090.59350901
4090.65831578
4090.72620943
4090.79103546
4090.85536461
4090.92149820
4090.98687281
4091.05314195
4091.13107104
4091.19582686
4091.26179221
4091.32624888
4091.39246511
4091.45837464
4091.52430684
4091.59187866
4091.65570970
4091.73177316
4091.79840314
4091.86426805
4091.94172440
4092.00563346
4092.07270450
4092.14841736
4092.21464774
4092.28130112
4092.34492713
4092.41306068
4092.47798692
4092.54305018
4092.60954485
4092.67483973
4092.74052422
4092.81914280
4092.88432748
4092.94942683
4093.04786445
4093.10192263
4093.17985538
4093.25600442
4093.33293779
4093.40913169
4093.47447826
4093.54050116
4093.60753123
4093.67321596
4093.74790921
4093.81443045
4093.88049723
4093.94560536
4094.01104189
4094.07602445
4094.14492625
4094.21974409
4094.28401424
4094.35221094
4094.41699284
4094.48154605
4094.54871290
4094.61452661
4094.67943871
4094.74602091
4094.81185851
4094.87811668
4094.94272255
4095.00931499
4095.07452795
4095.14006883
4095.20808024
4095.27205001
4095.33870267
4095.41562605
4095.47973626
4095.54603027
4095.61187275
4095.67759868
4095.74461169
4095.80848955
4095.88620409
4095.95245202
4096.01699426
4096.08387585
4096.14855731
4096.21436760
4096.27929628
4096.37797649
4096.45586413
4096.52113756
4096.58707317
4096.65201453
4096.71819029
4096.78529155
4096.85082293
4096.91536907
4096.98033652
4097.04845032
4097.11319663
4097.17879359
4097.24383491
4097.31064458
4097.37677792
4097.44217398
4097.51806166
4097.58483207
4097.65069113
4097.71789674
4097.78111168
4097.84806032
4097.91414612
4097.98822302
4098.05656455
4098.12102804
4098.18584846
4098.25313771
4098.31813124
4098.38378184
4098.45215457
4098.51644520
4098.59319523
4098.65807612
4098.72400661
4098.79095647
4098.85487553
4098.92278113
4098.98566692
4099.05270602
4099.12958380
4099.19531925
4099.26054610
4099.35834177
4099.42472112
4099.50296838
4099.56761790
4099.64558551
4099.71051663
4099.77743260
4099.84248416
4099.90578224
4100.00640829
4100.07042780
4100.20289124
4100.26870982
4100.33381795
4100.41032636
4100.47602474
4100.54134669
4100.60950657
4100.67283903
4100.75051212
4100.81435414
4100.88277515
4100.95887030
4101.02390796
4101.08937059
4101.15399450
4101.22020586
4101.28688363
4101.35323128
4101.41862637
4101.48358479
4101.54634990
4101.61261319
4101.67720127
4101.74484818
4101.82057616
4101.88696940
4101.95257587
4102.01713396
4102.08391803
4102.14767203
4102.21539184
4102.27903369
4102.34508243
4102.41308287
4102.47788672
4102.54373919
4102.60868079
4102.67471807
4102.74139511
4102.80750529
4102.88277539
4102.94831749
4103.01338807
4103.08160745
4103.14724390
4103.21213211
4103.27932237
4103.34267189
4103.40971757
4103.47588285
4103.54225805
4103.60809248
4103.67157878
4103.73785816
4103.80360848
4103.86952020
4103.94619513
4104.01159314
4104.07759239
4104.14308841
4104.20955309
4104.28641722
4104.35202735
4104.42821588
4104.49363267
4104.56092825
4104.62755141
4104.69220336
4104.75810533
4104.82321759
4104.88974591
4104.95539699
4105.03044596
4105.09707131
4105.16182103
4105.22865655
4105.30577521
4105.37253880
4105.43722343
4105.50337359
4105.56885255
4105.63466699
4105.69828617
4105.77727607
4105.84206163
4105.90810379
4105.97425712
4106.04973812
4106.11668603
4106.18597330
4106.25143372
4106.31907015
4106.38413073
4106.44859397
4106.51238065
4106.57802174
4106.64377108
4106.70882044
4106.77385177
4106.84127291
4106.90446323
4106.96908519
4107.03627106
4107.11132295
4107.17712935
4107.24154334
4107.30632330
4107.37208385
4107.43703765
4107.51308623
4107.57882192
4107.64586150
4107.70972937
4107.77377936
4107.83974447
4107.90451882
4108.00050615
4108.05733694
4108.12329766
4108.18802763
4108.25189818
4108.31764533
4108.39465574
4108.45833880
4108.52396745
4108.58919577
4108.65505678
4108.71962121
4108.78556462
4108.85131006
4108.91583207
4108.97960923
4109.04578451
4109.14375133
4109.22043846
4109.28428877
4109.35044112
4109.41614049
4109.48117571
4109.54580596
4109.61224114
4109.67613534
4109.74133928
4109.80695184
4109.87162866
4109.93854000
4110.00099499
4110.06832104
4110.13195168
4110.20073084
4110.27481238
4110.33887992
4110.40432621
4110.48038918
4110.54719958
4110.61068564
4110.78541639
4110.85058448
4110.91532884
4110.97985036
4111.04743047
4111.11134417
4111.17630381
4111.24132123
4111.30628502
4111.38354851
4111.44785840
4111.51349681
4111.57872927
4111.64459296
4111.70948580
4111.77410094
4111.84195899
4111.90471167
4111.97046467
4112.03547283
4112.10040224
4112.16590948
4112.23103442
4112.29594579
4112.36097906
4112.43908345
4112.50178664
4112.57876975
4112.64376255
4112.71096621
4112.77344582
4112.83940045
4112.90511517
4112.97084550
4113.03521049
4113.10039663
4113.16543600
4113.23147035
4113.29619545
4113.36168440
4113.42875470
4113.50470747
4113.56700082
4113.63460287
4113.69822277
4113.76374025
4113.82895102
4113.89367246
4113.99016667
4114.05787576
4114.12405762
4114.18685028
4114.25274298
4114.31800519
4114.38429018
4114.44799859
4114.52435048
4114.62252113
4114.67622871
4114.74346773
4114.80679970
4114.87163866
4114.93768789
4115.00273579
4115.06715222
4115.13414572
4115.19828226
4115.26256899
4115.33000769
4115.39404427
4115.46038656
4115.53412188
4115.60195140
4115.66572735
4115.73173196
4115.79481695
4115.86098199
4115.92704292
4115.99279104
4116.05847748
4116.12202132
4116.18833678
4116.25359071
4116.31891606
4116.38476537
4116.44928103
4116.52515286
4116.59019222
4116.65722717
4116.72083977
4116.78598056
4116.85148951
4116.91732174
4116.97977868
4117.04698576
4117.11243692
4117.17699550
4117.24249664
4117.30739118
4117.37361937
4117.43662073
4117.50266850
4117.57857689
4117.65497803
4117.72097557
4117.78543687
4117.85053231
4117.91780327
4117.98146340
4118.04631845
4118.11163674
4118.17599734
4118.24266194
4118.30856342
4118.37521071
4118.43954352
4118.50231668
4118.56848318
4118.64351630
4118.70928807
4118.77566303
4118.83988515
4118.90584441
4118.97100617
4119.03708928
4119.10153863
4119.16652558
4119.23025057
4119.29604990
4119.36339643
4119.42692808
4119.49286638
4119.55882198
4119.63422325
4119.69910732
4119.76441097
4119.82972804
4119.89581457
4119.96139739
4120.02472570
4120.09062986
4120.15435851
4120.22198007
4120.28413224
4120.35243280
4120.44826459
4120.50401213
4120.57014864
4120.63326850
4120.71135558
4120.77515176
4120.84107421
4120.90626035
4120.97047515
4121.03412505
4121.10095764
4121.16676354
4121.23174951
4121.30861413
4121.37261390
4121.43978221
4121.50402261
4121.56896348
4121.63419473
4121.69984338
4121.77658048
4121.84079139
4121.90725046
4121.96980760
4122.03579856
4122.10222837
4122.16743962
4122.23256579
4122.29694638
4122.36310679
4122.42820686
4122.49375287
4122.56006078
4122.62227317
4122.68841383
4122.76387849
4122.82858750
4122.89531427
4122.96149833
4123.02547054
4123.09079370
4123.15566899
4123.22039482
4123.28452672
4123.35156143
4123.41694725
4123.48315325
4123.54729881
4123.61308765
4123.67831572
4123.75370676
4123.81827704
4123.88364433
4123.95134829
4124.01471878
4124.08004073
4124.14639350
4124.20960551
4124.28690167
4124.35242403
4124.41707623
4124.48265246
4124.54789297
4124.61306961
4124.67821040
4124.74378517
4124.82029773
4124.88457934
4124.94932370
4125.01558162
4125.07976863
4125.14677896
4125.21232911
4125.27493916
4125.34235250
4125.40566277
4125.47096667
4125.53691130
4125.60208062
4125.66683181
4125.73180437
4125.80885282
4125.87335069
4125.93977514
4126.00383317
4126.07041878
4126.13443586
4126.19995919
4126.26395724
4126.33089613
4126.39675299
4126.46034560
4126.52676029
4126.59061353
4126.65558755
4126.72038921
4126.79689640
4126.87332753
4126.93949305
4127.00386755
4127.07120970
4127.14615261
4127.21108007
4127.27647394
4127.34258680
4127.40853314
4127.47094229
4127.53675234
4127.60318045
4127.66688106
4127.73178706
4127.79712168
4127.87379467
4127.93898837
4128.00502296
4128.07027884
4128.13429396
4128.19968905
4128.26504610
4128.33153857
4128.39527941
4128.46021857
4128.52629949
4128.59106774
4128.65671103
4128.72212001
4128.78885459
4128.85288824
4128.92822881
4128.99308239
4129.05986768
4129.12229463
4129.18934567
4129.25388011
4129.31911233
4129.38494871
4129.45077022
4129.51669754
4129.58057394
4129.64615505
4129.71048786
4129.77608677
4129.84272699
4129.91745901
4129.99465545
4130.05946905
4130.12478441
4130.18955925
4130.25490045
4130.31947951
4130.38620945
4130.45099842
4130.51550799
4130.58076679
4130.64760645
4130.71171178
4130.77701885
4130.85232675
4130.91780473
4130.99359659
4131.05898338
4131.12495508
4131.18875272
4131.25417585
4131.32002515
4131.38558773
4131.45036647
4131.51415290
4131.58126441
4131.64700741
4131.71217380
4131.78451600
4131.85010320
4131.91500531
4131.97906676
4132.05542693
4132.12047873
4132.18628025
4132.25247259
4132.31733203
4132.39426028
4132.45770660
4132.52361417
4132.58846020
4132.65517308
4132.75226048
4132.80549020
4132.88172433
4132.94774893
4133.01223290
4133.07811439
4133.15362879
4133.21878031
4133.28420368
4133.34792452
4133.41444674
4133.48003127
4133.54535053
4133.61162650
4133.67665441
4133.74009268
4133.80516472
4133.87208581
4133.93784075
4134.00162475
4134.06761253
4134.14364040
4134.20891260
4134.27394246
4134.34048004
4134.40241913
4134.47040469
4134.53306301
4134.60043125
4134.66609038
4134.73027690
4134.79550279
4134.86065016
4134.93739702
4135.00242542
4135.06823547
4135.13300689
4135.20767210
4135.28446138
4135.34964411
4135.41524375
4135.48021047
4135.54472759
4135.61025166
4135.67530370
4135.74013998
4135.80617921
4135.87314101
4135.93580373
4136.01220754
4136.07767553
4136.15411909
4136.21958488
4136.29582437
4136.35957009
4136.42740887
4136.49206107
4136.55852283
4136.62240288
4136.68723623
4136.75274639
4136.81625122
4136.88286097
4136.94657986
4137.02480177
4137.08882567
4137.15474836
4137.21953807
4137.28450137
4137.36100905
4137.43594026
4137.50178810
4137.56832446
4137.63203482
4137.69833078
4137.76307904
4137.83038169
4137.89398137
4137.95855530
4138.02419980
4138.08925673
4138.15567338
4138.21948077
4138.28440214
4138.34950026
4138.42638536
4138.49024689
4138.55859158
4138.62118603
4138.68695731
4138.75416585
4138.81863129
4138.88315135
4138.94933954
4139.01448643
4139.07903038
4139.14383325
4139.24286723
4139.29635514
4139.36232879
4139.43820988
4139.50308736
4139.56778174
4139.63366493
4139.69704030
4139.76317218
4139.82800333
4139.89301295
4139.96053796
4140.02507118
4140.08888516
4140.15404326
4140.22057718
4140.28495924
4140.35082586
4140.41540394
4140.49159101
4140.55739448
4140.62221222
4140.68870006
4140.75175701
4140.81799007
4140.88201568
4140.94833164
4141.01317132
4141.08971216
4141.15450650
4141.22050746
4141.28476419
4141.35016172
4141.41570236
4141.49036245
4141.55732011
4141.62123357
4141.68752027
4141.76499392
4141.82909950
4141.89477740
4141.96039436
4142.02452748
4142.09008251
4142.15623462
4142.21963754
4142.28511431
4142.35090607
4142.41582865
4142.49951872
4142.55690003
4142.62154028
4142.68778114
4142.75350245
4142.81792229
4142.88317548
4142.94987007
4143.01358848
4143.07974937
4143.14464587
4143.21037936
4143.27471632
4143.33889967
4143.40561425
4143.46924026
4143.54612682
4143.61166819
4143.67788028
4143.74306886
4143.80878382
4143.87342213
4143.93813747
4144.00362984
4144.06859582
4144.13519215
4144.19854046
4144.27641079
4144.33922930
4144.40649392
4144.47018404
4144.53612697
4144.61205487
4144.67677095
4144.74144972
4144.80571207
4144.87318880
4144.93728146
4145.00255756
4145.10006480
4145.15500022
4145.22024317
4145.28470690
4145.35089607
4145.41555973
4145.48149266
4145.54706963
4145.62248675
4145.68697438
4145.75281515
4145.81854937
4145.88406588
4145.95985578
4146.02562219
4146.10050244
4146.16631981
4146.23224372
4146.29629297
4146.36176657
4146.42810983
4146.49257283
4146.55804862
4146.62255526
4146.69842587
4146.76374391
4146.82907634
4146.89409644
4146.96097926
4147.02651721
4147.09010689
4147.15508384
4147.23051218
4147.30769521
4147.37153138
4147.43690111
4147.50193097
4147.56878209
4147.63388314
4147.71085699
4147.77547408
4147.84134508
4147.90483114
4147.97138895
4148.03723118
4148.10085133
4148.16762882
4148.23232100
4148.29760735
4148.38370821
4148.46615509
4148.53403484
4148.61383809
4148.69144170
4148.76917331
4148.84783626
4148.91672514
4148.99538103
4149.07519428
4149.15415176
4149.22194301
4149.30035752
4149.37948884
4149.45990820
4149.52712845
4149.60591014
4149.68449483
4149.76238687
4149.84333651
4149.92101448
4150.00093062
4150.07862639
4150.15960188
4150.23745124
4150.30406123
4150.38293362
4150.46271932
4150.54155953
4150.62021396
4150.69911756
4150.76834362
4150.84674936
4150.92587409
4151.00334434
4151.07109657
4151.15108342
4151.22977514
4151.30950818
4151.38669756
4151.44506703
4151.51519884
4151.58376419
4151.66351844
4151.74073536
4151.82031285
4151.88752797
4151.96557214
4152.04496726
4152.12536907
4152.20212080
4152.28182190
4152.36215374
4152.43958765
4152.51987365
4152.58687398
4152.65591475
4152.73475642
4152.81524819
4152.89235223
4152.97020013
4153.03901245
4153.11756058
4153.19667044
4153.27617576
4153.35411704
4153.42191024
4153.50169131
4153.58152821
4153.65918960
4153.73704457
4153.81698363
4153.89582822
4153.97657941
4154.05455824
4154.12200888
4154.20074693
4154.27878501
4154.35929019
4154.43639009
4154.50524069
4154.58482817
4154.66468896
4154.74248396
4154.80933849
4154.87808864
4154.95825932
4155.03596288
4155.11443713
4155.19461342
4155.26205017
4155.34012359
4155.42084211
4155.49849935
4155.56754744
4155.67923586
4155.75779032
4155.83779155
4155.91526301
4155.99330792
4156.07199989
4156.15171366
4156.23162883
4156.31068920
4156.38923756
4156.46882017
4156.54602734
4156.62542270
4156.70340738
4156.77137856
4156.85072955
4156.92974116
4157.00869084
4157.08641171
4157.16634151
4157.24595215
4157.32518611
4157.40362257
4157.47017819
4157.54921759
4157.62892405
4157.70986371
4157.78562167
4157.86502118
4157.94666203
4158.02381702
4158.10285228
4158.18195946
4158.26022745
4158.33931293
4158.41906035
4158.49690801
4158.56428941
4158.63344501
4158.71232204
4158.79201826
4158.87033428
4158.94854204
4159.01623918
4159.09591370
4159.17598686
4159.25388108
4159.33179945
4159.40147875
4159.47906090
4159.55902190
4159.63766511
4159.71658066
4159.78363975
4159.86236146
4159.94102735
4160.02070358
4160.09832742
4160.16828808
4160.24635761
4160.32587219
4160.40462755
4160.47154547
4160.55299591
4160.63022185
4160.71031232
4160.77768348
4160.85548920
4160.93559502
4161.01555993
4161.09507378
4161.16031063
4161.22802093
4161.30720248
4161.38701329
4161.46827404
4161.54388938
4161.62423755
4161.70222637
4161.78181215
4161.86283762
4161.92913285
4162.00675328
4162.08705830
4162.18590040
4162.24266852
4162.31274719
4162.39202504
4162.46946870
4162.54809241
4162.62708305
4162.69675675
4162.77462952
4162.85424821
4162.93299089
4163.07631678
4163.14454883
4163.21333238
4163.29157721
4163.36949899
4163.44796665
4163.51765181
4163.59531734
4163.67407417
4163.75495628
4163.82196027
4163.88932850
4163.96924221
4164.08017287
4164.15979839
4164.23860934
4164.30550459
4164.38432773
4164.46384694
4164.54257085
4164.60973454
4164.67960792
4164.75762307
4164.83828039
4164.91513965
4164.98262077
4165.05286523
4165.13045055
4165.21132632
4165.30979539
4165.37784166
4165.44641968
4165.52577652
4165.60437024
4165.68253339
4165.75132059
4165.82909218
4165.90831152
4165.98791826
4166.05587042
4166.12280248
4166.20265694
4166.28132989
4166.36192529
4166.51456689
4166.58369494
4166.66256538
4166.74213726
4166.82149630
4166.89875711
4166.97763169
4167.05646849
4167.13710947
4167.21616594
4167.28174339
4167.36217373
4167.44017426
4167.52015964
4167.61986458
4167.68885951
4167.76851185
4167.84570122
4167.92577267
4167.99186798
4168.05932520
4168.14033288
4168.21845629
4168.29724846
4168.37633760
4168.44484662
4168.52372803
4168.60334380
4168.68129313
4168.74898636
4168.82772319
4168.90760032
4168.98536558
4169.06414386
4169.13172396
4169.20081057
4169.28208936
4169.36088861
4169.43633596
4169.50522289
4169.58510416
4169.66423524
4169.74324489
4169.84234275
4169.89996445
4169.97925400
4170.06002859
4170.13639804
4170.20406323
4170.28302730
4170.36273449
4170.44280082
4170.55351644
4170.63267677
4170.71135606
4170.78965184
4170.86885411
4170.94944292
4171.01658149
4171.08445027
4171.16338288
4171.24161600
4171.32120178
4171.38830109
4171.46815335
4171.54589934
4171.62558069
4171.70354050
4171.78443237
4171.86338961
4171.94080353
4172.02088107
4172.09759672
4172.17836156
4172.25618972
4172.33495410
4172.41478320
4172.49272740
4172.56263638
4172.63916235
4172.71904850
4172.79867767
4172.87557935
4172.94410690
4173.02314630
4173.10302587
4173.18405061
4173.25103095
4173.32754594
4173.40706906
4173.48600338
4173.56597243
4173.64281388
4173.71273749
4173.79151504
4173.86992858
4173.94977913
4174.01657588
4174.12815727
4174.20889237
4174.28709526
4174.36458452
4174.44456258
4174.51218682
4174.59099582
4174.66991941
4174.74842146
4174.81637167
4174.89495295
4174.97417472
4175.05413133
4175.12067013
4175.19074294
4175.26948855
4175.34705973
4175.42600746
4175.50661870
4175.57274302
4175.65217373
4175.73247265
4175.81259335
4175.87878911
4175.94548760
4176.02445483
4176.10423882
4176.18323385
4176.25066718
4176.32995966
4176.40813890
4176.48809697
4176.56594878
4176.64480483
4176.70971376
4176.79066780
4176.86815998
4176.94599911
4177.01383010
4177.09338272
4177.17211614
4177.25216808
4177.31910721
4177.38780323
4177.46563870
4177.54538100
4177.62512087
4177.69307230
4177.76082892
4177.83979494
4177.91972570
4177.99842743
4178.06409217
4178.13268774
4178.21241225
4178.31201357
4178.38026830
4178.45996355
4178.53978387
4178.61857726
4178.69880109
4178.77484236
4178.85394979
4178.93377767
4179.01160290
4179.09145272
4179.15898675
4179.22804410
4179.30657808
4179.38457276
4179.46350025
4179.58513854
4179.65533472
4179.73241828
4179.81185875
4179.89136724
4179.96893647
4180.03807159
4180.11749499
4180.19632472
4180.27614406
4180.35422310
4180.43211830
4180.51277781
4180.61246642
4180.67864072
4180.74674941
4180.81548615
4180.89420250
4180.97534964
4181.05134605
4181.12115409
4181.19897029
4181.30038385
4181.37933914
4181.47986938
4181.53775879
4181.60466232
4181.68327896
4181.76206455
4181.84189462
4181.91966695
4181.99968305
4182.07846889
4182.15842477
4182.22517641
4182.29270068
4182.37249175
4182.49429729
4182.57384601
4182.64103554
4182.72083831
4182.79923259
4182.87805158
4182.95695811
4183.02398940
4183.09349926
4183.17227900
4183.25108946
4183.32910803
4183.40894128
4183.47665133
4183.55605742
4183.63508756
4183.71287548
4183.79302178
4183.87262097
4183.94995492
4184.02932005
4184.09692454
4184.17690699
4184.25430653
4184.33525788
4184.41407030
4184.48088582
4184.55955633
4184.63762952
4184.71738523
4184.79652069
4184.87492862
4184.94381287
4185.02265503
4185.10179024
4185.17936386
4185.24802405
4185.32783535
4185.40694911
4185.48647076
4185.56333758
4185.64306745
4185.71000877
4185.78965843
4185.86988494
4185.96912786
4186.02747295
4186.10592574
4186.18365491
4186.26326312
4186.34183587
4186.41976033
4186.49961381
4186.57891652
4186.65791350
4186.72417996
4186.80419192
4186.91667735
4186.99531983
4187.11737918
4187.19622427
4187.26367906
4187.34315439
4187.42172421
4187.50228571
4187.58026186
4187.65794032
4187.73750488
4187.81766166
4187.89535231
4187.96428580
4188.03085264
4188.11001540
4188.19032432
4188.26815516
4188.34684567
4188.42664648
4188.50464213
4188.58346625
4188.65095615
4188.71849164
4188.79864866
4188.87708536
4188.95691373
4189.03624839
4189.10326822
4189.18179172
4189.26239174
4189.34125292
4189.41831234
4189.48673408
4189.56671702
4189.64634156
4189.72544119
4189.80312330
4189.88062231
4189.96203568
4190.04051871
4190.11828152
4190.18768484
4190.26627392
4190.34447023
4190.42341186
4190.50174885
4190.57163393
4190.64985705
4190.72869629
4190.80768376
4190.88536392
4190.95409090
4191.03264488
4191.11128199
4191.19082535
4191.26906530
4191.34730963
4191.42764244
4191.50592847
4191.58630761
4191.66422719
4191.74298011
4191.82315274
4191.90164845
4191.97946368
4192.04823455
4192.12580866
4192.20554023
4192.28559437
4192.36220786
4192.43128350
4192.51144759
4192.59006593
4192.66775511
4192.74651462
4192.81541935
4192.89395845
4192.97404794
4193.05158132
4193.12938851
4193.21011434
4193.28880485
4193.36666738
4193.44665618
4193.52454845
4193.60410375
4193.68306221
4193.76284572
4193.84160717
4193.91961648
4193.98620087
4194.06599023
4194.14695255
4194.22480874
4194.30254157
4194.37126246
4194.45014070
4194.53012486
4194.60688757
4194.67546120
4194.74475456
4194.82276947
4194.90293673
4194.98070028
4195.05959120
4195.13967947
4195.21736158
4195.29748642
4195.36438411
4195.43228433
4195.50314441
4195.58422133
4195.66361791
4195.76159668
4195.83249089
4195.94369755
4196.02271915
4196.10126142
4196.18052269
4196.25855930
4196.33815093
4196.41711548
4196.49598665
4196.57548490
4196.65344886
4196.73241950
4196.81178024
4196.89201553
4197.00476770
4197.08222745
4197.16117079
4197.27403633
4197.35283582
4197.43168749
4197.51131520
4197.59004350
4197.66820397
4197.75003157
4197.82847925
4197.90485308
4197.98479384
4198.05295251
4198.13426738
4198.21246881
4198.29143970
4198.37024577
4198.44914815
4198.52858204
4198.60738202
4198.68630536
4198.75497335
4198.83418707
4198.91247530
4198.99148715
4199.07112851
4199.14963982
4199.22971882
4199.30770984
4199.38834108
4199.46747215
4199.54503991
4199.62401982
4199.70381503
4199.78328281
4199.86329598
4199.94233904
4200.02060581
4200.09938872
4200.17929535
4200.25905496
4200.33786372
4200.41676732
4200.49446625
4200.57417906
4200.65288956
4200.73292492
4200.81183705
4200.89049318
4200.96967253
4201.05003387
4201.12848349
4201.20859516
4201.28520720
4201.36443019
4201.44409057
4201.52261212
4201.60253362
4201.68246024
4201.76005532
4201.84294983
4201.91974448
4201.99950190
4202.07629020
4202.15725546
4202.23476398
4202.31463379
4202.39425199
4202.47100568
4202.55173029
4202.66409383
4202.74178545
4202.84318048
4202.91227805
4202.99122359
4203.06980901
4203.14941137
4203.22839226
4203.33024175
4203.40597485
4203.48687403
4203.56630620
4203.67814335
4203.75706158
4203.83023004
4203.91558460
4203.99351198
4204.07269011
4204.15270402
4204.23172781
4204.31040808
4204.38872337
4204.46785981
4204.54747070
4204.62732539
4204.70496874
4204.77325004
4204.85324957
4204.93199054
4205.01158681
4205.08939814
4205.15902868
4205.23709967
4205.31655574
4205.39580482
4205.49738758
4205.56495135
4205.64396662
4205.72248378
4205.80196715
4205.88110627
4205.95910363
4206.03944863
4206.11969440
4206.19835931
4206.32116520
4206.39919694
4206.46779763
4206.54741169
4206.62621167
4206.70522425
4206.78303680
4206.86379214
4206.94225931
4207.02069236
4207.10123021
4207.17895451
4207.25851761
4207.33748582
4207.41654155
4207.49710988
4207.57479273
4207.65499534
4207.73225908
4207.81234320
4207.89143941
4207.97148355
4208.04867024
4208.12963598
4208.20840816
4208.28782303
4208.36679221
4208.43376450
4208.51257618
4208.59346147
4208.67314550
4208.75092343
4208.82963783
4208.90820205
4208.98790875
4209.06670800
4209.14707397
4209.22449642
4209.30354704
4209.37361254
4209.45307349
4209.53068246
4209.60983035
4209.68928959
4209.76859523
4209.84804106
4209.92609913
4210.00644096
4210.08412039
4210.16475991
4210.24232427
4210.32296598
4210.40176352
4210.47906164
4210.56009369
4210.63901704
4210.71814567
4210.79660017
4210.87630761
4210.95446393
4211.03267194
4211.11255078
4211.19250178
4211.27139929
4211.34965240
4211.42896340
4211.50866158
4211.58960172
4211.66733844
4211.74608137
4211.82498985
4211.90364793
4211.98361990
4212.06274414
4212.14037213
4212.22102677
4212.29857869
4212.37814764
4212.45830150
4212.53761445
4212.61591681
4212.69449054
4212.77338073
4212.85251326
4212.93343926
4213.01234578
4213.09084832
4213.16954053
4213.24820251
4213.32792702
4213.42865474
4213.49760920
4213.57643503
4213.65522550
4213.73400353
4213.81258994
4213.89272185
4213.97124535
4214.05116417
4214.12998901
4214.20890748
4214.28862419
4214.36573091
4214.44647722
4214.52512969
4214.64872188
4214.72659050
4214.80467051
4214.88500698
4214.96483559
4215.04332837
4215.14259129
4215.21225572
4215.29192171
4215.37076753
4215.44922276
4215.52742760
4215.60692439
4215.68600402
4215.76690490
4215.87795771
4215.95767881
4216.03499155
4216.11454368
4216.19321615
4216.27326931
4216.35306086
4216.42981576
4216.50990623
4216.58831221
4216.66828199
4216.74844925
4216.82518050
4216.89496928
4216.97458261
4217.05425982
4217.13222182
4217.21168960
4217.28961552
4217.36921885
4217.48234014
4217.56090606
4217.64105650
4217.71765537
4217.78639991
4217.86603543
4217.94490319
4218.02484005
4218.10251485
4218.18142454
4218.29294522
4218.37279139
4218.45272874
4218.53143875
4218.61020606
4218.68932690
4218.76851575
4218.84744495
4218.92527725
4218.99395791
4219.07410445
4219.15382676
4219.23277181
4219.31172929
4219.39035348
4219.45803526
4219.55976040
4219.63948247
4219.71739401
4219.79580438
4219.86387284
4219.94368316
4220.02491002
4220.10254118
4220.18024450
4220.26001143
4220.33011497
4220.40748842
4220.48721828
4220.56733922
4220.64473730
4220.72469805
4220.80377451
4220.88267007
4220.96205348
4221.04243481
4221.12150176
