2541.93008648
2541.97490593
2542.03362032
2542.10542849
2542.16229212
2542.22170039
2542.27970602
2542.33926058
2542.40591779
2542.46606163
2542.52350553
2542.58126565
2542.64069074
2542.69974841
2542.75628534
2542.81543591
2542.87473227
2542.93340375
2543.00342113
2543.05978422
2543.11662396
2543.17546245
2543.23708085
2543.29416318
2543.35105607
2543.41086882
2543.46891347
2543.52512174
2543.59512401
2543.65217806
2543.71145979
2543.76884371
2543.82722847
2543.88512732
2543.95345072
2544.01267052
2544.06949710
2544.12911041
2544.18793354
2544.25749573
2544.31523342
2544.37361233
2544.43127249
2544.49043622
2544.54879245
2544.60737713
2544.66594280
2544.72290420
2544.78211206
2544.84033931
2544.91963511
2544.97911164
2545.03760173
2545.09570952
2545.15384754
2545.21183367
2545.26947945
2545.32927635
2545.38723712
2545.44694723
2545.50369603
2545.56378062
2545.62081882
2545.67832733
2545.73686472
2545.79559276
2545.86595977
2545.92375524
2545.98226215
2546.04040651
2546.10937381
2546.16712369
2546.22527219
2546.28496645
2546.34403632
2546.40089190
2546.45990862
2546.51924911
2546.57811319
2546.64830198
2546.71304431
2546.80449301
2546.87350517
2547.03003901
2547.08915227
2547.14630262
2547.20482026
2547.26286222
2547.32253551
2547.37972073
2547.43846681
2547.49641759
2547.55615817
2547.61309909
2547.67275288
2547.73048691
2547.78833919
2547.85893001
2547.91665624
2547.97414062
2548.03302226
2548.10175648
2548.16166334
2548.24163326
2548.28798627
2548.34716049
2548.40462999
2548.46338241
2548.52392512
2548.58162332
2548.63899505
2548.69730813
2548.75749805
2548.82503833
2548.88317026
2548.94312052
2548.99949507
2549.05904280
2549.11644550
2549.17521108
2549.23222807
2549.29099903
2549.35096586
2549.40777342
2549.46675015
2549.52605919
2549.58485135
2549.64191735
2549.71063962
2549.76918261
2549.82650728
2549.89674215
2549.95472023
2550.01323324
2550.07026778
2550.13136248
2550.18695708
2550.24755441
2550.30547837
2550.36307002
2550.42190729
2550.48005238
2550.53745410
2550.61424597
2550.68538878
2550.74311647
2550.80073348
2550.85972946
2550.91792015
2550.97678131
2551.03521654
2551.09270262
2551.15046176
2551.20870194
2551.26717984
2551.34878865
2551.39565366
2551.45476083
2551.51210891
2551.57241269
2551.63956727
2551.69893799
2551.75691315
2551.81507482
2551.87252823
2551.93170147
2551.99085837
2552.04958763
2552.10818109
2552.16634789
2552.22344606
2552.28213168
2552.34092677
2552.39899019
2552.45697657
2552.52709221
2552.58531142
2552.64331754
2552.70214579
2552.75990103
2552.81981960
2552.87586817
2552.94427154
2553.00281941
2553.06085625
2553.11856273
2553.17843180
2553.23886724
2553.29875947
2553.35795490
2553.42664596
2553.48468085
2553.54359931
2553.60210719
2553.66096031
2553.71904616
2553.77854366
2553.83774372
2553.89663414
2553.95459540
2554.01213439
2554.07218973
2554.12977016
2554.19038138
2554.24794451
2554.30486397
2554.37479773
2554.43362500
2554.49158090
2554.58417234
2554.67431423
2554.73341262
2554.79324585
2554.85145263
2554.90985884
2554.97855210
2555.03728575
2555.09728794
2555.16612821
2555.22451444
2555.28396074
2555.35378966
2555.41129207
2555.47104875
2555.54049489
2555.59985562
2555.65832425
2555.71616702
2555.77516374
2555.83302479
2555.89197251
2555.95079271
2556.00870570
2556.06784456
2556.12640852
2556.18439562
2556.24385265
2556.31337096
2556.37141926
2556.42997201
2556.48857010
2556.54836383
2556.60675664
2556.66457844
2556.72301879
2556.78188336
2556.84162273
2556.90105782
2556.95781539
2557.01712467
2557.14049508
2557.19892178
2557.25851193
2557.32718812
2557.38428654
2557.45529891
2557.51352105
2557.57264553
2557.63157203
2557.69062653
2557.74796413
2557.80730267
2557.86496527
2557.92498818
2557.98388470
2558.04132713
2558.10035165
2558.15978162
2558.22700909
2558.28820034
2558.34619452
2558.40496986
2558.46358697
2558.52089628
2558.57988642
2558.63866712
2558.69685245
2558.75511311
2558.81491147
2558.87207085
2558.93221420
2558.98986753
2559.04868895
2559.10768275
2559.17653302
2559.24706435
2559.30499636
2559.36310976
2559.42293762
2559.48131775
2559.54003799
2559.59958840
2559.65704864
2559.71547874
2559.77486800
2559.83394152
2559.89231652
2559.94961730
2560.00735207
2560.06796939
2560.13671823
2560.19481237
2560.25469948
2560.31186739
2560.37285116
2560.42927033
2560.48809857
2560.54737226
2560.60598425
2560.66455528
2560.72237489
2560.78208865
2560.84029275
2560.89850903
2560.95616700
2561.02570310
2561.09592383
2561.15550861
2561.21455263
2561.27205090
2561.33000022
2561.38868706
2561.44852614
2561.50833523
2561.56623359
2561.62520300
2561.68294922
2561.74081077
2561.80059865
2561.85934303
2561.91645754
2561.98686819
2562.04551773
2562.10233113
2562.20550560
2562.26409955
2562.32207983
2562.38141398
2562.44039997
2562.49903805
2562.55848899
2562.61567079
2562.67405579
2562.73361157
2562.79120322
2562.85035280
2562.92071177
2562.98957667
2563.04929043
2563.10711711
2563.16614260
2563.22322956
2563.28348482
2563.34224724
2563.40075001
2563.45932664
2563.51700216
2563.57569095
2563.63393235
2563.69290249
2563.75229418
2563.81162200
2563.90252920
2563.95032557
2564.03234837
2564.07845441
2564.13589197
2564.19575884
2564.25301281
2564.31352212
2564.37183789
2564.43036210
2564.48854816
2564.54804030
2564.61227502
2564.66608616
2564.76621277
2564.82489083
2564.89509400
2564.95262494
2565.01195860
2565.06913333
2565.12917307
2565.18704193
2565.24517995
2565.30433905
2565.36213476
2565.42176953
2565.47951844
2565.53877433
2565.59871483
2565.65554580
2565.71536366
2565.77355655
2565.84321602
2565.90156591
2565.95953181
2566.01905906
2566.07747527
2566.13643298
2566.19487259
2566.25284068
2566.31051888
2566.36919182
2566.42917475
2566.48690683
2566.54573094
2566.61460388
2566.67351186
2566.73410504
2566.80058938
2566.86103116
2566.91867230
2566.97813933
2567.03825440
2567.09527505
2567.15385851
2567.21204749
2567.27075408
2567.33029571
2567.38860611
2567.44697746
2567.50550217
2567.56495798
2567.62458202
2567.68102435
2567.75150302
2567.81049926
2567.86846222
2567.92666730
2567.98597219
2568.04492405
2568.10310572
2568.16199906
2568.21996081
2568.27906822
2568.33823829
2568.39633486
2568.46486696
2568.52275582
2568.58178130
2568.64068855
2568.71253865
2568.76924405
2568.82732161
2568.88594310
2568.94669135
2569.00337603
2569.06227498
2569.12161401
2569.17893186
2569.23864562
2569.29767355
2569.35575306
2569.41497579
2569.47194207
2569.53164022
2569.59158146
2569.65935312
2569.71737582
2569.77745384
2569.83572303
2569.89550506
2569.95293092
2570.01149195
2570.07041333
2570.12820125
2570.18791403
2570.24631610
2570.30442365
2570.36251340
2570.42074212
2570.48133628
2570.54945049
2570.60785573
2570.66610859
2570.72435876
2570.78505361
2570.84322431
2570.90211863
2570.95991264
2571.01903468
2571.07756840
2571.13626670
2571.22776051
2571.28488575
2571.37679233
2571.43537872
2571.50668318
2571.56539830
2571.63411740
2571.69321749
2571.75193505
2571.82078654
2571.89080661
2571.94811666
2572.00720310
2572.06543743
2572.12517118
2572.18336967
2572.24161253
2572.30077114
2572.35964718
2572.42871663
2572.48752050
2572.54574703
2572.60535620
2572.66430464
2572.72202917
2572.78150400
2572.84080475
2572.89788269
2572.95729608
2573.01418312
2573.07374816
2573.13235893
2573.19158019
2573.24944710
2573.30990912
2573.37972585
2573.43701273
2573.49552500
2573.55401436
2573.61225015
2573.67063344
2573.73030844
2573.78802175
2573.84622219
2573.90416907
2573.96426268
2574.02234292
2574.08200305
2574.13943646
2574.19848292
2574.26845130
2574.32621166
2574.38605733
2574.44383890
2574.50340614
2574.56123745
2574.62128255
2574.68038459
2574.73668210
2574.79666113
2574.85591141
2574.91281259
2574.97133461
2575.02997732
2575.08988004
2575.14799539
2575.21761902
2575.27475694
2575.33402502
2575.39215475
2575.45265578
2575.50992121
2575.56984513
2575.62848931
2575.68583398
2575.74337857
2575.82426229
2575.88346039
2575.94142483
2576.00023820
2576.05946166
2576.11747291
2576.18808324
2576.24527528
2576.30574168
2576.36271820
2576.42161228
2576.48097959
2576.53876165
2576.59760184
2576.65629185
2576.71572036
2576.77510571
2576.83178966
2576.89120158
2576.94942396
2577.00863085
2577.06721431
2577.13576421
2577.19331807
2577.25311521
2577.31101991
2577.37106160
2577.42924619
2577.48749856
2577.54668179
2577.60503924
2577.67391097
2577.73313955
2577.79232401
2577.85172984
2577.90981252
2577.96717864
2578.02662641
2578.09613497
2578.15545034
2578.21309880
2578.27153573
2578.33067971
2578.38823357
2578.44767402
2578.50608389
2578.56549777
2578.62305187
2578.68319718
2578.73976702
2578.80073957
2578.85900267
2578.91678400
2578.98575959
2579.04422334
2579.11462375
2579.17310896
2579.23191917
2579.28905928
2579.34883692
2579.40684743
2579.46611112
2579.52460267
2579.59084491
2579.64932305
2579.70969339
2579.76737379
2579.82413599
2579.88439979
2579.95347534
2580.01305891
2580.06998106
2580.12876908
2580.18836703
2580.24718089
2580.30492297
2580.36327945
2580.42185779
2580.47970495
2580.56120258
2580.60834286
2580.68904470
2580.73652021
2580.79749813
2580.85512708
2580.91264241
2580.97135461
2581.03009533
2581.08925394
2581.14833696
2581.20519670
2581.26445088
2581.32325645
2581.38308822
2581.44140861
2581.49888274
2581.55953273
2581.61668869
2581.67473261
2581.73543331
2581.79326365
2581.86093242
2581.91986063
2581.97999106
2582.03821905
2582.09694173
2582.15542962
2582.21252170
2582.27246757
2582.33056244
2582.38837400
2582.44954306
2582.50614631
2582.56539318
2582.62373722
2582.68212027
2582.75216545
2582.81104295
2582.86955498
2582.94136314
2583.00033938
2583.06825830
2583.12916917
2583.18578607
2583.24456507
2583.30350254
2583.36233347
2583.42101689
2583.47983588
2583.53809995
2583.59729416
2583.66524623
2583.72475764
2583.78480737
2583.84097249
2583.89879990
2583.95857583
2584.01883353
2584.07673506
2584.13552284
2584.19299575
2584.25151290
2584.31010441
2584.36917061
2584.42706239
2584.48685295
2584.54534157
2584.61388903
2584.67261366
2584.73166621
2584.78955311
2584.84930394
2584.90996563
2584.96696677
2585.02454842
2585.08312482
2585.14250968
2585.20193331
2585.25884985
2585.31934088
2585.37654414
2585.43542456
2585.49315859
2585.56415902
2585.62200105
2585.68027317
2585.73870669
2585.79739597
2585.85586923
2585.91455900
2585.97416280
2586.07614821
2586.13364258
2586.19322347
2586.25165162
2586.31068370
2586.36942832
2586.42672496
2586.48651649
2586.55624765
2586.64668138
2586.70401166
2586.77460224
2586.83607070
2586.90456696
2586.96119264
2587.02169902
2587.07941599
2587.14088055
2587.20730662
2587.26615974
2587.32565310
2587.38436017
2587.44386719
2587.50122941
2587.56997704
2587.62906982
2587.68811384
2587.74696451
2587.80491919
2587.86428114
2587.92282754
2587.98007347
2588.03915113
2588.09807959
2588.15760440
2588.21702193
2588.27430248
2588.33284059
2588.39125632
2588.46185641
2588.51932030
2588.57816391
2588.63759729
2588.69426368
2588.75353249
2588.81249020
2588.87116168
2588.93036442
2588.98783758
2589.04820792
2589.10580663
2589.16529146
2589.22346484
2589.28220312
2589.34030213
2589.39904090
2589.45752075
2589.51673909
2589.57568705
2589.63154277
2589.69153302
2589.74935799
2589.80959716
2589.86854926
2589.92646201
2589.98524393
2590.04371378
2590.10194884
2590.16078343
2590.21959144
2590.27920597
2590.34747744
2590.40723728
2590.46610625
2590.52404849
2590.58295549
2590.64077802
2590.69961017
2590.75815268
2590.81536910
2590.87488099
2590.93232172
2591.00249173
2591.06166399
2591.12033986
2591.17964768
2591.26936510
2591.32954112
2591.38908203
2591.44685653
2591.50618191
2591.56452790
2591.62249282
2591.68126767
2591.73916189
2591.79748057
2591.85722701
2591.91474405
2591.97359156
2592.03285062
2592.09284817
2592.15137653
2592.21954999
2592.27886171
2592.33851550
2592.39484104
2592.45390262
2592.51113050
2592.57020670
2592.62948868
2592.68925633
2592.74720759
2592.80425603
2592.86320180
2592.92194788
2592.98223216
2593.03914211
2593.09853185
2593.16754304
2593.22568570
2593.28656170
2593.34550356
2593.40255444
2593.46152653
2593.52113790
2593.57824851
2593.63778502
2593.69569240
2593.75419931
2593.81351615
2593.87191895
2593.93046389
2593.98990069
2594.04780978
2594.11697334
2594.17644500
2594.23459302
2594.29267790
2594.35132865
2594.41128281
2594.46796895
2594.52805647
2594.58584487
2594.65462737
2594.71509352
2594.77403222
2594.83199811
2594.88968509
2594.94912798
2595.00816395
2595.07592415
2595.13585491
2595.19493233
2595.25306328
2595.31120399
2595.37010196
2595.42833971
2595.48612640
2595.54511898
2595.60390992
2595.66357736
2595.72036054
2595.78096347
2595.86094315
2595.91796769
2595.98727145
2596.06939787
2596.11575161
2596.17606588
2596.23354489
2596.29221051
2596.35142666
2596.40910608
2596.46790020
2596.52702418
2596.60656110
2596.65604512
2596.71331494
2596.77221267
2596.83006373
2596.89074542
2596.95877381
2597.01743407
2597.07692036
2597.13427819
2597.19336122
2597.25084072
2597.31153142
2597.37025898
2597.42737105
2597.48682296
2597.54499853
2597.60386872
2597.66366367
2597.72196383
2597.78980082
2597.84922933
2597.91865792
2597.97761636
2598.03671670
2598.09537526
2598.15205164
2598.21216867
2598.27043298
2598.32890527
2598.38910860
2598.44694308
2598.50468809
2598.56436016
2598.62269640
2598.67998670
2598.73838657
2598.79816909
2598.86846808
2598.92614457
2598.98446204
2599.04500207
2599.10306671
2599.16081366
2599.21894071
2599.27829022
2599.33631951
2599.39561368
2599.45449020
2599.51171052
2599.57222154
2599.63972964
2599.69865127
2599.75760240
2599.82706561
2599.88460337
2599.94328655
2600.00221866
2600.06119515
2600.11927222
2600.17856980
2600.23740585
2600.29727297
2600.35427387
2600.41292048
2600.47179992
2600.53190817
2600.58936450
2600.64859016
2600.70655971
2600.77589955
2600.83618968
2600.89284510
2600.95162117
2601.00984989
2601.06957048
2601.12784309
2601.18574559
2601.24410719
2601.30189315
2601.36081478
2601.43193004
2601.48847136
2601.54924301
2601.60813343
2601.67635418
2601.73559569
2601.79389146
2601.85143093
2601.91100938
2601.96956236
2602.03067072
2602.07925898
2602.14933268
2602.20716253
2602.26550267
2602.32439431
2602.38221904
2602.44178067
2602.50119479
2602.55974607
2602.62889744
2602.68771594
2602.74512887
2602.80412486
2602.86415143
2602.92283925
2602.98189838
2603.03805399
2603.09765804
2603.15561370
2603.21376025
2603.28468290
2603.34286944
2603.40297940
2603.46039160
2603.52931794
2603.58798601
2603.64575612
2603.70551401
2603.76436518
2603.84503069
2603.90412615
2603.96194528
2604.02146741
2604.07872235
2604.13790900
2604.19662924
2604.25421308
2604.31336584
2604.37236183
2604.43091628
2604.50041240
2604.55911460
2604.61681353
2604.67545892
2604.73450854
2604.79406627
2604.85289061
2604.91092965
2604.96872634
2605.02757605
2605.09675887
2605.15625735
2605.21566148
2605.27413474
2605.33276233
2605.39085135
2605.45898994
2605.51791084
2605.57730619
2605.63583845
2605.69464866
2605.75338133
2605.82017214
2605.87801735
2605.93726642
2605.99633725
2606.05463205
2606.11309824
2606.17056505
2606.22936648
2606.28660558
2606.34642687
2606.41636453
2606.47425679
2606.53402297
2606.59146199
2606.65180649
2606.71068106
2606.76841851
2606.82703806
2606.88605526
2606.94441515
2607.00239762
2607.06118759
2607.11938681
2607.17869926
2607.23568066
2607.30574558
2607.36603669
2607.42532037
2607.48344255
2607.54095861
2607.59979028
2607.65775861
2607.71628721
2607.77658344
2607.83479704
2607.89221900
2607.95090901
2608.00932375
2608.06862865
2608.12893633
2608.18572975
2608.26288806
2608.32950772
2608.38554362
2608.46233696
2608.52893760
2608.59786906
2608.66206428
2608.72771919
2608.79636710
2608.86222924
2608.92002252
2608.99501020
2609.06158256
2609.12850308
2609.19610115
2609.26234290
2609.32882432
2609.39570267
2609.46191395
2609.52726165
2609.59385303
2609.66165590
2609.72802785
2609.79399532
2609.86168677
2609.92843369
2609.99472811
2610.05278446
2610.12838142
2610.19534997
2610.26099269
2610.33871981
2610.40527974
2610.47179627
2610.53867315
2610.60536278
2610.66123313
2610.73751959
2610.80435868
2610.87254432
2610.93797493
2611.00428129
2611.07199736
2611.14001673
2611.19723194
2611.26977738
2611.34798920
2611.41534833
2611.48311438
2611.54073748
2611.61502957
2611.68154269
2611.74859852
2611.80628745
2611.88221209
2611.94872667
2612.01590855
2612.08155078
2612.14888066
2612.21527455
2612.28149071
2612.34853313
2612.41590397
2612.48229713
2612.54885291
2612.61524120
2612.68162290
2612.74738679
2612.81387675
2612.88060149
2612.94743741
2613.01391688
2613.08256064
2613.14741244
2613.21464991
2613.28083023
2613.34730677
2613.41443721
2613.48034422
2613.54727815
2613.61348894
2613.67966243
2613.75796275
2613.82479940
2613.89108212
2613.95724902
2614.02504409
2614.08042365
2614.15768388
2614.22468023
2614.29124332
2614.35701843
2614.42323288
2614.49071196
2614.55865648
2614.62476024
2614.69108416
2614.75823460
2614.82455340
2614.89067374
2614.94937081
2615.02324185
2615.08968792
2615.15712873
2615.21482521
2615.29101658
2615.35737536
2615.42354373
2615.49034211
2615.55714950
2615.62357728
2615.69235319
2615.75672005
2615.82347259
2615.88960536
2615.95634547
2616.02426707
2616.08945679
2616.15765901
2616.22323346
2616.28921849
2616.35518937
2616.42305075
2616.51132506
2616.56787540
2616.62314354
2616.70035477
2616.76762125
2616.83488384
2616.90007478
2616.96713573
2617.03345453
2617.09989255
2617.15832827
2617.25475068
2617.32121845
2617.38897426
2617.45691171
2617.51250315
2617.58880716
2617.67513855
2617.77505573
2617.84211961
2617.90813218
2617.97523483
2618.04260201
2618.10808040
2618.17535518
2618.24127486
2618.30807226
2618.36654966
2618.46341801
2618.52978947
2618.59704011
2618.66339109
2618.72923007
2618.79696857
2618.86299041
2618.93052460
2618.99603615
2619.06347208
2619.13105503
2619.19628059
2619.26282808
2619.32957916
2619.39659403
2619.46236012
2619.52060444
2619.59725051
2619.66307779
2619.72995784
2619.79642707
2619.86312792
2619.92919145
2619.99527961
2620.06276601
2620.12975724
2620.19669117
2620.26166950
2620.33023671
2620.39378828
2620.46195052
2620.52837952
2620.59649349
2620.65465809
2620.72907623
2620.79505589
2620.86245745
2620.92840590
2620.99555365
2621.06166375
2621.12844627
2621.19638299
2621.26187772
2621.32879824
2621.39477692
2621.46273485
2621.51092814
