2743.40217727
2743.45667912
2743.50544414
2743.55652486
2743.60726083
2743.65706887
2743.71964227
2743.77016272
2743.82010046
2743.86975149
2743.91984795
2743.97074191
2744.02279982
2744.07406023
2744.12320316
2744.17347467
2744.22258590
2744.27262410
2744.32457522
2744.37522952
2744.42540985
2744.49866697
2744.55010171
2744.60057851
2744.64754763
2744.70110741
2744.74965324
2744.80085099
2744.85277797
2744.90099979
2744.95180305
2745.00401846
2745.05363828
2745.10360626
2745.15525798
2745.20597201
2745.25609139
2745.31851022
2745.36791426
2745.41830988
2745.47042679
2745.52133685
2745.56918441
2745.62115504
2745.67254856
2745.72061970
2745.77231873
2745.82348795
2745.87314580
2745.92489163
2745.97614180
2746.02519208
2746.07781709
2746.13825326
2746.18955560
2746.23913153
2746.29105144
2746.34004223
2746.39188266
2746.44178091
2746.49095748
2746.54381313
2746.59383572
2746.64440127
2746.69475934
2746.74396371
2746.79500883
2746.84762433
2746.90752291
2746.95761449
2747.02034686
2747.07061447
2747.12119124
2747.17096198
2747.22281118
2747.27087160
2747.32193111
2747.37352407
2747.42412766
2747.47468614
2747.52581465
2747.57616735
2747.62643960
2747.68839251
2747.73757152
2747.78951971
2747.84043733
2747.89029583
2747.94031257
2747.99100929
2748.04223581
2748.09232593
2748.14339398
2748.19385469
2748.26730077
2748.31851875
2748.36739641
2748.41701891
2748.46899636
2748.53026977
2748.58993575
2748.64352722
2748.69215887
2748.74269444
2748.79466872
2748.84407130
2748.89560697
2748.94686299
2748.99511894
2749.04688184
2749.09693685
2749.14755726
2749.19876940
2749.24965800
2749.30713969
2749.36159741
2749.41256305
2749.46410409
2749.51337013
2749.56439356
2749.61425792
2749.66471180
2749.71609924
2749.76612378
2749.81519112
2749.86756988
2749.91690273
2749.96788179
2750.01863190
2750.06953001
2750.13843758
2750.20326938
2750.25393807
2750.30498807
2750.35468810
2750.40609528
2750.45591185
2750.50671268
2750.57904016
2750.62827134
2750.68017029
2750.73049300
2750.78085693
2750.84285128
2750.90507945
2750.96538762
2751.02635529
2751.07758059
2751.12711678
2751.18085332
2751.23187796
2751.28142220
2751.33242514
2751.38000159
2751.43127200
2751.48485347
2751.53229315
2751.58381126
2751.63460014
2751.68455544
2751.73550889
2751.78663447
2751.84719913
2751.89738434
2751.94869522
2751.99855055
2752.09342868
2752.14559338
2752.19524245
2752.24497954
2752.29656373
2752.34640712
2752.39625733
2752.44670903
2752.50894524
2752.57037591
2752.62098705
2752.67221333
2752.73180640
2752.78369804
2752.83466222
2752.88364471
2752.93338985
2752.98559087
2753.03585605
2753.08681097
2753.13691036
2753.18757685
2753.23778814
2753.29046923
2753.33920377
2753.41099195
2753.46385686
2753.52457853
2753.59675558
2753.64774195
2753.69804541
2753.74845029
2753.80087342
2753.84912059
2753.89959008
2753.95036629
2754.00051517
2754.05099929
2754.10336342
2754.15407502
2754.20272471
2754.25496280
2754.31564156
2754.37714122
2754.42709433
2754.47904057
2754.52772709
2754.58018289
2754.63018817
2754.67975069
2754.73189125
2754.78136015
2754.83205151
2754.88251661
2754.93350493
2754.98271661
2755.03463018
2755.08488999
2755.14567822
2755.19681185
2755.24660355
2755.29799538
2755.34924798
2755.40082924
2755.44923391
2755.50175238
2755.55280457
2755.60251655
2755.65259717
2755.70321587
2755.75363172
2755.80478607
2755.85578658
2755.91537966
2755.96734833
2756.01768470
2756.06871203
2756.11863978
2756.16916218
2756.21907456
2756.27265140
2756.32214298
2756.37246179
2756.42179684
2756.47414147
2756.52312616
2756.57503218
2756.62456032
2756.67503639
2756.73652509
2756.78689706
2756.83729926
2756.88930328
2756.94023357
2756.98774566
2757.04104139
2757.14416051
2757.19460635
2757.24743568
2757.29817726
2757.34725874
2757.40935745
2757.46058007
2757.50873946
2757.56985854
2757.63197578
2757.69459965
2757.74413560
2757.79616156
2757.84643162
2757.89689428
2757.94746057
2757.99686315
2758.04936552
2758.09852405
2758.15025062
2758.19822765
2758.24996422
2758.30037057
2758.35170729
2758.41327888
2758.46429231
2758.51361589
2758.56585788
2758.61578904
2758.68767620
2758.73840778
2758.78939415
2758.83979391
2758.89187596
2758.94021504
2758.99050558
2759.04232309
2759.09331629
2759.14199305
2759.20497337
2759.26711815
2759.31694082
2759.36909430
2759.41744606
2759.46834929
2759.52001467
2759.56974688
2759.62004302
2759.67109692
2759.72140331
2759.77048260
2759.82330582
2759.87294271
2759.92255813
2759.97526848
2760.03585435
2760.09642022
2760.14854030
2760.19783000
2760.24838580
2760.30075261
2760.35083177
2760.40000419
2760.45221570
2760.50215759
2760.55313762
2760.60528793
2760.65304626
2760.70341677
2760.75523209
2760.81522745
2760.86538511
2760.91833682
2760.96795542
2761.01969369
2761.07057693
2761.11879411
2761.17086713
2761.22220995
2761.27278696
2761.32112775
2761.37291528
2761.42374707
2761.47360460
2761.52493547
2761.57567242
2761.63559513
2761.68795902
2761.73811594
2761.78840112
2761.83839079
2761.88916797
2761.93892773
2761.99179631
2762.04249254
2762.09262045
2762.14358585
2762.24746640
2762.30942905
2762.36029376
2762.41177335
2762.46973169
2762.52264464
2762.57244804
2762.62314306
2762.67344066
2762.72511603
2762.77382961
2762.82585168
2762.87542200
2762.92588442
2762.97764172
2763.02941169
2763.07939161
2763.12792550
2763.17914763
2763.23689019
2763.29090687
2763.34185203
2763.39345304
2763.44208933
2763.49386369
2763.54504851
2763.59510743
2763.64574686
2763.69673127
2763.76689787
2763.82062197
2763.87927395
2763.93114120
2763.98258690
2764.03225084
2764.09347598
2764.14438823
2764.19445056
2764.24457652
2764.29681705
2764.34538239
2764.39755001
2764.44769036
2764.49831174
2764.54887900
2764.59999824
2764.65051528
2764.70055957
2764.75223177
2764.80125255
2764.85183833
2764.91548645
2764.97613327
2765.02563849
2765.07645810
2765.12621298
2765.17629311
2765.22904758
2765.27910479
2765.32878141
2765.37973170
2765.43155604
2765.49138829
2765.54264163
2765.59385328
2765.64322904
2765.69441314
2765.75528231
2765.80659489
2765.85822784
2765.90802832
2765.95918316
2766.00983063
2766.05937194
2766.11065503
2766.16128446
2766.21285060
2766.26134694
2766.31252616
2766.36211892
2766.41410661
2766.46544699
2766.52453343
2766.57541788
2766.62756576
2766.67779485
2766.72798421
2766.77966031
2766.82946030
2766.87926102
2766.93030932
2766.98127496
2767.04367258
2767.09418254
2767.14377383
2767.19299843
2767.24510730
2767.29592812
2767.35253185
2767.40823739
2767.45745029
2767.50780031
2767.55890005
2767.61027042
2767.66047391
2767.71236603
2767.80486604
2767.85479062
2767.90581600
2767.95738458
2768.00566003
2768.05707355
2768.10779173
2768.15912845
2768.23103975
2768.29410637
2768.35362363
2768.40392123
2768.45532793
2768.50553776
2768.55577490
2768.60718355
2768.65672608
2768.70775633
2768.75919959
2768.80852147
2768.85812179
2769.01855535
2769.08048290
2769.14124017
2769.19243743
2769.24274357
2769.29343078
2769.34544017
2769.39594745
2769.44618703
2769.49672162
2769.54694218
2769.59775203
2769.64836488
2769.69856057
2769.74884794
2769.80160948
2769.84938269
2769.89990411
2769.96200452
2770.01250351
2770.06200898
2770.11374165
2770.16537094
2770.21456141
2770.26642720
2770.31581222
2770.37728141
2770.42816246
2770.47935045
2770.52950592
2770.58053300
2770.63136674
2770.68120574
2770.73147531
2770.80595246
2770.85407309
2770.90506019
2770.95506498
2771.00662527
2771.06489666
2771.11667516
2771.16628230
2771.21694391
2771.28910877
2771.33952243
2771.39040225
2771.46276094
2771.51225544
2771.56487069
2771.61456755
2771.67306178
2771.72749049
2771.77691965
2771.82709267
2771.87773332
2771.92986827
2771.97875032
2772.02986420
2772.07978341
2772.13045039
2772.18182636
2772.23272764
2772.28206390
2772.33346011
2772.38358778
2772.43367791
2772.49593826
2772.54769141
2772.59610364
2772.64847947
2772.69853717
2772.74793268
2772.80080540
2772.85136315
2772.90042294
2772.95186059
2773.00271262
2773.05170390
2773.10185619
2773.15432516
2773.20533616
2773.25413238
2773.31550405
2773.36679396
2773.41704402
2773.46845876
2773.51768434
2773.56776934
2773.61920115
2773.66878781
2773.72023936
2773.77124377
2773.82251344
2773.87204427
2773.92427309
2773.97423107
2774.02322503
2774.07539557
2774.13769469
2774.19739699
2774.24829218
2774.29885115
2774.35032416
2774.40076902
2774.45023768
2774.50187916
2774.55305594
2774.60269136
2774.65276637
2774.70332558
2774.75376923
2774.80485361
2774.86630988
2774.91715410
2774.97752859
2775.02890676
2775.07963737
2775.12978625
2775.19182620
2775.25244181
2775.30229446
2775.35505089
2775.40413432
2775.45615859
2775.50604781
2775.55592558
2775.60674493
2775.65822867
2775.70941033
2775.76923137
2775.82246931
2775.87203964
2775.92248182
2775.97396361
2776.02246580
2776.07300259
2776.12433248
2776.17513550
2776.22602337
2776.27573925
2776.34697227
2776.39664255
2776.44855149
2776.52071269
2776.57328163
2776.63335111
2776.68435722
2776.73308128
2776.78493951
2776.83811065
2776.88584144
2776.93760458
2776.98819524
2777.03755735
2777.08905328
2777.13904027
2777.18899070
2777.24065827
2777.29155077
2777.34148119
2777.39277110
2777.45329212
2777.50359021
2777.55548867
2777.60460112
2777.65465833
2777.70794577
2777.75694216
2777.80870726
2777.85833341
2777.90960601
2777.95908296
2778.01102944
2778.06046104
2778.11078790
2778.16242207
2778.22423576
2778.27362981
2778.32400300
2778.37541749
2778.42557247
2778.47491995
2778.52640247
2778.57718111
2778.62836643
2778.67881788
2778.72828775
2778.77859511
2778.83011883
2778.87998197
2778.93040123
2778.98235162
2779.04243622
2779.10460734
2779.15716554
2779.20617559
2779.27727622
2779.32928000
2779.39058462
2779.44085760
2779.49223504
2779.54239831
2779.59305895
2779.64376127
2779.69423857
2779.74434064
2779.79558179
2779.85754079
2779.90796493
2779.95836567
2780.00933716
2780.05762627
2780.11030101
2780.15974382
2780.20953138
2780.26109070
2780.31112841
2780.36263579
2780.41331886
2780.46452076
2780.51326822
2780.56510280
2780.61470458
2780.68777957
2780.74967104
2780.81063311
2780.86039896
2780.91185515
2780.96276228
2781.01178964
2781.06380513
2781.11524668
2781.16449932
2781.21617835
2781.26606563
2781.31524708
2781.36730718
2781.41928536
2781.47792124
2781.52951396
2781.58173157
2781.63145695
2781.68188207
2781.73145020
2781.78286884
2781.83425188
2781.88451316
2781.93447334
2781.98493576
2782.03640170
2782.08660666
2782.13786268
2782.18689467
2782.23865074
2782.30113832
2782.36053952
2782.42223618
2782.47307724
2782.52339167
2782.57322994
2782.62556579
2782.67541844
2782.72441850
2782.77620139
2782.82606258
2782.87693118
2782.92812479
2782.97822613
2783.02877851
2783.08113948
2783.14131965
2783.20249700
2783.25343533
2783.30453751
2783.35511281
2783.40572396
2783.45638021
2783.50706693
2783.55657143
2783.60766361
2783.65878309
2783.70843217
2783.75903429
2783.80803629
2783.85971727
2783.92328127
2783.97126562
2784.02137354
2784.07291798
2784.12474281
2784.17510161
2784.22748696
2784.27621321
2784.34868917
2784.39909844
2784.45032984
2784.52255321
2784.57245511
2784.63430806
2784.68510255
2784.73526362
2784.80611191
2784.86842760
2784.91855235
2784.97055345
2785.02019765
2785.07222825
2785.12233739
2785.17158125
2785.22295040
2785.27405575
2785.32500188
2785.37566935
2785.42467086
2785.47435846
2785.52728994
2785.58754203
2785.64798649
2785.69964455
2785.74969883
2785.80118940
2785.85239983
2785.90252774
2785.95234017
2786.00369834
2786.05544101
2786.10438766
2786.15632099
2786.20632700
2786.25536143
2786.30833606
2786.36482861
2786.42784819
2786.48015576
2786.53092928
2786.58083996
2786.63197358
2786.70404409
2786.75559561
2786.80561064
2786.85594408
2786.90740368
2786.95851220
2787.00812226
2787.05740099
2787.10975464
2787.15926133
2787.21032961
2787.27331359
2787.33410475
2787.39335503
2787.44490533
2787.49642734
2787.54575288
2787.59896108
2787.64873913
2787.69753341
2787.74873335
2787.79915115
2787.84882266
2787.90213131
2787.95083757
2788.00088625
2788.05324575
2788.11441627
2788.16405315
2788.21479571
2788.26489778
2788.31568130
2788.36776627
2788.41876800
2788.46777146
2788.51879148
2788.56877384
2788.62955183
2788.68013957
2788.73125564
2788.78235294
2788.83337344
2788.89413363
2788.94499736
2788.99412444
2789.04682918
2789.09570562
2789.14687338
2789.19854265
2789.24801326
2789.29809144
2789.34991578
2789.39921547
2789.47175458
2789.52275265
2789.58582488
2789.65637987
2789.70816349
2789.76821907
2789.81851644
2789.87061774
2789.91973751
2789.97056247
2790.02301559
2790.07291994
2790.12360617
2790.17469421
2790.22291700
2790.27274210
2790.32587155
2790.37449516
2790.42688685
2790.47833036
2790.52736357
2790.58877327
2790.63968527
2790.68964788
2790.73933182
2790.79247541
2790.84298099
2790.89176917
2790.94345844
2790.99341276
2791.04507350
2791.09534039
2791.14504749
2791.19528561
2791.24646141
2791.29786664
2791.34658705
2791.40848412
2791.45862325
2791.50998972
2791.56098803
2791.61196075
2791.66296784
2791.71277417
2791.76472529
2791.81230271
2791.86441353
2791.91447098
2791.96586695
2792.01646688
2792.06669792
2792.11690313
2792.16800335
2792.22882767
2792.27885537
2792.33081356
2792.38332106
2792.43210436
2792.48377583
2792.53326619
2792.58263610
2792.63384653
2792.68414096
2792.74514643
2792.79762076
2792.84851448
2792.89801727
2792.94847530
2792.99926930
2793.06044446
2793.11107998
2793.16281046
2793.21067241
2793.26291732
2793.31458538
2793.36375634
2793.41692821
2793.46504056
2793.51540984
2793.57842405
2793.62923731
2793.67889809
2793.72836211
2793.78040807
2793.84140379
2793.89134153
2793.94215625
2793.99341520
2794.04405170
2794.09366932
2794.14384844
2794.19368939
2794.24592357
2794.30272308
2794.36783088
2794.41848103
2794.47024247
2794.51933810
2794.57112830
2794.62246088
2794.68102923
2794.73389049
2794.78477080
2794.83475316
2794.88635782
2794.93568946
2794.98611677
2795.03677570
2795.08814777
2795.13749209
2795.19042966
2795.23917371
2795.28917826
2795.34187226
2795.39078552
2795.45305197
2795.50362093
2795.54449848
2795.60757584
2795.65687748
2795.70673721
2795.75744270
2795.80930191
2795.86016418
2795.92051696
2795.97078873
2796.02352759
2796.07198932
2796.12195656
2796.17398619
2796.23402007
2796.28545675
2796.33615762
2796.38671001
2796.43830273
2796.48837481
2796.53711545
2796.58957320
2796.63985252
2796.71096364
2796.76330900
2796.82394290
2796.87316262
2796.92456907
2796.97483181
2797.02467325
2797.08866636
2797.14939924
2797.19950375
2797.25146633
2797.30028499
2797.35032757
2797.40133198
2797.45273136
2797.51404402
2797.56564625
2797.61530995
2797.68637791
2797.73982870
2797.79966681
2797.84946217
2797.91247394
2797.96162052
2798.01269369
2798.06351475
2798.11408908
2798.16408363
2798.21545010
2798.26465300
2798.31700982
2798.36758122
2798.41827014
2798.46751741
2798.51907381
2798.56897864
2798.62799437
2798.68857098
2798.74047163
2798.78933174
2798.84040075
2798.89170212
2798.94078946
2798.99330695
2799.06436052
2799.11541077
2799.16658779
2799.21740910
2799.26730394
2799.31914315
2799.36793450
2799.41910689
2799.46986725
2799.53065011
2799.58078608
2799.63250704
2799.68370406
2799.73235595
2799.78347373
2799.83657563
2799.88487181
2799.93555097
2799.98672459
2800.03582948
2800.08904548
2800.13754841
2800.18891365
2800.23919687
2800.28926920
2800.34679185
2800.40251202
2800.45272892
2800.50164315
2800.55423647
2800.60346472
2800.65549557
2800.70515586
2800.75748561
2800.80581739
2800.85694126
2800.90814901
2800.95787707
2801.00802108
2801.06008582
2801.10894495
2801.17082715
2801.23196573
2801.29379284
2801.34406192
2801.39599426
2801.44570429
2801.49666091
2801.54751977
2801.59848199
2801.64744913
2801.69832701
2801.74867093
2801.80003326
2801.85117981
2801.90045878
2801.97299691
2802.02496899
2802.07485359
2802.12450973
2802.17660445
2802.22517589
2802.27683858
2802.33821196
2802.38846665
2802.43953323
2802.49210460
2802.54147622
2802.59133229
2802.64238570
2802.69217180
2802.74306698
2802.79524947
2802.85483743
2802.91633125
2802.96948069
2803.01723414
2803.06684080
2803.11976276
2803.16879573
2803.22001542
2803.27237297
2803.32240751
2803.37212168
2803.42386629
2803.47231412
2803.52423159
2803.57435878
2803.62370821
2803.68660051
2803.73819201
2803.78807514
2803.83882550
2803.88860428
2803.93910864
2803.98930579
2804.04116987
2804.09135460
2804.14226392
2804.19379886
2804.26375285
2804.31467729
2804.36501561
2804.41594444
2804.47409978
2804.52875255
2804.58136342
2804.62873214
2804.68057330
2804.72987080
2804.78087594
2804.83204005
2804.88158453
2804.93224687
2804.98434818
2805.03386559
2805.08372995
2805.13561427
2805.18661721
2805.23572088
2805.28830445
2805.33874566
2805.38842325
2805.43994893
2805.48955875
2805.55171548
2805.60262870
2805.65192279
2805.70309933
2805.75299465
2805.80295726
2805.85375029
2805.90364097
2805.95650955
2806.00653165
2806.06737157
2806.12934179
2806.19026167
2806.24083990
2806.29171095
2806.34181253
2806.39200311
2806.44538246
2806.49440129
2806.54351276
2806.59635110
2806.64565762
2806.69561877
2806.74737387
2806.79836267
2806.85951686
2806.91156941
2806.96087032
2807.03186563
2807.08395304
2807.14508845
2807.21652554
2807.27904116
2807.33898946
2807.38963669
2807.44158928
2807.49241839
2807.54197286
2807.59442233
2807.64250736
2807.69311656
2807.75576920
2807.80554700
2807.85522753
2807.90764457
2807.95855389
2808.00733281
2808.06014896
2808.10875673
2808.15980722
2808.21038715
2808.26137547
2808.31171916
2808.36267578
2808.41337347
2808.46269877
2808.51462161
2808.59175286
2808.64899562
2808.71039020
2808.76989063
2808.81995296
2808.87262722
2808.92246768
2808.97294961
2809.02528400
2809.07373645
2809.12387168
2809.17495899
2809.22695180
2809.27722331
2809.32729564
2809.38899230
2809.43926358
2809.49099747
2809.54045759
2809.59104630
2809.64247250
2809.69198845
2809.74204176
2809.79404676
2809.84411494
2809.89335247
2809.94616375
2809.99489512
2810.04706421
2810.09663721
2810.14869415
2810.20813874
2810.25992675
2810.30948976
2810.36041030
2810.41241506
2810.47262668
2810.52233207
2810.57441095
2810.62433090
2810.67523071
2810.72601252
2810.77575278
2810.82762003
2810.87873805
2810.92930141
2810.98910173
2811.04089827
2811.09117150
2811.14089225
2811.19150339
2811.24323582
2811.29251089
2811.34311911
2811.39430125
2811.44374967
2811.49594119
2811.54582163
2811.59578644
2811.64559911
2811.69794959
2811.74779712
2811.80789025
2811.86089438
2811.91086212
2811.96069258
2812.02389453
2812.08561898
2812.13408778
2812.18527090
2812.23679803
2812.28678405
2812.33894533
2812.38743509
2812.43816010
2812.48870907
2812.53992023
2812.60168394
2812.65302700
2812.70300327
2812.75287006
2812.80362066
2812.85426692
2812.90443165
2812.95470658
2813.00616082
2813.05601274
2813.11016887
2813.15872909
2813.20821262
2813.25993480
2813.30889950
2813.35987173
2813.42216645
2813.47089320
2813.52110303
2813.57282668
2813.62393690
2813.67416453
2813.72601277
2813.77422824
2813.82527068
2813.87735468
2813.92656904
2813.97846799
2814.02976716
2814.07877306
2814.12963289
2814.19015513
2814.24261922
2814.29058236
2814.34266172
2814.39301150
2814.44258109
2814.49580733
2814.54648431
2814.59566770
2814.64825370
2814.69724644
2814.74796291
2814.79827905
2814.84959529
2814.90045585
2814.95059449
2815.01114574
2815.06232252
2815.11350735
2815.16292407
2815.21438514
2815.26510283
2815.31503033
2815.36421299
2815.41741437
2815.46718510
2815.51612396
2815.56909518
2815.61896173
2815.66847573
2815.71946307
2815.77119208
2815.83277659
2815.88384025
2815.93257918
2815.98343536
2816.03518094
2816.08594861
2816.13550504
2816.18417644
2816.23565676
2816.28563522
2816.33622345
2816.38806534
2816.43907828
2816.48804810
2816.54126216
2816.58983091
2816.65086271
2816.70297791
2816.75975719
2816.81341083
2816.86560502
2816.91507075
2816.96634555
2817.01754549
2817.06641462
2817.11782594
2817.17012864
2817.21853843
2817.29026370
2817.34207194
2817.40405070
2817.45326628
2817.51565487
2817.56735828
2817.61757104
2817.66733934
2817.71711641
2817.76951663
2817.82061563
2817.87133478
2817.92009444
2817.97027112
2818.02089665
2818.07200272
2818.12289571
2818.17261695
2818.22446421
2818.28641395
2818.34654438
2818.39648164
2818.44814848
2818.49850460
2818.54948926
2818.60036518
2818.65080371
2818.70070927
2818.75176536
2818.80108919
2818.85226841
2818.90284421
2818.95370379
2819.00265094
2819.06561931
2819.11590765
2819.16776393
2819.21853745
2819.26799416
2819.31910511
2819.36996787
2819.42173126
2819.47146761
2819.52244350
2819.57127142
2819.62279270
2819.67372007
2819.72267502
2819.77309916
2819.83595757
2819.88682350
2819.94699002
2819.99978155
2820.04917974
2820.09954683
2820.14990173
2820.19969002
2820.25135954
2820.30161253
2820.35091929
2820.40180960
2820.45315754
2820.50411538
2820.55372861
2820.61663798
2820.66669519
2820.71641692
2820.76731503
2820.81717475
2820.86720929
2820.92004836
2820.97013946
2821.02056019
2821.07143977
2821.12229082
2821.17382162
2821.22214949
2821.27351717
2821.32384696
2821.37316884
2821.43358770
2821.49699493
2821.55856359
2821.61166915
2821.66111099
2821.70963122
2821.76102158
2821.81079743
2821.86090072
2821.91365471
2821.96387795
2822.01326932
2822.06682958
2822.11519939
2822.16603630
2822.21779042
2822.27963386
2822.34900198
2822.40054716
2822.45136993
2822.50154441
2822.55246739
2822.60479446
2822.65302968
2822.70477283
2822.75564900
2822.80386350
2822.85665674
2822.90706064
2822.95622356
2823.00876250
2823.05772769
2823.11859102
2823.17067282
2823.22158970
2823.27285035
2823.32259890
2823.37253445
2823.42352130
2823.47605147
2823.52427548
2823.57485883
2823.62678922
2823.67502567
2823.72570215
2823.77846857
2823.82908849
2823.87840477
2823.94113006
2823.99005453
2824.04198200
2824.09323949
2824.14244922
2824.19243377
2824.24408379
2824.29616339
2824.34487331
2824.39649017
2824.44741729
2824.49582221
2824.54810905
2824.59790417
2824.64876570
2824.71051966
2824.79363765
2824.84409666
2824.89519128
2824.94483328
2824.99494437
2825.04611457
2825.09687224
2825.14774085
2825.19732434
2825.24850234
2825.29856345
2825.35041315
2825.39993715
2825.45076601
2825.50270470
2825.55141437
2825.61286162
2825.66475447
2825.71540194
2825.76538577
2825.81715769
2825.86641593
2825.91663528
2825.97558250
2826.02472128
2826.07609775
2826.12649044
2826.17857638
2826.22774759
2826.29044314
2826.33986255
2826.38965912
2826.44852857
2826.51275842
2826.57521601
2826.62416901
2826.67608941
2826.72720060
2826.77826304
2826.82807815
2826.87751169
2826.92833666
2826.97965924
2827.03049127
2827.08129161
2827.13190325
2827.18120367
2827.24279038
2827.29426802
2827.34464267
2827.41638281
2827.46681695
2827.52881960
2827.57980767
2827.63011064
2827.67986406
2827.73159453
2827.78215180
2827.83323471
2827.88276017
2827.93454526
2827.98311085
2828.03417474
2828.09664136
2828.15707241
2828.20885871
2828.25875208
2828.30866959
2828.35959890
2828.41059502
2828.46229356
2828.51097520
2828.56339955
2828.61285577
2828.66332038
2828.71417071
2828.76369544
2828.81376191
2828.87756265
2828.92831423
2828.97658944
2829.02846912
2829.07958787
2829.12899387
2829.18104032
2829.23171071
2829.28101674
2829.33266993
2829.38199278
2829.43339704
2829.49483112
2829.55712756
2829.60626512
2829.65747018
2829.71485874
2829.77995483
2829.83163386
2829.90337644
2829.95364528
2830.00564443
2830.05492340
2830.10601363
2830.15551252
2830.20559581
2830.25652879
2830.30821391
2830.35816141
2830.40806745
2830.47209810
2830.52066101
2830.58184128
2830.63378777
2830.68374404
2830.73416672
2830.78612199
2830.83620455
2830.88562835
2830.93731420
2830.98641812
2831.03718676
2831.08881605
2831.16009930
2831.21167349
2831.26210105
2831.31235745
2831.37335633
2831.42455042
2831.47487850
2831.52479796
2831.57644749
2831.62740265
2831.67705538
2831.72700702
2831.77938066
2831.82998547
2831.88048885
2831.93019814
2831.98079124
2832.03157379
2832.08289734
2832.13255495
2832.19280119
2832.24493297
2832.29537174
2832.34513882
2832.39633730
2832.44673463
2832.51948877
2832.56942773
2832.62116235
2832.69170880
2832.74326861
2832.80391567
2832.85598382
2832.90718718
2832.95749283
2833.01781807
2833.06852113
2833.11976033
2833.16955642
2833.22191616
2833.27137311
2833.32127697
2833.37213777
2833.42334600
2833.47349489
2833.52353381
2833.57386262
2833.62495895
2833.67683400
2833.72592085
2833.78771772
2833.83859242
2833.88821029
2833.93955432
2833.98916073
2834.04116402
2834.09120465
2834.14215372
2834.19183034
2834.24179003
2834.29355463
2834.34384639
2834.40510493
2834.45627074
2834.50785614
2834.55599116
2834.61916897
2834.66933516
2834.71888403
2834.77187231
2834.82097866
2834.87078890
2834.92357506
2834.97272360
2835.02362585
2835.07434646
2835.12436271
2835.17420952
2835.22656000
2835.27696341
2835.32664881
2835.37700420
2835.44925830
2835.51153279
2835.56305090
2835.61342799
2835.66333550
2835.71394177
2835.76519511
2835.81379873
2835.86555894
2835.91597236
2835.96698920
2836.01913293
2836.06684006
2836.11807560
2836.16972489
2836.23029686
2836.28179230
2836.33154841
2836.38221782
2836.43330781
2836.48447045
2836.53307772
2836.58491742
2836.63358297
2836.68504525
2836.73529483
2836.78563169
2836.83781467
2836.88737646
2836.93802783
2836.98967419
2837.04934772
2837.10145610
2837.15312416
2837.20263548
2837.25211584
2837.30405013
2837.35503845
2837.40496498
2837.45556613
2837.50579352
2837.55564471
2837.60852547
2837.65823160
2837.73014582
2837.77978612
2837.84131236
2837.90218080
2837.95546312
2838.00419644
2838.05449478
2838.10743187
2838.15673693
2838.20853176
2838.25778245
2838.30765461
2838.35780910
2838.41126404
2838.46104038
2838.51005823
2838.56145078
2838.61124468
2838.66207062
2838.72373144
2838.78556952
2838.83530368
2838.88657701
2838.93562997
2838.98842857
2839.03985964
2839.08926320
2839.13891593
2839.20037561
2839.26323183
2839.31186130
2839.36467770
2839.41370457
2839.46376105
2839.52693105
2839.57770433
2839.62711008
2839.68014688
2839.72841502
2839.77978685
2839.82979798
2839.88028258
2839.93131723
2839.98281462
2840.03279795
2840.08179776
2840.13387054
2840.18319535
2840.23315967
2840.28498059
2840.33607789
2840.38525885
2840.43772807
2840.48754927
2840.53837936
2840.58953541
2840.63975037
2840.68900862
2840.74096998
2840.79094429
2840.84131675
2840.89170164
2840.94331605
2840.99293685
2841.04509350
2841.11630189
2841.16560159
2841.21790745
2841.26713985
2841.31711490
2841.36837287
2841.42022086
2841.47035974
2841.52239742
2841.57130994
2841.62135496
2841.67327390
2841.72278473
2841.77351168
2841.82472236
2841.87567922
2841.93569945
2841.99598324
2842.04812697
2842.09831340
2842.14918493
2842.19935625
2842.25081682
2842.30059511
2842.35210518
2842.40238914
2842.45196945
2842.50312478
2842.55518269
2842.60449555
2842.65477901
2842.70555229
2842.76747594
2842.81945193
2842.86827912
2842.94003268
2842.99234317
2843.04133006
2843.09098059
2843.14365753
2843.19226335
2843.24308344
2843.29561214
2843.34575615
2843.39465209
2843.44788126
2843.49662483
2843.54682637
2843.61046717
2843.66094836
2843.70949737
2843.76233913
2843.81274913
2843.86148416
2843.93574505
2843.99592985
2844.04641226
2844.09723138
2844.14852128
2844.19780733
2844.30286888
2844.35287757
2844.40316957
2844.46590267
2844.51756341
2844.56592907
2844.61858577
2844.66769505
2844.71910541
2844.76922235
2844.82039279
2844.87127432
2844.92039725
2844.97058368
2845.02207181
2845.07288775
2845.12460847
2845.17490486
2845.22659705
2845.28514614
2845.34626059
2845.39941515
2845.44804388
2845.49927016
2845.55048570
2845.60089595
2845.65065742
2845.70191637
2845.75198479
2845.80244136
2845.85366081
2845.90439069
2845.95339147
2846.00465115
2846.07778052
2846.14174290
2846.18651189
2846.25891763
2846.31223140
2846.37678673
2846.44040485
2846.50535954
2846.57075625
2846.62342417
2846.68890841
2846.75247412
2846.81728130
2846.88138607
2846.93395475
2846.99943144
2847.05234414
2847.11779132
2847.18143919
2847.24635365
2847.31079926
2847.36351399
2847.42868396
2847.48156985
2847.54570534
2847.61250712
2847.66469157
2847.75046830
2847.80324471
2847.86857462
2847.93181021
2847.99676709
2848.06204702
2848.12739692
2848.19044867
2848.24313293
2848.30870250
2848.37381542
2848.43873427
2848.50223585
2848.55718656
2848.61913093
2848.67327780
2848.73731601
2848.80249061
2848.88841655
2848.95227848
2849.00763928
2849.06691613
2849.13417725
2849.19937746
2849.26469761
2849.38240433
2849.44768987
2849.50046775
2849.56549607
2849.62985415
2849.69430464
2849.73936742
2849.80377158
2849.86693305
2849.93217202
2849.99619779
2850.06032694
2850.12535160
2850.18913893
2850.25356163
2850.31931893
2850.38325937
2850.43685913
2850.50120210
2850.56415950
2850.62870557
2850.69367756
2850.75784377
2850.82448586
2850.87614051
2850.94016945
2850.99480199
2851.05867270
2851.12364616
2851.17634967
2851.24264092
2851.30626173
2851.37093555
2851.43463340
2851.49792726
2851.56256206
2851.61872206
2851.68239968
2851.74641716
2851.81196869
2851.87585720
2851.96141353
2852.02541980
2852.07921216
2852.14335667
2852.19677089
2852.26195671
2852.32605465
2852.39012894
2852.45573680
2852.50754577
2852.57389237
2852.63619685
2852.70144435
2852.76706122
2852.81866540
2852.88376101
2852.93614075
2853.00239835
2853.07741041
2853.14100928
2853.20787738
2853.27066119
2853.33434319
2853.42140236
2853.47400445
2853.54070822
2853.60358200
2853.66762386
2853.72109269
2853.78556610
2853.84967818
2853.91441710
2853.97817444
2854.06486423
2854.10958909
