2743.37001639
2743.42149647
2743.47456423
2743.52785679
2743.57346156
2743.62471465
2743.67534262
2743.73685057
2743.78665544
2743.83671899
2743.88640902
2743.93676514
2743.98838980
2744.03841117
2744.09112688
2744.14174387
2744.19143440
2744.24532063
2744.31183058
2744.34496133
2744.39317022
2744.44584643
2744.51643896
2744.56752041
2744.61655923
2744.66825508
2744.71809555
2744.77004472
2744.81896626
2744.86905078
2744.92163312
2744.96970621
2745.02043390
2745.07141807
2745.12321900
2745.17301412
2745.22483943
2745.27465040
2745.33670131
2745.38562627
2745.43740063
2745.48826778
2745.53901107
2745.58912655
2745.63975695
2745.68966788
2745.75872124
2745.79547939
2745.84135868
2745.89134567
2745.94307785
2745.99385503
2746.04293871
2746.09378123
2746.15947856
2746.20971058
2746.25654195
2746.30963751
2746.35848006
2746.40885032
2746.45883561
2746.50973152
2746.55983116
2746.61285479
2746.66117755
2746.71214831
2746.76313321
2746.81283812
2746.86385496
2746.92580275
2746.97655067
2747.03739888
2747.08827553
2747.13812453
2747.21083625
2747.24369077
2747.29055261
2747.34050864
2747.39217670
2747.44315356
2747.49263611
2747.54321556
2747.59724734
2747.64572077
2747.70608428
2747.75600520
2747.80728512
2747.85720165
2747.90759556
2747.95949865
2748.01034385
2748.06136216
2748.11011182
2748.16104040
2748.21185659
2748.28458660
2748.33468501
2748.38641110
2748.43732432
2748.48731570
2748.54898774
2748.62903373
2748.66364343
2748.71001912
2748.76102451
2748.81084376
2748.86275026
2748.91349599
2748.96274716
2749.01422505
2749.06507927
2749.11497606
2749.16601289
2749.21679690
2749.26759773
2749.32967888
2749.37928992
2749.42927496
2749.48102152
2749.53090928
2749.58086580
2749.63166273
2749.68251256
2749.73328413
2749.78415713
2749.83442304
2749.88595676
2749.93492243
2749.98673995
2750.03662820
2750.10637008
2750.16022584
2750.22110671
2750.27100715
2750.32189722
2750.37266976
2750.42268382
2750.47363556
2750.52400290
2750.59757307
2750.64801258
2750.69791448
2750.74944186
2750.80014004
2750.86056597
2750.92238430
2750.98636229
2751.04422944
2751.09492860
2751.14588302
2751.19676138
2751.24862327
2751.29838669
2751.34926237
2751.41825307
2751.45417788
2751.50078129
2751.55174986
2751.60252045
2751.65236994
2751.70247347
2751.75417371
2751.80402149
2751.86808895
2751.91504515
2751.96587914
2752.01775395
2752.11093760
2752.16201491
2752.21203993
2752.26280590
2752.31359649
2752.36463064
2752.41370115
2752.46426207
2752.52721143
2752.58912460
2752.63811026
2752.68970615
2752.77164045
2752.80555651
2752.85240348
2752.90225638
2752.95302527
2753.00286744
2753.05379554
2753.10467170
2753.15569391
2753.20550463
2753.25596754
2753.30829754
2753.35709913
2753.43087313
2753.48157204
2753.54117512
2753.61471482
2753.66475618
2753.71653736
2753.76647876
2753.81819290
2753.86808505
2753.91799207
2753.97021699
2754.02030468
2754.06870399
2754.14139645
2754.17532982
2754.22137588
2754.27455482
2754.33387654
2754.39477473
2754.44474344
2754.49643563
2754.54745272
2754.59648715
2754.64808133
2754.69804346
2754.74886671
2754.79967071
2754.85060515
2754.90051900
2754.95102043
2755.00272798
2755.05206595
2755.10330515
2755.16481164
2755.21566221
2755.26658348
2755.31551673
2755.36646579
2755.41828087
2755.46823397
2755.51827460
2755.58987236
2755.62373113
2755.67049520
2755.72032518
2755.77139640
2755.82203704
2755.87389113
2755.93585086
2755.98459028
2756.03569563
2756.08678464
2756.13670190
2756.18792013
2756.23702039
2756.28793654
2756.33962410
2756.38951235
2756.43940084
2756.49113449
2756.54213085
2756.59188988
2756.64387489
2756.69271305
2756.75444531
2756.80639741
2756.85628029
2756.90636237
2756.95830252
2757.02704162
2757.05901720
2757.16318812
2757.21341551
2757.26252454
2757.31622256
2757.36518287
2757.42554224
2757.47931705
2757.52772416
2757.58859626
2757.65156537
2757.71126621
2757.76120444
2757.81301634
2757.86421555
2757.91677278
2757.96568141
2758.01546506
2758.06548083
2758.11639356
2758.16777149
2758.21815370
2758.26893819
2758.33862692
2758.37446737
2758.43161016
2758.48139723
2758.53130718
2758.58449636
2758.63479738
2758.70623593
2758.75706139
2758.80798924
2758.85846434
2758.90885679
2758.95861387
2759.01044747
2759.06042691
2759.11031004
2759.16421626
2759.22199272
2759.28384371
2759.33511436
2759.38553265
2759.43556182
2759.48719453
2759.53620238
2759.58818057
2759.63787840
2759.71057281
2759.74350754
2759.78967795
2759.84035077
2759.89042066
2759.94222574
2759.99098028
2760.05389355
2760.11396717
2760.16485309
2760.21739691
2760.26632041
2760.31749061
2760.36955364
2760.41752286
2760.46852020
2760.52011707
2760.57146281
2760.62180089
2760.67269339
2760.72249850
2760.77347268
2760.83427846
2760.88509172
2760.93510041
2760.98602120
2761.03590823
2761.08658325
2761.15670255
2761.19237769
2761.23843399
2761.28932820
2761.34003638
2761.38992488
2761.44167656
2761.49071635
2761.54258872
2761.59326204
2761.65493676
2761.70564226
2761.75872514
2761.80631159
2761.85637928
2761.90808562
2761.95806505
2762.00889416
2762.05962380
2762.10954862
2762.20326524
2762.26622630
2762.32749044
2762.37695276
2762.42864910
2762.50764964
2762.54253582
2762.59030488
2762.64090456
2762.69047830
2762.74301749
2762.79284795
2762.84183045
2762.89454957
2762.94445464
2762.99446553
2763.04634229
2763.09721967
2763.14803562
2763.19708638
2763.25882815
2763.31011830
2763.36009506
2763.41086711
2763.46036478
2763.51213597
2763.56592566
2763.61409456
2763.66386774
2763.71379524
2763.78739784
2763.83743725
2763.91804669
2763.95304014
2763.99993758
2764.04984924
2764.11250578
2764.16341437
2764.21234665
2764.26464763
2764.31451199
2764.36536134
2764.41534809
2764.46673698
2764.51599815
2764.56683116
2764.61780875
2764.66850474
2764.71774251
2764.76851433
2764.81900649
2764.87062896
2764.93203281
2764.99486757
2765.04352142
2765.09437027
2765.14604443
2765.19591756
2765.24505171
2765.30007556
2765.36841968
2765.40242107
2765.44851078
2765.50933533
2765.56097511
2765.61180666
2765.66071675
2765.71505183
2765.77448424
2765.82529506
2765.87830285
2765.92818793
2765.97654214
2766.02670906
2766.07656757
2766.13054377
2766.18141774
2766.23053238
2766.28047890
2766.33081990
2766.38080982
2766.43034626
2766.48121633
2766.54336867
2766.59519593
2766.64413845
2766.69592743
2766.74577009
2766.81663179
2766.84967940
2766.89644470
2766.94818419
2766.99813827
2767.06083358
2767.11080887
2767.16166187
2767.21353570
2767.26216566
2767.31397707
2767.37506811
2767.42569096
2767.47682191
2767.52554987
2767.57626658
2767.62743020
2767.67740110
2767.72912962
2767.82340627
2767.87284494
2767.92366503
2767.97464725
2768.02521963
2768.07452274
2768.12616910
2768.19607287
2768.24974528
2768.31153020
2768.37224870
2768.42226544
2768.47319963
2768.52427597
2768.57389895
2768.62563723
2768.67576880
2768.72554124
2768.77732827
2768.82621057
2768.97433396
2769.03809227
2769.09815151
2769.16086681
2769.20996536
2769.26084348
2769.33038275
2769.36560636
2769.41337250
2769.46242790
2769.51332064
2769.56425166
2769.61593508
2769.66491563
2769.71675313
2769.76854285
2769.81737833
2769.86840054
2769.91819566
2769.97911847
2770.03093184
2770.08163392
2770.13167772
2770.18338698
2770.23319965
2770.28424380
2770.33417643
2770.39500196
2770.44588739
2770.49861675
2770.54742395
2770.59793562
2770.64806158
2770.69964967
2770.76934937
2770.82248614
2770.87231612
2770.92297066
2770.97480768
2771.02470032
2771.08243386
2771.13345314
2771.18346037
2771.23416026
2771.30728158
2771.35719519
2771.40819594
2771.47995193
2771.52973997
2771.58031260
2771.63210305
2771.69385920
2771.74464491
2771.79469188
2771.84633215
2771.89625526
2771.94641048
2771.99698603
2772.04778783
2772.11615780
2772.15218964
2772.19988531
2772.25069516
2772.30058731
2772.35173045
2772.40329586
2772.45223545
2772.51294079
2772.56400761
2772.61580659
2772.66465256
2772.71556286
2772.76833878
2772.81630728
2772.86906541
2772.91804864
2772.96778207
2773.01972368
2773.07054377
2773.11936560
2773.17231122
2773.22145170
2773.27323801
2773.33408329
2773.38417902
2773.43411433
2773.48600328
2773.55481771
2773.58996306
2773.63706944
2773.68977783
2773.73956368
2773.78951484
2773.83953938
2773.89032996
2773.94201070
2773.99351297
2774.04278048
2774.09366859
2774.15559955
2774.21531966
2774.26721568
2774.31804162
2774.36694171
2774.41976055
2774.46967854
2774.51948438
2774.57161397
2774.62129181
2774.67035648
2774.72106173
2774.77223120
2774.82272044
2774.88364569
2774.93562314
2775.01522077
2775.05123554
2775.09727575
2775.14894478
2775.20971399
2775.27077773
2775.32148445
2775.37268854
2775.42319460
2775.47415000
2775.52313299
2775.57402573
2775.62375282
2775.67457438
2775.72656377
2775.78731787
2775.83917634
2775.89002179
2775.93902989
2775.98984900
2776.04086463
2776.09058367
2776.14166756
2776.19364940
2776.24190925
2776.29300753
2776.38498944
2776.41902790
2776.46761299
2776.53958621
2776.59044092
2776.65120453
2776.70212872
2776.75190336
2776.80270345
2776.85466969
2776.90350200
2776.95533878
2777.00621080
2777.05528594
2777.10613407
2777.15701633
2777.20687679
2777.25774515
2777.30949903
2777.35936387
2777.41012203
2777.47109775
2777.52295086
2777.57279791
2777.62383938
2777.67455585
2777.72531986
2777.79446075
2777.82908849
2777.87596789
2777.92686893
2777.97665258
2778.02983079
2778.07952351
2778.12860304
2778.17943435
2778.24114491
2778.29098830
2778.34279996
2778.39260336
2778.44252770
2778.49347579
2778.54443460
2778.59503721
2778.64600408
2778.69693047
2778.74679019
2778.79657409
2778.84856300
2778.90255602
2778.94960560
2779.00049323
2779.06133144
2779.12247904
2779.17318454
2779.24296641
2779.29587619
2779.34858482
2779.40773368
2779.46139098
2779.51028668
2779.56029196
2779.61093285
2779.66108173
2779.71209028
2779.76183883
2779.81499412
2779.87541176
2779.92436135
2779.97412330
2780.02615732
2780.07681479
2780.12768705
2780.17849154
2780.22894762
2780.27891145
2780.32979005
2780.38050238
2780.43142852
2780.48130946
2780.53215783
2780.58386587
2780.65463541
2780.70660018
2780.76748472
2780.82829855
2780.87848449
2780.92998359
2780.98083537
2781.03078458
2781.08161295
2781.13249717
2781.18245856
2781.23324549
2781.28325028
2781.33407939
2781.38576622
2781.43771051
2781.49664774
2781.54833726
2781.60016452
2781.64881300
2781.70000319
2781.75181022
2781.80175772
2781.85214236
2781.90305510
2781.95155364
2782.02325160
2782.05725665
2782.10497915
2782.15484423
2782.20492314
2782.25659218
2782.31854118
2782.38026369
2782.43916167
2782.49100795
2782.54190996
2782.59178602
2782.64167159
2782.69252605
2782.74348341
2782.79334971
2782.84458111
2782.89537487
2782.94600551
2782.99788227
2783.04673897
2783.09954439
2783.15851820
2783.22046866
2783.27185464
2783.32315552
2783.39115050
2783.42688319
2783.47386036
2783.52460169
2783.57445606
2783.62532783
2783.67529703
2783.72606860
2783.77816917
2783.82876301
2783.87774672
2783.94045763
2783.99047876
2784.04046356
2784.09068997
2784.14254869
2784.19250204
2784.24430395
2784.29333594
2784.36604766
2784.41690895
2784.46773440
2784.53859196
2784.59058038
2784.65138275
2784.70216676
2784.77289875
2784.82587631
2784.88566809
2784.93745659
2784.98732826
2785.03740741
2785.08911228
2785.13997796
2785.18898899
2785.24071751
2785.29147933
2785.34167405
2785.39336283
2785.44331228
2785.49400315
2785.54405085
2785.60684124
2785.66763947
2785.71660636
2785.76855407
2785.81921154
2785.87030810
2785.92097167
2785.96996172
2786.02172852
2786.07407071
2786.14243605
2786.17537566
2786.22427136
2786.27505829
2786.32405054
2786.38688189
2786.44859172
2786.49843243
2786.54845721
2786.59918002
2786.64911581
2786.72384189
2786.77373550
2786.82360108
2786.87471935
2786.92534146
2786.97428081
2787.02619267
2787.07695717
2787.12586848
2787.17803171
2787.22854387
2787.28942914
2787.35222075
2787.41318257
2787.48297712
2787.51879489
2787.56387888
2787.61472481
2787.66644797
2787.71542535
2787.76714022
2787.81728788
2787.86709104
2787.91868059
2787.96971133
2788.01960300
2788.06951977
2788.13319665
2788.18312172
2788.23390694
2788.28470753
2788.33385192
2788.38514353
2788.43611478
2788.48673422
2788.53658565
2788.58825688
2788.64927161
2788.69964236
2788.75049755
2788.80037459
2788.85275262
2788.93319114
2788.96881192
2789.01371110
2789.06651092
2789.11553706
2789.16638446
2789.21663159
2789.26718422
2789.31701542
2789.36781528
2789.41775253
2789.48960019
2789.54161861
2789.60327114
2789.67575124
2789.72614857
2789.78779623
2789.83777054
2789.88783043
2789.93901940
2789.99218152
2790.04184035
2790.09070801
2790.14204474
2790.19077879
2790.24213819
2790.31107501
2790.34689791
2790.39489615
2790.44476977
2790.49446175
2790.54542496
2790.60677980
2790.65806313
2790.70891320
2790.75903161
2790.80967128
2790.86050112
2790.91143580
2790.96166465
2791.01332393
2791.06629222
2791.11301656
2791.16395319
2791.21477426
2791.26562580
2791.31792971
2791.36787696
2791.42878783
2791.47872289
2791.52910022
2791.58083411
2791.63154253
2791.68075445
2791.75247582
2791.78721596
2791.83234140
2791.88403042
2791.93688120
2791.98495087
2792.03570367
2792.08762553
2792.13732654
2792.18816345
2792.24810371
2792.29906545
2792.34974852
2792.40305522
2792.45067580
2792.50038900
2792.55214288
2792.60217766
2792.65399346
2792.70398314
2792.76525338
2792.81559389
2792.86650005
2792.91828879
2792.96823385
2793.01853048
2793.07988581
2793.13124984
2793.20120408
2793.23604759
2793.28188202
2793.33360030
2793.38364532
2793.43441446
2793.48528696
2793.53524104
2793.59600465
2793.64782655
2793.69771407
2793.74758672
2793.79952735
2793.86131374
2793.91107740
2793.96193967
2794.01289166
2794.06404308
2794.11460059
2794.16439839
2794.21422227
2794.26519035
2794.32689457
2794.38755407
2794.43937500
2794.48920912
2794.54019476
2794.61416186
2794.64376054
2794.70268022
2794.75658767
2794.80448911
2794.85431982
2794.90432998
2794.95611458
2795.00693077
2795.05787910
2795.10783196
2795.16074369
2795.21039495
2795.25983094
2795.30881319
2795.35869315
2795.41443892
2795.47098560
2795.52375202
2795.56663295
2795.62532832
2795.67741963
2795.72831847
2795.77726025
2795.82882323
2795.87868149
2795.93959723
2796.00855624
2796.04530854
2796.09139287
2796.14500141
2796.19194688
2796.25268123
2796.30478888
2796.35543854
2796.40569787
2796.45948609
2796.50717250
2796.55713877
2796.60820803
2796.65830425
2796.73013290
2796.78403376
2796.84190603
2796.89482776
2796.94474697
2796.99407422
2797.04484774
2797.10671360
2797.16917827
2797.21927717
2797.26844667
2797.31957469
2797.39018014
2797.42608276
2797.47359022
2797.53350829
2797.58336168
2797.63504217
2797.70780241
2797.75786791
2797.81851668
2797.86860827
2797.93027202
2797.98137517
2798.03416523
2798.08300072
2798.13400537
2798.18462578
2798.23391816
2798.28567862
2798.33580653
2798.38557581
2798.43653048
2798.48810150
2798.53797244
2798.58907486
2798.64666699
2798.72867784
2798.76236156
2798.81020961
2798.86057183
2798.91050591
2798.96233635
2799.01125765
2799.08310970
2799.13595341
2799.18472501
2799.23667467
2799.28752231
2799.33948220
2799.38932852
2799.43738186
2799.48998517
2799.55073732
2799.60171393
2799.65059647
2799.70138657
2799.75230491
2799.80312939
2799.85506198
2799.90282178
2799.95486213
2800.00658187
2800.05577064
2800.10587295
2800.17851324
2800.21136775
2800.25828543
2800.31007125
2800.37117424
2800.42184268
2800.47377722
2800.52249543
2800.57233053
2800.62337224
2800.67476211
2800.72512993
2800.77599074
2800.82574514
2800.87566435
2800.93248410
2800.97752591
2801.02743976
2801.07709639
2801.12987158
2801.19083682
2801.25172647
2801.31644052
2801.36330651
2801.41488436
2801.46578101
2801.51575044
2801.58515124
2801.62145443
2801.66787645
2801.71869312
2801.76852725
2801.82231498
2801.87128992
2801.92108382
2801.99295269
2802.04378595
2802.09369663
2802.14549171
2802.19627767
2802.24618688
2802.29499213
2802.35806876
2802.40921701
2802.45883683
2802.50768377
2802.56069790
2802.60898993
2802.66002725
2802.71171701
2802.76362936
2802.81681172
2802.87632483
2802.95725634
2802.98911660
2803.03803936
2803.08794224
2803.13782269
2803.18955999
2803.23956795
2803.28954982
2803.34324637
2803.38996974
2803.44106387
2803.49275435
2803.54198164
2803.59360020
2803.64434130
2803.70629469
2803.75522892
2803.80569914
2803.86038239
2803.90829066
2803.95913001
2804.00915065
2804.05897917
2804.10990873
2804.16084511
2804.21446047
2804.28628814
2804.33396748
2804.40475994
2804.44162487
2804.49739721
2804.54625074
2804.59907153
2804.64999036
2804.69922300
2804.75159250
2804.80559552
2804.85049178
2804.90232855
2804.95321130
2805.00223402
2805.05278056
2805.10465244
2805.15482936
2805.20641867
2805.25556159
2805.30577118
2805.35961597
2805.41142154
2805.45861179
2805.50942530
2805.57020719
2805.62054624
2805.67170498
2805.72208987
2805.77196155
2805.84404838
2805.87777379
2805.92371208
2805.97480500
2806.02733760
2806.08727908
2806.14921614
2806.21102593
2806.25911292
2806.31073075
2806.36169249
2806.41157782
2806.46239523
2806.51414642
2806.56308040
2806.61575856
2806.66588526
2806.71666756
2806.76666747
2806.81922909
2806.87942316
2806.92989582
2806.97899096
2807.05260648
2807.10647516
2807.18474963
2807.23571089
2807.29810582
2807.35883773
2807.40874695
2807.46117203
2807.51105517
2807.56146760
2807.61226673
2807.66213279
2807.71386399
2807.77393372
2807.82563786
2807.87549368
2807.92469025
2807.97639219
2808.02734711
2808.07794362
2808.12802814
2808.17788762
2808.22956909
2808.28363647
2808.33144966
2808.38035756
2808.43268414
2808.48208697
2808.55383833
2808.60937807
2808.66775357
2808.72889459
2808.79059394
2808.84008917
2808.89017466
2808.94237836
2808.99217275
2809.04307963
2809.09502685
2809.14369459
2809.19566278
2809.24562198
2809.29551169
2809.34619695
2809.40809208
2809.45917304
2809.50902570
2809.56141031
2809.61135585
2809.66268648
2809.71109578
2809.76101744
2809.81177438
2809.86316205
2809.93393842
2809.96618658
2810.01571936
2810.07102261
2810.11890724
2810.16757693
2810.22717488
2810.27844236
2810.32953893
2810.38119163
2810.43013707
2810.49288016
2810.54192654
2810.59211394
2810.64476991
2810.69371755
2810.74541072
2810.79625811
2810.85109398
2810.89947354
2810.94776167
2811.00968410
2811.05965110
2811.11341519
2811.16427673
2811.21114320
2811.26106047
2811.31180839
2811.38380185
2811.41813702
2811.46449467
2811.51431441
2811.56623920
2811.61606771
2811.66513091
2811.71802826
2811.76711194
2811.82894196
2811.88052469
2811.93134941
2811.98028948
2812.04300747
2812.10311352
2812.15373978
2812.20479051
2812.25546773
2812.30937322
2812.35635575
2812.40710660
2812.45674251
2812.50972226
2812.55851678
2812.61942619
2812.67085799
2812.72386261
2812.79067074
2812.82546207
2812.87338254
2812.92313596
2812.97402261
2813.02507456
2813.07340268
2813.13096409
2813.17686655
2813.23015838
2813.27763657
2813.32850225
2813.37927602
2813.44011520
2813.49115472
2813.54106321
2813.59181210
2813.64357305
2813.69442508
2813.74321326
2813.79426400
2813.84435290
2813.89507010
2813.94671719
2813.99665445
2814.04756353
2814.09834168
2814.14915494
2814.22973098
2814.26353586
2814.31135344
2814.36123877
2814.41229169
2814.46221871
2814.51688245
2814.56476415
2814.61588803
2814.66544177
2814.71641546
2814.76722677
2814.81516772
2814.87443750
2814.91795209
2814.96770820
2815.02976277
2815.08041195
2815.13143733
2815.18233982
2815.23197719
2815.28204464
2815.33374830
2815.38373212
2815.43489549
2815.49188371
2815.53735828
2815.58610063
2815.63714210
2815.70777144
2815.74100362
2815.79057199
2815.85043058
2815.90139305
2815.95223167
2816.00310174
2816.05294708
2816.10373499
2816.15375514
2816.20359926
2816.25554258
2816.30975405
2816.36061803
2816.40795945
2816.45804640
2816.50792904
2816.55965196
2816.60854839
2816.67130441
2816.72221714
2816.78326527
2816.83382619
2816.88486839
2816.93810951
2816.98547141
2817.03885052
2817.08596032
2817.15881077
2817.18902775
2817.23864099
2817.31146364
2817.36146307
2817.42408085
2817.47332763
2817.53586739
2817.58813839
2817.63525258
2817.68996727
2817.73727431
2817.78744441
2817.84210937
2817.88984625
2817.94281722
2817.98968126
2818.04054572
2818.09158475
2818.14127405
2818.19321006
2818.24308758
2818.30303248
2818.36668010
2818.41646717
2818.46893297
2818.53857538
2818.57125216
2818.62149418
2818.66854766
2818.71943601
2818.77255937
2818.82023870
2818.87224639
2818.92198860
2818.97386365
2819.02284420
2819.08449868
2819.13562792
2819.18553129
2819.23615023
2819.28711636
2819.34097017
2819.38986880
2819.44266447
2819.48871273
2819.54374804
2819.59078274
2819.64060151
2819.69147889
2819.74266201
2819.79249419
2819.85522923
2819.90517210
2819.98694133
2820.01880550
2820.06829097
2820.11778645
2820.16942500
2820.22020243
2820.27014114
2820.31897126
2820.37307570
2820.42083989
2820.47271104
2820.52764078
2820.57333380
2820.63415300
2820.68620408
2820.73541210
2820.78650379
2820.83724586
2820.88907264
2820.93890091
2820.99383723
2821.03949295
2821.09060391
2821.14173973
2821.19169454
2821.24253121
2821.29332423
2821.34224066
2821.39326482
2821.47490264
2821.51768970
2821.57854303
2821.62937824
2821.68046920
2821.72934491
2821.78125482
2821.83101629
2821.88092112
2821.93334645
2821.98404244
2822.03314099
2822.08392597
2822.13859483
2822.18655138
2822.23854932
2822.29807120
2822.36962385
2822.42147209
2822.47117065
2822.52278970
2822.57241732
2822.62421436
2822.67294744
2822.72476788
2822.77591711
2822.84366804
2822.87758191
2822.92724342
2822.97643462
2823.02713426
2823.07825887
2823.13874161
2823.18955706
2823.24151769
2823.29250869
2823.34135051
2823.39203334
2823.44361752
2823.49360110
2823.54260823
2823.59518131
2823.64408262
2823.69490758
2823.74679019
2823.79766343
2823.84717963
2823.89803677
2823.95881598
2824.01013027
2824.06030037
2824.11047851
2824.16233747
2824.21285231
2824.28475410
2824.31758691
2824.36476132
2824.41429775
2824.46724727
2824.51546007
2824.56509500
2824.61771001
2824.66665204
2824.72937611
2824.81325844
2824.86413022
2824.91310297
2824.96496095
2825.01473339
2825.06561590
2825.11466618
2825.16646906
2825.21723063
2825.26835305
2825.31824861
2825.36828656
2825.41998704
2825.47288244
2825.51998005
2825.57164786
2825.65169897
2825.68843542
2825.73421573
2825.78803150
2825.83498599
2825.88690859
2825.93671638
2825.99465960
2826.04540216
2826.09531406
2826.14718204
2826.19707297
2826.24894168
2826.30800740
2826.35961256
2826.41150906
2826.47046921
2826.53415073
2826.59503551
2826.64412431
2826.69577822
2826.74683432
2826.79570125
2826.84726447
2826.89865069
2826.94774729
2826.99853056
2827.06933545
2827.10412825
2827.15111005
2827.20097221
2827.26266449
2827.31424453
2827.36438049
2827.43724655
2827.48712480
2827.54893361
2827.59875262
2827.64990746
2827.69969161
2827.75043319
2827.80143662
2827.85240226
2827.90298659
2827.95294359
2828.00284867
2828.05379017
2828.11639283
2828.17725006
2828.22812306
2828.27803154
2828.32990952
2828.37973779
2828.44876873
2828.48256703
2828.53460690
2828.58369886
2828.63331307
2828.68396396
2828.73197171
2828.78473642
2828.83353314
2828.89629281
2828.94660090
2828.99720424
2829.04899518
2829.09912455
2829.14891284
2829.19872746
2829.25044794
2829.30042396
2829.35143422
2829.40190737
2829.45280231
2829.51427003
2829.57594987
2829.62562967
2829.67537773
2829.73908411
2829.81955384
2829.85328754
2829.92309890
2829.97299471
2830.02304168
2830.07408437
2830.12472965
2830.17566140
2830.22653659
2830.27743177
2830.32618850
2830.37800041
2830.42820854
2830.48967139
2830.54157716
2830.60145647
2830.65159974
2830.70317076
2830.75307803
2830.80306015
2830.85397166
2830.90374020
2830.95652735
2831.00657407
2831.05719960
2831.10639690
2831.19944085
2831.23512575
2831.28096237
2831.33175321
2831.39261750
2831.44258085
2831.49532727
2831.54512946
2831.59437576
2831.64522535
2831.69781793
2831.74760110
2831.79857942
2831.85041254
2831.89841907
2831.94957122
2831.99911863
2832.05093882
2832.10386494
2832.15093012
2832.21272845
2832.26436530
2832.31325028
2832.36511704
2832.41605562
2832.46712293
2832.53845859
2832.60902236
2832.64269973
2832.71190206
2832.76283040
2832.82463410
2832.87653938
2832.92572912
2832.97654774
2833.04071029
2833.08850203
2833.13822376
2833.18820856
2833.24007873
2833.29290025
2833.34162309
2833.39156108
2833.44235240
2833.49249348
2833.54424565
2833.59498504
2833.64294841
2833.69470961
2833.74576814
2833.80745627
2833.85818323
2833.90915155
2833.97800621
2834.01128447
2834.06474769
2834.10984997
2834.16058716
2834.21146162
2834.26230341
2834.31311545
2834.36494491
2834.42490199
2834.47585130
2834.52566982
2834.57662840
2834.63822461
2834.68918001
2834.73919675
2834.78984374
2834.84078573
2834.89162532
2834.94060197
2834.99327403
2835.04250571
2835.09300689
2835.14412297
2835.19400634
2835.24578362
2835.29663663
2835.34746086
2835.41713545
2835.47007375
2835.53314721
2835.58077754
2835.63121192
2835.68301481
2835.73323830
2835.78638896
2835.83466295
2835.88445002
2835.93632848
2835.98841028
2836.03691930
2836.08713060
2836.13809161
2836.18860670
2836.24956145
2836.29934925
2836.35114360
2836.40213265
2836.45090937
2836.50575256
2836.55357331
2836.60252947
2836.65433041
2836.70619497
2836.75513505
2836.82599699
2836.85990745
2836.90688656
2836.95677213
2837.00760270
2837.07000105
2837.12000097
2837.17160417
2837.22148559
2837.27182221
2837.32097659
2837.37282678
2837.42273648
2837.47453522
2837.52537701
2837.57531207
2837.62704717
2837.67609526
2837.74889061
2837.80060450
2837.86054818
2837.92226264
2837.97445805
2838.02402277
2838.07594146
2838.12482010
2838.19596559
2838.22856776
2838.27647336
2838.32761211
2838.37731750
2838.42822073
2838.47887283
2838.52975655
2838.57914207
2838.63035103
2838.68080126
2838.74160876
2838.80365090
2838.85538942
2838.90450991
2838.95770397
2839.00677790
2839.05710427
2839.10779124
2839.15924450
2839.22007881
2839.28075855
2839.33072116
2839.38233607
2839.43445444
2839.48428076
2839.56604366
2839.59993997
2839.64680206
2839.70059906
2839.74855854
2839.79842582
2839.84725179
2839.90009794
2839.95113599
2840.00213114
2840.05262598
2840.10165773
2840.15156207
2840.20330401
2840.25309815
2840.30365443
2840.35896695
2840.40585342
2840.45536596
2840.50556775
2840.55666042
2840.61055811
2840.65808824
2840.70890126
2840.75766701
2840.80985974
2840.86050185
2840.91050664
2840.96144937
2841.01130470
2841.08391598
2841.13491868
2841.18486130
2841.23580110
2841.28647344
2841.33740617
2841.38830232
2841.43910096
2841.48988399
2841.54382874
2841.59158244
2841.64064637
2841.69051438
2841.74240504
2841.79407870
2841.84700433
2841.89485409
2841.95478582
2842.01663803
2842.06585215
2842.11855445
2842.16795435
2842.21981696
2842.26880873
2842.31950740
2842.37041965
2842.42073895
2842.49221164
2842.52600604
2842.57498853
2842.62395933
2842.67470555
2842.72873660
2842.78625925
2842.84211912
2842.88720555
2842.96002040
2843.01078271
2843.06159500
2843.11060187
2843.16332026
2843.21225376
2843.26407907
2843.31703688
2843.36478375
2843.41467298
2843.46571542
2843.51676323
2843.56677484
2843.63034445
2843.68019101
2843.72914791
2843.77868459
2843.83148270
2843.90134039
2843.95412339
2844.01500622
2844.06887441
2844.11568627
2844.16646955
2844.21837946
2844.32130647
2844.37313617
2844.42673763
2844.48389506
2844.53570014
2844.58748766
2844.63642652
2844.68737461
2844.73725067
2844.78889068
2844.83998384
2844.88877909
2844.94044179
2844.99068844
2845.04155558
2845.09223304
2845.14217639
2845.21333017
2845.24828828
2845.30526552
2845.36699071
2845.41680143
2845.46775952
2845.51771067
2845.56841836
2845.61940668
2845.67107328
2845.72403596
2845.77100581
2845.82186101
2845.87411226
2845.92297480
2845.97380172
2846.02463888
2846.09741716
2846.15938957
2846.21406599
2846.28095311
2846.33640777
2846.39600914
2846.48157399
2846.52647049
2846.59142079
2846.64314102
2846.70902779
2846.77278879
2846.83680676
2846.90160200
2846.95638082
2847.01932895
2847.07306988
2847.13861215
2847.20145618
2847.26643085
2847.33008555
2847.38390352
2847.44867096
2847.50077519
2847.58366351
2847.62959888
2847.68452643
2847.77208296
2847.82301569
2847.88987282
2847.95176209
2848.01657440
2848.08143619
2848.14796711
2848.21100180
2848.26465641
2848.32869511
2848.39260409
2848.46134733
2848.52124176
2848.57516310
2848.65798559
2848.69383141
2848.75862786
2848.82147360
2848.90894773
2848.97499005
2849.02595154
2849.09176810
2849.15430420
2849.21999982
2849.28378056
2849.40336876
2849.46748426
2849.52029163
2849.58601481
2849.66869979
2849.71477828
2849.75947168
2849.82332801
2849.88914920
2849.95102701
2850.01672970
2850.08174022
2850.14487219
2850.20856321
2850.27366858
2850.33936712
2850.40225285
2850.45627269
2850.52092115
2850.58482161
2850.65062060
2850.71368918
2850.79821029
2850.84297562
2850.89595416
2850.96192748
2851.01363138
2851.07875892
2851.14325135
2851.19708882
2851.26292902
2851.32481708
2851.39158546
2851.45395479
2851.52008659
2851.58734357
2851.63693900
2851.70254466
2851.76506784
2851.82970143
2851.91336067
2851.98028534
2852.04496257
2852.09875006
2852.16358138
2852.21639169
2852.28042063
2852.34516369
2852.40985506
2852.47566820
2852.52668748
2852.59347440
2852.65628502
2852.72035566
2852.78609712
2852.83900885
2852.90479541
2852.95765423
2853.04226287
2853.09852064
2853.16131761
2853.22531827
2853.29022054
2853.35351928
2853.44027807
2853.49531069
2853.55707928
2853.62206054
2853.68764840
2853.74005910
2853.80537682
2853.86932458
2853.93328013
2854.03085455
2854.10271660
