4530.90688694
4530.97277452
4531.03775293
4531.10440803
4531.16737867
4531.23107806
4531.29799915
4531.36282543
4531.43845247
4531.50525312
4531.56636520
4531.64809748
4531.69575396
4531.76157474
4531.82739673
4531.89144063
4531.95813814
4532.02115219
4532.08788725
4532.15269427
4532.21707852
4532.28235365
4532.34613033
4532.40991188
4532.48871844
4532.55156889
4532.61643247
4532.69606335
4532.74594264
4532.81083597
4532.87568126
4532.94044123
4533.00779288
4533.07019521
4533.13487033
4533.20981884
4533.27581541
4533.34133386
4533.40442617
4533.48446299
4533.54604587
4533.61093774
4533.67800048
4533.75622946
4533.80421849
4533.87092698
4533.93385934
4534.01073908
4534.07787643
4534.14125814
4534.20509260
4534.27097676
4534.33587521
4534.39976940
4534.46439942
4534.54041753
4534.60523991
4534.66979044
4534.73563608
4534.81995176
4534.86779500
4534.93007615
4534.99596495
4535.05875103
4535.12456571
4535.18946099
4535.25439674
4535.31909209
4535.38746946
4535.44870564
4535.52458795
4535.62059869
4535.68644019
4535.75014397
4535.83390547
4535.88169727
4535.94667519
4536.01042115
4536.07625510
4536.14020415
4536.20584060
4536.27090484
4536.33551925
4536.40133369
4536.46526835
4536.54203789
4536.61925530
4536.67310161
4536.73540227
4536.80139615
4536.91308360
4536.96282172
4537.02815440
4537.09494968
4537.15834382
4537.22569060
4537.29051127
4537.35435890
4537.41771135
4537.48249033
4537.54730393
4537.61119788
4537.67708668
4537.74431448
4537.80567550
4537.87057687
4537.95147751
4538.00115224
4538.06514250
4538.12991928
4538.19559085
4538.26068556
4538.32775391
4538.39018452
4538.45494302
4538.51999360
4538.59456909
4538.66130416
4538.72438013
4538.79102815
4538.85413191
4538.92062829
4539.00047080
4539.05026914
4539.11432693
4539.17998948
4539.24296695
4539.30889622
4539.37255319
4539.43935774
4539.50417597
4539.57993345
4539.65928346
4539.72063619
4539.78643478
4539.85272343
4539.91542295
4539.97807469
4540.06065543
4540.10867201
4540.17450742
4540.23923081
4540.30399102
4540.36885606
4540.46589251
4540.53139048
4540.59524810
4540.66017142
4540.73944049
4540.80526541
4540.86592498
4540.93141150
4540.99729566
4541.07517258
4541.12594933
4541.19100967
4541.25479220
4541.32142584
4541.38421850
4541.45103085
4541.51493699
4541.58068292
4541.64369404
4541.70959113
4541.78527376
4541.85000251
4541.91482123
4541.97969749
4542.04467396
4542.12633967
4542.17423923
4542.23805906
4542.31591233
4542.37868232
4542.44471667
4542.50839753
4542.57328306
4542.63908116
4542.70741147
4542.76876687
4542.84464748
4542.91186431
4542.97765510
4543.04001890
4543.10481714
4543.18557150
4543.23448579
4543.29847141
4543.36322674
4543.42999984
4543.49372849
4543.55958242
4543.63689199
4543.70024834
4543.76407110
4543.83339518
4543.90713904
4543.97972992
4544.04785835
4544.11262587
4544.19087923
4544.23876952
4544.30365553
4544.36856593
4544.43523687
4544.49921664
4544.56589685
4544.62887627
4544.69463585
4544.75836523
4544.82343190
4544.88850467
4544.96418267
4545.02904528
4545.09474829
4545.16190880
4545.24048716
4545.28925175
4545.35426430
4545.42691297
4545.49093272
4545.55556859
4545.63065754
4545.69621647
4545.76211014
4545.82793165
4545.89087499
4545.95555011
4546.03131417
4546.09726026
4546.16112935
4546.25383842
4546.30175528
4546.36976645
4546.43147099
4546.49632043
4546.56098994
4546.62681364
4546.68983109
4546.75547487
4546.82128565
4546.88612924
4546.95106011
4547.01576180
4547.09057598
4547.15547370
4547.22034093
4547.30015077
4547.35319959
4547.41490510
4547.48286068
4547.54543318
4547.61032943
4547.67508062
4547.74085263
4547.80371673
4547.86959041
4547.93434794
4548.00010557
4548.06603143
4548.13978406
4548.20792956
4548.26952537
4548.35226433
4548.40009757
4548.46507355
4548.52804688
4548.59461859
4548.65846816
4548.72439792
4548.78831114
4548.85395808
4548.91796516
4548.98370523
4549.04751799
4549.11342971
4549.18812613
4549.25298411
4549.31987448
4549.39963190
4549.44849913
4549.51436063
4549.57743855
4549.64208953
4549.70786642
4549.77272049
4549.83745607
4549.90234062
4549.96729270
4550.03113667
4550.09779616
4550.16171059
4550.23853547
4550.30333736
4550.36817924
4550.44811001
4550.49780571
4550.56373596
4550.62745047
4550.69248350
4550.75524544
4550.82291746
4550.88672169
4550.95163330
4551.01536171
4551.08021603
4551.14600438
4551.21180004
4551.28673808
4551.35260420
4551.41642842
4551.49835770
4551.54601003
4551.61080608
4551.68563538
4551.75146688
4551.81736226
4551.88447377
4551.94790351
4552.01173845
4552.07578796
4552.14047819
4552.20622363
4552.27012855
4552.34792062
4552.41210080
4552.47570682
4552.55637779
4552.60542618
4552.67007057
4552.73582430
4552.79998498
4552.86467619
4552.93042065
4552.99525839
4553.06009003
4553.12491217
4553.19065371
4553.25459861
4553.33044923
4553.39518920
4553.46001962
4553.52496683
4553.60566560
4553.65359539
4553.73041393
4553.79749349
4553.85908295
4553.92490593
4553.98867285
4554.05364664
4554.11933917
4554.18563001
4554.25025222
4554.31495757
4554.38964229
4554.45545453
4554.52021791
4554.58404700
4554.66617864
4554.71391997
4554.77870699
4554.84435101
4554.90839563
4554.97308147
4555.04111556
4555.10265869
4555.16743012
4555.23238829
4555.29709267
4555.36304949
4555.43882623
4555.50587508
4555.56942233
4555.63234007
4555.71508196
4555.76109980
4555.82793823
4555.89161251
4555.95845388
4556.02149864
4556.08810302
4556.15096151
4556.21781580
4556.28158760
4556.34733353
4556.42314855
4556.48716635
4556.55177930
4556.61900296
4556.68241904
4556.76329237
4556.81222130
4556.87606673
4556.94186751
4557.00583704
4557.07050924
4557.13631002
4557.20205570
4557.26709434
4557.33004134
4557.39460381
4557.47048515
4557.53848924
4557.60200650
4557.69873526
4557.76767753
4557.81743248
4557.88241236
4557.94914962
4558.01210783
4558.07787984
4558.14259641
4558.20749022
4558.27061641
4558.33718081
4558.40088508
4558.47689344
4558.54165316
4558.60743054
4558.67122647
4558.73699361
4558.81698923
4558.86900722
4558.93058059
4558.99555657
4559.06136711
4559.12511965
4559.19191737
4559.25580059
4559.32057592
4559.38533417
4559.45352649
4559.52740956
4559.59128400
4559.65499193
4559.71994230
4559.79647510
4559.87734063
4559.92615301
4559.99003575
4560.05580411
4560.12383136
4560.18447216
4560.25353292
4560.31406693
4560.37992916
4560.44494488
4560.52062336
4560.58657141
4560.65024252
4560.71596358
4560.77990580
4560.84485033
4560.92539720
4560.97534647
4561.03944132
4561.10495441
4561.17115162
4561.23373583
4561.29867792
4561.36348469
4561.42819540
4561.50500541
4561.56906418
4561.63458068
4561.69951813
4561.76659770
4561.82916728
4561.89304636
4561.97473719
4562.02288543
4562.08854090
4562.15223590
4562.21728600
4562.28291270
4562.34875177
4562.41255380
4562.51134056
4562.58516292
4562.65018425
4562.71485863
4562.78059310
4562.84646557
4562.91032368
4562.99122676
4563.04087613
4563.10582310
4563.16952615
4563.23771310
4563.30048382
4563.36510603
4563.42987769
4563.49379236
4563.56873406
4563.63438344
4563.69935673
4563.76499807
4563.82899539
4563.89479398
4563.95953664
4564.03932941
4564.08915335
4564.17019833
4564.23669470
4564.30258716
4564.40045475
4564.46613461
4564.53297402
4564.60885853
4564.67470344
4564.74144460
4564.81925154
4564.88411000
4564.97602523
4565.02672348
4565.09168458
4565.17044409
4565.23436535
4565.30114576
4565.36709137
4565.43284949
4565.51045431
4565.60860765
4565.67503819
4565.74084117
4565.80598392
4565.87254856
4565.95338581
4566.01418460
4566.09203445
4566.15782353
4566.22365528
4566.28845206
4566.35532170
4566.43308817
4566.49809146
4566.56476971
4566.62969327
4566.69647588
4566.77322201
4566.83924271
4566.92089965
4566.98165723
4567.04748630
4567.11432644
4567.18012845
4567.24512588
4567.31111172
4567.37882397
4567.44353176
4567.50939691
4567.57451186
4567.64037579
4567.71889539
4567.78298707
4567.86156079
4567.97354154
4568.02528281
4568.09112918
4568.15697264
4568.22596074
4568.28957724
4568.35536778
4568.42119514
4568.48691937
4568.55281915
4568.62981371
4568.69544749
4568.76230129
4568.83805438
4568.90412092
4568.99668517
4569.04675073
4569.11348140
4569.18021378
4569.24725044
4569.31085450
4569.37566298
4569.44261455
4569.50942909
4569.57505385
4569.65093908
4569.71783823
4569.78268596
4569.84968483
4569.91531275
4569.98208756
4570.09674583
4570.14568596
4570.22260080
4570.28833430
4570.35505937
4570.42094792
4570.48672993
4570.55366907
4570.62277688
4570.68416862
4570.76009628
4570.82603262
4570.92662649
4570.99164270
4571.07326233
4571.13511438
4571.21107324
4571.27769616
4571.34257095
4571.40828640
4571.47451873
4571.54110337
4571.60785915
4571.68385605
4571.74948837
4571.81860057
4571.88135276
4571.94923032
4572.01376963
4572.09384644
4572.14551188
4572.22226288
4572.28725861
4572.35421237
4572.43166872
4572.49556705
4572.57326380
4572.63906848
4572.70589668
4572.77077708
4572.83685606
4572.90346629
4572.96842301
4573.03517977
4573.11699665
4573.16695079
4573.24460852
4573.31053511
4573.37553181
4573.44114072
4573.50707267
4573.57297025
4573.65062749
4573.71553252
4573.78111802
4573.84910066
4573.91375164
4573.98066493
4574.04546951
4574.12858175
4574.17816749
4574.25589690
4574.32303986
4574.38776983
4574.46352243
4574.54026685
4574.60501706
4574.70578623
4574.78164806
4574.84827658
4574.92430713
4574.99225856
4575.07102440
4575.12267205
4575.18856182
4575.25453912
4575.32128638
4575.39799618
4575.46300409
4575.52880415
4575.59544047
4575.66557643
4575.72718418
4575.80238455
4575.86882217
4575.93559039
4576.01348803
4576.09322887
4576.14410388
4576.22187401
4576.28778036
4576.36460695
4576.44133991
4576.50719580
4576.58397825
4576.64976026
4576.72570572
4576.80440793
4576.86833894
4576.94505020
4577.02688147
4577.07668859
4577.14357286
4577.20976618
4577.27618429
4577.34101277
4577.40695203
4577.47459992
4577.54942483
4577.61633934
4577.68321288
4577.74817643
4577.81488370
4577.87871938
4577.94553685
4578.02913256
4578.07916301
4578.14490284
4578.24369886
4578.31941733
4578.38630795
4578.45024335
4578.51691575
4578.59493846
4578.65874367
4578.72635498
4578.79144287
4578.85720343
4578.92712118
4579.00566321
4579.05573072
4579.12240385
4579.18814222
4579.25625847
4579.31906722
4579.38466272
4579.46150174
4579.52827825
4579.60612786
4579.68119243
4579.74996258
4579.82460170
4579.88934021
4579.98419480
4580.03412871
4580.09983099
4580.17757357
4580.24159235
4580.30828987
4580.38617727
4580.45097770
4580.51696451
4580.61567325
4580.67031243
4580.74828248
4580.81390651
4580.88207590
4580.97368490
4581.02239610
4581.14226239
4581.20714255
4581.27484017
4581.35508789
4581.41679658
4581.49446089
4581.57239242
4581.63702901
4581.71417670
4581.77879208
4581.84459628
4581.94257822
4581.98913487
4582.05398382
4582.11872355
4582.18670594
4582.26438781
4582.32826201
4582.40693180
4582.47192509
4582.53680427
4582.60450482
4582.67157805
4582.73618514
4582.81288007
4582.87868792
4582.97146112
4583.03134830
4583.09922464
4583.17726295
4583.23972940
4583.30563941
4583.37338312
4583.43772958
4583.50731599
4583.57022154
4583.63586287
4583.70189162
4583.76757708
4583.83532566
4583.91096197
4583.99381211
4584.05394018
4584.11956786
4584.18626392
4584.26309074
4584.32715244
4584.40482504
4584.47059632
4584.53649171
4584.61432425
4584.67917150
4584.74684864
4584.81267746
4584.87749813
4584.97038177
4585.02026131
4585.08696297
4585.18793035
4585.24958930
4585.31737811
4585.38547680
4585.44898188
4585.52494440
4585.59076688
4585.65667178
4585.72447765
4585.79015458
4585.86705748
4585.94689828
4585.99866782
4586.07646965
4586.14147196
4586.21918162
4586.29396264
4586.36182801
4586.42656017
4586.49238022
4586.55833144
4586.62492850
4586.68907918
4586.76684639
4586.83188307
4586.91827723
4586.97717089
4587.04112360
4587.10887121
4587.17561431
4587.25150760
4587.32742843
4587.39303148
4587.45889127
4587.53753326
4587.60145744
4587.67853979
4587.74509272
4587.80997727
4587.89257556
4587.94575920
4588.00937375
4588.07511236
4588.14096556
4588.21773266
4588.28259258
4588.34846261
4588.42622713
4588.49113704
4588.56980682
4588.63457897
4588.70050483
4588.76738545
4588.83224732
4588.91712694
4588.97679104
4589.04160927
4589.11843268
4589.18423786
4589.24916069
4589.32686840
4589.39266455
4589.47040786
4589.54638330
4589.61125371
4589.68877637
4589.75380940
4589.87038645
4589.93120401
4589.99517013
4590.06198980
4590.12768136
4590.19444300
4590.25948114
4590.32511370
4590.39095740
4590.46572867
4590.53146874
4590.59655541
4590.69507861
4590.75110824
4590.84282622
4590.89358249
4590.96041216
4591.03533410
4591.10231492
4591.16879447
4591.23379630
4591.29966779
4591.36668055
4591.43236089
4591.50984576
4591.57705113
4591.63978699
4591.71838656
4591.79418500
4591.87506028
4591.92674327
4591.99261062
4592.05856427
4592.12424242
4592.18907626
4592.26795767
4592.33182505
4592.41060016
4592.47543204
4592.56549285
4592.64118475
4592.70684803
4592.78260599
4592.87342261
4592.92633002
4593.00206068
4593.06780612
4593.13471648
4593.21142750
4593.27825082
4593.35498793
4593.45419794
4593.51882600
4593.59644643
4593.66046009
4593.73908355
4593.82000711
4593.86894359
4593.93889304
4594.01162435
4594.07929857
4594.15602544
4594.22084952
4594.28677270
4594.35463172
4594.42034084
4594.49623973
4594.56099603
4594.62879264
4594.69469826
4594.75942092
4594.85718660
4594.90305011
4594.97123315
4595.04589105
4595.11163747
4595.18937931
4595.25618825
4595.31904406
4595.39778138
4595.46267324
4595.52862982
4595.59535684
4595.66041742
4595.74025384
4595.85454444
4595.90155433
4595.96737560
4596.03410749
4596.10009382
4596.17671146
4596.24249640
4596.32034235
4596.38618482
4596.45019653
4596.52879513
4596.59371966
4596.66040889
4596.72728585
4596.79206824
4596.88716128
4596.93382692
4597.00073752
4597.07836624
4597.14318301
4597.22031923
4597.28494242
4597.35183279
4597.41855225
4597.48429623
4597.58306421
4597.64879551
4597.71376125
4597.78064528
4597.86221883
4597.91312602
4598.01099289
4598.06478044
4598.14272124
4598.20142838
4598.26611983
4598.34201994
4598.40879889
4598.47385581
4598.54156051
4598.60561025
4598.67231240
4598.73820705
4598.80486410
4598.88761209
4598.93542753
4599.00222939
4599.06906052
4599.13404137
4599.19879329
4599.26664768
4599.33139277
4599.41146568
4599.47422202
4599.54106777
4599.60689415
4599.67269713
4599.73838113
4599.83723640
4599.92009410
4599.98086656
4600.04484023
4600.12251333
4600.20023079
4600.26515508
4600.33093148
4600.39779674
4600.46376819
4600.54069888
4600.60622490
4600.67201690
4600.73792643
4600.80472049
4600.87056590
4600.95147751
4601.00146261
4601.06803481
4601.13382755
4601.21066925
4601.27643761
4601.34324874
4601.40832615
4601.47494004
4601.55079870
4601.61666628
4601.68240246
4601.78202768
4601.84787771
4601.92964729
4601.99058359
4602.05561515
4602.13316878
4602.23186898
4602.29998596
4602.36356515
4602.42941689
4602.49748925
4602.56108161
4602.62702527
4602.70385990
4602.76972383
4602.83633869
4602.92227912
4602.96803510
4603.04389572
4603.12156978
4603.18746248
4603.25329106
4603.31907868
4603.38482242
4603.45073389
4603.51761158
4603.58258902
4603.64925289
4603.71503856
4603.79196511
4603.85766959
4603.94057142
4604.00131243
4604.06720050
4604.14396393
4604.20784935
4604.27788925
4604.37433763
4604.44013061
4604.50595237
4604.57095711
4604.63677838
4604.71533918
4604.78020422
4604.84517801
4604.94074379
4604.99092200
4605.05778262
4605.12136523
4605.18622247
4605.26323605
4605.32786095
4605.40648928
4605.48253129
4605.54833329
4605.62615560
4605.69178181
4605.75688579
4605.83463349
4605.91824066
4605.97709019
4606.04288634
4606.10869444
4606.18649724
4606.25242432
4606.32834588
4606.39588211
4606.45987870
4606.54090539
4606.60348765
4606.66854481
4606.74729969
4606.81202137
4606.90490257
4606.95456902
4607.02129969
4607.09718078
4607.16306690
4607.22975613
4607.29582315
4607.36150301
4607.42745617
4607.49233585
4607.55908578
4607.63783700
4607.70080984
4607.78167342
4607.84329019
4607.92604086
4607.98691060
4608.05371563
4608.13139555
4608.19729435
4608.26117026
4608.33987905
4608.40394830
4608.47066800
4608.54741828
4608.61426793
4608.69103478
4608.75782616
4608.82180472
4608.91564360
4608.96955014
4609.06331027
4609.14104846
4609.20663445
4609.28346835
4609.34915795
4609.41513306
4609.49192478
4609.55783211
4609.62454645
4609.68960435
4609.75625871
4609.82124859
4609.90785901
4609.97383826
4610.05459018
4610.15640017
4610.23706407
4610.31685002
4610.39772774
4610.47743616
4610.55911918
4610.63897925
4610.71878494
4610.81338378
4610.87818568
4610.95901123
4611.03976266
4611.11970318
4611.20128819
4611.28340252
4611.36102100
4611.44184313
4611.52351689
4611.60240026
4611.69901028
4611.76278769
4611.84358227
4611.92339577
4612.00415403
4612.08407139
4612.16590631
4612.24370837
4612.32461243
4612.40625133
4612.48693156
4612.58070998
4612.64666096
4612.72639887
4612.80628356
4612.88910591
4612.96887283
4613.04794929
4613.12851080
4613.20835209
4613.29007144
4613.36982081
4613.46563017
4613.53034186
4613.61018436
4613.69015195
4613.77176183
4613.85355872
4613.93239064
4614.01323447
4614.09392349
4614.17371821
4614.25260059
4614.34926962
4614.41423609
4614.49411858
4614.57378969
4614.65584916
4614.73763069
4614.81517846
4614.89613737
4614.97677153
4615.09045261
4615.15939050
4615.25315892
4615.32002710
4615.40072685
4615.47958973
4615.55843310
4615.63924622
4615.72083831
4615.80088001
4615.88147930
4615.96220708
4616.09590590
4616.19782707
4616.27072832
4616.39152328
4616.47104274
4616.55095254
4616.63254584
4616.71549961
4616.79235984
4616.87299717
4616.96948894
4617.03562570
4617.11429036
4617.19502789
4617.27671287
4617.35783050
4617.43550872
4617.51610777
4617.59690284
4617.67896938
4617.75754530
4617.85242427
4617.91902573
4617.99904085
4618.07983983
4618.15879438
4618.23939636
4618.31816293
4618.39902432
4618.48194078
4618.56052255
4618.64024633
4618.73595133
4618.80083831
4618.88273297
4618.96241920
4619.04225610
4619.12200181
4619.20274008
4619.28186676
4619.36365243
4619.44214838
4619.52395721
4619.61804137
4619.68450410
4619.80046943
4619.86719182
4619.94988007
4620.02764459
4620.10836067
4620.18735106
4620.26791305
4620.34888123
4620.47163373
4620.55652822
4620.63418108
4620.71299544
4620.79456388
4620.87544940
4620.95541138
4621.03626716
4621.11496376
4621.19553916
4621.27535168
4621.37213993
4621.43926558
4621.51998970
4621.59976760
4621.67807240
4621.75783762
4621.83790980
4621.91744633
4621.99834795
4622.07814072
4622.15797177
4622.25577597
4622.32060542
4622.40029872
4622.48025069
4622.56167602
4622.66602212
4622.74679525
4622.82315713
4622.90745184
4622.98373400
4623.06366038
4623.15841111
4623.22607509
4623.30592638
4623.38672242
4623.46759771
4623.54654544
4623.62716253
4623.70778133
4623.79013410
4623.86765262
4623.94742442
4624.04539831
4624.10793449
4624.18958509
4624.26929131
4624.35014173
4624.43009761
4624.50967509
4624.59247940
4624.67470295
4624.74922895
4624.83099731
4624.92656359
4624.99244946
4625.07121921
4625.15215813
4625.23273743
4625.31369561
4625.39453408
4625.47419178
4625.55509267
4625.63408282
4625.71453144
4625.80936824
4625.87619375
4625.95707903
4626.03589218
4626.11581758
4626.19656316
4626.27643395
4626.35809845
4626.43886134
4626.51869580
4626.60048660
4626.69414969
4626.75827380
4626.83905839
4626.91974131
4626.99948117
4627.08012655
4627.16002489
4627.24507444
4627.32166843
4627.40335974
4627.48317275
4627.57890872
4627.64504108
4627.72250450
4627.80438940
4627.88330397
4627.96484949
4628.04889040
4628.12454060
4628.20539565
4628.28707624
4628.36594132
4628.46356534
4628.52456430
4628.60646261
4628.68606399
4628.76792598
4628.84803448
4628.92761806
4629.00926744
4629.08829612
4629.17073447
4629.25156952
4629.34538622
4629.40914218
4629.49318869
4629.56969272
4629.64957082
4629.73128554
4629.81205404
4629.89186705
4629.97261190
4630.05251731
4630.13433053
4630.22808701
4630.29482378
4630.37356110
4630.45352356
4630.53519610
4630.61410238
4630.69706517
4630.77555039
4630.85554162
4630.93719880
4631.01608850
4631.11163869
4631.17666343
4631.25822089
4631.33718666
4631.41890236
4631.51975711
4631.60049781
4631.68120097
4631.76124754
4631.84274186
4631.92172567
4632.01834764
4632.08122125
4632.16286112
4632.24273850
4632.32354015
4632.40428037
4632.48399512
4632.56401610
4632.64565134
4632.72538340
4632.80624382
4632.90481261
4632.96482608
4633.04564017
4633.12533128
4633.20713401
4633.28797078
4633.36590231
4633.44868760
4633.52945853
4633.60843064
4633.68910186
4633.78483587
4633.85383276
4633.93027778
4634.00909946
4634.08916822
4634.20384502
4634.28343104
4634.36342228
4634.44501388
4634.52398428
4634.62156296
4634.68646506
4634.76535525
4634.84511291
4634.92678326
4635.00886077
4635.08537138
4635.16710292
4635.24789044
4635.32784583
4635.40852485
4635.50345624
4635.57039879
4635.64989070
4635.72967396
4635.81049585
4635.89253070
4635.97105907
4636.05011383
4636.13159474
4636.21228547
4636.29217601
4636.38804485
4636.45277190
4636.53494791
4636.61567276
4636.69463073
4636.77395124
4636.85389688
4636.93681237
4637.01665122
4637.09507670
4637.17500772
4637.27269489
4637.33651424
4637.41636674
4637.49730761
4637.57596130
4637.65690413
4637.73966455
4637.81662206
4637.89716016
4637.97877101
4638.05868155
4638.15343691
4638.21943347
4638.30084173
4638.38073544
4638.46050578
4638.54054016
4638.62017714
4638.70012376
4638.77875185
4638.85844393
4638.93946672
4639.03496327
4639.10005993
4639.18065410
4639.26133922
4639.34352278
4639.42207603
4639.50082042
4639.58085700
4639.66239837
4639.74451685
4639.82304522
4639.91780449
4639.98276974
4640.06436377
4640.14517884
4640.22721051
4640.30798267
4640.38781298
4640.46527762
4640.54511184
4640.62810973
4640.70894162
4640.80128497
4640.86750097
4640.94705066
4641.02784378
4641.10765533
4641.18843553
4641.26923962
4641.34893414
4641.42892610
4641.51283682
4641.58931061
4641.68908504
4641.75108776
4641.82999769
4641.91077253
4641.99241021
4642.07214471
4642.15199624
4642.23288177
4642.34364786
4642.41323330
4642.49502385
4642.59077981
4642.65671932
4642.73637117
4642.81631096
4642.89611543
4643.03060078
4643.11158505
4643.19328661
4643.27108209
4643.35203369
4643.44750390
4643.51263275
4643.59717566
4643.67711277
4643.75496896
4643.83564603
4643.91471298
4643.99514234
4644.07513503
4644.15812634
4644.23657646
4644.36542907
4644.42816298
4644.50982016
4644.59163289
4644.67045921
4644.75044898
4644.83119114
4644.91420098
4644.99078619
4645.07138159
4645.15223078
4645.24712536
4645.31211231
4645.39386824
4645.47253363
4645.55229057
4645.63402674
4645.71378099
4645.79558373
4645.87543380
4645.95423158
4646.03584878
4646.13171665
4646.19654878
4646.27624159
4646.35707299
4646.43694987
4646.51783004
4646.59949575
4646.67932534
4646.75894403
4646.83872729
4646.91875802
4647.01464174
4647.08018409
4647.15998759
4647.24068708
4647.32061858
4647.40229527
4647.48106234
4647.56116426
4647.64282681
4647.72591223
4647.80143711
4647.90115863
4647.96298240
4648.04289220
4648.12381307
4648.20443382
4648.28517379
4648.36498534
4648.44567167
4648.52546737
4648.60662084
4648.68935566
4648.78087909
4648.84492006
4648.92668671
4649.00635636
4649.08812789
4649.16795528
4649.24773537
4649.32863309
4649.40931114
4649.48906441
4649.56886352
4649.66460412
4649.73038540
4649.81023010
4649.89304367
4649.96988172
4650.05158449
4650.13169763
4650.24594776
4650.31476837
4650.39463014
4650.47457773
4650.56924728
4650.63509707
4650.71590726
4650.79468456
4650.89935737
4651.03193856
4651.11198855
4651.19357235
4651.27435792
4651.35513787
4651.45393682
4651.51387008
4651.59561699
4651.67530078
4651.75604172
4651.86820046
4651.94876318
4652.02946463
4652.11051253
4652.19235915
4652.28589035
4652.35171991
4652.43062862
4652.51219657
4652.59531369
4652.67174920
4652.75265228
4652.83257988
4652.91215079
4652.99322039
4653.07372313
4653.16864112
4653.23440996
4653.31734373
4653.39407889
4653.47468599
4653.55437660
4653.63637999
4653.71698465
4653.79684545
4653.87566639
4653.95659629
4654.05320997
4654.11801431
4654.19973854
4654.28081448
4654.35842467
4654.43926777
4654.51805385
4654.59890720
4654.68064679
4654.76058609
4654.84043664
4654.96883407
4655.02285349
4655.10347156
4655.18438146
4655.26303564
4655.34390264
4655.42372564
4655.50550376
4655.62822603
4655.71004803
4655.80376964
4655.86888044
4655.95070244
4656.03282237
4656.11137903
4656.19022680
4656.27316715
4656.35019683
4656.43145636
4656.51222729
4656.59411536
4656.68778090
4656.75271323
4656.83349758
4656.91426998
4656.99426877
4657.07482661
4657.15562754
4657.23450042
4657.31652600
4657.42810227
4657.52378655
4657.58951297
4657.66940083
4657.74931404
4657.83035926
4657.91085128
4657.99161271
4658.07055044
4658.15124555
4658.23105100
4658.31075527
4658.41065087
4658.47148062
4658.55215525
4658.63383779
4658.71365104
4658.79357767
4658.87355110
4658.95629884
4659.03479357
4659.11464486
4659.19438180
4659.31307341
4659.37892418
4659.45873133
4659.53856750
4659.61744818
4659.70013522
4659.77895275
4659.86060579
4659.94049023
4660.01937579
4660.10100445
4660.19887058
4660.26152793
4660.34036496
4660.42230740
4660.50523459
4660.57487269
4660.63960657
4660.71747812
4660.78226758
4660.85808163
4660.92487033
4660.98975610
4661.06761765
4661.14932872
4661.19731824
4661.27403926
4661.33982931
4661.40481821
4661.47032545
4661.53642368
4661.60219399
4661.66800282
4661.74381736
4661.80879577
4661.87530580
4661.93931556
4662.00602551
4662.07283103
4662.15256578
4662.21351841
4662.27840320
4662.35508448
4662.42297764
4662.48771566
4662.55254779
4662.61656437
4662.68427638
4662.78097613
4662.84688784
4662.91463399
4662.97835508
4663.04318794
4663.12507869
4663.17593785
4663.25493239
4663.31748368
4663.39354495
4663.46014396
4663.52403645
4663.58992574
4663.65476226
4663.73262211
4663.79826027
4663.86404277
4663.92993889
4663.99573187
4664.07068063
4664.15239341
4664.20229001
4664.26814150
4664.33405566
4664.39874833
4664.46447329
4664.54138692
4664.60531768
4664.67302579
4664.74979581
4664.81551516
4664.87953858
4664.94613979
4665.01428334
4665.07684950
4665.15759557
4665.21943396
4665.28634823
4665.34923500
4665.41496264
4665.48088143
4665.55852234
4665.62253819
4665.68929471
4665.75327717
4665.82091091
4665.91683754
4665.98266002
4666.06040065
4666.14115574
4666.20106218
