4686.56101822
4686.62577501
4686.69161090
4686.78550464
4686.83528617
4686.90011610
4686.96475148
4687.04276541
4687.10542179
4687.17329764
4687.25041216
4687.31414544
4687.38105922
4687.44770066
4687.51264567
4687.58827222
4687.65309655
4687.73103930
4687.81156155
4687.87237009
4687.93819086
4688.00313929
4688.07012012
4688.13478597
4688.20151713
4688.26451898
4688.33039486
4688.39629000
4688.46182893
4688.53955249
4688.60537351
4688.66921431
4688.73705481
4688.81778966
4688.86690436
4688.94251556
4689.00929524
4689.07240656
4689.13915065
4689.20577624
4689.26969311
4689.33664711
4689.40228528
4689.46731587
4689.53300035
4689.59777178
4689.66460290
4689.72949159
4689.79528848
4689.87425790
4689.92610230
4690.00374638
4690.06770031
4690.13350767
4690.19921435
4690.26510486
4690.33075472
4690.39665766
4690.47362883
4690.53725556
4690.60404890
4690.66906900
4690.73377216
4690.79963682
4690.88048139
4690.93121864
4691.00917602
4691.07295684
4691.15067869
4691.21467992
4691.28339691
4691.35721391
4691.42310954
4691.50084626
4691.56368964
4691.64341390
4691.70729078
4691.77301745
4691.85400050
4691.90468314
4691.97056853
4692.04641963
4692.11308107
4692.20896088
4692.26465503
4692.32966758
4692.39641873
4692.46140519
4692.52610786
4692.59396762
4692.65775478
4692.72453665
4692.79030257
4692.87125953
4692.92126585
4692.98575786
4693.05157425
4693.12840157
4693.19414628
4693.26005995
4693.32400827
4693.39075747
4693.46741388
4693.53316834
4693.59818064
4693.66308275
4693.72966348
4693.79651411
4693.87723116
4693.92626614
4693.99192381
4694.05777872
4694.13454167
4694.19859824
4694.27535144
4694.34102983
4694.40693716
4694.47287326
4694.53765127
4694.60434220
4694.66832538
4694.74606650
4694.81172417
4694.90964174
4694.97555419
4695.04024223
4695.10692512
4695.18173418
4695.24775829
4695.34566099
4695.40050352
4695.46630698
4695.53217408
4695.59778031
4695.66358109
4695.72844077
4695.79442807
4695.87851360
4695.92518241
4695.99009816
4696.05775629
4696.12266936
4696.19854265
4696.26531478
4696.33001525
4696.39683881
4696.46053942
4696.52650161
4696.60315753
4696.66801111
4696.73403011
4696.79965340
4696.88239407
4696.94232344
4697.00724090
4697.07404033
4697.13876006
4697.20364388
4697.28139840
4697.34615593
4697.42392630
4697.48701690
4697.55474305
4697.61946181
4697.69734311
4697.76135165
4697.82805843
4697.90779318
4697.95869232
4698.02445995
4698.09030657
4698.15531912
4698.22092218
4698.29684301
4698.36456647
4698.46135789
4698.52512287
4698.60390090
4698.66874474
4698.73465207
4698.79856186
4698.88214734
4698.93108820
4698.99693263
4699.06184181
4699.12759944
4699.19439033
4699.26023110
4699.32502373
4699.40079121
4699.46580059
4699.54267009
4699.60748490
4699.67338931
4699.73920204
4699.81506411
4699.89761072
4699.94752268
4700.01335125
4700.09035241
4700.15601715
4700.22172943
4700.28579478
4700.35137906
4700.42925890
4700.49417198
4700.57083350
4700.63681617
4700.70158735
4700.76631074
4700.83320257
4700.92392069
4700.97392140
4701.05150282
4701.11530144
4701.18112612
4701.24730408
4701.31306366
4701.37890857
4701.44476080
4701.52155862
4701.61925822
4701.67414268
4701.73998638
4701.80582373
4701.89752319
4701.94729203
4702.01226752
4702.08922381
4702.15407740
4702.23066944
4702.29644487
4702.36233635
4702.42812007
4702.49295415
4702.56968906
4702.63648361
4702.70146910
4702.76721600
4702.83210470
4702.91486536
4702.96361264
4703.02774455
4703.09352681
4703.16029747
4703.23804370
4703.30206882
4703.36875049
4703.43347291
4703.50042008
4703.56324152
4703.64098312
4703.70782936
4703.77168601
4703.83768062
4703.91834574
4704.01301187
4704.07881071
4704.14267711
4704.22146026
4704.28434021
4704.38308527
4704.44986959
4704.51413266
4704.58055004
4704.64651540
4704.71229059
4704.78821288
4704.86998100
4704.91899769
4704.98457856
4705.06255373
4705.12640233
4705.20004574
4705.26612008
4705.33093490
4705.39773335
4705.46241920
4705.52830093
4705.59416291
4705.66006634
4705.73674322
4705.81258360
4705.89217425
4705.94319262
4706.00909727
4706.07391769
4706.15156982
4706.21732915
4706.28119336
4706.34702218
4706.42397067
4706.48981851
4706.55543571
4706.61949569
4706.68619492
4706.75093026
4706.81788743
4706.90955226
4706.95864161
4707.02621245
4707.09113406
4707.15699531
4707.22267565
4707.28668834
4707.35251302
4707.41730614
4707.48418456
4707.55207675
4707.61573347
4707.69253372
4707.75831354
4707.82325685
4707.91410760
4707.96575183
4708.03157480
4708.09634378
4708.17239140
4708.23728862
4708.30499015
4708.38079541
4708.44569874
4708.51037312
4708.57615172
4708.64300089
4708.70889944
4708.77450542
4708.85156923
4708.94120289
4708.99210764
4709.05694416
4709.12276030
4709.20073865
4709.26625612
4709.33210250
4709.39696779
4709.46367457
4709.52764435
4709.59246599
4709.65933466
4709.72417728
4709.78986055
4709.85584858
4709.94838381
4710.00924965
4710.07403765
4710.14006981
4710.21602770
4710.28077888
4710.34953537
4710.41333789
4710.47922718
4710.54412831
4710.60990520
4710.67571184
4710.73950827
4710.81834530
4711.00883200
4711.05771338
4711.13438734
4711.19947839
4711.26419715
4711.32994674
4711.40777026
4711.47263457
4711.53856287
4711.60522967
4711.67001352
4711.73383799
4711.80072275
4711.86656279
4711.93127326
4712.01213855
4712.06310693
4712.13781262
4712.20553950
4712.27051743
4712.33624604
4712.41316601
4712.47895875
4712.54385305
4712.60859692
4712.67467443
4712.74122980
4712.80517398
4712.87199023
4712.93584347
4713.01864290
4713.06744845
4713.13517923
4713.21031475
4713.27588758
4713.34174224
4713.40558109
4713.47253120
4713.54933145
4713.61428061
4713.68182097
4713.74558156
4713.81237563
4713.87618668
4713.94124214
4714.03604163
4714.08379369
4714.15155982
4714.21548205
4714.29126586
4714.35909563
4714.42293692
4714.50062464
4714.56542727
4714.63048443
4714.69620281
4714.76290618
4714.82886178
4714.89452652
4714.95862893
4715.04018030
4715.09024269
4715.15607395
4715.22172309
4715.28775013
4715.36343276
4715.42923891
4715.49518598
4715.56086657
4715.62670344
4715.69058910
4715.75771669
4715.82330268
4715.88810946
4715.95303789
4716.01974614
4716.10053609
4716.14835226
4716.21620763
4716.28208717
4716.35883061
4716.42379172
4716.48762618
4716.56446349
4716.63132412
4716.69602312
4716.76188754
4716.82768370
4716.89452189
4716.95827711
4717.02519406
4717.11781292
4717.16577660
4717.24274630
4717.30838008
4717.37423572
4717.45104012
4717.51674411
4717.58267167
4717.64659293
4717.71329679
4717.77824156
4717.84395872
4717.91081690
4717.97549738
4718.04055455
4718.12114433
4718.17198545
4718.23890581
4718.30387618
4718.37988576
4718.44450114
4718.52144500
4718.58910410
4718.66276701
4718.72967884
4718.79547109
4718.86137988
4718.92716604
4718.99195502
4719.06898348
4719.14859168
4719.21064243
4719.27612919
4719.34109420
4719.40703590
4719.47482715
4719.54973422
4719.62453768
4719.69124446
4719.76810274
4719.83311748
4719.89863155
4719.96467346
4720.03038428
4720.09615312
4720.17614192
4720.22698352
4720.29266045
4720.35776516
4720.42257316
4720.48830689
4720.55524212
4720.63172226
4720.70866782
4720.77342193
4720.83835841
4720.90419577
4720.96985612
4721.03592290
4721.09974322
4721.18258142
4721.23239634
4721.29723822
4721.36396670
4721.42790040
4721.50459800
4721.57135720
4721.63721504
4721.71385877
4721.77798507
4721.84461578
4721.90842855
4721.97630512
4722.04213492
4722.10685417
4722.18872883
4722.23663960
4722.30331640
4722.36923104
4722.43513081
4722.49989882
4722.56567595
4722.63082431
4722.69631838
4722.77321884
4722.83927465
4722.90473069
4722.97062095
4723.03546381
4723.10132262
4723.16804086
4723.26380559
4723.32471361
4723.39144136
4723.45754837
4723.52322335
4723.58899463
4723.66588168
4723.74356501
4723.80952793
4723.88712471
4723.95224990
4724.02076599
4724.09586104
4724.16253052
4724.24434496
4724.29532286
4724.36102855
4724.43784319
4724.50456655
4724.57049339
4724.64828473
4724.71315343
4724.77998553
4724.85586686
4724.93252644
4724.99849765
4725.07817753
4725.14297114
4725.23571703
4725.31750855
4725.38356338
4725.46126037
4725.52683270
4725.59483923
4725.67073886
4725.73740785
4725.81336257
4725.87922747
4725.94600130
4726.05572097
4726.13734109
4726.18735886
4726.26596063
4726.32996770
4726.39671252
4726.46457325
4726.52943464
4726.60714991
4726.67295313
4726.73789595
4726.81556075
4726.88066351
4726.94919301
4727.01415436
4727.10569437
4727.15680148
4727.22354483
4727.28840500
4727.36715134
4727.43285241
4727.49971645
4727.57666518
4727.64139784
4727.70749729
4727.77504546
4727.84087794
4727.91684363
4727.98457295
4728.04850835
4728.13206652
4728.19297014
4728.25975080
4728.32565447
4728.38962230
4728.45652022
4728.52419761
4728.58805036
4728.66680767
4728.74369643
4728.80950233
4728.88730854
4728.95328731
4729.01902105
4729.11077292
4729.16180494
4729.23951704
4729.31642725
4729.38297653
4729.44884388
4729.51369039
4729.58050884
4729.65755997
4729.72413047
4729.79014434
4729.86696166
4729.95458681
4730.02149352
4730.10308219
4730.15305730
4730.22985731
4730.29579073
4730.37268265
4730.44033127
4730.50520168
4730.57209058
4730.63880078
4730.70381723
4730.78148398
4730.88023002
4730.94518113
4731.03784607
4731.08970265
4731.15458355
4731.23253263
4731.29740426
4731.37493691
4731.45186785
4731.52954801
4731.60556564
4731.67152465
4731.73919107
4731.80498868
4731.86893481
4731.98449688
4732.03729628
4732.10133700
4732.17899376
4732.24487671
4732.30963545
4732.38747189
4732.45359134
4732.52005480
4732.59689479
4732.66271435
4732.72857828
4732.79538430
4732.86212765
4732.95401337
4733.03772831
4733.10378875
4733.16950835
4733.23535863
4733.33409540
4733.41177605
4733.47861985
4733.55531356
4733.62206667
4733.68606472
4733.76480790
4733.82982191
4733.91148909
4733.96430604
4734.02819950
4734.13776654
4734.21495591
4734.28097369
4734.35853560
4734.43622917
4734.50092014
4734.56779759
4734.63468064
4734.69968319
4734.78050143
4734.87031282
4734.91904840
4734.98789291
4735.05271236
4735.13052027
4735.19540799
4735.26314706
4735.34011872
4735.40477262
4735.50366470
4735.58138899
4735.64726658
4735.72426797
4735.80675387
4735.86579308
4735.94443312
4736.00941544
4736.07611149
4736.15288078
4736.22057816
4736.28646257
4736.35329589
4736.41821750
4736.49598909
4736.57168025
4736.63854844
4736.71553642
4736.79723700
4736.84804179
4736.91404397
4736.97960996
4737.05754613
4737.12329717
4737.18915379
4737.26627709
4737.33183894
4737.39773750
4737.47463040
4737.54036048
4737.60804762
4737.68488371
4737.76493004
4737.82758690
4737.89443607
4737.97118025
4738.04798148
4738.11297671
4738.17975737
4738.24739721
4738.31224568
4738.37924795
4738.45691056
4738.52181705
4738.59970811
4738.71522313
4738.76419033
4738.82997063
4738.89478740
4738.96191378
4739.03854580
4739.10424858
4739.18196287
4739.25979639
4739.32465193
4739.40344752
4739.46728685
4739.53609308
4739.61096334
4739.69184350
4739.74455781
4739.82240425
4739.88713251
4739.96484217
4740.04196548
4740.10757560
4740.18335917
4740.24945423
4740.31706457
4740.39386385
4740.45973388
4740.53747548
4740.63012945
4740.67921026
4740.75710912
4740.82210216
4740.88874117
4740.96543878
4741.03123907
4741.09707887
4741.17586471
4741.23972379
4741.31845039
4741.38433382
4741.45023628
4741.52691145
4741.60794570
4741.66254710
4741.73740614
4741.80309526
4741.86823752
4741.93582445
4742.00166741
4742.07667932
4742.15645137
4742.23221348
4742.29818055
4742.36392745
4742.42982795
4742.49676879
4742.57835625
4742.64016026
4742.71794599
4742.78276813
4742.85960739
4742.92536453
4742.99141595
4743.07010378
4743.13512974
4743.20070500
4743.26850332
4743.33325962
4743.41020177
4743.47803398
4743.55879224
4743.62162171
4743.69650928
4743.76240174
4743.84022404
4743.90586245
4743.97196507
4744.03875524
4744.10536376
4744.18115928
4744.27910294
4744.34570049
4744.42342722
4744.50342162
4744.55530454
4744.63315878
4744.69782415
4744.77661998
4744.85363844
4744.91919761
4744.99801832
4745.06098603
4745.12866903
4745.20563849
4745.27132809
4745.33811094
4745.41597860
4745.49683291
4745.55754613
4745.63535624
4745.70115166
4745.77890082
4745.84477597
4745.91955260
4745.98752329
4746.05256290
4746.12910203
4746.19703567
4746.26186365
4746.32857921
4746.39344547
4746.47999786
4746.53791385
4746.60370220
4746.66984456
4746.74731456
4746.81323579
4746.89098178
4746.96770986
4747.03360013
4747.10941978
4747.17633209
4747.24218505
4747.31984522
4747.38560821
4747.46555361
4747.51835398
4747.58427862
4747.66104938
4747.73879073
4747.80371380
4747.88238505
4747.94527548
4748.01411389
4748.11170988
4748.17764671
4748.24547282
4748.32125566
4748.40400194
4748.46401932
4748.53060663
4748.59560431
4748.67327326
4748.73913889
4748.80586323
4748.87377175
4748.93865874
4749.01547264
4749.08220429
4749.14709762
4749.22670704
4749.29050835
4749.37249467
4749.43518079
4749.49922688
4749.56694352
4749.63280428
4749.69859532
4749.77529000
4749.87311761
4749.93009517
4750.00676474
4750.08058296
4750.14645713
4750.22332931
4750.31605325
4750.37768050
4750.44456795
4750.50940203
4750.57634530
4750.64208928
4750.70791518
4750.77479970
4750.83968157
4750.90653780
4750.97334040
4751.03902562
4751.11587171
4751.18264042
4751.24852556
4751.34217793
4751.39111563
4751.45700540
4751.53485989
4751.60082281
4751.66636613
4751.74412919
4751.80984342
4751.88745141
4751.95477747
4752.01728366
4752.09534392
4752.16184712
4752.22776103
4752.30850149
4752.36031785
4752.43811845
4752.50521167
4752.56908441
4752.64859095
4752.71241395
4752.77843441
4752.84499661
4752.90992359
4752.99112094
4753.06568473
4753.13068192
4753.20937487
4753.30328958
4753.34989889
4753.41752386
4753.49361731
4753.55930350
4753.62706647
4753.69108501
4753.76950245
4753.83636624
4753.90138025
4753.97856987
4754.04418609
4754.11415919
4754.17770669
4754.24258051
4754.32641174
4754.38801754
4754.45282895
4754.51961448
4754.59745043
4754.66222941
4754.72807360
4754.79315295
4754.85982730
4754.94097273
4755.00433396
4755.06935163
4755.14719148
4755.21177225
4755.30651908
4755.38752870
4755.44448359
4755.52220325
4755.58688397
4755.64381740
4755.75357242
4755.81949487
4755.88742923
4755.96492848
4756.02898359
4756.09470075
4756.17255060
4756.25622141
4756.31605666
4756.38185916
4756.44686610
4756.52553125
4756.59332298
4756.65727057
4756.73496707
4756.79880177
4756.87759639
4756.94337913
4757.00925647
4757.08607160
4757.16481014
4757.24566275
4757.30746116
4757.40511786
4757.47115489
4757.53882375
4757.60265333
4757.68057145
4757.74731675
4757.81309877
4757.89090717
4757.95498910
4758.03258003
4758.11053618
4758.19210779
4758.24307447
4758.30803143
4758.37713218
4758.44056776
4758.50655945
4758.57227442
4758.65101052
4758.71496249
4758.78259453
4758.84750785
4758.91433508
4758.98109354
4759.05882881
4759.12472053
4759.20650328
4759.28845864
4759.34719724
4759.42004461
4759.48774662
4759.56454834
4759.63055002
4759.69713782
4759.77396075
4759.83980761
4759.90467656
4759.98260126
4760.04837791
4760.11525390
4760.20793663
4760.25683435
4760.32383492
4760.40165917
4760.46749238
4760.54531956
4760.61113571
4760.67685750
4760.75373967
4760.82050984
4760.88632575
4760.96410831
4761.02993664
4761.09484899
4761.18954486
4761.23844964
4761.31621270
4761.41494801
4761.48069126
4761.54750483
4761.61242985
4761.71211187
4761.78884313
4761.85479800
4761.93053061
4761.99828821
4762.06321543
4762.15501997
4762.20601517
4762.27261980
4762.33854102
4762.40523001
4762.48099919
4762.54889601
4762.61377202
4762.69053936
4762.76919769
4762.83507332
4762.90097309
4762.96592835
4763.03359184
4763.12458985
4763.17527859
4763.25395739
4763.31892801
4763.38483266
4763.45164598
4763.51646812
4763.59507792
4763.67198960
4763.73685123
4763.80261544
4763.90249446
4763.96825088
4764.06005322
4764.11277703
4764.17766719
4764.25540514
4764.32055032
4764.38703353
4764.46384670
4764.52971283
4764.59664464
4764.66445808
4764.73912134
4764.80585689
4764.87176958
4764.93873188
4765.02934784
4765.08027917
4765.14711347
4765.21294570
4765.27981340
4765.35643128
4765.42417230
4765.48901906
4765.56600510
4765.63073458
4765.69859605
4765.77535607
4765.85131664
4765.91807999
4766.01167336
4766.06158312
4766.13934277
4766.20610367
4766.27003054
4766.34872227
4766.41366704
4766.47942101
4766.55732158
4766.62203131
4766.68991179
4766.76670863
4766.83265692
4766.91029613
4767.00007119
4767.05187585
4767.11887154
4767.18360761
4767.24944034
4767.32823227
4767.39399307
4767.47093010
4767.53782730
4767.60162592
4767.67925025
4767.74708440
4767.81280205
4767.87977068
4767.94258578
4768.02925715
4768.08725944
4768.16605698
4768.24168963
4768.31949804
4768.38451448
4768.46136472
4768.52795715
4768.59397200
4768.67079396
4768.73742857
4768.81336671
4768.88027634
4768.96393447
4769.02370999
4769.08861648
4769.16726847
4769.24514344
4769.30982538
4769.37689787
4769.45169913
4769.51944869
4769.59533880
4769.66223527
4769.72788196
4769.80573962
4769.87148506
4769.95129782
4770.01532514
4770.07988030
4770.14776785
4770.22368112
4770.28961113
4770.36636725
4770.44406521
4770.51081198
4770.58748301
4770.65563315
4770.71835559
4770.78611417
4770.85190813
4770.94394233
4770.99455476
4771.06058448
4771.13727331
4771.20406031
4771.27007784
4771.34581728
4771.41272959
4771.47935445
4771.54615339
4771.61422868
4771.67885113
4771.74869598
4771.81662108
4771.91216639
4771.97323629
4772.05494175
4772.12168876
4772.18958777
4772.26848674
4772.34815419
4772.42701293
4772.50392923
4772.58362156
4772.66236375
4772.74115569
4772.83783422
4772.88885917
4772.95655801
4773.03561619
4773.11525560
4773.19409410
4773.27196566
4773.35166895
4773.42960048
4773.51023025
4773.58816861
4773.65580040
4773.74564885
4773.81335330
4773.89420982
4773.99289124
4774.04987003
4774.12873608
4774.20852446
4774.28827749
4774.36798127
4774.43481410
4774.51458664
4774.59262544
4774.68534768
4774.75110092
4774.82884740
4774.90787339
4774.98656292
4775.06843368
4775.13413500
4775.20082715
4775.28069940
4775.36033687
4775.43922608
4775.50604696
4775.60176855
4775.66559008
4775.74444102
4775.82244740
4775.90101673
4775.97971773
4776.05763438
4776.13736474
4776.21713264
4776.28494876
4776.36386674
4776.44245851
4776.53736625
4776.60308609
4776.67991999
4776.75792759
4776.83758310
4776.91657666
4776.98414043
4777.05119586
4777.13088599
4777.21062000
4777.28956822
4777.36928126
4777.46291340
4777.52577140
4777.60474595
4777.68437366
4777.74937353
4777.83028466
4777.90894298
4777.98868334
4778.06745479
4778.14532659
4778.22424042
4778.30398102
4778.39764095
4778.46137301
4778.53920360
4778.61904172
4778.69868943
4778.77752988
4778.85626598
4778.92335018
4779.00226719
4779.08183029
4779.16065611
4779.23049097
4779.32498863
4779.38740265
4779.46574622
4779.54453157
4779.62315674
4779.69028214
4779.77018902
4779.84959072
4779.92945419
4780.00641097
4780.07527693
4780.15218519
4780.24792945
4780.31165005
4780.37947494
4780.45901220
4780.53888640
4780.61562400
4780.69454856
4780.77433207
4780.85408535
4780.93181037
4781.01169311
4781.09139786
4781.18412912
4781.24809719
4781.32707247
4781.40574225
4781.48352798
4781.56218655
4781.64298333
4781.72182744
4781.79979847
4781.86745123
4781.94641919
4782.02513091
4782.12080690
4782.18860717
4782.25140422
4782.31940588
4782.40004784
4782.47794133
4782.55768851
4782.62345053
4782.70320356
4782.78303997
4782.86280715
4782.94056898
4783.02541593
4783.08741962
4783.16491644
4783.24572395
4783.34563881
4783.41251626
4783.49222516
4783.57190821
4783.65072550
4783.72863948
4783.79734672
4783.89108028
4783.98694887
4784.06659390
4784.13441196
4784.20134988
4784.28099441
4784.38278027
4784.45052178
4784.51755624
4784.59710471
4784.67413366
4784.79082628
4784.84454874
4784.91141497
4784.99232146
4785.07090860
4785.15062140
4785.22850002
4785.29629517
4785.37427400
4785.45311323
4785.58667722
4785.70233462
4785.75525812
4785.83406444
4785.91391962
4785.99346493
4786.06133273
4786.12822822
4786.20685948
4786.28670053
4786.36652524
4786.43341317
4786.51224655
4786.60694316
4786.70369264
4786.78154396
4786.86022081
4786.92911164
4787.00779703
4787.08670038
4787.16555327
4787.24435154
4787.31134163
4787.39191606
4787.48638031
4787.54837767
4787.62743999
4787.73917473
4787.81794155
4787.89766094
4787.99829187
4788.06602728
4788.14485140
4788.22368990
4788.30267420
4788.39529428
4788.45010730
4788.52892191
4788.60701191
4788.68648383
4788.76428809
4788.84415815
4788.92212479
4789.00176908
4789.08064001
4789.15930443
4789.22918366
4789.32404313
4789.38670219
4789.46560432
4789.53235133
4789.61104379
4789.68981525
4789.76887951
4789.84839995
4789.91618876
4789.99509699
4790.07388575
4790.15272645
4790.26746810
4790.32051570
4790.40118423
4790.47900190
4790.55870666
4790.63734841
4790.70438604
4790.78395207
4790.86297001
4790.94252799
4791.00865329
4791.08839291
4791.18292494
4791.24691934
4791.37934816
4791.44643821
4791.52624342
4791.60500975
