4686.54070400
4686.60636509
4686.67063109
4686.74738405
4686.81459039
4686.88037874
4686.94523745
4687.02112463
4687.08594384
4687.15207426
4687.22955767
4687.29328022
4687.36030566
4687.42560420
4687.49091468
4687.56665144
4687.63399529
4687.71123465
4687.77436255
4687.85227287
4687.91806463
4687.98251178
4688.04899841
4688.11405777
4688.18050343
4688.24450100
4688.30964935
4688.37844655
4688.44302488
4688.51797974
4688.58342627
4688.64713321
4688.71534991
4688.78020813
4688.84619616
4688.91967255
4688.98545018
4689.05031937
4689.11736626
4689.18242562
4689.24842438
4689.31531890
4689.37909435
4689.44541957
4689.51188962
4689.57686096
4689.64288069
4689.70678610
4689.77483895
4689.83894185
4689.90521002
4689.98058545
4690.04653886
4690.11267732
4690.17735975
4690.24425377
4690.30984269
4690.37626982
4690.45050617
4690.51443426
4690.58115689
4690.64933335
4690.71288743
4690.77954716
4690.84471428
4690.91009011
4690.98600899
4691.05125608
4691.12956844
4691.19350969
4691.25969448
4691.33583254
4691.40069442
4691.47909236
4691.54361168
4691.62036463
4691.68440243
4691.75262961
4691.81602814
4691.88313867
4691.94850645
4692.02325602
4692.09046261
4692.18719381
4692.24142095
4692.30742946
4692.37257196
4692.43970297
4692.50494129
4692.57249141
4692.63672474
4692.70076498
4692.76734937
4692.83285929
4692.89777114
4692.96286878
4693.02879586
4693.10643067
4693.17157171
4693.23674151
4693.30309721
4693.37013484
4693.44568923
4693.51042798
4693.57693630
4693.63991938
4693.70694335
4693.77282143
4693.83947920
4693.90442446
4693.96959037
4694.03660459
4694.11069173
4694.17772546
4694.25450694
4694.32043280
4694.38618873
4694.44990981
4694.51611581
4694.58261048
4694.64737117
4694.72331955
4694.78849448
4694.88939043
4694.95355501
4695.02031543
4695.08613060
4695.16289404
4695.22708836
4695.32412725
4695.37931037
4695.44670348
4695.51210807
4695.57650476
4695.64272831
4695.70898916
4695.77367525
4695.83889455
4695.90337169
4695.96899888
4696.03489695
4696.10172149
4696.17717616
4696.24197537
4696.30728513
4696.37290720
4696.43794681
4696.50464213
4696.58268387
4696.64741311
4696.71355328
4696.77888375
4696.84466259
4696.92164132
4696.98683307
4697.05120854
4697.11696324
4697.18199018
4697.25788590
4697.32438837
4697.40151045
4697.46745191
4697.53325392
4697.59782956
4697.67380257
4697.73982936
4697.80443182
4697.87035378
4697.93569304
4698.00152771
4698.06747746
4698.13240200
4698.19838369
4698.27543897
4698.34067582
4698.43808993
4698.50510854
4698.58232668
4698.64576934
4698.71143043
4698.77749818
4698.84361299
4698.90929748
4698.97370563
4699.03991040
4699.10492905
4699.17320548
4699.23647601
4699.30225095
4699.38032413
4699.44432438
4699.52155203
4699.58636612
4699.65162199
4699.71824417
4699.79395947
4699.85993044
4699.92471283
4699.99168756
4700.06853145
4700.13395141
4700.19863847
4700.26465551
4700.32964295
4700.40520636
4700.47027815
4700.54924953
4700.61324832
4700.68364955
4700.74717632
4700.81054803
4700.88750749
4700.95351820
4701.02986106
4701.09533490
4701.16052762
4701.22455713
4701.29163255
4701.35619966
4701.42152453
4701.49972035
4701.59699963
4701.65174658
4701.71772437
4701.78169780
4701.85942087
4701.92457239
4701.99025103
4702.06839443
4702.13336456
4702.21044812
4702.27360381
4702.34159669
4702.40516784
4702.47098666
4702.54883262
4702.61239133
4702.67998533
4702.74427645
4702.81102980
4702.87616401
4702.94183362
4703.00897000
4703.07254236
4703.13886368
4703.21647387
4703.28148422
4703.34631465
4703.41209251
4703.47658941
4703.54168607
4703.61914705
4703.68495637
4703.75119966
4703.81611347
4703.88101387
4703.99090152
4704.05607083
4704.12185358
4704.19824374
4704.26467916
4704.36234171
4704.42623981
4704.49324769
4704.55855940
4704.62383819
4704.68930910
4704.76668011
4704.83268472
4704.89719600
4704.96332617
4705.03987408
4705.10333478
4705.17725028
4705.24304302
4705.30860609
4705.37609233
4705.44064530
4705.50524532
4705.57109535
4705.63705486
4705.71531187
4705.78969695
4705.85541021
4705.92171690
4705.98718635
4706.05419813
4706.12848763
4706.19408606
4706.26020160
4706.32588292
4706.40197442
4706.46694040
4706.53462413
4706.59847468
4706.66472359
4706.73018986
4706.79598748
4706.87195269
4706.93886207
4707.00329582
4707.06970710
4707.13419570
4707.19998674
4707.26561198
4707.33124332
4707.39687929
4707.46205470
4707.52668301
4707.59295727
4707.66971242
4707.73627901
4707.80038654
4707.87716436
4707.94403474
4708.00897536
4708.07373264
4708.15131065
4708.21587044
4708.28201061
4708.36150788
4708.42473502
4708.49148715
4708.55513558
4708.62368117
4708.68702046
4708.75241798
4708.82981776
4708.90412360
4708.97061997
4709.03602359
4709.10237368
4709.17761550
4709.24268413
4709.31021035
4709.37416648
4709.44041928
4709.50537039
4709.57224662
4709.63825879
4709.70192039
4709.76860840
4709.83330375
4709.90958859
4709.98703543
4710.05203359
4710.11894030
4710.19323784
4710.26002435
4710.32576882
4710.39107174
4710.45635565
4710.52325504
4710.58922601
4710.65266086
4710.71709120
4710.79515950
4710.96759893
4711.03559863
4711.11064078
4711.17657029
4711.24343921
4711.30666707
4711.38492506
4711.45074316
4711.51565135
4711.58227841
4711.64760450
4711.71360448
4711.77844782
4711.84320583
4711.90826349
4711.97387191
4712.04139667
4712.11684987
4712.18260970
4712.24988114
4712.31478666
4712.39049806
4712.45524754
4712.52290396
4712.58744181
4712.65361513
4712.71916894
4712.78422952
4712.85140515
4712.91489852
4712.98045086
4713.04419268
4713.11126273
4713.18945002
4713.25248991
4713.32068197
4713.38459640
4713.45105304
4713.52711016
4713.59311136
4713.65928468
4713.72366942
4713.78878413
4713.85314205
4713.92090940
4713.99592887
4714.06282802
4714.12772378
4714.19378812
4714.27003980
4714.33637624
4714.40188835
4714.47906749
4714.54353732
4714.60847380
4714.67448962
4714.74040817
4714.80687821
4714.87163281
4714.93637765
4715.00098133
4715.06717246
4715.13389411
4715.19864700
4715.26456189
4715.34069459
4715.40671944
4715.47191216
4715.53727848
4715.60386068
4715.66863039
4715.73585649
4715.80217122
4715.86628777
4715.93203175
4715.99687265
4716.06281558
4716.13012360
4716.19314788
4716.26136140
4716.33558118
4716.40050035
4716.46536588
4716.54330545
4716.61076219
4716.67423923
4716.74062516
4716.80676240
4716.87068463
4716.93553407
4717.00250929
4717.08013654
4717.14534219
4717.22074078
4717.28555463
4717.35335611
4717.43045381
4717.49435752
4717.56104918
4717.62522205
4717.69187763
4717.75667953
4717.82214532
4717.88965228
4717.95231670
4718.01946039
4718.08398654
4718.15098833
4718.21586386
4718.28152080
4718.35795680
4718.42241127
4718.50058758
4718.56587905
4718.64159532
4718.70816874
4718.77325955
4718.84050052
4718.90633593
4718.97115709
4719.04552973
4719.11126688
4719.18752807
4719.25310821
4719.32049668
4719.38653835
4719.45962465
4719.52772407
4719.60300198
4719.67036022
4719.74612136
4719.81062507
4719.87710048
4719.94267964
4720.00853138
4720.07218811
4720.13794403
4720.20414076
4720.26985134
4720.33653862
4720.40149192
4720.46777594
4720.53172352
4720.60901652
4720.68619394
4720.75052968
4720.81647602
4720.88319864
4720.94784719
4721.01288777
4721.07892700
4721.14476022
4721.20934464
4721.27719488
4721.34120221
4721.40653853
4721.48260199
4721.54784641
4721.61403143
4721.69202465
4721.75683118
4721.82156066
4721.88682019
4721.95261951
4722.01958790
4722.08438176
4722.15029274
4722.21528042
4722.28070525
4722.34628685
4722.41379894
4722.47898410
4722.54375016
4722.60894630
4722.67332226
4722.75038705
4722.81746296
4722.88351974
4722.94745343
4723.01459761
4723.07993735
4723.14446082
4723.22561258
4723.30302358
4723.36950484
4723.43629208
4723.50225695
4723.56719318
4723.64587126
4723.72142954
4723.78834137
4723.86629850
4723.93101092
4723.99891529
4724.07358367
4724.13979674
4724.20663811
4724.27234210
4724.33900061
4724.41588180
4724.48139319
4724.54763575
4724.62650107
4724.69003906
4724.75718056
4724.83580694
4724.91156003
4724.97722453
4725.05550129
4725.12102194
4725.19799116
4725.29450122
4725.36278228
4725.44088325
4725.50503125
4725.57213228
4725.64859900
4725.71449097
4725.79235862
4725.85618260
4725.92384219
4726.03473603
4726.09847224
4726.16639319
4726.24245739
4726.30890451
4726.37582097
4726.44105563
4726.50618008
4726.58396313
4726.64998554
4726.71530310
4726.79344772
4726.85968614
4726.92645339
4726.99235316
4727.06901810
4727.13507659
4727.20249529
4727.26729207
4727.34467503
4727.40989165
4727.47604571
4727.55345963
4727.61962199
4727.68598841
4727.75299459
4727.81804152
4727.89553199
4727.96052528
4728.02712893
4728.09326496
4728.17001182
4728.23676004
4728.30289168
4728.36983252
4728.43514276
4728.50108593
4728.56677090
4728.64379814
4728.72059181
4728.78747609
4728.86540323
4728.92961267
4728.99731639
4729.07377897
4729.13946809
4729.21635343
4729.29443953
4729.35918487
4729.42576657
4729.49206863
4729.55753198
4729.63599477
4729.70035343
4729.76823732
4729.84602622
4729.93226995
4729.99819264
4730.06321811
4730.13004777
4730.20795955
4730.27265832
4730.35083683
4730.41746413
4730.48226846
4730.54918029
4730.61597972
4730.68294933
4730.76073530
4730.85735044
4730.92270067
4730.99989687
4731.06557965
4731.13286572
4731.20970596
4731.27513689
4731.35388347
4731.42874666
4731.50674133
4731.58500225
4731.65193919
4731.71623664
4731.78270790
4731.84652432
4731.94761337
4732.01328640
4732.07947923
4732.15601983
4732.22168018
4732.28821873
4732.36530814
4732.43267345
4732.49933074
4732.57548539
4732.64093582
4732.70751070
4732.77310742
4732.84052320
4732.91689215
4733.01478071
4733.08049714
4733.14825425
4733.21240761
4733.31351495
4733.38925536
4733.45585560
4733.53156675
4733.59885990
4733.66505029
4733.74106450
4733.80662733
4733.87437566
4733.94093909
4734.00531822
4734.07305412
4734.19379739
4734.25777058
4734.33787957
4734.41147958
4734.47912600
4734.54457765
4734.60971893
4734.67696575
4734.75539270
4734.83162390
4734.89701192
4734.96312551
4735.02930883
4735.10658135
4735.17205153
4735.23817682
4735.31712577
4735.38211637
4735.48076708
4735.55875518
4735.62313065
4735.70112850
4735.76708361
4735.84487495
4735.92150844
4735.98664338
4736.05315219
4736.13162790
4736.19651050
4736.26120853
4736.32940207
4736.39423883
4736.47300906
4736.54695479
4736.61468582
4736.69159262
4736.75829989
4736.82441836
4736.89140357
4736.95629836
4737.03827371
4737.09839763
4737.16627836
4737.24305521
4737.30891573
4737.37499104
4737.45199146
4737.51784881
4737.58540697
4737.66230621
4737.72769033
4737.80470148
4737.87045521
4737.94746611
4738.02503290
4738.08974898
4738.15666714
4738.22286704
4738.28881216
4738.35432964
4738.43411339
4738.49901769
4738.57640772
4738.67278027
4738.74077193
4738.80627844
4738.87190563
4738.93787099
4739.01725586
4739.08261657
4739.15791667
4739.23349226
4739.30054160
4739.37838365
4739.44411178
4739.51035191
4739.58906095
4739.65325990
4739.72101580
4739.79746497
4739.86344788
4739.94254530
4740.01688625
4740.08350721
4740.16050787
4740.22571498
4740.29223135
4740.37214261
4740.43695938
4740.51357629
4740.59079809
4740.65616441
4740.73314727
4740.79884005
4740.86559950
4740.94259699
4741.00968680
4741.07425610
4741.15305559
4741.21631539
4741.29449171
4741.35898299
4741.42698123
4741.50366836
4741.56867920
4741.63727380
4741.71445391
4741.78079473
4741.84650067
4741.91094978
4741.97718089
4742.05467161
4742.13266068
4742.21061830
4742.27514201
4742.34130144
4742.40678771
4742.47298688
4742.53864918
4742.61751182
4742.69308156
4742.75866853
4742.83903815
4742.90257078
4742.96943140
4743.04760820
4743.11220433
4743.17692284
4743.24366985
4743.31025717
4743.38717957
4743.45316809
4743.52081792
4743.59725149
4743.67281977
4743.73976353
4743.81626878
4743.88316866
4743.95018386
4744.01733535
4744.08167084
4744.15821655
4744.25717568
4744.32264098
4744.40006466
4744.46528249
4744.53196319
4744.61029920
4744.67604196
4744.75272177
4744.82900173
4744.89571315
4744.97228934
4745.03902269
4745.10407523
4745.18170541
4745.24747084
4745.31474692
4745.39110831
4745.45690544
4745.53543260
4745.61144535
4745.67607195
4745.75395886
4745.82118252
4745.89730230
4745.96421266
4746.03211703
4746.10631779
4746.17403979
4746.23854132
4746.30583544
4746.37165548
4746.43836933
4746.51553335
4746.58038157
4746.64675214
4746.72360627
4746.78945948
4746.86780744
4746.94245119
4747.00856113
4747.08635442
4747.15362611
4747.21964559
4747.29642268
4747.36197210
4747.42798207
4747.49554194
4747.55949489
4747.63806082
4747.71482035
4747.78097613
4747.85855096
4747.92203385
4747.98904174
4748.08973947
4748.15466766
4748.22038823
4748.29835024
4748.36425342
4748.44147059
4748.50594578
4748.57615635
4748.65157762
4748.71614326
4748.78302681
4748.85042942
4748.91456109
4748.99245312
4749.05777287
4749.12375237
4749.20058334
4749.26751857
4749.33242872
4749.41039999
4749.47630317
4749.54400324
4749.60892655
4749.67519472
4749.75139057
4749.85014490
4749.90637347
4749.98320713
4750.05614544
4750.12260037
4750.20023908
4750.27688841
4750.35257397
4750.42063487
4750.48629498
4750.55190120
4750.61777586
4750.68351496
4750.75072034
4750.81706994
4750.88379086
4750.94902991
4751.01553262
4751.09314281
4751.15755754
4751.22395712
4751.30252011
4751.36653012
4751.43312987
4751.51175698
4751.57689071
4751.64292799
4751.72117964
4751.78463059
4751.86253554
4751.92845311
4751.99545344
4752.07349493
4752.13852674
4752.20523254
4752.27100431
4752.33764722
4752.41347394
4752.48023338
4752.54519278
4752.62298363
4752.68877467
4752.75433067
4752.82143949
4752.88856611
4752.96421778
4753.04255745
4753.10682808
4753.18562050
4753.26105762
4753.32686474
4753.39448605
4753.47092571
4753.53840366
4753.60415910
4753.66778559
4753.74618353
4753.81219813
4753.87864355
4753.95592460
4754.02148620
4754.08811155
4754.15396305
4754.21885199
4754.28562972
4754.36388795
4754.42779068
4754.49605053
4754.57510383
4754.63745788
4754.70545368
4754.77034457
4754.83797417
4754.91486902
4754.98087290
4755.04724176
4755.12303093
4755.18904773
4755.26615787
4755.36469764
4755.42057465
4755.49829626
4755.56521320
4755.62030977
4755.73078769
4755.79768610
4755.86256090
4755.94021741
4756.00637318
4756.07173974
4756.14861899
4756.21511073
4756.29223940
4756.35727559
4756.42414231
4756.50299935
4756.56795509
4756.63377221
4756.71042105
4756.77817719
4756.85420335
4756.92079140
4756.98462561
4757.06255470
4757.13994132
4757.20696408
4757.28406983
4757.38166411
4757.44952996
4757.51444840
4757.58051396
4757.65777379
4757.72465588
4757.79050055
4757.86649330
4757.93221387
4758.01076005
4758.08798087
4758.15245558
4758.21826294
4758.28630800
4758.35068688
4758.41753532
4758.48212900
4758.54944190
4758.62635186
4758.69286969
4758.75850274
4758.82672041
4758.89194946
4758.95849996
4759.03528046
4759.10108052
4759.16795162
4759.26466502
4759.32195125
4759.39932250
4759.46280539
4759.54121503
4759.60719770
4759.67206103
4759.75034511
4759.81545592
4759.88219610
4759.96074569
4760.02460087
4760.09170848
4760.16833319
4760.23514700
4760.30004033
4760.37749984
4760.44393453
4760.52152180
4760.58818128
4760.65333573
4760.73058362
4760.79544037
4760.86339448
4760.94079085
4761.00545012
4761.07308557
4761.14957058
4761.21501516
4761.29330094
4761.38996753
4761.45659654
4761.52247802
4761.58821664
4761.68840115
4761.76513533
4761.83048434
4761.90887594
4761.97374512
4762.04131426
4762.11711636
4762.18339013
4762.24820251
4762.31505509
4762.38005545
4762.46041581
4762.52607373
4762.59212588
4762.66863088
4762.74454415
4762.81047294
4762.87734307
4762.94414104
4763.00873594
4763.08739768
4763.15186507
4763.22890791
4763.29736354
4763.36091884
4763.42795574
4763.49342177
4763.57187530
4763.64916805
4763.71486424
4763.78067258
4763.88094609
4763.94579553
4764.02206208
4764.08896172
4764.15391892
4764.23066505
4764.29844167
4764.36263038
4764.43979050
4764.50672817
4764.57535349
4764.63998374
4764.71524629
4764.78196965
4764.84894145
4764.91439700
4764.99162124
4765.05646727
4765.12573576
4765.19111987
4765.25618045
4765.33299484
4765.39911965
4765.46474709
4765.54227097
4765.60921376
4765.67370407
4765.75202325
4765.82823544
4765.89452604
4765.97205577
4766.03870891
4766.11560644
4766.18026303
4766.24715072
4766.32462754
4766.39002946
4766.45625862
4766.53233451
4766.59931972
4766.66629713
4766.74298840
4766.80966373
4766.88788808
4766.96333885
4767.02900992
4767.09470026
4767.16126320
4767.22845979
4767.30443158
4767.36992126
4767.44716623
4767.51329810
4767.58073046
4767.65588086
4767.72183597
4767.78785009
4767.85625330
4767.92176322
4767.98750330
4768.06423918
4768.14031313
4768.21889880
4768.29606379
4768.36060384
4768.43998091
4768.50293327
4768.57201281
4768.64792096
4768.71458947
4768.79057003
4768.85858485
4768.92310222
4769.00041765
4769.06682113
4769.14396296
4769.22074493
4769.28572627
4769.35275073
4769.42877177
4769.49430266
4769.57254797
4769.63821295
4769.70644940
4769.78173023
4769.84679422
4769.91435287
4769.99228855
4770.05673643
4770.12505748
4770.20080984
4770.26706216
4770.34373587
4770.41890772
4770.48685623
4770.56360747
4770.62852567
4770.69616380
4770.76295665
4770.82829834
4770.90482138
4770.96973104
4771.03756447
4771.11443470
4771.18141113
4771.24624545
4771.32485453
4771.38936654
4771.45572784
4771.52282667
4771.58677450
4771.65482029
4771.72075517
4771.79354573
4771.87144751
4771.95141144
4772.02989788
4772.09809019
4772.16571492
4772.24410895
4772.32449491
4772.40418089
4772.48187447
4772.56186814
4772.63818833
4772.71727040
4772.79673281
4772.86461987
4772.93265444
4773.01251621
4773.09007763
4773.16895319
4773.24902050
4773.32809086
4773.40681355
4773.48515687
4773.56306354
4773.63178711
4773.70539346
4773.78950215
4773.86915253
4773.96882773
4774.02688415
4774.10556807
4774.18556004
4774.26488031
4774.34296227
4774.41027540
4774.48878452
4774.57023422
4774.64734850
4774.72520201
4774.80490433
4774.88333884
4774.96302774
4775.04128086
4775.10910331
4775.17829281
4775.25767573
4775.33548950
4775.41532811
4775.48205684
4775.56081683
4775.63980210
4775.71935009
4775.79741864
4775.87837658
4775.95618182
4776.03369960
4776.11539652
4776.19206390
4776.26123633
4776.33867317
4776.41956308
4776.49839842
4776.57646136
4776.65489709
4776.73494171
4776.81397453
4776.89158447
4776.95949689
4777.02686757
4777.10711943
4777.18568828
4777.26465625
4777.34331798
4777.42130413
4777.50209286
4777.58081970
4777.65900893
4777.72724172
4777.80674046
4777.88603098
4777.96385353
4778.04141885
4778.12110776
4778.20016521
4778.28018155
4778.35968516
4778.43693281
4778.51509327
4778.59480827
4778.67360386
4778.75258743
4778.83131646
4778.90027848
4778.97884172
4779.05879809
4779.13651970
4779.20521767
4779.28336863
4779.36173633
4779.44237951
4779.52155642
4779.59860487
4779.66695713
4779.74695031
4779.82586707
4779.90446713
4779.98215265
4780.05101447
4780.13121806
4780.20875047
4780.28750340
4780.35526758
4780.43384545
4780.51366309
4780.59232044
4780.67032121
4780.74929966
4780.82977778
4780.90885692
4780.98840271
4781.06537095
4781.14461588
4781.22314035
4781.30281610
4781.38262350
4781.45945788
4781.53852752
4781.61808404
4781.69687353
4781.77545896
4781.84421252
4781.92183027
4782.00088990
4782.08110495
4782.16107522
4782.22680579
4782.29441320
4782.37537480
4782.45326146
4782.53213776
4782.60061825
4782.67826867
4782.75819651
4782.83832623
4782.91705575
4782.98390442
4783.06463879
4783.14306623
4783.22069202
4783.32144412
4783.38931534
4783.46923367
4783.54711912
4783.62682315
4783.70455085
4783.77538240
4783.85233967
4783.96381379
4784.04356804
4784.10987082
4784.18135725
4784.25962670
4784.35770372
4784.42577486
4784.49275569
4784.57308679
4784.65091031
4784.75188550
4784.81959507
4784.88949430
4784.96728710
4785.04607147
4785.12515232
4785.20375042
4785.27341413
4785.35125691
4785.43084903
4785.50791040
4785.66226672
4785.73110513
4785.81014648
4785.89094277
4785.96856685
4786.03623839
4786.10400940
4786.18318289
4786.26298298
4786.34286669
4786.40917021
4786.48813671
4786.56701252
4786.67979394
4786.75941995
4786.83643963
4786.90393806
4786.98304622
4787.06282558
4787.14065690
4787.21922746
4787.28833137
4787.36820168
4787.44583088
4787.52451261
4787.60325164
4787.71638512
4787.79486669
4787.87273093
4787.97246610
4788.04098609
4788.12209470
4788.19974366
4788.27861507
4788.35725024
4788.42520411
4788.50503515
4788.58428569
4788.66231450
4788.74010340
4788.81902700
4788.89984523
4788.97786380
4789.05755734
4789.13444829
4789.20319649
4789.28246775
4789.36316335
4789.44055509
4789.50838632
4789.58287623
4789.66612939
4789.74575345
4789.82267146
4789.89252460
4789.97101348
4790.05029547
4790.13023965
4790.22895204
4790.29631467
4790.37753544
4790.45479917
4790.53373837
4790.61194808
4790.68130946
4790.75863391
4790.83860271
4790.91752776
4790.98522563
4791.06366477
4791.14427113
4791.22200957
4791.30266225
4791.42242199
4791.50334190
4791.58206313
4791.63996399
