4813.08040571
4813.14941820
4813.28320284
4813.35388103
4813.44756266
4813.50849896
4813.58825540
4813.66710268
4813.74791189
4813.82478480
4813.90440764
4813.98309888
4814.06105113
4814.13973042
4814.22054525
4814.31439096
4814.37706342
4814.45489572
4814.53370667
4814.60162714
4814.67032414
4814.75014592
4814.82893980
4814.90769200
4814.98659316
4815.06859679
4815.14413192
4815.23692193
4815.30171969
4815.36962357
4815.44927274
4815.52715453
4815.60684490
4815.68466940
4815.76359055
4815.84245880
4815.92225596
4816.00099938
4816.07981301
4816.16240740
4816.22623991
4816.30529198
4816.38594077
4816.46365263
4816.54245553
4816.62039657
4816.70105560
4816.77982437
4816.84571536
4816.92637147
4817.00343796
4817.09821673
4817.16387562
4817.24263561
4817.31037858
4817.38842982
4817.46809216
4817.54600540
4817.62491729
4817.69277387
4817.77451688
4817.85129031
4817.92916699
4818.01354557
4818.07746049
4818.15622731
4818.23724254
4818.31393893
4818.39072261
4818.47049514
4818.55024208
4818.63021600
4818.70972717
4818.78566970
4818.88143907
4818.94434169
4819.02497829
4819.10175270
4819.18146526
4819.26127558
4819.33918883
4819.41803537
4819.49661787
4819.57564581
4819.65153129
4819.73209548
4819.82475969
4819.87594507
4819.95740745
4820.03626448
4820.11516612
4820.19282995
4820.26169908
4820.34052466
4820.41928709
4820.49907572
4820.57695727
4820.65562681
4820.75055820
4820.81340914
4820.89399648
4820.96118137
4821.03869428
4821.11760885
4821.19644760
4821.27705030
4821.34283207
4821.41176508
4821.49157760
4821.57051899
4821.66506272
4821.72721100
4821.80579350
4821.88558164
4821.96530980
4822.04509404
4822.12229877
4822.19097797
4822.26979843
4822.36957627
4822.42721627
4822.50601649
4822.59984611
4822.66284674
4822.74354941
4822.82229282
4822.89008578
4822.96792198
4823.04698186
4823.12753336
4823.22631354
4823.29408528
4823.37306933
4823.46965010
4823.53244422
4823.61023946
4823.67901302
4823.75785908
4823.83672513
4823.91637893
4823.98324663
4824.06315179
4824.14002178
4824.21982235
4824.29862623
4824.39346303
4824.45603041
4824.53689302
4824.61476262
4824.69357308
4824.77220825
4824.84005874
4824.91982103
4824.99878632
4825.07649452
4825.15538519
4825.23503655
4825.32972804
4825.39365637
4825.49543540
4825.56216339
4825.62894161
4825.70885116
4825.78784960
4825.85533463
4825.92414061
4826.00289475
4826.08293548
4826.16167914
4826.25430068
4826.31732082
4826.39795497
4826.47579264
4826.55454068
4826.63328142
4826.70221930
4826.78003380
4826.85969199
4826.93841834
4827.01718540
4827.08411235
4827.17991390
4827.24373665
4827.32336217
4827.40121056
4827.47900727
4827.55788575
4827.63761148
4827.73930176
4827.80605706
4827.87411796
4827.95478479
4828.04648766
4828.11024068
4828.18921474
4828.26806470
4828.34877761
4828.42652970
4828.49438994
4828.56233430
4828.64118402
4828.72072396
4828.85352897
4828.93613409
4828.98917973
4829.06983461
4829.14776127
4829.22735509
4829.29416110
4829.37309493
4829.45175765
4829.53156042
4829.60951364
4829.67813506
4829.75711205
4829.85097409
4829.91483610
4829.99362755
4830.06126690
4830.14339708
4830.21915431
4830.29965462
4830.37758322
4830.45623107
4830.53605090
4830.61292722
4830.69261589
4830.80843810
4830.86120312
4830.94101077
4831.01974199
4831.09893475
4831.17641572
4831.25641231
4831.33517401
4831.41385477
4831.52663229
4831.60338476
4831.70000770
4831.76213794
4831.84192632
4831.91949823
4831.98639470
4832.10018427
4832.17800097
4832.25776082
4832.33646474
4832.40338827
4832.48404315
4832.57681171
4832.64161434
4832.72053671
4832.79838242
4832.87833903
4832.95615987
4833.03501495
4833.10364881
4833.17151393
4833.25034926
4833.33006157
4833.40996162
4833.50070339
4833.56571326
4833.64539266
4833.72340172
4833.80721881
4833.87094185
4833.93957522
4834.01648299
4834.09742630
4834.17611827
4834.25370627
4834.36956091
4834.43425700
4834.51321326
4834.59118941
4834.67073447
4834.74964733
4834.82847730
4834.90635885
4834.98605117
4835.06478849
4835.14372086
4835.23838674
4835.30234018
4835.37003269
4835.43896252
4835.51668462
4835.59652347
4835.67429921
4835.75209762
4835.83307043
4835.91089760
4835.98960420
4836.06936236
4836.15312313
4836.21595431
4836.29572612
4836.37457218
4836.45251809
4836.55305905
4836.63185050
4836.71172544
4836.79160720
4836.86933661
4836.93726024
4837.02997053
4837.09465150
4837.17342661
4837.25315892
4837.32105988
4837.39983353
4837.47966750
4837.55757441
4837.63623517
4837.71511122
4837.79477331
4837.87359742
4837.96635599
4838.03127491
4838.09897693
4838.17784493
4838.25676681
4838.33652472
4838.41426998
4838.48300721
4838.56174696
4838.63750615
4838.71940324
4838.80111918
4838.89795839
4838.96363288
4839.04561994
4839.13130315
4839.21000268
4839.29085870
4839.37282528
4839.45430619
4839.53641783
4839.61791337
4839.70083007
4839.79651630
4839.86521720
4839.94601349
4840.04117602
4840.12172265
4840.20810291
4840.28403520
4840.37447099
4840.44764214
4840.52957410
4840.61129004
4840.70998585
4840.77495257
4840.85679602
4840.93845296
4841.03260319
4841.12480611
4841.20573820
4841.28738637
4841.37506223
4841.45098721
4841.54588788
4841.62496434
4841.69545042
4841.77909343
4841.86227979
4841.94078427
4842.02360345
4842.11719486
4842.19705517
4842.28076499
4842.36162662
4842.45641441
4842.52718891
4842.60792352
4842.69669775
4842.78539834
4842.86414663
4842.95693397
4843.02987789
4843.10853841
4843.19247740
4843.27128616
4843.36898577
4843.43486043
4843.51748919
4843.59932923
4843.68002922
4843.76201237
4843.84564442
4843.92744008
4844.00947103
4844.09010372
4844.17198423
4844.26760805
4844.33544611
4844.42923988
4844.51100459
4844.59306796
4844.67380988
4844.76738350
4844.84741837
4844.93106529
4845.01091170
4845.10767264
4845.17425654
4845.25712204
4845.33900963
4845.42164619
4845.50344869
4845.58439224
4845.70001429
4845.76977113
4845.85175428
4845.94851547
4846.01429821
4846.09708106
4846.17876653
4846.26151622
4846.34234031
4846.42330702
4846.50604648
4846.58676012
4846.67051967
4846.80519032
4846.88700963
4846.96890770
4847.05181611
4847.13443903
4847.21517120
4847.29801012
4847.37782143
4847.46154368
4847.54132865
4847.63923086
4847.70596007
4847.78774330
4847.86864980
4847.98342753
4848.05617787
4848.13583167
4848.21774266
4848.29973532
4848.38133423
4848.47996544
4848.54602344
4848.64855779
4848.78519306
4848.86626924
4848.94764190
4849.04156807
4849.12337275
4849.20506090
4849.30374428
4849.36967258
4849.45141314
4849.53421404
4849.61513711
4849.69684379
4849.77781270
4849.86044682
4849.94120898
4850.02348105
4850.10685295
4850.20169633
4850.26834874
4850.35028216
4850.43112502
4850.51377353
4850.59656906
4850.67935411
4850.75929512
4850.84102301
4850.92186123
4851.00352890
4851.10218302
4851.17925951
4851.24881423
4851.33258256
4851.41352514
4851.49712841
4851.57720278
4851.65997515
4851.74265024
4851.83706451
4851.90611796
4852.00200997
4852.06981511
4852.14972369
4852.23146353
4852.31417006
4852.39584992
4852.47663476
4852.56040723
4852.64035287
4852.72405586
4852.80505012
4852.90159115
4852.96854052
4853.05034862
4853.13296861
4853.21378319
4853.29658993
4853.37733112
4853.45932086
4853.54108971
4853.62275470
4853.70455622
4853.80022416
4853.86907305
4853.94892361
4854.02077599
4854.10249315
4854.18441194
4854.26795060
4854.34877298
4854.43150926
4854.51233506
4854.59425019
4854.69089142
4854.75791589
4854.83946287
4854.92036327
4855.00311540
4855.08395216
4855.16580025
4855.24847851
4855.32943181
4855.41209422
4855.49278275
4855.58979555
4855.65760703
4855.73936393
4855.82117691
4855.90378178
4855.98452053
4856.06636520
4856.14823913
4856.23096762
4856.31376363
4856.39439584
4856.49033807
4856.55715018
4856.63985379
4856.72161971
4856.80430260
4856.88612387
4856.96622287
4857.05180563
4857.12964671
4857.21339309
4857.29308395
4857.39186120
4857.45782826
4857.53949398
4857.62126161
4857.70207960
4857.78407811
4857.86761044
4857.94836431
4858.03023799
4858.11214947
4858.19321346
4858.29171374
4858.35752916
4858.44037003
4858.52227371
4858.60310096
4858.68487079
4858.76749004
4858.84826391
4858.93212415
4859.04575330
4859.10656379
4859.20128770
4859.26906091
4859.35097702
4859.43288289
4859.51382790
4859.59556237
4859.67828817
4859.81205331
4859.88561138
4859.96658395
4860.06324030
4860.13126219
4860.21196096
4860.29448122
4860.37573173
4860.45842901
4860.53927089
4860.62106949
4860.70356050
4860.78469227
4860.86806831
4860.96300653
4861.03082777
4861.11256199
4861.19444080
4861.30809360
4861.38071325
4861.45160405
4861.53235133
4861.61325758
4861.74084264
4861.83555241
4861.90365987
4861.98437108
4862.06808382
4862.14982048
4862.23051121
4862.31352690
4862.40542140
4862.48713027
4862.56986265
4862.65187019
4862.74658216
4862.81444338
4862.89707507
4862.97989229
4863.05982965
4863.14357603
4863.22430674
4863.30706960
4863.38902569
4863.46954453
4863.54953040
4863.64917463
4863.71384999
4863.79593994
4863.87861429
4863.96031658
4864.04205178
4864.12302167
4864.20483465
4864.28750973
4864.36929809
4864.45008487
4864.54680583
4864.62459692
4864.70760286
4864.78911741
4864.87002561
4864.95263414
4865.03355161
4865.11723777
4865.20194575
4865.27976756
4865.35276170
4865.44642846
4865.51436867
4865.59694794
4865.67978395
4865.76050539
4865.84230276
4865.92620372
4866.00601112
4866.08691494
4866.16754056
4866.24950811
4866.34704730
4866.41384453
4866.49563727
4866.57643186
4866.65925128
4866.74019703
4866.82377860
4866.90573299
4866.98663095
4867.06919705
4867.15091177
4867.24881326
4867.32474165
4867.40443275
4867.48608335
4867.56781636
4867.64867068
4867.73144061
4867.81315021
4867.89404524
4867.97768314
4868.05857281
4868.15441288
4868.22131251
4868.30292142
4868.38681020
4868.46758308
4868.54932901
4868.63025257
4868.71292205
4868.79473381
4868.87654142
4868.95732504
4869.05494126
4869.12097221
4869.20456085
4869.28449210
4869.36906891
4869.44990445
4869.53081241
4869.61180716
4869.69548821
4869.77629864
4869.85824718
4869.95476211
4870.02249094
4870.10345766
4870.18531964
4870.26706582
4870.34795963
4870.43164824
4870.51345561
4870.59430870
4870.67722419
4870.75901839
4870.85885207
4870.92171568
4871.00366324
4871.08436396
4871.16726335
4871.25009374
4871.33054943
4871.41276007
4871.49622144
4871.57702383
4871.65776355
4871.75540245
4871.82140926
4871.90302889
4871.98462220
4872.06643518
4872.14923632
4872.23000628
4872.31311413
4872.39371756
4872.47459602
4872.55813541
4872.65407569
4872.72173674
4872.80352827
4872.88443354
4872.96616923
4873.04882116
4873.13061755
4873.22591418
4873.30422190
4873.38703865
4873.46806241
4873.56450226
4873.64330809
4873.72515008
4873.80792537
4873.88863389
4873.97044784
4874.05322021
4874.12315016
4874.20385916
4874.28665152
4874.36752047
4874.46826014
4874.56511909
4874.63478962
4874.70751753
4874.78877437
4874.87037694
4874.95509516
4875.03464144
4875.11564350
4875.19649660
4875.34878785
4875.41563872
4875.49564922
4875.59269005
4875.67187208
4875.75279613
4875.83649424
4875.91658471
4876.00005486
4876.08097500
4876.16195074
4876.26134214
4876.33625238
4876.41884653
4876.50168009
4876.58266363
4876.71916114
4876.80103897
4876.88169410
4876.96448889
4877.06128543
4877.12799782
4877.20909327
4877.29390559
4877.37339604
4877.45769782
4877.53518391
4877.61771784
4877.69966661
4877.78242338
4877.86403204
4877.96093683
4878.02771529
4878.10947146
4878.19120715
4878.27304329
4878.35494185
4878.43662780
4878.51749163
4878.60037786
4878.68211355
4878.76374367
4878.85979415
4878.92736621
4879.00829464
4879.08998816
4879.17365238
4879.25357339
4879.33619777
4879.41804171
4879.49897381
4879.58080775
4879.66335289
4879.76111979
4879.82801211
4879.90970026
4879.99049655
4880.07323356
4880.15509067
4880.23676590
4880.31878587
4880.39946928
4880.48312497
4880.56601778
4880.66165329
4880.72849222
4880.80955889
4880.89825681
4880.97297834
4881.05485008
4881.13666501
4881.21853162
4881.30108944
4881.38020735
4881.46378209
4881.55947173
4881.62732223
4881.70935463
4881.79017360
4881.87285381
4881.95462631
4882.03559132
4882.11828055
4882.20117555
4882.28185506
4882.36364975
4882.46334884
4882.52921058
4882.60917231
4882.69096310
4882.77463683
4882.85527953
4882.93633621
4883.01797315
4883.09978052
4883.18161788
4883.26342354
4883.36117021
4883.46092757
4883.53096284
4883.60150962
4883.68433051
4883.76528186
4883.83697357
4883.91778474
4883.99947532
4884.08234058
4884.23117022
4884.29989721
4884.38163973
4884.46242578
4884.54532566
4884.62706598
4884.71896268
4884.80065399
4884.88352413
4884.96622969
4885.04706646
4885.14365600
4885.21155233
4885.29335068
4885.37328096
4885.45706953
4885.54197352
4885.62049214
4885.73409740
4885.80901691
4885.88679191
4885.98453687
4886.05138408
4886.13304663
4886.21482621
4886.29574391
4886.41940631
4886.50312271
4886.58530336
4886.67060939
4886.74768222
4886.84341917
4886.91316430
4886.99392524
4887.08772024
4887.16940839
4887.25128280
4887.33389694
4887.41390304
4887.49567311
4887.57734444
4887.65926542
4887.75980322
4887.82276898
4887.90546723
4888.01744652
4888.08016921
4888.17149150
4888.24370593
4888.32459122
4888.40636835
4888.48799531
4888.56981487
4888.66754983
4888.73338133
4888.85803287
4888.93885134
4889.02182364
4889.10539180
4889.18627172
4889.26896046
4889.34977772
4889.43147318
4889.53027213
4889.58420768
4889.66699321
4889.75003035
4889.83077959
4889.91228537
4889.99397010
4890.07503166
4890.15679587
4890.23947876
4890.32111839
4890.41608563
4890.48391418
4890.57846547
4890.65636067
4890.72313475
4890.80085660
4890.89977794
4890.96554776
4891.04427996
4891.14206539
4891.19796361
4891.29072217
4891.37363522
4891.44048292
4891.51818063
4891.58491545
4891.65173049
4891.72862290
4891.79532090
4891.86136721
4891.93995922
4892.00480841
4892.07167806
4892.14954473
4892.23110293
4892.28216006
4892.36088812
4892.42574244
4892.49266133
4892.57125383
4892.63717823
4892.70297048
4892.78071306
4892.84650311
4892.91359316
4892.99230586
4893.06917487
4893.13582313
4893.22674484
4893.27747526
4893.34544912
4893.42248807
4893.49002697
4893.55575339
4893.63282281
4893.73232198
4893.78926638
4893.86801979
4893.94579650
4894.01071860
4894.08955539
4894.18042590
4894.23205623
4894.30979027
4894.38764500
4894.45353185
4894.53043377
4894.59815334
4894.66292403
4894.74276702
4894.80851198
4894.88529053
4894.96314624
4895.02897067
4895.09472489
4895.18770434
4895.25050773
4895.32815644
4895.40507178
4895.47079235
4895.53850826
4895.61544821
4895.69213217
4895.75997754
4895.83687093
4895.91352100
4895.98047402
4896.05820173
4896.14917683
4896.20175655
4896.27868163
4896.37735599
4896.44433852
4896.52196529
4896.61976559
4896.68758171
4896.76525334
4896.86329671
4896.93102433
4897.02369585
4897.07370875
4897.13943858
4897.21807789
4897.29590337
4897.36276399
4897.43966591
4897.50464043
4897.57218079
4897.65009672
4897.71679643
4897.78283712
4897.85977294
4897.92655237
4898.01101312
4898.07197234
4898.13582045
4898.20371800
4898.28138304
4898.34735669
4898.42511390
4898.50111202
4898.56875283
4898.63553227
4898.71346624
4898.77919120
4898.84515436
4898.92381025
4899.00250734
4899.05641631
4899.13424544
4899.20010279
4899.26694440
4899.34491640
4899.41050385
4899.47739032
4899.55432881
4899.62093490
4899.68777919
4899.76566001
4899.83056894
4899.89831118
4899.98896811
4900.04191866
4900.10774164
4900.18455871
4900.25030854
4900.31822998
4900.39689855
4900.46271932
4900.52954874
4900.60734447
4900.68419592
4900.74994502
4900.82875305
4900.89357103
4900.97637485
4901.03736308
4901.10402964
4901.16982042
4901.24871695
4901.31473814
4901.38052820
4901.46028172
4901.52495976
4901.59184940
4901.66964147
4901.73546322
4901.81754488
4901.89014795
4901.98190543
4902.04555874
4902.12232023
4902.18929666
4902.26698365
4902.34291862
4902.40890519
4902.48744088
4902.56419286
4902.63113053
4902.70883288
4902.78667249
4902.85145952
4902.94821388
4903.00718604
4903.07287711
4903.15167246
4903.22937481
4903.29537235
4903.37298327
4903.44976499
4903.51663488
4903.59243235
4903.67044555
4903.73720597
4903.81506923
4903.90869454
4903.95858236
4904.03632128
4904.11317908
4904.17988756
4904.25783494
4904.32397316
4904.39056145
4904.46654518
4904.53504543
4904.60011162
4904.67786273
4904.74655119
4904.81040345
4904.90522391
4904.95439957
4905.02107002
4905.09964594
4905.16656557
4905.24234036
4905.31912306
4905.39798009
4905.46394057
4905.54246163
4905.61933893
4905.68432612
4905.76201262
4905.85579835
4905.90576444
4905.98443105
4906.08329095
4906.13815663
4906.21588751
4906.31448970
4906.36952897
4906.44916132
4906.51412194
4906.57980862
4906.65780939
4906.72365699
4906.81021060
4906.86902795
4906.93493016
4907.00076922
4907.07945388
4907.14454323
4907.21136021
4907.28903549
4907.35491844
4907.42248880
4907.49960259
4907.56616772
4907.63221621
4907.70987004
4907.79074045
4907.84262971
4907.92043543
4907.98637397
4908.05201116
4908.12984322
4908.19747574
4908.26655723
4908.34105885
4908.40604848
4908.47370319
4908.55159985
4908.62652302
4908.69624597
4908.78991248
4908.83893014
4908.90565180
4908.98444422
4909.04737732
4909.11717902
4909.19384834
4909.25889917
4909.32750450
4909.40434157
4909.47012333
4909.53616232
4909.63676619
4909.69156214
4909.77329369
4909.83621045
4909.90197832
4909.96889673
4910.04669806
4910.11248983
4910.17846177
4910.25603002
4910.32204146
4910.38967179
4910.46655859
4910.53333486
4910.60024815
4910.67712057
4910.75684605
4910.86448894
4910.94144182
4911.00716166
4911.07488659
4911.15263575
4911.21848115
4911.28535348
4911.36307704
4911.43003348
4911.50673231
4911.58454121
4911.66624374
4911.72824475
4911.80819746
4911.87101548
4911.95157747
4912.02739273
4912.09216269
4912.17097145
4912.24788995
4912.31271355
4912.39167956
4912.46917857
4912.53512589
4912.62894112
4912.68998201
4912.75641816
4912.83356219
4912.91202132
4912.98878866
4913.06661462
4913.14345827
4913.20839378
4913.29032842
4913.36399352
4913.43268369
4913.50851188
4913.60029569
4913.65210376
4913.72901885
4913.79673573
4913.86263892
4913.94037735
4914.00731575
4914.07290540
4914.15089300
4914.21578657
4914.29340481
4914.37147336
4914.43735801
4914.50500443
4914.59584763
4914.64954644
4914.71434639
4914.79234472
4914.86500338
4914.92486180
4915.00190293
4915.07963673
4915.14629963
4915.22323300
4915.30286218
4915.36777818
4915.44564412
4915.51244209
4915.59244893
4915.65508189
4915.75474441
4915.81075015
4915.88730001
4915.95420086
4916.02030324
4916.09791757
4916.16375176
4916.23145767
4916.30922658
4916.37412357
4916.44094981
4916.56582248
4916.61763055
4916.68352910
4916.76211599
4916.82714927
4916.89496197
4916.97074675
4917.03655363
4917.10451750
4917.18310268
4917.24810377
4917.31380898
4917.39365588
4917.45839902
4917.54132279
4917.60405572
4917.67687310
4917.74377079
4917.82058738
4917.88629941
4917.95348967
4918.03190150
4918.09689040
4918.16293549
4918.24162331
4918.30824598
4918.37418793
4918.45203340
4918.53573346
4918.58464336
4918.66249200
4918.74005220
4918.80819356
4918.88388058
4918.95052251
4919.01738265
4919.09419241
4919.15908086
4919.26072652
4919.33761723
4919.40341143
4919.48733995
4919.54800001
4919.61380055
4919.68081624
4919.75737536
4919.82330829
4919.90203903
4919.97982890
4920.04379819
4920.11065589
4920.18945977
4920.25609951
4920.32200318
4920.39988960
4920.48360039
4920.53259173
4920.61029944
4920.67504063
4920.74280311
4920.82076097
4920.88747775
4920.96419510
4921.04305823
4921.10911258
4921.18497782
4921.26362542
4921.32861895
4921.42213259
4921.48505959
4921.55081113
4921.62852274
4921.70835038
4921.77317495
4921.85005761
4921.92690151
4921.99270229
4922.07157615
4922.14833276
4922.21439613
4922.29292694
4922.38762354
4922.43576472
4922.51339173
4922.59010982
4922.65610614
4922.73479933
4922.81365611
4922.87840315
4922.95606089
4923.03324221
4923.09887794
4923.17763891
4923.25436870
4923.33625263
4923.39724403
4923.46573330
4923.53161405
4923.60851598
4923.67531687
4923.74111034
4923.81989398
4923.88664148
4923.95252882
4924.02847964
4924.10623953
4924.17401224
4924.25079982
4924.33171558
4924.39350106
4924.47126704
4924.54887821
4924.61480090
4924.69276778
4924.77032409
4924.83628627
4924.91420122
4924.99183482
4925.05780871
4925.13644046
4925.24909973
4925.28907767
4925.36695459
4925.46462762
4925.52233515
4925.60024937
4925.66499568
4925.73089374
4925.80973712
4925.87544355
4925.94325113
4926.02015964
4926.08695712
4926.15370096
4926.24548111
4926.29641512
4926.36234659
4926.44096737
4926.50783019
4926.57377141
4926.65053923
4926.71756272
4926.78432144
4926.86208059
4926.92867790
4926.99470616
4927.07240437
4927.13839313
4927.21990013
4927.28197038
4927.34771802
4927.41561824
4927.49319649
4927.55906969
4927.62590496
4927.70264353
4927.77967101
4927.84631245
4927.92405966
4927.99082862
4928.05677496
4928.13546425
4928.22020099
4928.26820221
4928.34612106
4928.41172485
4928.47859742
4928.55630123
4928.62214907
4928.68893387
4928.76590406
4928.83179774
4928.91036122
4928.98810502
4929.05314292
4929.16867111
4929.22951988
4929.29550376
4929.36236756
4929.44097590
4929.50599576
4929.57282860
4929.65061555
4929.71725382
4929.78412590
4929.86101807
4929.92684763
4929.99366900
4930.07240754
4930.15335011
4930.20415247
4930.28181507
4930.34774654
4930.41466276
4930.49333668
4930.55827829
4930.63609157
4930.71470552
4930.77974854
4930.85732704
