12.76895538
12.87176048
12.97675669
13.10021877
13.20434653
13.33387532
13.44281661
13.55844339
13.67117811
13.77392543
13.88853992
13.98717441
14.11680268
14.23050142
14.34678722
14.44653860
14.56131376
14.68588127
14.79053372
14.90339814
15.00710046
15.13075539
15.26718252
15.39112125
15.49663994
15.60964480
15.72354712
15.82636929
15.92895569
16.04418823
16.16811989
16.27174053
16.38449719
16.49917044
16.61380614
16.72745343
16.84330794
16.96600348
17.06872593
17.20628823
17.30900946
17.42329627
17.53694844
17.64870378
17.76354988
17.84607273
17.95983169
18.07445666
18.18740374
18.30186902
18.40464583
18.51974940
18.62126914
18.75764872
18.87149326
18.97410599
19.08895698
19.19251813
19.31720072
19.41905935
19.53265350
19.64719118
19.73895172
19.85460411
19.96829943
20.09208407
20.18423227
20.29784909
20.40263514
20.51817659
20.63104540
20.75571605
20.86821476
20.96017132
21.06503100
21.22136564
21.34755546
21.43841464
21.54239977
21.65716640
21.74892620
21.86264518
21.96643015
22.07004884
22.18081211
22.27560857
22.39832971
22.50203422
22.61760810
22.71936482
22.83400296
22.94770755
23.11428339
23.23015691
23.32183017
23.42545764
23.52837099
23.64385124
23.75573897
23.88087431
23.98310963
24.09794257
24.20157272
24.31725850
24.43145071
24.53237921
24.65791928
24.74995240
24.86334881
25.02437166
25.11377359
25.23065550
25.34103161
25.45622124
25.54967406
25.66238586
25.76522558
25.87924737
25.99244996
26.09628076
26.22004907
26.32451792
26.43931234
26.54105248
26.65486093
26.76842509
26.88411332
27.00866010
27.11252504
27.23532835
27.33993252
27.45283181
27.56742387
27.68192547
27.79378369
27.89842077
28.00323145
28.10589124
28.21809616
28.33473060
28.44654129
28.57067750
28.67502445
28.79013850
28.90362781
29.02822994
29.14289563
29.24659917
29.36135750
29.46308277
29.56667610
29.67942179
29.79419427
29.89589028
30.01064691
30.13488284
30.23887919
30.35165633
30.46627594
30.58002368
30.68363969
30.81031615
30.93212692
31.03565028
31.16135565
31.26496580
31.37985653
31.49143462
31.60617954
31.72098664
31.81572970
31.92908808
32.04350264
32.15795890
32.26083885
32.37442470
32.48808711
32.60276865
32.71763645
32.83118403
32.94597333
33.04758011
33.15142286
33.27421349
33.36946806
33.48153425
33.59578034
33.69931151
33.81328063
33.92692183
34.04142661
34.14430119
34.25847121
34.38308139
34.48682467
34.59956573
34.71619262
34.83749260
34.91938618
35.03500248
35.14969133
35.26242799
35.36518311
35.46881862
35.58351162
35.68651640
35.80198836
35.90330891
36.01606801
36.12064950
36.21174395
36.33665840
36.44129451
36.55354234
36.65728903
36.76003586
36.87485417
36.98845978
37.11220955
37.20483391
37.31967246
37.42312706
37.53683653
37.65098437
37.77734534
37.89988265
38.00337164
38.10607239
38.22144951
38.33596574
38.44890672
38.56248429
38.67730894
38.76976531
38.92649858
39.06297569
39.14286174
39.25746331
39.34944376
39.47410782
39.57798495
39.71390910
39.82714046
39.94141069
40.04526904
40.14785593
40.27156572
40.37524926
40.48816977
40.60280766
40.70641343
40.86404952
40.97636147
41.08062894
41.20650132
41.32046289
41.43339753
41.54791815
41.65085271
41.77623430
41.87814974
41.98424578
42.09652092
42.21024721
42.32492118
42.43858360
42.56131449
42.66645772
42.82410040
42.92692646
43.04148585
43.14424414
43.24695049
43.37315031
43.47454570
43.57921936
43.69181413
43.80455397
43.90871952
44.02263891
44.14815557
44.25244157
44.35336251
44.46989139
44.58351796
44.70734453
44.82091454
44.94475624
45.04842003
45.15202580
45.26536273
45.38001159
45.49394122
45.59601806
45.72079257
45.81353249
45.92811430
46.04375377
46.15761951
46.25912706
46.37303206
46.49881228
46.60127629
46.71677166
46.83390299
46.94578706
47.09013311
47.21498710
47.31745038
47.43344824
47.53415024
47.64896514
47.75255945
47.86518616
47.98998919
48.09561760
48.21813590
48.33319997
48.44627358
48.60570704
48.71750967
48.81021644
48.92482337
49.02752387
49.13026119
49.24496979
49.34729873
49.47185186
49.57553662
49.67810547
49.79325097
49.90853252
50.02160443
50.13526708
50.26097855
50.35275664
50.45551761
50.57020817
50.67190466
50.78650477
50.88929329
51.01187571
51.11681413
51.23137645
51.34525585
51.44837717
51.55212362
51.71885940
51.81340400
51.91608866
52.02909108
52.14352905
52.25652683
52.37015219
52.49585171
52.59846176
52.70224112
52.81541421
52.92967956
53.04500475
53.14826016
53.27278599
53.38658810
53.49019387
53.60304245
53.71763353
53.83236212
53.94509391
54.07025437
54.16191178
54.27763145
54.38998631
54.50467760
54.61823957
54.77675630
54.86743481
54.98217511
55.09789478
55.21073970
55.31239304
55.40695885
55.52972535
55.63493977
55.74856634
55.86136299
55.97517705
56.07875795
56.19338146
56.31810891
56.42213647
56.55148605
56.62680337
56.74106799
56.89973539
57.00582217
57.12058830
57.23569382
57.34800090
57.45266212
57.55546965
57.66930249
57.79481330
57.89956058
58.01323080
58.12894267
58.23094905
58.34646344
58.46011732
58.58427011
58.68819283
58.81368389
58.92845100
59.03133290
59.14882019
59.26149664
59.38710644
59.47987854
59.59257450
59.70801257
59.81230954
59.92751843
60.03929839
60.16479726
60.26875484
60.38235192
60.49783631
60.60079891
60.71445743
60.82925526
60.95581640
61.05076036
61.16245523
61.27570097
61.38033708
61.48326993
61.59877554
61.72353103
61.82743156
61.93992345
62.06876396
62.19110989
62.29822090
62.40871087
62.52496229
62.62939993
62.74055501
62.85616839
62.95968565
63.07508009
63.19887643
63.30344403
63.41834279
63.51990617
63.63471327
63.73849117
63.85400555
63.99165441
64.09410038
64.20684582
64.32161659
64.42417544
64.52890566
64.64675403
64.76920406
64.87298952
64.98686795
65.08941997
65.19224262
65.28586708
65.38956745
65.52484965
65.63065677
65.75479664
65.85849311
65.96127992
66.05299804
66.16759229
66.29431508
66.38819407
66.50183918
66.61451465
66.72922251
66.83383009
66.94766878
67.11495046
67.19858654
67.30246147
67.41700891
67.54178050
67.64454732
67.74833033
67.91594164
68.00048957
68.11807609
68.22690791
68.34188860
68.44933900
68.56320865
68.72820583
68.82148676
68.94503662
69.03694052
69.16250911
69.25913925
69.38106338
69.50948064
69.61335582
69.72493123
69.85481427
69.95696133
70.05594496
70.17024493
70.29474369
70.40260442
70.51524820
70.62800218
70.74269883
70.84631118
70.95963299
71.09216868
71.19001323
71.31058617
71.40828322
71.53157391
71.62442988
71.73965072
71.86540315
71.96956261
72.08329426
72.19617429
72.31165723
72.43636079
72.55110449
72.66673566
72.77042457
72.88531139
72.99785180
73.11172949
73.21798596
73.34013122
73.44461202
73.55930794
73.67394291
73.78740150
73.90219957
74.00489423
74.12848845
74.27914039
74.37097090
74.48671861
74.61013778
74.72497560
74.83830790
74.94204044
75.05866124
75.17135012
75.28604897
75.40063127
75.51447264
75.66197578
75.76479258
75.89051355
76.00611474
76.11894893
76.23307117
76.36070434
76.46296915
76.57571240
76.69043807
76.80697548
76.92068982
77.03352865
77.14727639
77.28474264
77.39868982
77.51317045
77.62926633
77.73126490
77.85546085
77.96005575
78.06295935
78.15650677
78.28139904
78.39593185
78.51161398
78.62337443
78.71623089
78.86463418
78.96836234
79.08234316
79.19782390
79.31208828
79.42573997
79.52896174
79.63260578
79.72454089
79.83983512
79.95442595
80.08015132
80.17292367
80.28664703
80.40137148
80.50499041
80.61788799
80.73450294
80.85765635
80.96237414
81.07603192
81.19170966
81.29354854
81.40811061
81.52373544
81.63656524
81.74917245
81.87496315
81.98961714
82.10393125
82.20949798
82.31327710
82.42988789
82.53301848
82.63821949
82.75453333
82.86911417
82.97380684
83.08765894
83.20221857
83.29806072
83.41077032
83.53771839
83.65286121
83.75721352
83.86284413
83.97601331
84.08080570
84.18566587
84.30315682
84.41600710
84.53065402
84.64647000
84.77398809
84.87918764
84.99182703
85.10753451
85.22195127
85.34888422
85.45283449
85.56637110
85.67219407
85.78875171
85.90345105
86.01822791
86.13609091
86.23858394
86.35128452
86.45691829
86.57262700
86.68734803
86.79222380
86.89729779
87.00038107
87.12776775
87.23250406
87.34635250
87.46080437
87.57650064
87.69227225
87.80804239
87.93077109
88.03700805
88.15263118
88.26794784
88.37267025
88.47742143
88.58014534
88.70665650
88.82240983
88.93818655
89.05368655
89.16769786
89.27323557
89.38883724
89.51356762
89.61717241
89.73299229
89.83621284
89.94302007
90.03477500
90.15146991
90.27523310
90.37997697
90.49663068
90.61140169
90.72692242
90.84175804
90.95838444
91.08155663
91.18575437
91.30247391
91.40623376
91.50004791
91.60473790
91.72040198
91.88993792
91.97174885
92.08838207
92.20319088
92.31796165
92.43453807
92.54886998
92.67436738
92.77912686
92.89303966
93.01960714
93.12522287
93.23987076
93.35460057
93.48016697
93.58505932
93.69978791
93.81636360
93.93152056
94.03575463
94.16103041
94.28674455
94.39244635
94.49708953
94.59999946
94.69458405
94.80932702
94.92397198
95.04782075
95.15629490
95.27013066
95.38569137
95.50059502
95.61596946
95.72988909
95.86756403
96.00427812
96.10988751
96.20264206
96.31733896
96.43222066
96.54780039
96.67347894
96.77782394
96.89477095
97.00979309
97.12467284
97.23834671
97.35374212
97.47969715
97.59635695
97.70009584
97.80484776
97.92056353
98.03625444
98.15014652
98.27569683
98.38141618
98.49611429
98.61097137
98.72695021
98.84059044
98.95608654
99.07031410
99.16437718
99.27931422
99.39508047
99.51145355
99.67109156
99.78390527
99.88860501
100.00424740
100.10805968
100.22466316
100.33807640
100.45362736
100.58018972
100.67492059
100.77693452
100.88149383
100.99819459
101.12300153
101.23870072
101.36239783
101.47092075
101.57461599
101.68970762
101.80545045
101.91809301
102.03477281
102.16140051
102.25423088
102.34800382
102.45594086
102.55635712
102.71553457
102.81880632
102.94438101
103.05008817
103.16515371
103.28070369
103.39444802
103.51011845
103.70072560
103.80504646
103.91185661
104.00481718
104.11805951
104.23388963
104.34916777
104.47363556
104.57016818
104.68494480
104.81074477
104.92958423
105.04003226
105.15573438
105.28282800
105.37669920
105.47942481
105.58458755
105.69943951
105.81500509
105.92972466
106.05442018
106.15017992
106.26476052
106.37966489
106.49521512
106.60898579
106.72465255
106.86223217
106.97797915
107.07084073
107.17493022
107.33361688
107.42833605
107.54228957
107.66955800
107.77329811
107.88903899
108.00470332
108.11749412
108.23410345
108.34973341
108.46206852
108.55833856
108.66251850
108.77723270
108.93705016
109.02967329
109.14534494
109.27015553
109.37670846
109.49140828
109.60701654
109.71983659
109.83504963
109.95018002
110.06594090
110.18049541
110.29717374
110.42982036
110.54567535
110.66119193
110.78786547
110.89258447
111.00701707
111.12183246
111.23683046
111.35194793
111.46763396
111.58231768
111.67628275
111.78206841
111.89657270
112.04319154
112.15992010
112.28252348
112.37795555
112.49497668
112.61033503
112.72550296
112.83919609
112.94392972
113.07062106
113.16425064
113.25735189
113.36284206
113.47755943
113.59135057
113.70874473
113.82316661
113.92685527
114.04152803
114.15830169
114.27301980
114.38772815
114.50240530
114.65110676
114.75871880
114.85243713
114.96510846
115.08188456
115.19748257
115.31919191
115.42689318
115.53959670
115.65553677
115.77203835
115.87564680
115.99130601
116.11606491
116.20976129
116.31450565
116.41849274
116.53589616
116.64931842
116.76363595
116.89017393
116.99489317
117.11053483
117.22527512
117.34013537
117.45568291
117.57037908
117.71803045
117.81093689
117.90572384
118.02004990
118.17822603
118.28455393
118.40894858
118.51364515
118.61917409
118.73596116
118.84960650
118.97447951
119.08990076
119.21664208
119.31042599
119.41326425
119.51789085
119.62253305
119.77167044
119.86429943
119.98900128
120.09479255
120.20949652
120.32623093
120.44376820
120.55442542
120.65862876
120.79428106
120.89003569
120.99348444
121.10925775
121.21396140
121.32864732
121.44420949
121.56799682
121.67538431
121.78998831
121.90562729
122.01984607
122.13565328
122.24929472
122.36939735
122.45836750
122.57406937
122.68467076
122.79400020
122.90941779
123.02514649
123.14977910
123.25548772
123.36023793
123.47491581
123.58967975
123.70690982
123.81961455
123.92488529
124.01821255
124.12290863
124.23858516
124.39619906
124.49335656
124.60461721
124.73046180
124.83506621
124.95271661
125.06458239
125.18064584
125.29681314
125.39958825
125.51418299
125.62000401
125.73857357
125.82391072
125.91517925
126.01981828
126.18749273
126.35695357
126.44721615
126.55702321
126.66068822
126.77593929
126.87981033
126.99628240
127.12295350
127.22575957
127.37325222
127.48000703
127.57129409
127.68859316
127.80178673
127.92708177
128.03158183
128.14712279
128.26281809
128.38075935
128.48345254
128.59623042
128.72383628
128.82664991
128.93218909
129.03609425
129.13041040
129.24418033
129.36075017
129.48668521
129.59066937
129.70554108
129.82103474
129.93773819
130.05156224
130.15518410
130.28181668
130.38673219
130.49036039
130.58409749
130.69969234
130.81498461
130.94672109
131.07144513
131.16738383
131.27997080
131.39540839
131.52015778
131.62395787
131.71758404
131.84246143
131.93625509
132.05078376
132.16555989
132.28168502
132.39487884
132.51232249
132.62584495
132.71850783
132.82229011
132.93699725
133.05515892
133.15484399
133.28161164
133.40570567
133.50029757
133.61493010
133.72165077
133.83405513
133.95019245
134.06318390
134.17747680
134.28243327
134.38700258
134.50065572
134.61443078
134.71915222
134.81277351
134.97947955
135.06804936
135.17887481
135.28271219
135.39775652
135.51248633
135.62714787
135.75395501
135.84483150
135.94934643
136.06416694
136.17966475
136.29444137
136.41407516
136.53392277
136.63853303
136.76477941
136.86768667
136.97104741
137.08715742
137.20235266
137.32697601
137.43085874
137.54636094
137.65925438
137.77492456
137.86858218
137.96145741
138.07612651
138.17974472
138.29541880
138.42076577
138.52494961
138.63925032
138.75439216
138.87014256
138.96131991
139.07660926
139.21321217
139.32799464
139.43285164
139.54748295
139.67491595
139.77668706
139.87958041
139.98407438
140.10998236
140.21412524
140.33041567
140.44281588
140.54827704
140.66203990
140.77678044
140.89072957
140.98536340
141.08899209
141.21536135
141.31902612
141.43270633
141.54900139
141.65374356
141.76700344
141.89227581
142.00792356
142.08868927
142.20451330
142.31919679
142.42381144
142.53749408
142.65345781
142.77876212
142.88251271
142.98918901
143.07917828
143.19478824
143.30850234
143.42712554
143.55069148
143.66549053
143.78003505
143.89296554
143.99769161
144.10127203
144.21666768
144.38321427
144.47879213
144.59424532
144.70899464
144.81218495
144.92594830
145.04257275
145.15635805
145.26103853
145.38573087
145.50144591
145.61706562
145.72014403
145.82485353
145.94929011
146.05249360
146.15617348
146.26136864
146.37598216
146.49170988
146.60552052
146.71824817
146.82402652
146.93775525
147.05317626
147.16888082
147.26166121
147.37642638
147.50060257
147.60589794
147.72213839
147.83844150
147.94945200
148.06512340
148.16785170
148.27366370
148.37838733
148.53508013
148.62870898
148.74236920
148.87174438
148.99507383
149.09803643
149.21298543
149.31621744
149.43232428
149.54808857
149.66084645
149.78646990
149.89135104
149.99578356
150.10874868
150.22531169
150.32798294
150.44372261
150.56704499
150.68464029
150.78825264
150.90299902
151.01769543
151.13242622
151.24712384
151.36377999
151.44350927
151.55739063
151.67398655
151.78975645
151.91466700
152.03027501
152.14289295
152.24668279
152.36228446
152.45522187
152.57080477
152.72836187
152.82233717
152.94787407
153.05459133
153.15640998
153.26956575
153.38434262
153.49010902
153.60300588
153.72857325
153.83221583
153.94892245
154.07475606
154.17835915
154.29115043
154.40701103
154.52261758
154.61486476
154.72866127
154.84535545
154.95919340
155.06377904
155.16737213
155.29127916
155.39663426
155.50025856
155.60484225
155.71875237
155.83523395
155.94996400
156.07506789
156.17851787
156.29307360
156.40886715
156.51250169
156.60434049
156.72107026
156.88868474
156.97537819
157.08619120
157.20162684
157.31534899
157.41959354
157.53470393
157.63772407
157.74236310
157.85690420
157.97260803
158.08644477
158.20204180
158.31764372
158.44253087
158.54621953
158.64895368
158.76366350
158.87880876
158.99495193
159.09928498
159.23382380
159.33858182
159.45018989
159.56394324
159.66860349
159.76156284
159.87866125
160.00239177
160.10812282
160.22268148
160.32654056
160.43917751
160.55403459
160.65958669
160.76438152
160.86693793
161.00363568
161.11835940
161.23316162
161.34825105
161.47396910
161.57671592
161.68137446
161.77316621
161.88913359
162.00366957
162.11836842
162.24293739
162.35069499
162.46343434
162.57668106
162.69240512
162.79670233
162.91139435
163.03757271
163.14046778
163.25612894
163.37083120
163.48548274
163.60015111
163.71384376
163.83140127
163.92240649
164.03793184
164.15281306
164.26839937
164.37210144
164.49777171
164.62209760
164.72718305
164.81814463
164.91183857
165.02639601
165.14314578
165.25608456
165.37159139
165.46436520
165.58005465
165.70473066
165.85191562
165.95529172
166.08098636
166.18671791
166.30346694
166.40509786
166.52078462
166.62345074
166.74113065
166.86394298
166.95663901
167.06141921
167.17695725
167.28985044
167.40848047
167.52096260
167.64864746
167.74853099
167.86504256
167.98983242
168.08353758
168.19730410
168.31316641
168.43670846
168.54428661
168.65698720
168.77181745
168.88620374
168.99064138
169.10511105
169.23080496
169.33468355
169.45111978
169.55700980
169.66950607
169.79336629
169.90885240
170.02289491
170.11652912
170.23189381
170.33630464
170.45049904
170.55529533
170.66890289
170.79377784
170.89839420
171.01316789
171.10681917
171.21153623
171.32523838
171.44087174
171.56668659
171.67039232
171.78857373
171.89941844
172.01409364
172.10778807
172.19952106
172.32520473
172.42985352
172.53465224
172.64906364
172.76461484
172.87742343
172.99495534
173.10774711
173.21206627
173.32770573
173.44230242
173.55696396
173.67185590
173.77546070
173.90110780
173.99397255
174.09871422
174.20235827
174.31619866
174.42030253
174.53862536
174.66119364
174.76829051
174.88987892
174.99545491
175.10903930
175.21377049
175.32854785
175.45512947
175.55777706
175.67262195
175.78831822
175.90288541
176.02807122
176.15382340
176.24655504
176.35040778
176.46595118
176.58058956
176.70625056
176.81103637
176.92445253
177.02795663
177.14579452
177.24662452
177.34045256
177.45394553
177.56981441
177.69332258
177.80097948
177.90372143
178.01751648
178.13245864
178.24876078
178.37374984
178.49870964
178.64678500
178.74007958
178.85485572
178.96956480
179.08406470
179.20984614
179.31360575
179.41643035
179.54488175
179.65653273
179.77249256
179.87796762
180.00265947
180.10532828
180.22022388
180.33632170
180.43999866
180.55396901
180.67036793
180.85592409
180.93690728
181.05638918
181.15721235
181.27101886
181.38562408
181.49203560
181.59164705
181.69807149
181.81248825
181.92985266
182.04265711
182.16049037
182.27222376
182.39870957
182.48968309
182.58327878
182.69895140
182.85648875
182.95023097
183.06387924
183.18904287
183.29395814
183.40821325
183.51255898
183.61617109
183.73187516
183.85759174
183.98117451
184.08608198
184.19087437
184.29553168
184.40925432
184.52384345
184.62914393
184.75428294
184.86044578
184.97420644
185.07808991
185.19282655
185.29738829
185.41034195
185.54676493
185.64059761
185.73484573
185.84841184
185.96521890
186.08091517
186.19220191
186.31800919
186.42243026
186.53819455
186.64186615
186.73569102
186.84850254
187.00788845
187.10172356
187.22634008
187.34199002
187.45569047
187.56950478
187.68584665
187.80037605
187.89304990
188.00795598
188.12254195
188.23737562
188.35275981
188.46762932
188.58219334
188.68742117
188.78932393
188.89348193
189.01880403
189.13386859
189.24958339
189.36317388
189.46787825
189.58157919
189.70911873
189.81400401
189.91661845
190.03349159
190.15512023
190.26061186
190.37996063
190.50030025
190.60482104
190.71932093
190.82361302
190.93738734
191.04296358
191.20060967
191.29448696
191.39809639
191.50180212
191.60458454
191.73220406
191.83597708
191.92889181
192.04547286
192.15775971
192.27358544
192.39930227
192.52380663
192.63055413
192.74310501
192.85795843
192.95168725
193.05529691
193.16999747
193.29470566
193.40041331
193.50466395
193.61977508
193.73274702
193.84736078
193.95301844
194.08862710
194.19337609
194.30693391
194.42280158
194.53748726
194.64212775
194.75580236
194.88165743
194.97386560
195.06759368
195.18233031
195.34098846
195.43459341
195.53832986
195.66209476
195.76579902
195.89251157
196.03937373
196.14482587
196.25850900
196.38312699
196.48943367
196.60409595
196.71807482
196.83258618
196.94974921
197.06287938
197.17818409
197.28007783
197.39653308
197.51096520
197.62598490
197.74173944
197.85536284
197.98003568
198.08495338
198.17851226
198.28150168
198.39693512
198.51156497
198.61535311
198.73959977
198.84890604
198.96001577
199.07776296
199.18152574
199.27078382
199.39761974
199.52311860
199.62779762
199.74246916
199.84623487
199.95986436
200.07464440
200.23428387
200.32602003
200.44126598
200.55575198
200.67137657
200.77418240
200.89050794
201.01823230
201.11798466
201.22277315
201.32656787
201.44203350
201.55678379
201.67195903
201.78773430
201.88957172
202.00474063
202.11977130
202.23319965
202.33867349
202.44244651
202.56912980
202.67414283
202.79145873
202.91237885
203.01640154
203.13112891
203.24583677
203.35962060
203.45388628
203.56907592
203.68276856
203.78802346
203.89182135
204.00551399
204.12932204
204.23597664
204.38259207
204.47618947
204.57994640
204.70562153
204.82044009
204.93604030
205.05088031
205.16411289
205.28190738
205.38316404
205.49088946
205.61248274
205.71639351
205.83492114
205.94759637
206.05038294
206.16611968
206.27999738
206.40532265
206.48792401
206.58252370
206.69619294
206.81104368
206.93674613
207.04045454
207.16742382
207.27067899
207.38443258
207.48915159
207.59277125
207.70850434
207.82249101
207.94792283
208.06369907
208.17829015
208.28508958
208.39678372
208.53252891
208.64829125
208.75176219
208.86566890
208.98140808
209.09940713
209.19944426
209.31517223
209.43700956
209.54083598
209.64528947
209.75918326
209.88459021
210.00348818
210.10530146
210.22896200
210.33525601
210.44891989
210.58565007
210.68936872
210.79406407
210.90879486
211.03439515
211.16098238
211.27485983
211.38942629
211.49227161
211.60787133
211.74446108
211.83632402
211.95253716
212.06702828
212.17091395
212.27542498
212.39034276
212.51691463
212.61955150
212.72628705
212.82716898
212.94190147
213.08742025
213.18221987
213.30777091
213.41249332
213.53576060
213.64094528
213.74416315
213.87081937
213.98475193
214.11435264
214.21591114
214.32962134
214.44521618
214.56099778
214.67429887
214.78980936
214.89184402
