12.84489343
12.94951978
13.06299446
13.17779400
13.30357373
13.41639963
13.52836416
13.64605308
13.74773934
13.85276944
13.95588613
14.06802888
14.20355391
14.31688864
14.42043760
14.53487801
14.64695152
14.76171936
14.87831407
14.97843848
15.10487918
15.23933804
15.35417171
15.46681256
15.58148337
15.69673761
15.79946347
15.90145717
16.01507887
16.12893292
16.24300639
16.35718300
16.47225682
16.58413723
16.69829336
16.81365147
16.92728048
17.04141905
17.17753897
17.27941297
17.39458309
17.50789784
17.62372869
17.72544103
17.81921690
17.93182825
18.04665948
18.16037383
18.27399723
18.37706004
18.48074577
18.59382329
18.71953158
18.84357271
18.94676132
19.06186050
19.16362039
19.27772337
19.39180050
19.50570721
19.62012421
19.71296873
19.82582340
19.93919348
20.05488658
20.15762244
20.27189974
20.37542822
20.48952510
20.60250143
20.71571207
20.83031827
20.93288955
21.03706559
21.19464853
21.31833248
21.41137985
21.51572192
21.61743231
21.72018036
21.83384497
21.93851935
22.04124741
22.15502490
22.24869812
22.36047199
22.47456789
22.58889737
22.69215595
22.80530490
22.91983137
23.07745893
23.20198622
23.29565920
23.39898410
23.50204007
23.61538066
23.72802736
23.84308388
23.95663121
24.07218461
24.17437579
24.28831981
24.40184520
24.50568770
24.61917238
24.72190385
24.83553213
24.99310678
25.08595252
25.20300753
25.31387467
25.41754920
25.52055495
25.63441728
25.73734892
25.85184809
25.96605273
26.06848114
26.18168398
26.29564042
26.41042484
26.51430051
26.62790758
26.74047724
26.85537113
26.96995636
27.08362487
27.20932926
27.31282312
27.42574509
27.53846640
27.65326862
27.75585599
27.87125213
27.97552472
28.07708932
28.19068883
28.30411962
28.41961792
28.53389205
28.64667187
28.76025529
28.87550539
29.00127659
29.11501238
29.21886635
29.32053408
29.43595996
29.53790807
29.65146930
29.76633808
29.86900177
29.98287459
30.09730281
30.20989368
30.32475222
30.43944814
30.55203755
30.65669706
30.78344204
30.89517397
31.00929303
31.13413361
31.23626604
31.35264010
31.46474043
31.57926519
31.68236993
31.78748781
31.90101149
32.01587174
32.12903288
32.23299315
32.34758277
32.44920319
32.57485005
32.68862242
32.80239406
32.91701611
33.02072037
33.12340844
33.23715058
33.34046256
33.45564585
33.56878042
33.67243178
33.78523038
33.89897837
34.00169179
34.11883044
34.23225855
34.35637623
34.45826071
34.57279840
34.68676313
34.80069983
34.89432137
35.00580047
35.11972205
35.23451110
35.33831119
35.44000598
35.54584821
35.65952988
35.77149831
35.87544346
35.98921095
36.09583971
36.18448022
36.29765721
36.41331350
36.52682548
36.63035177
36.73405652
36.84619976
36.96048973
37.07496940
37.17773865
37.29281589
37.39624514
37.50912590
37.62412000
37.74758476
37.86116770
37.97615862
38.08109925
38.19335781
38.30587334
38.41999338
38.53548632
38.63918668
38.74000205
38.89797436
39.03335067
39.11568847
39.23076912
39.32274494
39.43465193
39.55077584
39.68627161
39.80019807
39.91486083
40.01648638
40.11918542
40.23357122
40.34749182
40.46276850
40.57607032
40.67812156
40.83512667
40.93877535
41.05389428
41.17885945
41.29383428
41.40614258
41.51950657
41.62409318
41.73846849
41.85128318
41.95504986
42.06862865
42.18157085
42.29687239
42.41003792
42.52434789
42.63764654
42.79528312
42.89885671
43.01210367
43.11555218
43.22116498
43.33275282
43.44667879
43.55043670
43.66430342
43.77886500
43.88263754
43.99460133
44.10835493
44.22372132
44.32627506
44.44405443
44.55463729
44.67959465
44.79412771
44.90865199
45.02144302
45.12601038
45.23858174
45.35194500
45.46710782
45.57010991
45.68425555
45.78625852
45.90131430
46.01506351
46.12866083
46.23227147
46.34733506
46.45838164
46.57323920
46.68694087
46.80402027
46.92103579
47.06281185
47.17546221
47.29072181
47.40442860
47.50765232
47.62294874
47.72884559
47.83735680
47.95113697
48.06579900
48.19070492
48.30669278
48.41799366
48.57709773
48.67834220
48.78316385
48.89831594
49.00069803
49.10235161
49.21834655
49.31964808
49.43387125
49.54866469
49.65224754
49.76435762
49.87850326
49.99366681
50.10754402
50.22205269
50.32369360
50.42653113
50.54070237
50.64426230
50.76166524
50.86246817
50.97510829
51.08997439
51.20444625
51.31820863
51.42127850
51.52446297
51.68183550
51.78530449
51.88849237
52.00117223
52.11666931
52.23035611
52.34239012
52.45770165
52.57066799
52.67531629
52.78966502
52.90189335
53.02010939
53.12054368
53.23293536
53.36035642
53.46339265
53.57414739
53.68977783
53.80406245
53.91844580
54.03243321
54.13616503
54.24818734
54.36308221
54.47725613
54.59196327
54.73853652
54.83933409
54.95314913
55.07021755
55.18465772
55.28499108
55.38014325
55.49331999
55.60728351
55.71958327
55.83550580
55.94690517
56.05146960
56.16474362
56.27790622
56.39432807
56.52050180
56.59951940
56.71219073
56.87004406
56.97668355
57.09074654
57.20750021
57.32122235
57.42475595
57.52670674
57.64193734
57.75488173
57.87063627
57.98528782
58.10003177
58.20388964
58.31537873
58.43251933
58.54638191
58.65972127
58.78477957
58.90052753
59.00412111
59.11705087
59.23265352
59.34545748
59.44911030
59.56460665
59.67857285
59.78369194
59.89643568
60.01065715
60.12610010
60.23953016
60.35478465
60.46863089
60.57162129
60.68603926
60.80043262
60.91525873
61.01997895
61.13344997
61.24916989
61.35219661
61.45416861
61.57019500
61.68344684
61.79834293
61.91313149
62.03870326
62.16470022
62.26490558
62.37983727
62.49432327
62.59806362
62.71326032
62.82815251
62.93149594
63.04515811
63.15998739
63.27452166
63.38924221
63.49258930
63.60678882
63.71082199
63.82417720
63.94886223
64.06418669
64.17829381
64.29266254
64.39591990
64.50073033
64.61390829
64.72837552
64.84324333
64.95709372
65.06157793
65.16529268
65.25799140
65.36165251
65.48639532
65.60233638
65.72548906
65.82960439
65.93225882
66.02560363
66.13873234
66.25355504
66.35765233
66.47194475
66.58641441
66.70039109
66.80507133
66.91868742
67.07594878
67.16876696
67.27370027
67.38728905
67.51253753
67.61719484
67.71873043
67.87772039
67.96961503
68.08526010
68.19998625
68.31678039
68.41972275
68.53145176
68.69018890
68.79333240
68.90760824
69.01184986
69.12828317
69.23196305
69.35493020
69.46881448
69.58360939
69.69801907
69.81340571
69.92846173
70.03200289
70.14380114
70.25896176
70.37185837
70.48646408
70.60257116
70.71580740
70.82058759
70.93327794
71.04797191
71.16367696
71.27942004
71.38193598
71.49689594
71.59885868
71.71190840
71.82651265
71.94035328
72.05403228
72.16993383
72.28594193
72.41042558
72.52353600
72.63786158
72.74074543
72.85724944
72.97114469
73.08528009
73.19042600
73.30215720
73.41702939
73.53243724
73.64614792
73.76151115
73.87529717
73.97804010
74.09172860
74.25024216
74.34405753
74.45696901
74.58259880
74.69678150
74.80098460
74.91374833
75.02961234
75.14449161
75.25904880
75.37394610
75.48744516
75.63502413
75.73779338
75.86339636
75.97678180
76.09182125
76.20607465
76.32048678
76.43583830
76.54857790
76.66339792
76.77923389
76.89191984
77.00764805
77.11023348
77.25722779
77.37149436
77.48526380
77.60041906
77.70315345
77.81821704
77.93198575
78.03598868
78.12784480
78.25423503
78.36919036
78.48406280
78.58657191
78.69001725
78.83830546
78.93956456
79.05331377
79.17011084
79.28342436
79.39842212
79.50239287
79.60637727
79.69864981
79.81388260
79.92547873
80.04119499
80.14395206
80.25975755
80.37370034
80.47753993
80.59116089
80.70554547
80.81958383
80.93312800
81.04910952
81.16283094
81.26652106
81.38117042
81.49587779
81.59949819
81.72253605
81.84806807
81.96280470
82.07896494
82.18186976
82.28762641
82.39108541
82.50412659
82.60953826
82.72599009
82.83998799
82.94412014
83.06134729
83.16347337
83.26934901
83.38498164
83.50968447
83.62596783
83.73014826
83.83374964
83.93804709
84.05190602
84.15759172
84.27497661
84.38803170
84.50285708
84.61936036
84.73543697
84.84935904
84.96423440
85.08040561
85.19509641
85.32205935
85.42502878
85.52851020
85.64517464
85.75987616
85.87582112
85.99029005
86.10547042
86.20965207
86.31342241
86.42895435
86.54473327
86.66033982
86.76521120
86.87055972
86.97429031
87.08832210
87.20285662
87.31824569
87.43351943
87.54962408
87.66411008
87.77994630
87.89365235
88.01077832
88.12466772
88.24095693
88.34490257
88.45075748
88.55418575
88.66804321
88.79474893
88.90928443
89.02508627
89.14042243
89.24408549
89.36030766
89.47495725
89.59048505
89.70609574
89.80993947
89.91456265
90.00758783
90.12135850
90.23802220
90.35204813
90.46815278
90.58352259
90.69907282
90.81502240
90.93060628
91.04476874
91.15955317
91.27468136
91.38002281
91.47318866
91.57807979
91.69155496
91.85032623
91.94474185
92.05958771
92.17519719
92.29052945
92.40667798
92.52204340
92.63663522
92.75140916
92.86758987
92.99359976
93.09650482
93.21083771
93.32690238
93.44237873
93.55696494
93.67150384
93.78721693
93.90391575
94.00820199
94.13433037
94.24889219
94.36566000
94.46930478
94.57335306
94.66692389
94.78058630
94.89612312
95.01085244
95.12657479
95.24211308
95.35879555
95.47361630
95.58901829
95.70303277
95.82904802
95.97753688
96.08299706
96.17585889
96.28916924
96.40387491
96.51974575
96.63538740
96.75026984
96.86673264
96.98112063
97.09696440
97.21156475
97.32784933
97.44297533
97.56861853
97.67299961
97.77597635
97.89057036
98.00617715
98.12217769
98.23785105
98.35327303
98.46936281
98.58333437
98.69817243
98.81387918
98.92895959
99.03305493
99.13754572
99.25303110
99.36788257
99.48364735
99.64250810
99.74523786
99.86189571
99.97679277
100.08012060
100.19549260
100.31184716
100.42646871
100.54233516
100.64718338
100.75089057
100.85567028
100.97038400
101.09517948
101.21175736
101.32669148
101.44190086
101.54554979
101.66060703
101.77650566
101.89168018
102.00600307
102.12189683
102.22680161
102.32115214
102.42318972
102.52807793
102.68734852
102.79225379
102.90758508
103.02153348
103.13795996
103.25161749
103.36771897
103.48320849
103.59877457
103.77934848
103.88425204
103.97733330
104.09036205
104.20577916
104.32221612
104.43695763
104.54138455
104.65596027
104.78251483
104.89848246
105.01223581
105.12876810
105.24398675
105.34811841
105.45400819
105.55773367
105.67168841
105.78612662
105.90175511
106.01649492
106.12203385
106.23687483
106.35195329
106.46757471
106.58208046
106.69767872
106.82463702
106.95113453
107.04394662
107.14606466
107.30569560
107.39958728
107.51516238
107.63086791
107.74571377
107.86142613
107.97717580
108.09144968
108.20723519
108.32112215
108.42548787
108.52979898
108.63521722
108.74979416
108.90817461
109.00144116
109.11738757
109.23218443
109.34772881
109.46261173
109.57825826
109.69343205
109.80797290
109.92379717
110.02684657
110.15401041
110.26925295
110.39601352
110.51762704
110.63247681
110.75092958
110.86288021
110.97830805
111.09390606
111.20917249
111.32505991
111.43959248
111.54540204
111.64919237
111.75396842
111.86867702
111.99334474
112.13100286
112.24597843
112.35025418
112.46597410
112.58060566
112.69657304
112.81273157
112.91500273
113.03045714
113.13654269
113.22933479
113.33211551
113.44806241
113.56235531
113.67839487
113.78439509
113.89796071
114.01289727
114.12735767
114.24311001
114.35968253
114.47473295
114.62192255
114.72718817
114.82083384
114.93441824
115.05020398
115.16508422
115.28051767
115.39590064
115.51055682
115.62550825
115.74118867
115.84568434
115.96169830
116.07762521
116.18179588
116.28663070
116.38826697
116.50499212
116.61838926
116.73457559
116.84920373
116.96505409
117.07961762
117.19552283
117.31100674
117.42660622
117.54183657
117.68995362
117.78287006
117.87747390
117.99042951
118.14915080
118.25387346
118.36879441
118.48573728
118.58824761
118.70397216
118.81970647
118.94635026
119.06007460
119.17669735
119.28323029
119.38520985
119.48895337
119.59349049
119.74044140
119.83441768
119.95016393
120.06576389
120.18049297
120.29551291
120.41178335
120.52544211
120.63029813
120.75780354
120.86201859
120.96654474
121.08013401
121.18408184
121.29988734
121.41569917
121.53111286
121.64551109
121.76064733
121.87501679
121.99120044
122.10686233
122.22147194
122.32650741
122.43081729
122.54628024
122.64945446
122.76429253
122.87972182
122.99645453
123.11123992
123.22625231
123.33050003
123.44527738
123.55995355
123.67651193
123.79199779
123.88426180
123.99049046
124.09313757
124.20786641
124.36637071
124.46136099
124.57534328
124.69183656
124.80543875
124.92243891
125.03767999
125.15239322
125.26823577
125.37185983
125.47573037
125.59244698
125.70586169
125.79039060
125.88640366
125.99104513
126.15957608
126.31847170
126.41195719
126.52655753
126.63216132
126.74629745
126.85092941
126.96717815
127.08217786
127.19626206
127.34494694
127.44986465
127.54251314
127.65625089
127.77231775
127.88727845
128.00263753
128.11849008
128.23308214
128.34807185
128.45296151
128.56821868
128.68279172
128.79788773
128.90227418
129.00684226
129.10146000
129.21502514
129.33003825
129.44642986
129.56093951
129.67759078
129.79240105
129.90699701
130.02210911
130.12723332
130.24091719
130.35764526
130.46134807
130.55606821
130.67106791
130.78560657
130.91685666
131.03198241
131.13536241
131.25226846
131.36711432
131.49208778
131.59520325
131.68993338
131.80255205
131.90718499
132.02125115
132.13672896
132.25279997
132.36624588
132.48210915
132.58543308
132.68867265
132.79276555
132.90738905
133.02206669
133.12605841
133.25258883
133.36670668
133.47171947
133.58695347
133.69096957
133.80585054
133.92007518
134.03432834
134.13759863
134.25194249
134.35588130
134.47193914
134.58538700
134.69104759
134.78479908
134.94046007
135.03453192
135.14886871
135.25326418
135.36917671
135.48259458
135.59769230
135.71284195
135.81774063
135.91953856
136.03420619
136.14974204
136.26471883
136.37945376
136.49592095
136.60902699
136.73534213
136.83876699
136.94144750
137.05635017
137.17239923
137.28693814
137.40166649
137.51586893
137.63109904
137.74709788
137.84061872
137.93264111
138.03516168
138.15227278
138.26668100
138.39218523
138.49612014
138.60955167
138.72538788
138.83052989
138.93382505
139.04713467
139.16233649
139.29907301
139.40291138
139.51761071
139.63422199
139.74781809
139.85210335
139.95611190
140.08004087
140.18443000
140.30079821
140.40376812
140.51854108
140.63432171
140.74822793
140.86350290
140.95711761
141.06000463
141.17515671
141.28949228
141.40410214
141.51901115
141.62354681
141.73817982
141.86332687
141.96792445
142.05970889
142.17549146
142.28988165
142.39518823
142.50961474
142.62389521
142.73801696
142.85341724
142.95844686
143.05058652
143.16498280
143.27996397
143.39426273
143.50993949
143.63557952
143.75029665
143.86372452
143.96852569
144.07268978
144.18709240
144.34489647
144.44911591
144.56524714
144.67881227
144.78371291
144.89881087
145.01251253
145.11729493
145.23142838
145.35675146
145.47194938
145.58774195
145.69091277
145.79555424
145.91021992
146.02580111
146.12805008
146.23199231
146.34590073
146.46088166
146.57637678
146.68032535
146.79506296
146.90978302
147.02565556
147.13994042
147.23298339
147.34668896
147.46222090
147.57680906
147.69131822
147.80633353
147.92255131
148.03647362
148.14095247
148.23366167
148.34735651
148.50601685
148.59961229
148.71455909
148.83976027
148.95435062
149.06971287
149.18518556
149.28950131
149.40338168
149.51880781
149.63273622
149.74682067
149.86161411
149.96695214
150.08130722
150.19661778
150.30008287
150.41468687
150.52888420
150.65455227
150.75846743
150.87435095
150.98760303
151.10382910
151.21860767
151.32289854
151.41692919
151.52938670
151.64507784
151.75987714
151.88532066
152.00014458
152.10337074
152.21767412
152.33436733
152.42808224
152.54235345
152.69906867
152.79274970
152.90719035
153.02146570
153.12567660
153.24097814
153.35733172
153.46038282
153.57310584
153.68838324
153.80331542
153.91929889
154.04500524
154.14928953
154.26359535
154.37781048
154.48242221
154.58474432
154.70050934
154.81472691
154.93008770
155.03386169
155.13765836
155.25282776
155.36901579
155.47194914
155.57680296
155.68950428
155.80452252
155.92077857
156.03393825
156.14964817
156.26404811
156.37906220
156.48351301
156.57731886
156.69030349
156.84870441
156.94138192
157.05668443
157.17293000
157.28777879
157.39176759
157.50689480
157.59849979
157.71228240
157.82698808
157.94367128
158.05683023
158.17233292
158.28896883
158.40273949
158.51756146
158.62088173
158.73478990
158.85011485
158.96611807
159.06922306
159.19498255
159.30981671
159.42224813
159.53633038
159.64092626
159.73366204
159.84872245
159.96237024
160.07716807
160.19279705
160.29547683
160.41224927
160.52732578
160.63119852
160.72339913
160.83646762
160.96405545
161.08843986
161.20342274
161.31749792
161.43317615
161.54855839
161.65241187
161.74625210
161.85892197
161.97481304
162.08843913
162.20424730
162.31928821
162.43446151
162.54886632
162.66375875
162.76832416
162.88226963
162.99555682
163.11137158
163.22592073
163.34180400
163.45748247
163.57082452
163.68684944
163.78981887
163.89447935
164.00751493
164.12293472
164.23740244
164.34245448
164.46791092
164.58222821
164.69820120
164.79003659
164.88487498
164.99689948
165.11238607
165.22804065
165.33270065
165.43594412
165.55042110
165.67676037
165.82333898
165.92676336
166.04236625
166.15679617
166.27193143
166.37564936
166.49079291
166.59588786
166.71047066
166.82492569
166.92878990
167.03154038
167.14714035
167.26171729
167.37595144
167.49007611
167.60668569
167.72153960
167.83612068
167.96279008
168.05566848
168.16826228
168.28434035
168.39824560
168.51337794
168.62897107
168.74384888
168.85860453
168.96158688
169.07625183
169.19198248
169.30588602
169.42152402
169.52611868
169.64067172
169.76545745
169.88092429
169.98579714
170.08912179
170.20185870
170.30649798
170.42095253
170.52641637
170.64014436
170.75478860
170.86927070
170.98652198
171.07956471
171.18049492
171.29517328
171.41101511
171.52697347
171.64081947
171.75705749
171.87025398
171.98648321
172.07895202
172.17158808
172.28549552
172.40017169
172.50464859
172.61907486
172.73556667
172.85035354
172.96439580
173.06839215
173.18253560
173.29704891
173.41351001
173.52866063
173.64263585
173.74560796
173.86123255
173.96526718
174.06985062
174.17345322
174.28689255
174.39088256
174.50968520
174.62041946
174.73625300
174.86213976
174.96640601
175.08037440
175.18510413
175.29952528
175.41223269
175.52811328
175.64355404
175.75852766
175.87234025
175.99869440
176.11333595
176.21905750
176.32128745
176.43572152
176.55120665
176.67632078
176.78000993
176.88526190
176.99998976
177.11529008
177.21772045
177.31190981
177.42492711
177.54194507
177.65502234
177.77104482
177.87554220
177.98962080
178.10435865
178.21924694
178.34547406
178.45752733
178.61707050
178.70961318
178.82592458
178.94082603
179.05516477
179.17103902
179.28598631
179.38815238
179.51341012
179.62735730
179.74287461
179.84722449
179.96169001
180.07727949
180.19332343
180.30726720
180.41050920
180.52467021
180.64065198
180.81517479
180.90881583
181.02338716
181.12636756
181.24392482
181.35760479
181.46107354
181.55392220
181.66758583
181.78465035
181.89926874
182.01283583
182.12769510
182.24209308
182.35770694
182.46251542
182.55432814
182.67020873
182.82850018
182.92058718
183.03505538
183.15096060
183.26472273
183.38127574
183.48367392
183.58777219
183.70147629
183.82659554
183.94231522
184.05802709
184.16168113
184.26663468
184.38120162
184.49599726
184.60075917
184.71423629
184.82854407
184.94320683
185.04801921
185.16377960
185.26795271
185.38312894
185.50780811
185.61163038
185.70578928
185.81950289
185.93385284
186.04900054
186.16467243
186.27873883
186.39363614
186.50827525
186.61402605
186.70580634
186.81957969
186.97720822
187.07095825
187.19768859
187.31102064
187.42677201
187.54171637
187.65786125
187.76110569
187.86287997
187.97911554
188.09500662
188.20918590
188.32301630
188.43803064
188.54270039
188.65793951
188.76023944
188.86420922
188.98866848
189.10446788
189.21967653
189.32454474
189.43885544
189.55350504
189.67908217
189.78407643
189.88775022
190.00073825
190.11655667
190.23095027
190.34627765
190.47084468
190.57678858
190.69082304
190.79412454
190.89935188
191.01420603
191.17071378
191.26477344
191.36861375
191.47170021
191.57700630
191.69228492
191.80810724
191.89970443
192.01487188
192.12889342
192.24314439
192.36941125
192.48608642
192.59963741
192.71431797
192.82977603
192.92353508
193.02647573
193.14147032
193.25502229
193.37051961
193.47580181
193.58995306
193.70487718
193.82060100
193.92437646
194.04929994
194.16280290
194.27818027
194.39184877
194.50868193
194.61184299
194.72680807
194.84157470
194.94640731
195.04009590
195.15386193
195.31131394
195.40360696
195.50822430
195.62299141
195.73776657
195.86448984
196.01145977
196.11497337
196.22946498
196.34435229
196.45868640
196.57433708
196.68898545
196.80370063
196.91874179
197.03376929
197.13767299
197.25260906
197.36608155
197.48136407
197.59733487
197.71078615
197.82708292
197.94082432
198.05530082
198.15006313
198.25354480
198.36818904
198.48181488
198.58643245
198.70176496
198.81607932
198.93180241
199.04606240
199.14961136
199.24270504
199.36783112
199.48341475
199.59955719
199.71210784
199.81636994
199.93106415
200.04585443
200.19381373
200.29777473
200.41180676
200.52695202
200.64274337
200.74542583
200.86089950
200.97579242
201.09025185
201.19496378
201.29893477
201.41229754
201.52714048
201.64361816
201.74607510
201.86087610
201.97570319
202.09149918
202.20660591
202.31028995
202.41466932
202.52760908
202.64291891
202.75692632
202.88346356
202.98822353
203.10238233
203.21861498
203.32190039
203.42613299
203.53958719
203.65520714
203.75862152
203.86308062
203.97688006
204.09323120
204.20707452
204.35469224
204.44672536
204.55115642
204.67584609
204.79166133
204.90715963
205.02125505
205.13642688
205.25111305
205.35495970
205.46041623
205.57242854
205.68765011
205.80223827
205.91694321
206.02174096
206.13689305
206.25142732
206.36664621
206.46034235
206.55178131
206.66759899
206.78205817
206.90796883
207.01096118
207.12620494
207.24201019
207.35584424
207.46023727
207.56505965
207.67781728
207.79460387
207.90848034
208.03430786
208.14914300
208.25363672
208.36824072
208.50360265
208.60788913
208.72211377
208.83759427
208.95179257
209.06621469
209.17156199
209.28552941
209.39721258
209.51306635
209.61799015
209.73049520
209.85610256
209.97088405
210.07642421
210.19108892
210.30450143
210.42032058
210.55584317
210.66052779
210.76433739
210.87776208
210.99260307
211.10721512
211.24595088
211.35954234
211.46341703
211.57815147
211.70460607
211.80953304
211.92284047
212.03806399
212.14098221
212.24646166
212.36061144
212.47498139
212.59026392
212.69462184
212.79899268
212.91174763
213.05953871
213.15363031
213.26786567
213.38212639
213.50779860
213.61396291
213.71714835
213.84208865
213.95655782
214.07042942
214.18694148
214.30082820
214.41506941
214.52993795
214.64515660
214.76090845
214.85472065
214.93636847
