235.32730686
235.43159651
235.54457601
235.65820917
235.77302017
235.87780304
235.99407641
236.10799653
236.22224433
236.31621329
236.40807330
236.52066027
236.63557221
236.75052681
236.86638473
236.97099645
237.08374750
237.19916486
237.31388491
237.41859172
237.53226901
237.64718460
237.76207606
237.86688112
237.98116257
238.09636658
238.19942793
238.31584294
238.41848128
238.51053146
238.62603195
238.74058963
238.85566346
238.96014596
239.07680601
239.19018536
239.30538377
239.41027027
239.53398591
239.64876229
239.76285234
239.87822483
239.99316334
240.09691028
240.21231495
240.32702233
240.47380282
240.59991291
240.71412853
240.87180192
240.97663990
241.09094036
241.20517353
241.32173874
241.42685052
241.52915922
241.63321531
241.73689592
241.85043399
241.96519477
242.08102489
242.19559110
242.30049686
242.41545536
242.53041728
242.63388651
242.73812765
242.85167474
242.96734687
243.06997106
243.18661941
243.28927871
243.39319533
243.50865608
243.61375957
243.70537870
243.82003683
243.93536470
244.04904955
244.16437596
244.28059130
244.39419227
244.50859708
244.61642050
244.70597384
244.82076436
244.97847457
245.08175412
245.18700584
245.29166389
245.40621840
245.52065394
245.62541073
245.72888533
245.83154633
245.95829521
246.07206392
246.18684639
246.29166828
246.39395114
246.52082046
246.63652209
246.74118989
246.85383367
246.96898649
247.08339691
247.19819645
247.30417448
247.41672780
247.53205494
247.65174505
247.76439980
247.87750267
247.99015645
248.10534218
248.20511429
248.31875256
248.43246520
248.54710139
248.65817991
248.77239504
248.88416695
248.99793957
249.11143229
249.22533778
249.33800009
249.45070384
249.56386401
249.66687098
249.78005138
249.88186247
249.98549701
250.14438823
250.24082259
250.32287782
250.42611812
250.53930339
250.65264081
250.76596871
250.87947558
250.99270864
251.11620266
251.22986434
251.34349238
251.45517067
251.56884259
251.68290802
251.79630102
251.89699181
252.00985404
252.12581923
252.23859003
252.35035975
252.46365743
252.57751659
252.69179901
252.80346536
252.92695328
253.02989028
253.14415417
253.25507349
253.41225049
253.50298264
253.61761346
253.72161762
253.83323813
253.93558047
254.04878940
254.14156077
254.25229894
254.36700315
254.46982751
254.58304082
254.69486491
254.80804970
254.92123401
255.03532089
255.14942021
255.26151395
255.37545016
255.48912135
255.60202844
255.71357386
255.82797380
255.94134851
256.04318252
256.15566465
256.26837913
256.38339639
256.48285692
256.59749871
256.71144687
256.82418817
256.94804254
257.06082529
257.17518987
257.28942816
257.39004068
257.54568754
257.63921960
257.74078541
257.84349835
257.95614505
258.05813047
258.17237095
258.27371978
258.38764599
258.50079323
258.61337898
258.72664569
258.82755518
258.94083968
259.04439108
259.15884734
259.27017138
259.38380185
259.49874036
259.61207631
259.72388992
259.83660781
259.94967484
260.06398871
260.16466170
260.27813345
260.39184219
260.50573061
260.62889720
260.74348121
260.85581145
260.96893309
261.08142668
261.18456921
261.29802805
261.41197913
261.51330626
261.62569745
261.73962683
261.85395655
261.95615286
262.06908969
262.17092297
262.28388053
262.39856767
262.50967959
262.62456300
262.73707464
262.84944730
262.95123644
263.06515900
263.17883531
263.29196061
263.40432815
263.51790767
263.63148328
263.74484654
263.85819200
263.97082335
264.08412663
264.19754547
264.31048621
264.42288252
264.53679947
264.64934938
264.76302350
264.86653296
264.97934741
265.09200727
265.19369426
265.31785900
265.43235183
265.54523698
265.64787751
265.74873579
265.86260373
265.97506928
266.08876169
266.20255356
266.30437343
266.41741486
266.53144347
266.64326488
266.75707894
266.85971605
266.97336043
267.08457646
267.19995163
267.31187056
267.42733716
267.53859025
267.65275272
267.75570020
267.86725512
267.98006128
268.09303298
268.20803195
268.30889828
268.42155571
268.57814513
268.67103378
268.78482760
268.88756517
269.00030110
269.11318284
269.22684769
269.32823114
269.44031610
269.54313681
269.65609217
269.75881779
269.87192237
269.98670703
270.08784399
270.20264036
270.31368596
270.41666344
270.53015762
270.64304009
270.75536082
270.86988339
270.98275391
271.09567148
271.20846082
271.32155637
271.42516555
271.53700476
271.63953777
271.75335475
271.86721636
271.97998643
272.08155127
272.23771451
272.33928204
272.44367848
272.55497350
272.67043474
272.77152318
272.88507880
272.98775858
273.08951384
273.20308409
273.31616234
273.41874459
273.53123038
273.64398168
273.75798981
273.87119264
273.98390103
274.10847049
274.22219362
274.33487250
274.44682654
274.56268958
274.67380077
274.78773698
274.90015206
275.01410680
275.11602371
275.22958762
275.34226529
275.45569803
275.55805720
275.67172132
275.78304438
275.90913302
276.01076515
276.12648410
276.23666760
276.35015593
276.47251599
276.58419697
276.68693648
276.79852408
276.91338603
277.02601981
277.12864449
277.24200360
277.36604595
277.47930632
277.59309674
277.71603316
277.83031973
277.94297277
278.05624606
278.16887911
278.28292991
278.38440528
278.49815595
278.61083410
278.72450481
278.83825206
278.95115647
279.05331670
279.16589611
279.27899995
279.40436277
279.50545584
279.62001474
279.72082182
279.83423774
279.94628321
280.10362259
280.19578298
280.29885749
280.40259613
280.51413667
280.62688212
280.74182136
280.84441824
280.95602607
281.06874348
281.18352620
281.32778423
281.43973706
281.55333340
281.66718549
281.78047878
281.89278610
282.00780799
282.11992855
282.23371872
282.33508315
282.44904447
282.56230558
282.67602821
282.78899235
282.90257114
283.01520175
283.12832071
283.23001087
283.34431767
283.45700241
283.57036201
283.68227631
283.83953109
283.93188945
284.03517656
284.13474289
284.24837239
284.37420600
284.48665010
284.58849874
284.71180283
284.82491960
284.93885703
285.04172381
285.14415271
285.25596997
285.37000054
285.47364410
285.58508126
285.69794032
285.81298343
285.92600121
286.03768072
286.15175029
286.26453573
286.37829590
286.49137122
286.60572557
286.71749675
286.83118306
286.94421620
287.05692629
287.16048525
287.27340672
287.38480391
287.49904024
287.61281335
287.72625511
287.83804580
287.95166091
288.06634367
288.17829820
288.28197516
288.39313243
288.50707449
288.62135642
288.72351079
288.83624137
288.94901851
289.06254512
289.17536980
289.28796336
289.40260539
289.51451116
289.62900131
289.72979108
289.85462337
289.95665462
290.07069615
290.18264263
290.29595274
290.40964758
290.52288869
290.62386034
290.73770927
290.85123320
290.96511431
291.07678285
291.19068249
291.30442536
291.41783177
291.52970145
291.65426385
291.76693054
291.88043765
291.98318277
292.09507830
292.19824179
292.31235135
292.41477586
292.52698981
292.62995265
292.74316255
292.85675621
292.96967988
293.07135370
293.18516338
293.28715245
293.41318525
293.52378469
293.63752000
293.75317239
293.86400125
293.97844458
294.08911521
294.19395538
294.30592552
294.41861537
294.53298727
294.63557830
294.73650924
294.84989444
294.96472958
295.07802506
295.18957121
295.30269090
295.41626725
295.52900611
295.63236709
295.78820729
295.86894619
295.97269605
296.07365526
296.18633049
296.30018673
296.41351171
296.51541667
296.62853953
296.74100752
296.85566126
296.96899624
297.08041975
297.19411679
297.31767737
297.43654389
297.55433423
297.66120071
297.78022278
297.89759231
298.01521370
298.13520442
298.25280655
298.35944214
298.47718567
298.59469222
298.71433747
298.83386423
298.94070388
299.05905158
299.17723885
299.29505016
299.41168071
299.57460015
299.67101744
299.76695517
299.88484913
300.00362447
300.12315513
300.24103154
300.35917614
300.47648009
300.59532954
300.75695289
300.84279642
300.94936204
301.06706949
301.18618299
301.30327555
301.42197190
301.54096690
301.64734527
301.76663090
301.88408211
302.00206897
302.12148333
302.24007117
302.35796051
302.47458033
302.59225901
302.71082906
302.83067691
302.93748194
303.05525815
303.17306556
303.29172265
303.40885228
303.52784314
303.63551760
303.75330648
303.87193456
304.00064878
304.12063975
304.23705135
304.35596517
304.47498968
304.59256304
304.70941350
304.82934620
304.93709770
305.05404349
305.17237485
305.29037244
305.40965197
305.52615476
305.63395770
305.75271866
305.87053948
305.98802848
306.10743723
306.21418034
306.33243904
306.45015088
306.56985025
306.68686675
306.85261218
306.93425366
307.04302795
307.15977650
307.27808664
307.39769581
307.50352219
307.62183014
307.73930281
307.85925891
308.02985615
308.11635114
308.22417335
308.34181156
308.45945586
308.57814318
308.69619953
308.81534716
308.92261762
309.04080660
309.15882491
309.27600793
309.39580019
309.52495522
309.64271680
309.76015971
309.87907256
309.99684121
310.11517671
310.22223506
310.34032968
310.45948219
310.57692316
310.69444654
310.81315775
310.92056865
311.03826269
311.15663574
311.27505756
311.39399942
311.51197823
311.63044344
311.74807360
311.86615213
311.98436378
312.10419676
312.21096596
312.32831550
312.44663369
312.56533369
312.67189516
312.79047715
312.89801995
313.01497330
313.13340194
313.26222514
313.38185869
313.48975916
313.60891630
313.72576530
313.84329136
313.96249921
314.08027444
314.18814955
314.30488494
314.42316997
314.54111904
314.65989633
314.77887476
314.94009485
315.05871049
315.17544124
315.33725330
315.43583928
315.54238490
315.66018183
315.77881405
315.89583908
316.01414776
316.12209334
316.23025712
316.34908146
316.46479163
316.58354136
316.70199195
316.82078532
316.94048323
317.05621778
317.17470274
317.29358779
317.41119504
317.51989398
317.63666082
317.75436998
317.87362586
317.99086910
318.10953789
318.21832071
318.33472768
318.45313852
318.57102907
318.68973127
318.80950476
318.92716515
319.04421968
319.16256592
319.28112841
319.40055228
319.50640523
319.62400931
319.74346268
319.86081807
319.98162239
320.09729111
320.20469250
320.32449720
320.44233972
320.56976273
320.68872336
320.79553912
320.91499200
321.03204726
321.15074409
321.26888382
321.38680143
321.49465460
321.61301400
321.72979937
321.84899844
321.96685511
322.08682438
322.24710653
322.36462162
322.48320654
322.64480551
322.74217025
322.84857300
322.96711550
323.08543978
323.20373774
323.33209064
323.44058478
323.62366749
323.74078151
323.86018661
323.97817566
324.09564857
324.21430346
324.33196361
324.45168200
324.57129970
324.68620383
324.80524541
324.91379222
325.03165302
325.14807463
325.26681193
325.38427216
325.50293363
325.61186688
325.73083946
325.84809757
325.97313929
326.09318707
326.20897208
326.32781812
326.44628041
326.56373357
326.68034997
326.84486344
326.95113160
327.06966849
327.18809348
327.30545496
327.42414716
327.54249754
327.65091342
327.76754689
327.88561347
328.04744333
328.14456133
328.25202612
328.36988497
328.48786403
328.60556051
328.72346228
328.84308583
328.95062594
329.06887465
329.18688979
329.30497442
329.42308318
329.53083273
329.71363189
329.83131886
329.95093339
330.07869968
330.19829933
330.30550909
330.42322215
330.54153327
330.65914027
330.77688064
330.93980593
331.02420221
331.13060813
331.24928619
331.36879612
331.48811710
331.60573581
331.72267599
331.84149741
331.95842223
332.07853706
332.19560183
332.30375903
332.42137334
332.53909494
332.65728586
332.77729634
332.89399442
333.00166229
333.11963159
333.23815166
333.35557191
333.47493263
333.58221602
333.69954288
333.81783182
333.93556828
334.05356441
334.21599281
334.30204822
334.40937622
334.52760835
334.64597409
334.75365488
334.87222688
334.98003495
335.09652920
335.21603963
335.37560547
335.46247836
335.56930778
335.68801339
335.80578569
335.92345828
336.04168578
336.15997886
336.26763210
336.38600296
336.50371236
336.62232483
336.74093072
336.85930816
337.02147399
337.13897493
337.25642736
337.37478213
337.49486404
337.61217359
337.73043644
337.84826165
337.96724545
338.08237973
338.24597599
338.33289399
338.44039656
338.55653461
338.67430887
338.79474333
338.91139021
339.00809154
339.12622834
339.24436051
339.36217402
339.48196775
339.58865307
339.70767758
339.82530750
339.94281210
340.05073866
340.15897656
340.26589594
340.38280174
340.50034974
340.62010739
340.73987844
340.84615197
340.96368876
341.08369947
341.19951838
341.31748232
341.43632056
341.54323189
341.66179024
341.77949915
341.89825767
342.01688501
342.13459295
342.24356398
342.36031936
342.47762697
342.63923447
342.73675841
342.84448090
342.96153665
343.09192535
343.20967572
343.32727150
343.43497522
343.54253923
343.66105832
343.77875992
343.89624575
344.01635424
344.13399610
344.25155410
344.37010123
344.48731107
344.60601936
344.72457673
344.84399743
344.96011890
345.07936186
345.19639640
345.31388735
345.43280727
345.54070603
345.66016403
345.77682578
345.89475437
346.01437158
346.13187082
346.25014342
346.36865837
346.48629268
346.61495058
346.73435299
346.84064432
346.95970028
347.07732606
347.19635739
347.31616234
347.43294892
347.54515969
347.64819568
347.74326715
347.85543720
347.97212943
348.12965971
348.23549317
348.34016194
348.46506079
348.58078022
348.68536927
348.80094071
348.91512244
349.03100620
349.12618031
349.22949156
349.33269480
349.44846567
349.56403077
349.67767856
349.76221576
349.86797704
349.98380009
350.09960486
350.21435344
350.33007726
350.44596906
350.56042044
350.67641977
350.79115738
350.90623876
351.02156127
351.12517460
351.23105486
351.33295787
351.44887625
351.56416657
351.67902024
351.79477965
351.91259487
352.02520915
352.14087201
352.25620013
352.37207170
352.48737787
352.59123403
352.69619050
352.80007836
352.91445782
353.02919787
353.14489852
353.25949497
353.37537312
353.49025555
353.61695274
353.73267729
353.84750657
353.96201793
354.07848098
354.18390142
354.27576265
354.39013138
354.50469833
354.66527476
354.75805491
354.87291711
354.98811625
355.10362917
355.20793224
355.32236996
355.44003889
355.55408409
355.65838690
355.76236716
355.85582120
355.95958301
356.06363129
356.17914421
356.29595689
356.41044289
356.51476253
356.62988877
356.74584324
356.85989721
356.96401010
357.07956764
357.20599103
357.30004118
357.39163520
357.50599978
357.66550272
357.77147978
357.88619691
358.00097402
358.11559192
358.23152956
358.33609911
358.45224667
358.56695575
358.70429838
358.80800948
358.90224175
359.02572163
359.14153737
359.25718341
359.37237865
359.48695901
359.60406157
359.71844517
359.83312768
359.94910360
360.06557274
360.17945337
360.28427038
360.38821504
360.48266528
360.59548631
360.71234433
360.82704635
360.94150333
361.04529440
361.16093239
361.27691051
361.39128143
361.50762745
361.62305797
361.77072592
361.87533765
361.96794469
362.07152193
362.19740358
362.31362916
362.43013122
362.54477911
362.66081841
362.77389276
362.89031753
362.99424610
363.11041341
363.22463073
363.31874915
363.41207836
363.51597012
363.63037883
363.74609728
363.86137932
363.97653628
364.09181198
364.21841920
364.33251316
364.44845470
364.56526591
364.67898537
364.79464800
364.89829668
364.99327184
365.10672019
365.22141391
365.38003865
365.48473230
365.60066896
365.71567891
365.83094388
365.94658602
366.07274634
366.18799669
366.30260166
366.45030668
366.55538042
366.65952866
366.77335638
366.88915017
367.00565711
367.12131875
367.23551779
367.34987262
367.46664238
367.58246616
367.69602276
367.82224623
367.93729543
368.04163165
368.13494428
368.25040015
368.36540205
368.52422160
368.61774024
368.72354371
368.83787952
368.95270466
369.06837826
369.19419480
369.30992496
369.41357242
369.51729181
369.63391845
369.72580504
369.84090617
369.95577544
370.07129738
370.18805349
370.30188170
370.41865463
370.53324498
370.64766759
370.76353550
370.87869246
370.99371874
371.09877981
371.19212633
371.28623963
371.45478984
371.56961790
371.68462444
371.79976677
371.91507173
372.03040350
372.13490210
372.24969359
372.36452873
372.46996794
372.59614411
372.70073877
372.79381027
372.90834064
373.01350167
373.12888708
373.24358471
373.37039088
373.48490906
373.58860845
373.70466068
373.81997125
373.93448309
374.05086495
374.15419716
374.25944621
374.36351911
374.47802974
374.59284756
374.70885371
374.82314613
374.95028071
375.06484058
375.18104446
375.29706573
375.41109044
375.52544601
375.64165769
375.74708959
375.84024155
375.95366966
376.07650296
376.19203709
376.30714261
376.42228714
376.53891964
376.65385230
376.77830961
376.89508839
377.00940250
377.12509463
377.22991969
377.33487470
377.43927772
377.55295305
377.66885071
377.78248777
377.89824548
378.01417605
378.12895681
378.23413856
378.34932283
378.46403874
378.57934370
378.69388358
378.79978408
378.89234383
379.00606963
379.12264849
379.26958892
379.37409458
379.48903675
379.61551500
379.73112740
379.84605225
379.96116582
380.07675018
380.19302866
380.31769126
380.42267212
380.52717388
380.64106791
380.75629704
380.87222713
380.98805969
381.10332734
381.21815687
381.33319558
381.44842057
381.55306886
381.66848378
381.78343911
381.88806936
382.01391566
382.10594463
382.22150144
382.33799862
382.45194922
382.56806703
382.68380304
382.79838389
382.90335645
383.01760571
383.13507252
383.24802301
383.35366507
383.45830338
383.56088612
383.67554596
383.80139030
383.91722091
384.03291084
384.14765796
384.26394473
384.36873834
384.48295615
384.59868582
384.71323058
384.82999449
384.93382285
385.03868034
385.13098457
385.24675959
385.40468387
385.54160593
385.64542674
385.76092942
385.87566703
385.99100539
386.10674311
386.22279509
386.33779065
386.48506168
386.59017371
386.68274735
386.78642602
386.89244598
387.00616764
387.12194461
387.23773377
387.36386532
387.47856271
387.59429896
387.70877521
387.82398556
387.93981105
388.04384276
388.14827650
388.25338096
388.36739641
388.47093294
388.58623399
388.70212994
388.81700457
388.93241632
389.04965517
389.17440456
389.28966076
389.40496376
389.55220383
389.65787661
389.75125044
389.86412169
389.98094679
390.09506732
390.21092792
390.32669294
390.44085322
390.54651990
390.66100883
390.77609606
390.89137566
391.01691866
391.12165594
391.22760886
391.32057845
391.43476457
391.54956313
391.66422297
391.78096762
391.89543143
392.01104895
392.12620177
392.23147885
392.34544968
392.46216605
392.57551077
392.68167971
392.80693111
392.92159143
393.02546612
393.18404698
393.27762731
393.39298858
393.50887575
393.62320011
393.73894197
393.85429130
393.97003706
394.08430315
394.19034018
394.28303183
394.37591218
394.49018290
394.61675111
394.75437412
394.86956766
394.98438060
395.09990938
395.21516386
395.33134897
395.44510696
395.55987821
395.67621984
395.78136868
395.88495763
395.98971076
396.10280388
396.26254575
396.35509014
396.47117163
396.58586340
396.70274800
396.81766530
396.94481914
397.05911741
397.16227871
397.25672188
397.36147624
397.46681817
397.57982474
397.70018800
397.80407439
397.91730234
398.03208627
398.12510146
398.24878589
398.36163374
398.46543236
398.58044450
398.69455723
398.78729154
398.88815567
399.00307346
399.11772184
399.23130574
399.34544212
399.44768061
399.60493246
399.69764702
399.81212668
399.92692427
400.05142400
400.16383909
400.28792483
400.40342898
400.51745930
400.63207257
400.73526021
400.84752120
400.96224736
401.07694425
401.19040333
401.30521823
401.39533988
401.51133774
401.62451912
401.73890711
401.86377207
401.96652084
402.08021471
402.19540434
402.30861010
402.42310731
402.53669171
402.63950217
402.75425368
402.86829497
402.98170724
403.09764341
403.20965646
403.31353822
403.42684613
403.54200212
403.66534351
403.78086448
403.88452462
403.99661130
404.10958714
404.22395684
404.33820586
404.45282230
404.55751789
404.67000905
404.78395257
404.89704057
405.01267442
405.12573633
405.22961980
405.34281264
405.45692853
405.57115975
405.68518983
405.78846280
405.89042944
406.00505197
406.10822035
406.22352335
406.33742470
406.44006059
406.55260806
406.66609055
406.78096664
406.89689233
407.00971751
407.11389549
407.23763771
407.35119309
407.45342768
407.56825184
407.68302237
407.79557667
407.95305965
408.05687777
408.17013717
408.28500059
408.38795490
408.50140519
408.61612793
408.72973817
408.84353224
408.95711468
409.07274537
409.18640559
409.30001143
409.41397812
409.52942936
409.64337313
409.74491213
409.90280617
410.00641072
410.10986240
410.22272000
410.32536979
410.43889713
410.55307447
410.66874977
410.79332265
410.90618829
411.01050818
411.12327386
411.23712498
411.35159611
411.45621247
411.56956427
411.68214977
411.79575099
411.91035182
412.02566726
412.13837467
412.24159571
412.35508039
412.47972007
412.59481657
412.69728399
412.82294816
412.92603144
413.03919916
413.15447267
413.26818555
413.38066207
413.49545088
413.60954752
413.72415933
413.83751576
413.92234090
