12613.87074266
12613.94387090
12614.02536765
12614.10955436
12614.19104600
12614.26194703
12614.32198636
12614.40642102
12614.52118339
12614.61712343
12614.69894104
12614.79590922
12614.87803549
12614.96189257
12615.04534833
12615.10440071
12615.20034660
12615.28183702
12615.38558969
12615.43523199
12615.51756136
12615.59987073
12615.68199749
12615.76459188
12615.83713083
12615.89792450
12615.97591649
12616.04865342
12616.11959005
12616.20244751
12616.28461401
12616.36783474
12616.45015021
12616.53239863
12616.65819607
12616.74211581
12616.82390977
12616.89752806
12616.97935031
12617.06183888
12617.14394321
12617.20549781
12617.32043524
12617.40318542
12617.48593633
12617.57979180
12617.66360084
12617.73469400
12617.81722329
12617.87794431
12617.95997891
12618.04271738
12618.14729705
12618.22999506
12618.29078336
12618.37355842
12618.45768953
12618.53953079
12618.62161879
12618.70405933
12618.83085347
12618.89163836
12618.97469452
12619.05737034
12619.14041724
12619.23393356
12619.31665497
12619.39926057
12619.48204172
12619.56491503
12619.64735167
12619.72935335
12619.80505256
12619.88618482
12619.96589909
12620.06669459
12620.12537565
12620.20513136
12620.28717328
12620.38878505
12620.46755773
12620.54878556
12620.61729019
12620.71319853
12620.81548664
12620.89529062
12620.97383607
12621.05417253
12621.11483601
12621.21469430
12621.29529311
12621.37563104
12621.49998391
12621.55764389
12621.63833559
12621.73842697
12621.81902309
12621.87699394
12621.95787702
12622.05957365
12622.14133810
12622.22128765
12622.30088269
12622.35870090
12622.43856219
12622.51921683
12622.62452280
12622.71044178
12622.77049451
12622.87338165
12622.95202438
12623.03178521
12623.11260466
12623.18001898
12623.27142415
12623.38473074
12623.46549558
12623.54445794
12623.62693506
12623.70637357
12623.78590547
12623.86805710
12623.94748074
12624.01520153
12624.09418802
12624.19674017
12624.27647248
12624.35751185
12624.43835982
12624.50687275
12624.58695443
12624.66769221
12624.74647293
12624.82703078
12624.92801694
12624.99800320
12625.07854666
12625.15934247
12625.23928835
12625.31966212
12625.42158524
12625.50128610
12625.57984568
12625.65966673
12625.73982814
12625.82134392
12625.87914872
12625.95950982
12626.06197980
12626.14187229
12626.20049971
12626.33373627
12626.41412637
12626.49478077
12626.57378725
12626.65435802
12626.73494415
12626.79393826
12626.87372372
12626.95373372
12627.05578826
12627.13646557
12627.21588409
12627.28394353
12627.41950993
12627.50005242
12627.56898860
12627.64904346
12627.73467791
12627.81385945
12627.89482324
12627.97603864
12628.05500856
12628.13561004
12628.21641926
12628.29537137
12628.35435256
12628.44487710
12628.52626999
12628.60479325
12628.68560295
12628.76492834
12628.82487306
12628.95941619
12629.03841878
12629.11893932
12629.21851919
12629.30003131
12629.36932076
12629.44933199
12629.52914182
12629.63190780
12629.76668303
12629.84644631
12629.92686664
12630.00701123
12630.08587168
12630.15529523
12630.25808802
12630.33693920
12630.41812705
12630.49832015
12630.57778134
12630.63682178
12630.71656993
12630.81739859
12630.89748637
12630.97820879
12631.05984062
12631.12783349
12631.20478052
12631.28362317
12631.36303486
12631.44331915
12631.52338597
12631.60433879
12631.68383825
12631.76305661
12631.83433872
12631.91462082
12632.01639083
12632.09444841
12632.17495359
12632.25475392
12632.33490509
12632.41777815
12632.49706185
12632.57669371
12632.63624980
12632.73726107
12632.81654428
12632.89514312
12632.97656234
12633.05672302
12633.13721772
12633.21699782
12633.27583199
12633.37885981
12633.45769660
12633.53933453
12633.61795019
12633.69772930
12633.76758123
12633.84735230
12633.96001889
12634.03965270
12634.12014593
12634.17914833
12634.28082009
12634.37186369
12634.45016972
12634.53064808
12634.60059290
12634.68124997
12634.76127924
12634.84101325
12634.95435349
12635.02430269
12635.10394479
12635.17107166
12635.27233917
12635.35475241
12635.43413534
12635.51514350
12635.57283542
12635.65294832
12635.79858113
12635.86714452
12635.94812001
12636.02707115
12636.14043991
12636.22044309
12636.30010469
12636.38053112
12636.44021765
12636.51962959
12636.62272471
12636.70120018
12636.77973514
12636.86117118
12636.94149717
12637.02113975
12637.10199895
12637.16023432
12637.26197532
12637.34200385
12637.42320999
12637.50312930
12637.58277822
12637.64016343
12637.72074907
12637.82200050
12637.90167868
12637.98397245
12638.06386323
12638.14420043
12638.21311710
12638.31397209
12638.39458163
12638.47552250
12638.55487324
12638.62434848
12638.70388915
12638.78460743
12638.86542956
12638.94530888
12639.07892993
12639.15789692
12639.23851962
12639.31909624
12639.39809907
12639.45905194
12639.53894272
12639.61876134
12639.71952393
12639.80046967
12639.92312319
12640.00282941
12640.08246297
12640.17417633
12640.30770009
12640.37802086
12640.47967750
12640.56167602
12640.64202004
12640.72098800
12640.80062766
12640.87033160
12640.95023579
12641.02950583
12641.10983377
12641.21181760
12641.29243444
12641.37228524
12641.45199731
12641.53276947
12641.61201220
12641.69200027
12641.76208259
12641.84105738
12641.92217233
12642.02365318
12642.10413301
12642.18511070
12642.30876944
12642.38736852
12642.46715520
12642.53609088
12642.63947028
12642.71841776
12642.77920656
12642.88079761
12642.95998915
12643.03897832
12643.09872166
12643.17774594
12643.25758845
12643.33798806
12643.44106757
12643.52061410
12643.60025912
12643.68045564
12643.76101178
12643.83072815
12643.90977998
12644.00154356
12644.07989785
12644.13851455
12644.22666877
12644.30625869
12644.38447231
12644.46545145
12644.54614900
12644.62726639
12644.69658023
12644.79713924
12644.93182329
12645.04491703
12645.11372594
12645.19442349
12645.26197068
12645.34182758
12645.42255243
12645.52585600
12645.60507217
12645.74018167
12645.81950730
12645.88935094
12645.97640045
12646.05411182
12646.13701829
12646.21701464
12646.29578999
12646.40919191
12646.47799229
12646.55788307
12646.63916601
12646.71647241
12646.79884517
12646.87661262
12646.95981482
12647.03758349
12647.17216709
12647.25162438
12647.31159739
12647.41368800
12647.49134062
12647.56134346
12647.66419232
12647.74350089
12647.82431230
12647.90417821
12647.99457816
12648.06533316
12648.13527968
12648.21446293
12648.34788551
12648.42868497
12648.50844776
12648.56659219
12648.64723756
12648.74870720
12648.82897174
12648.90985751
12648.97863277
12649.10196237
12649.18059998
12649.27383592
12649.35422505
12649.43198347
12649.54260694
12649.65658303
12649.73578944
12649.85986705
12649.93830155
12650.01964349
12650.09927706
12650.16828223
12650.25613144
12650.33715716
12650.41658836
12650.49445699
12650.57506165
12650.65458794
12650.75634868
12650.83759968
12650.89489175
12650.97706362
12651.05679251
12651.13659723
12651.23749927
12651.31719550
12651.39724378
12651.45797430
12651.55772825
12651.63935228
12651.71792381
12651.79839022
12651.85658196
12651.97039933
12652.04924929
12652.15213936
12652.23149376
12652.31146524
12652.36940171
12652.45225234
12652.55272967
12652.63402016
12652.71336310
12652.78136354
12652.89294201
12652.97439707
12653.05360397
12653.13406429
12653.27976707
12653.35883476
12653.41854981
12653.52041003
12653.60139991
12653.67967106
12653.75981638
12653.84149819
12653.91070256
12653.98911902
12654.09146662
12654.22635011
12654.30623358
12654.36509798
12654.44485028
12654.52482274
12654.61645807
12654.69536069
12654.77597608
12654.85685015
12654.93688429
12655.01634402
12655.09805338
12655.17711472
12655.29988331
12655.38135057
12655.46110067
12655.53998087
12655.64177647
12655.72196202
12655.80264860
12655.86108170
12655.96342272
12656.04290317
12656.12392718
12656.20483148
12656.28246605
12656.36455282
12656.44382018
12656.51257692
12656.59437624
12656.67460738
12656.77569375
12656.85581493
12656.91284637
12657.01433820
12657.09510157
12657.17467297
12657.29944007
12657.38049211
12657.46053869
12657.54000939
12657.61780975
12657.69886180
12657.77866091
12657.83922077
12657.93903908
12658.00993402
12658.11141780
12658.19226992
12658.27077806
12658.35289507
12658.43096752
12658.51150318
12658.58139167
12658.68427565
12658.76217329
12658.84526407
12658.92356229
12658.98154484
12659.08372006
12659.16290062
12659.24299767
12659.32364597
12659.40336365
12659.46228559
12659.56506472
12659.64389908
12659.71472649
12659.84747713
12659.94426977
12660.04517157
12660.12679267
12660.20619023
12660.27413312
12660.38757795
12660.46741729
12660.54720884
12660.62890601
12660.70794444
12660.78803466
12660.86845012
12660.92697855
12661.00618959
12661.10801007
12661.18941198
12661.26963411
12661.34992986
12661.42861086
12661.49756507
12661.57774867
12661.68062289
12661.76124754
12661.84131363
12661.91989198
12662.00000634
12662.06064056
12662.16231377
12662.24205608
12662.32177010
12662.40095286
12662.46008155
12662.56050353
12662.64088828
12662.72089438
12662.80153025
12662.88131424
12663.01581788
12663.09652128
12663.17560919
12663.23545639
12663.33790029
12663.41626410
12663.49637675
12663.57649769
12663.65589890
12663.71562102
12663.80793902
12663.90849315
12663.98975220
12664.06921924
12664.14799484
12664.22880332
12664.29848531
12664.37480867
12664.45406799
12664.53324416
12664.61392172
12664.69494524
12664.77449274
12664.85339439
12664.93381375
12665.01483118
12665.07259795
12665.17463981
12665.25650496
12665.33597005
12665.41463789
12665.49468251
12665.56453200
12665.66561471
12665.74704881
12665.82656071
12665.90638762
12665.96527030
12666.04449378
12666.16860235
12666.26923158
12666.36019253
12666.43992289
12666.49955554
12666.57958724
12666.66052811
12666.77416848
12666.84418668
12666.92361959
12666.99048558
12667.09863901
12667.19998942
12667.28969159
12667.37160062
12667.44073063
12667.52027130
12667.59983611
12667.72444595
12667.80552433
12667.91520206
12667.99590376
12668.06444203
12668.17748214
12668.25821333
12668.33895965
12668.41882410
12668.49764919
12668.55651871
12668.63789064
12668.71586727
12668.79560909
12668.90933869
12669.00047250
12669.08010168
12669.14983706
12669.23090276
12669.31164566
12669.38933704
12669.46933997
12669.55088915
12669.62977544
12669.71083139
12669.79112129
12669.86103124
12669.96262131
12670.04199888
12670.12297754
12670.20182555
12670.28171121
12670.36197478
12670.44262454
12670.52302952
12670.60220253
12670.68266407
12670.74250615
12670.84343696
12670.92308296
12671.00334190
12671.08379710
12671.16363595
12671.24396291
12671.30168848
12671.38152904
12671.46260693
12671.56464171
12671.64510033
12671.71326997
12671.79316417
12671.87293061
12671.95435446
12672.06758913
12672.14845905
12672.22189083
12672.30147319
12672.37031014
12672.47116221
12672.55233494
12672.63294691
12672.71154672
12672.78550928
12672.88677216
12672.95849118
12673.07023349
12673.17312307
12673.25387889
12673.36577772
12673.43547239
12673.51590638
12673.59392227
12673.67415755
12673.74279726
12673.82467655
12673.93610654
12674.01680506
12674.12928952
12674.24702613
12674.37078411
12674.42903996
12674.53169841
12674.61054008
12674.69142463
12674.81487541
12674.89372659
12674.97449996
12675.04428703
12675.12318843
12675.22611532
12675.33906643
12675.40846585
12675.46633331
12675.54623141
12675.64768471
12675.72788294
12675.79670355
12675.89850184
12676.03353722
12676.11494694
12676.19442544
12676.27416140
12676.34492225
12676.42261265
12676.50345941
12676.58434567
12676.66274727
12676.76480473
12676.84555396
12676.92657188
12677.00866865
12677.08595798
12677.15370876
12677.23450042
12677.31492734
12677.42935448
12677.50883005
12677.58880080
12677.66940424
12677.74841804
12677.80790977
12677.88751164
12677.96692358
12678.04325108
12678.12313918
12678.20294829
12678.28385381
12678.36258065
12678.44311533
12678.52249972
12678.60312364
12678.68406183
12678.76359129
12678.84334237
12678.91321306
12679.01501160
12679.09513888
12679.17690212
12679.25454717
12679.33535395
12679.41633773
12679.49594789
12679.57461645
12679.65631703
12679.74606357
12679.81613054
12679.88579570
12679.98688475
12680.06693889
12680.14759694
12680.22832399
12680.30703547
12680.38665586
12680.44554904
12680.52711333
12680.60605277
12680.75163706
12680.83175483
12680.91191527
12680.98094214
12681.06073394
12681.16255344
12681.24292745
12681.32311593
12681.40289748
12681.46191792
12681.56357042
12681.64346461
12681.71245881
12681.82708929
12681.90566179
12682.02930323
12682.10910136
12682.18905115
12682.26971993
12682.35050452
12682.42934058
12682.50937911
12682.57803954
12682.65471496
12682.73492855
12682.81478373
12682.89517969
12682.97501050
12683.05475938
12683.13685372
12683.21506343
12683.34900240
12683.42950320
12683.48848073
12683.56901688
12683.67216343
12683.74877961
12683.82457074
12683.91046850
12683.99032978
12684.07318943
12684.15186458
12684.21944225
12684.30162436
12684.38076933
12684.48153508
12684.56160726
12684.64204491
12684.72095119
12684.78084081
12684.86175096
12684.94175926
12685.02074332
12685.10137260
12685.20409737
12685.28286882
12685.34072409
12685.42133972
12685.52424857
12685.60384702
12685.68379827
12685.76451094
12685.85630572
12685.91306605
12685.99383698
12686.07378384
12686.15262161
12686.23286884
12686.31298271
12686.39398332
12686.47373245
12686.53227722
12686.61257223
12686.69287408
12686.77170502
12686.87447782
12686.95400508
12687.03411505
12687.10383191
12687.18386873
12687.28648939
12687.36637725
12687.46885211
12687.61867040
12687.69941208
12687.79001341
12687.87090650
12687.95076900
12688.00942104
12688.09019588
12688.16811741
12688.26559979
12688.32319760
12688.42436174
12688.50428178
12688.58573222
12688.66584487
12688.74658947
12688.80439501
12688.90644296
12688.98630132
12689.06593903
12689.14502158
12689.22549702
12689.30526858
12689.37501786
12689.45561447
12689.55740252
12689.63796232
12689.77290798
12689.85296309
12689.93337733
12690.01133227
12690.08095574
12690.16206338
12690.24173790
12690.32151507
12690.42401115
12690.50533967
12690.58376394
12690.66422207
12690.74378785
12690.82316713
12690.89280450
12690.99476565
12691.07536495
12691.15627997
12691.23652964
12691.31743419
12691.39568925
12691.47755172
12691.55622687
12691.63824465
12691.71663698
12691.79528165
12691.87748619
12691.95715340
12692.03677818
12692.11867284
12692.19884717
12692.27645468
12692.34724551
12692.44910524
12692.52766166
12692.60838042
12692.68827559
12692.76876809
12692.84991620
12692.90698836
12692.98747843
12693.08813057
12693.18715138
12693.26553932
12693.34431224
12693.42409014
12693.49513624
12693.57480833
12693.67654079
12693.75710839
12693.81422638
12693.96092732
12694.04071961
12694.11946254
12694.20036367
12694.28050045
12694.36055630
12694.46263545
12694.52038102
12694.60136407
12694.70284321
12694.78348249
12694.86449065
12694.94322724
12695.02299148
12695.10273501
12695.18368514
12695.24246884
12695.34527553
12695.42443659
12695.50350647
12695.58375078
12695.66432544
12695.74516587
12695.82414992
12695.88556823
12695.95477723
12696.03452831
12696.14707494
12696.28159321
12696.36162052
12696.43143441
12696.51118184
12696.59096461
12696.67265130
12696.77339877
12696.85249766
12696.91207301
12696.99175144
12697.12640843
12697.20697042
12697.28726519
12697.34580972
12697.43064374
12697.51265689
12697.59120184
12697.67122526
12697.75212005
12697.83183017
12697.89045027
12697.98016219
12698.06139856
12698.14196811
12698.22069007
12698.30129887
12698.38298092
12698.43987973
12698.58554692
12698.66601700
12698.74528363
12698.80351364
12698.88480072
12698.99782522
12699.07636066
12699.14640666
12699.24812376
12699.30657028
12699.40915827
12699.46702305
12699.56810064
12699.64819769
12699.72857706
12699.79886931
12699.89941344
12699.98118790
12700.03826103
12700.14059717
12700.22079125
12700.29911946
12700.38008983
12700.45986334
12700.52864811
12700.61052692
12700.68947806
12700.77115645
12700.87195317
12700.95239545
12701.01071567
12701.14510521
12701.22535634
12701.31603082
12701.39548275
12701.46504868
12701.54537905
12701.62635016
12701.70448844
12701.76515094
12701.84329287
12701.92103326
12702.00207604
12702.08314832
12702.16142631
12702.24332486
12702.32120641
12702.39179561
12702.47066142
12702.57331865
12702.65213033
12702.73281545
12702.81265601
12702.88151197
12702.98315398
12703.06424455
12703.12278981
12703.20287905
12703.28381163
12703.36284908
12703.44314581
12703.52365392
12703.62494703
12703.70553511
12703.78523865
12703.84406721
12703.92503271
12704.03679403
12704.11722144
12704.19649880
12704.27668703
12704.35657098
12704.42576901
12704.50646168
12704.60802324
12704.68788720
12704.79076167
12704.87055224
12704.95115544
12705.03068880
12705.13166130
12705.21250246
12705.29223452
12705.35017757
12705.43140491
12705.53380054
12705.61335779
12705.69435035
12705.76139139
12705.84384486
12705.95503518
12706.06714735
12706.14721879
12706.22803337
12706.34103593
12706.39062021
12706.46822552
12706.54731856
12706.62827576
12706.70848057
12706.78841744
12706.84649799
12706.97192972
12707.05080455
12707.15339278
12707.23462013
12707.31526916
12707.39216547
12707.45067026
12707.53062370
12707.64459174
12707.72480826
12707.80440817
12707.88538732
12707.94467742
12708.02325699
12708.10201894
12708.18275379
12708.29564785
12708.37659506
12708.45607381
12708.53721192
12708.61673284
12708.69738626
12708.75522789
12708.83612219
12708.94767847
12709.02749513
12709.09734072
12709.17837424
12709.27892130
12709.35905565
12709.43933653
12709.50923770
12709.61045865
12709.69005857
12709.76968287
12709.85053304
12709.93048526
12710.03251761
12710.10176660
12710.18279451
12710.26358738
12710.36513894
12710.44553709
12710.52334598
12710.60416544
12710.68406914
12710.76315194
12710.82301645
12710.90369474
12711.00465067
12711.08586144
12711.16474845
12711.24535384
12711.32492182
12711.40669384
12711.50140190
12711.57104001
12711.65076525
12711.74435252
12711.82350066
12711.90103185
12711.97077235
12712.10557344
12712.17550655
12712.25653885
12712.33594275
12712.41486853
12712.48552088
12712.56359406
12712.64430015
12712.75800829
12712.85985583
12712.91844302
12712.99934464
12713.07820143
12713.15769529
12713.25954722
12713.34033790
12713.41991636
12713.50076386
12713.57963405
12713.69250739
12713.76362834
12713.84313976
12713.91095734
12714.01406806
12714.09336102
12714.17352511
12714.25415074
12714.31204990
12714.41432386
12714.49568506
12714.57396060
12714.70877046
12714.78960162
12714.86770187
12714.93822207
12715.05029352
12715.13161279
12715.25543000
12715.33545244
12715.41494289
12715.49581013
12715.56416238
12715.64439450
12715.74648268
12715.82476383
12715.88390472
12716.01858853
12716.09945211
12716.17920514
12716.24888762
12716.35193860
12716.43061936
12716.51062595
12716.59118770
12716.67176676
12716.74966830
12716.80874701
12716.91261427
12716.99218322
12717.07203768
12717.15103027
12717.23054144
12717.30134081
12717.38151928
12717.49336155
12717.57381578
12717.65386138
12717.73454138
12717.81485834
12717.89574338
12717.97493492
12718.05545473
12718.13612521
12718.24714121
12718.32773953
12718.40839661
12718.47849478
12718.55835289
12718.63801986
12718.71703317
12718.81873516
12718.90033675
12719.00094403
12719.08182200
12719.13954562
12719.22167847
12719.32200074
12719.40195296
12719.48273706
12719.55699170
12719.63747421
12719.73858252
12719.80794926
12719.87787531
12719.95689203
12720.06957447
12720.15017132
12720.22982659
12720.29846897
12720.45651291
12720.53600848
12720.61611016
12720.69494085
12720.76455531
12720.86647867
12720.94706797
12721.02794813
12721.10803884
12721.18751271
12721.26710287
12721.34670840
12721.42663161
12721.48672091
12721.58732210
12721.65757290
12721.75886065
12721.84064778
12721.89908771
12721.97784454
12722.08001683
12722.16969486
12722.23871223
12722.32021727
12722.40152971
12722.48006930
12722.56006029
12722.64134859
12722.71006436
12722.78925639
12722.89081282
12722.97032155
12723.05149648
12723.13128389
12723.18958607
12723.27108770
12723.35021511
12723.45171839
12723.52741346
12723.60051244
12723.67611364
12723.75100535
12723.82528339
12723.88800169
12723.97601133
12724.08388463
12724.15784767
12724.23305463
12724.29638221
12724.38202836
12724.46384061
12724.53701736
12724.61180692
12724.68747443
12724.76145015
12724.83616096
12724.90094408
12724.98532535
12725.07247117
12725.18006872
12725.25492678
12725.33057016
12725.40531924
12725.46828915
12725.56611384
12725.65049437
12725.74754740
12725.82272997
12725.89825974
12725.96293485
12726.04668002
12726.15420613
12726.23119290
12726.30418436
12726.36878731
12726.47752173
12726.58461459
12726.64852342
12726.72310988
12726.79726260
12726.86191115
12726.96902643
12727.04357925
12727.11965612
12727.22694330
12727.30041604
12727.36579162
12727.45050642
12727.61460195
12727.68824853
12727.76235444
12727.83804780
12727.90193833
12727.99821751
12728.07439239
12728.14773542
12728.22456640
12728.29908167
12728.37387049
12728.45949616
12728.53341117
12728.59710837
12728.68401502
12728.80149197
12728.94220153
12729.01792854
12729.09112626
12729.16754739
12729.24216335
12729.30539487
12729.39192337
12729.49976814
12729.57368997
12729.65997223
12729.73508995
12729.81015525
12729.88436527
12729.94886729
12730.06096824
12730.16912996
12730.24654802
12730.31951632
12730.39533256
12730.47007043
12730.54407711
12730.60800544
12730.69450053
12730.80242308
12730.87814667
12730.95080289
12731.01565209
12731.12316893
12731.19830591
12731.27294309
12731.34783699
12731.42218745
12731.49828870
12731.57253017
12731.63600745
12731.72277342
12731.79792089
12731.87242275
12731.95914800
12732.06534267
12732.14178403
12732.21511439
12732.29010801
12732.36541615
12732.44102393
12732.51600025
12732.59049357
12732.66434105
12732.74167646
12732.80344342
12732.90017096
12732.97634974
12733.06058862
12733.13630124
12733.21205555
12733.28510870
12733.36272718
12733.42518558
12733.52120607
12733.60873638
12733.68265700
12733.75729783
12733.83331570
12733.92360447
12733.99315895
12734.06794777
12734.14256812
12734.21847213
12734.28138719
12734.37906997
12734.45315394
12734.52846989
12734.60534548
12734.67918491
12734.74211240
12734.82879986
12734.93621893
12735.02054291
12735.09733072
12735.17035900
12735.24502568
12735.32127029
12735.39546105
12735.47099910
12735.54542806
12735.62082421
12735.69575176
12735.78107048
12735.84398627
12735.93121328
12736.01698841
12736.10667789
12736.19238963
12736.30094169
12736.37624251
12736.45072975
12736.52575921
12736.59946576
12736.67574865
12736.74896832
12736.83583669
12736.89993520
12736.97543375
12737.05058341
12737.12478319
12737.19784438
12737.27463488
12737.36032053
12737.42336968
12737.50942885
12737.58980847
12737.66383953
12737.73954069
12737.81423150
12737.89142039
12737.96572038
12738.03949617
12738.11355259
12738.18898898
12738.26324069
12738.33760187
12738.40229210
12738.51021611
12738.58444685
12738.66093552
12738.73489051
12738.81177195
12738.88490044
12738.96008277
12739.02390845
12739.11071538
12739.18390920
12739.27014269
12739.35016562
12739.42470356
12739.49895820
12739.57449674
12739.64902444
12739.74600018
12739.83128306
12739.91784081
12740.00404309
12740.08893807
12740.17497943
12740.26187950
12740.34661063
12740.42130169
12740.50708218
12740.60370659
12740.67850882
12740.76418667
12740.84898485
12740.93585322
12741.02107734
12741.09572231
12741.17135033
12741.25643694
12741.33302873
12741.40698909
12741.48154240
12741.58961415
12741.66429229
12741.74906706
12741.82577979
12741.90071880
12741.97533549
12742.04968351
12742.12496264
12742.21094134
12742.29537576
12742.38122306
12742.45784947
12742.56072955
12742.63550862
12742.71038863
