12765.07308752
12765.15340083
12765.23458063
12765.31142940
12765.37812667
12765.45824347
12765.56958910
12765.65041538
12765.72936701
12765.80903227
12765.88923732
12765.96881651
12766.03532727
12766.11644369
12766.19752572
12766.27575592
12766.35487041
12766.43340269
12766.51341635
12766.62493070
12766.70508918
12766.78541492
12766.85440205
12766.96591274
12767.04378746
12767.12350685
12767.20466105
12767.28332547
12767.36393086
12767.44382433
12767.52167735
12767.59129571
12767.70306532
12767.78290173
12767.85180158
12767.96448134
12768.04232729
12768.12198816
12768.20260647
12768.28143644
12768.35029240
12768.43010882
12768.56321299
12768.64191545
12768.72262957
12768.80239479
12768.88098412
12768.95091845
12769.02968820
12769.10959581
12769.18827413
12769.29983845
12769.37973119
12769.49289905
12769.57159882
12769.65194992
12769.72975418
12769.79986332
12769.91063600
12769.99109071
12770.06998821
12770.14966883
12770.24963709
12770.31804761
12770.39810882
12770.51112917
12770.58991379
12770.66961441
12770.74935720
12770.82941865
12770.89838262
12770.98762959
12771.06821743
12771.20601298
12771.28606297
12771.36445798
12771.44450456
12771.52287494
12771.59306942
12771.67111115
12771.80541364
12771.90822399
12771.97719357
12772.06672336
12772.14469341
12772.22453811
12772.30469733
12772.38499650
12772.46417097
12772.53347554
12772.61124664
12772.69120618
12772.77121033
12772.84567075
12772.92549911
12773.00448049
12773.08307299
12773.16306324
12773.24275971
12773.32215361
12773.39021622
12773.47114928
12773.55830632
12773.66955540
12773.75078080
12773.82917215
12773.91027272
12773.98661827
12774.06672824
12774.14642227
12774.22619602
12774.30570987
12774.37448757
12774.45231134
12774.53268560
12774.61342386
12774.69213778
12774.79299911
12774.87462191
12774.95375030
12775.03125760
12775.11260929
12775.19116156
12775.27059886
12775.35046356
12775.41937584
12775.51974565
12775.59878480
12775.67823015
12775.75927122
12775.83920248
12775.91890699
12775.99665810
12776.07652134
12776.15557585
12776.23565047
12776.30589395
12776.38551289
12776.46347465
12776.57521086
12776.65387894
12776.73400646
12776.81370414
12776.89321824
12776.96221927
12777.04107021
12777.12059991
12777.20072524
12777.27931188
12777.37125271
12777.44999637
12777.52865396
12777.60835384
12777.69794776
12777.80979198
12777.89076137
12777.97140919
12778.03919946
12778.11804942
12778.19699129
12778.31055534
12778.38847371
12778.45902220
12778.53804746
12778.63830901
12778.71857819
12778.79754835
12778.87709707
12778.95775073
12779.03636176
12779.11629935
12779.18420470
12779.27409411
12779.35472486
12779.43350899
12779.51447058
12779.59439355
12779.67059233
12779.73989543
12779.81975916
12779.92134046
12780.00283331
12780.08178616
12780.15936295
12780.22732169
12780.33991928
12780.42093378
12780.50113079
12780.57955164
12780.65992054
12780.72804702
12780.80611484
12780.88588981
12780.99871000
12781.07934343
12781.15705236
12781.23617612
12781.31560245
12781.38464468
12781.46371724
12781.59992803
12781.67877896
12781.75752262
12781.83826723
12781.91631847
12781.98611748
12782.06466756
12782.15462792
12782.23536814
12782.31321506
12782.39179903
12782.47201164
12782.55277867
12782.63311831
12782.71150235
12782.77947767
12782.85929312
12782.96516498
12783.06827911
12783.14703447
12783.22485994
12783.29532895
12783.39620467
12783.47511850
12783.55547350
12783.63401992
12783.70224393
12783.80504232
12783.88366018
12783.96352853
12784.04250308
12784.12129842
12784.20215225
12784.28212520
12784.36056507
12784.42945151
12784.56423748
12784.64172503
12784.72166263
12784.81243000
12784.89105321
12784.97103591
12785.05206285
12785.12952846
12785.19993651
12785.27808430
12785.35809187
12785.43699571
12785.51726830
12785.59621310
12785.67512328
12785.75508428
12785.83464324
12785.90261832
12785.98242669
12786.06411533
12786.16386830
12786.24255320
12786.32345019
12786.40161334
12786.47114587
12786.55101032
12786.65249532
12786.73129457
12786.81141819
12786.89089132
12786.96932949
12787.03937476
12787.11726630
12787.19711052
12787.30900301
12787.38844055
12787.46986099
12787.54922807
12787.62792517
12787.69574421
12787.79635173
12787.87762979
12787.95590875
12788.03609405
12788.11582660
12788.19331196
12788.27481311
12788.35392321
12788.43167164
12788.50075922
12788.60463794
12788.68415326
12788.76304905
12788.84148819
12788.90992554
12788.99114386
12789.06944671
12789.14894716
12789.22759671
12789.33913470
12789.41870487
12789.49816363
12789.55782407
12789.63667549
12789.71656944
12789.79614913
12789.87542112
12789.95438250
12790.10959239
12790.19047499
12790.27020828
12790.34880711
12790.42810910
12790.50722773
12790.58117030
12790.65988860
12790.73970673
12790.83129574
12790.91038634
12790.98834249
12791.06891911
12791.13772485
12791.24989626
12791.32846803
12791.40928456
12791.48903881
12791.56705445
12791.64778857
12791.72675410
12791.80611801
12791.88547217
12791.99838306
12792.09836033
12792.17828915
12792.28989005
12792.37042034
12792.42748007
12792.50790577
12792.60811271
12792.68708068
12792.76649408
12792.83546390
12792.91574186
12792.99574552
12793.07472543
12793.15442678
12793.25517230
12793.33613511
12793.41357293
12793.48352335
12793.56274073
12793.64110527
12793.73282154
12793.81194774
12793.89025010
12793.98115547
12794.06129835
12794.14555138
12794.21947541
12794.29157940
12794.36312775
12794.44696411
12794.52876514
12794.60283107
12794.67547705
12794.75914517
12794.84183245
12794.92495371
12795.00858453
12795.08152431
12795.15335743
12795.22580276
12795.29872473
12795.38158219
12795.44262698
12795.52826850
12795.61213045
12795.70470153
12795.78855812
12795.87115762
12795.95540918
12796.02896774
12796.08896001
12796.18355080
12796.26622199
12796.33864952
12796.42100546
12796.49550269
12796.56864726
12796.63021917
12796.71350183
12796.79609061
12796.88974396
12796.97410669
12797.04656982
12797.12933390
12797.20116897
12797.26278623
12797.34681080
12797.44232783
12797.52452188
12797.59725514
12797.67993584
12797.75358802
12797.81454748
12797.89818123
12797.98310644
12798.08761296
12798.16960977
12798.24243788
12798.31511678
12798.37792261
12798.46032146
12798.53802673
12798.61101454
12798.69337633
12798.76653358
12798.84897632
12798.93171260
12799.00603502
12799.08908192
12799.16126076
12799.24564910
12799.32860310
12799.38912224
12799.47484617
12799.55692880
12799.63970848
12799.73469644
12799.80795170
12799.88912468
12799.96282514
12800.03462047
12800.10825973
12800.16917213
12800.25332837
12800.33502139
12800.42069924
12800.51451374
12800.59827451
12800.67118088
12800.74289990
12800.82446761
12800.88740217
12800.97040128
12801.05405136
12801.14835324
12801.23248850
12801.30293361
12801.37698857
12801.45976289
12801.52258115
12801.61630667
12801.70028175
12801.78215421
12801.85663876
12801.92854137
12802.00065463
12802.07308874
12802.15163394
12802.24567762
12802.32784754
12802.41216688
12802.51744043
12802.59017589
12802.66296986
12802.73493196
12802.80723198
12802.87955711
12802.96417828
12803.03595923
12803.10965822
12803.18057925
12803.25323133
12803.32465705
12803.38674047
12803.47144990
12803.55543181
12803.64806286
12803.72248938
12803.79472942
12803.87652094
12803.93909515
12804.01605340
12804.08923088
12804.16196610
12804.23452894
12804.30648080
12804.37826613
12804.46179382
12804.53605821
12804.63064267
12804.73532084
12804.80804849
12804.89183121
12804.95193026
12805.03769223
12805.11937989
12805.21476208
12805.29794942
12805.35885548
12805.44126433
12805.52002335
12805.59280708
12805.67598686
12805.75928171
12805.83236167
12805.91627604
12805.98905076
12806.05994594
12806.12155491
12806.20603321
12806.28846376
12806.38312623
12806.46606073
12806.53991748
12806.61103697
12806.69597900
12806.77799287
12806.86106220
12806.94472594
12807.02731130
12807.08915896
12807.16377760
12807.24585121
12807.31798788
12807.39114001
12807.47407378
12807.55796548
12807.62107899
12807.70269961
12807.80778811
12807.89107126
12807.97471744
12808.06877087
12808.13044274
12808.19229113
12808.28699432
12808.36930686
12808.44165345
12808.50402237
12808.62011765
12808.70428120
12808.78803197
12808.88130912
12808.95996769
12809.04686580
12809.10964042
12809.19383152
12809.27683575
12809.37042863
12809.47136481
12809.55440976
12809.61569592
12809.71039521
12809.79247492
12809.87608258
12809.96057965
12810.04290024
12810.11533045
12810.18737959
12810.24926406
12810.33484804
12810.41682778
12810.50054101
12810.58418939
12810.67787077
12810.76040884
12810.83439431
12810.89535791
12810.99024347
12811.07310459
12811.15730202
12811.22801411
12811.29109178
12811.38587714
12811.45746230
12811.54048750
12811.61299427
12811.67421022
12811.77125300
12811.84185683
12811.91459790
12811.99759189
12812.05889171
12812.13776581
12812.20889505
12812.29182858
12812.36645746
12812.44909281
12812.53217384
12812.61566691
12812.69931797
12812.78119775
12812.84531015
12812.93893302
12813.01264518
12813.08269874
12813.15612394
12813.23874660
12813.39823024
12813.47215427
12813.54412270
12813.62690775
12813.71082480
12813.79289500
12813.86631020
12813.92826099
12814.01129667
12814.11609041
12814.18963605
12814.27229236
12814.34607401
12814.42883321
12814.50045982
12814.56358553
12814.64572131
12814.73959043
12814.81404328
12814.88576547
12814.96977127
12815.04141788
12815.12552876
12815.20696286
12815.28183287
12815.35249303
12815.43714663
12815.49821995
12815.59157560
12815.67463761
12815.74983604
12815.81142355
12815.90498083
12815.98690548
12816.05969701
12816.13329166
12816.21622226
12816.30078078
12816.36231977
12816.44555172
12816.52743443
12816.62177605
12816.69548772
12816.77835005
12816.86039197
12816.93375426
12817.01661611
12817.09948307
12817.16372202
12817.25650325
12817.37121370
12817.43383131
12817.50591799
12817.58966169
12817.65167270
12817.73406375
12817.81805541
12817.90022728
12817.98355700
12818.06799556
12818.15240072
12818.23581699
12818.31868639
12818.41314358
12818.49703991
12818.55817223
12818.64389811
12818.72487652
12818.83533761
12818.90862652
12818.97977453
12819.04169850
12819.13640437
12819.20939267
12819.28111120
12819.34308783
12819.42813616
12819.50965925
12819.60417568
12819.68729547
12819.77131566
12819.84320193
12819.91529788
12819.97698974
12820.06036139
12820.15478128
12820.23863299
12820.31151278
12820.37361108
12820.45617011
12820.54091466
12820.63554592
12820.71650605
12820.79011581
12820.85236600
12820.94656792
12821.02690999
12821.09854270
12821.18213573
12821.25588520
12821.33796710
12821.43166920
12821.50539648
12821.57706601
12821.65969501
12821.74592923
12821.81653551
12821.87871694
12821.96111433
12822.04397715
12822.13917722
12822.21170959
12822.29589898
12822.38874921
12822.46181528
12822.54459935
12822.61925457
12822.70177362
12822.78479321
12822.86380286
12822.94059239
12823.00259072
12823.08613816
12823.16857553
12823.26392994
12823.34796304
12823.42950686
12823.51257594
12823.58624275
12823.64890620
12823.73074112
12823.82501593
12823.90827104
12823.99086909
12824.06486114
12824.13750103
12824.22023439
12824.28232269
12824.35884475
12824.43178940
12824.51563990
12824.59932582
12824.67189963
12824.74412577
12824.81672763
12824.87776852
12824.96136301
12825.04502870
12825.12933195
12825.21254317
12825.30612508
12825.37809620
12825.45221113
12825.51302991
12825.60768751
12825.69193419
12825.76332505
12825.82505519
12825.90798554
12825.99058895
12826.07472373
12826.15866614
12826.25285294
12826.33519791
12826.40822862
12826.49155444
12826.56457540
12826.64901591
12826.71987721
12826.82049058
12826.89270112
12826.95474968
12827.04891917
12827.13180759
12827.21523727
12827.27743309
12827.36055215
12827.44495195
12827.52707920
12827.60994348
12827.70394352
12827.78795322
12827.86132064
12827.94362709
12828.00489545
12828.10042662
12828.18254704
12828.25506307
12828.34056050
12828.41252552
12828.49630750
12828.56791730
12828.64966518
12828.72339757
12828.79528750
12828.85821060
12828.95197878
12829.03586317
12829.11849022
12829.19174646
12829.26508803
12829.33701404
12829.39781552
12829.49268328
12829.57405349
12829.67169873
12829.74354868
12829.81587893
12829.88750847
12829.97107468
12830.03137414
12830.12785544
12830.20994489
12830.28319845
12830.36670298
12830.43924583
12830.50036157
12830.61678746
12830.71128316
12830.79382781
12830.86703456
12830.93823646
12831.02179243
12831.09552775
12831.17773375
12831.26159692
12831.33464227
12831.40708345
12831.46836961
12831.55312903
12831.63569977
12831.72972102
12831.80385887
12831.87460290
12831.95814911
12832.01997849
12832.10295175
12832.18523041
12832.27947158
12832.35251497
12832.43742286
12832.52076233
12832.58270971
12832.66628616
12832.74790092
12832.83092441
12832.92533723
12832.99957358
12833.07042098
12833.16577245
12833.23678443
12833.29874399
12833.39270771
12833.46631990
12833.52813050
12833.61125054
12833.74859188
12833.82221676
12833.90372643
12833.97787526
12834.05982209
12834.13272114
12834.20630823
12834.28818948
12834.34969872
12834.44488880
12834.50710583
12834.60053219
12834.66232718
12834.74660459
12834.82995649
12834.91359194
12834.99779523
12835.07960991
12835.19045866
12835.25767232
12835.33121235
12835.40356333
12835.46535174
12835.54869413
12835.63170958
12835.72537877
12835.84360568
12835.91503456
12835.98696789
12836.06125569
12836.13035448
12836.19274974
12836.27693840
12836.37025626
12836.44467815
12836.51616555
12836.58902950
12836.66535725
12836.74386490
12836.81748319
12836.88850516
12836.96125110
12837.03535385
12837.11735139
12837.19079170
12837.27416287
12837.33440772
12837.42950393
12837.51227752
12837.59522177
12837.65712331
12837.75219538
12837.83515914
12837.91859077
12837.99058017
12838.08531238
12838.16289623
12838.24557327
12838.31938856
12838.39226031
12838.47503829
12838.55876785
12838.64165140
12838.72449496
12838.78636700
12838.86376190
12838.93690794
12839.02064677
12839.09258863
12839.16523071
12839.24920896
12839.33168388
12839.39461771
12839.49435995
12839.56515493
12839.63866522
12839.71104082
12839.79332654
12839.86505239
12839.92815371
12840.00533577
12840.07777135
12840.21477939
12840.28951117
12840.37320684
12840.44484053
12840.52858399
12840.61139780
12840.69513932
12840.76819148
12840.85183060
12840.92237957
12840.99625240
12841.08538430
12841.14996043
12841.26257923
12841.34145967
12841.42136459
12841.50147895
12841.58080678
12841.66263170
12841.74161966
12841.82139999
12841.90219238
12841.98102869
12842.06067591
12842.14113672
12842.22101312
12842.30211783
12842.38175627
12842.49469763
12842.56228334
12842.62209324
12842.73208914
12842.81293102
12842.89306147
12842.97305978
12843.10771701
12843.18659745
12843.24527095
12843.34752321
12843.42690004
12843.50585996
12843.58569052
12843.66717363
12843.72622893
12843.80845054
12843.88674364
12843.99919543
12844.06841540
12844.14840883
12844.22788318
12844.30688357
12844.38745678
12844.46862610
12844.54748654
12844.62839596
12844.76380901
12844.84371418
12844.92229424
12845.00103619
12845.08069633
12845.16076997
12845.24275947
12845.32078120
12845.40090166
12845.52653087
12845.62499921
12845.68410718
12845.76395017
12845.84509950
12845.92418718
12846.00405211
12846.08406968
12846.14282705
12846.22575814
12846.31261017
12846.39186242
12846.47191070
12846.55259216
12846.68650968
12846.75546414
12846.83617827
12846.91006451
12846.99088884
12847.07156688
12847.15121312
12847.23408106
12847.31191068
12847.41152761
12847.48057325
12847.55924987
12847.64078295
12847.70899550
12847.78336595
12847.86447090
12847.94556781
12848.05702779
12848.13646679
12848.26007726
12848.33995707
12848.42185611
12848.50147042
12848.55916502
12848.67003083
12848.75120552
12848.82941670
12848.91010474
12848.99024372
12849.06985558
12849.13944687
12849.21961853
12849.33037048
12849.41117433
12849.49145911
12849.56052206
12849.67436991
12849.77412605
12849.85567133
12849.93365064
12850.01339514
12850.09345830
12850.17348464
12850.25526129
12850.33472638
12850.41393035
12850.49361950
12850.57388965
12850.65415712
12850.73239537
12850.81248656
12850.89298199
12850.97307294
12851.05387460
12851.15486125
12851.23441411
12851.31529427
12851.39313169
12851.45265657
12851.53841707
12851.61915412
12851.69903076
12851.77802091
12851.85790974
12851.93849441
12852.01878187
12852.09800583
12852.16694786
12852.26879540
12852.34839410
12852.42986696
12852.50889344
12852.57689290
12852.65682026
12852.75927512
12852.83966742
12852.91907278
12852.99874389
12853.07863516
12853.15765725
12853.22840469
12853.30716371
12853.40973951
12853.48880231
12853.57032467
12853.64896496
12853.72803508
12853.80767425
12853.88843543
12853.95780022
12854.03726068
12854.15076500
12854.22213001
12854.30001546
12854.37782581
12854.45948958
12854.53822568
12854.61868283
12854.75322987
12854.83259158
12854.91228878
12855.01070641
12855.08761369
12855.15826800
12855.23624682
12855.31595719
12855.42866181
12855.51174114
12855.58903193
12855.67972324
12855.76057317
12855.84036789
12855.91939242
12856.00023430
12856.06968735
12856.14791877
12856.22839226
12856.30762085
12856.38907202
12856.47008506
12856.54875606
12856.62839401
12856.70829040
12856.78810073
12856.84650750
12856.92661186
12857.00631467
12857.08603356
12857.16598067
12857.26701462
12857.34745641
12857.44246290
12857.52213401
12857.60373999
12857.68167883
12857.76365614
12857.84210430
12857.92218477
12858.00388608
12858.08259829
12858.16120663
12858.24132172
12858.32202146
12858.40296380
12858.48159530
12858.56335074
12858.64188936
12858.70077107
12858.77957056
12858.85879623
12858.93894204
12859.10510825
12859.18598987
12859.28748608
12859.36717841
12859.42791185
12859.51189913
12859.59162680
12859.67293582
12859.78410518
12859.86473397
12859.93262835
12860.01264348
12860.09332152
12860.17305188
12860.24072780
12860.37536602
12860.45599969
12860.53640369
12860.61694398
12860.69577810
12860.77478726
12860.84433150
12860.92416231
12861.02704262
12861.10675226
12861.18569511
12861.26660477
12861.34469161
12861.41475711
12861.49507334
12861.57450357
12861.65427196
12861.79958513
12861.88061963
12861.94840551
12862.02813392
12862.10670886
12862.23805784
12862.31580627
12862.39528794
12862.47524480
12862.55575217
12862.63766048
12862.70547635
12862.78552781
12862.88685701
12862.98789998
12863.05645752
12863.13629247
12863.20655789
12863.28689436
12863.36644625
12863.44564022
12863.59224754
12863.66986626
12863.75172288
12863.81946488
12863.89926667
12863.97947172
12864.06101627
12864.13473355
12864.21411550
12864.29415306
12864.37389829
12864.45389122
12864.53377201
12864.61551697
12864.69506447
12864.76212404
12864.84396067
12864.95820885
12865.03428328
12865.11509469
12865.19586489
12865.32945449
12865.40967002
12865.48808381
12865.56893008
12865.64909271
12865.72960935
12865.80951135
12865.87827003
12865.95823079
12866.05963265
12866.13885710
12866.21964803
12866.29833683
12866.40087191
12866.46985612
12866.54463909
12866.62416221
12866.70410200
12866.78492365
12866.86402961
12866.95542089
12867.02473545
12867.10532012
12867.18597232
12867.26291447
12867.34378537
12867.42319975
12867.50343186
12867.58260926
12867.66377956
12867.74350113
12867.82348042
12867.90218336
12867.98197760
12868.06337537
12868.14339220
12868.21208993
12868.33587570
12868.41681316
12868.49559436
12868.57434655
12868.65424855
12868.73498828
12868.80451984
12868.88940750
12868.97119927
12869.10382240
12869.18383387
12869.26371173
12869.34334968
12869.42409428
12869.50390973
12869.58405334
12869.66342823
12869.74266414
12869.82285383
12869.90260979
12869.97160155
12870.05231909
12870.15542591
12870.23537984
12870.32016754
12870.40945498
12870.48889667
12870.57024348
12870.68067800
12870.74971267
12870.82606724
12870.90705151
12870.98676163
12871.06774858
12871.13549472
12871.21745277
12871.32696690
12871.43033971
12871.50973288
12871.59044725
12871.65814317
12871.73802151
12871.84077456
12871.92014311
12871.99992539
12872.07893310
12872.14871554
12872.22865898
12872.30941017
12872.41154955
12872.49119872
12872.56994628
12872.63955976
12872.74169670
12872.82043500
12872.90022801
12872.98004858
12873.08198096
12873.16239252
12873.24313225
12873.34499125
12873.42271530
12873.50287061
12873.57250335
12873.65236171
12873.73295832
12873.81200821
12873.89252558
12873.99429413
12874.07406666
12874.15368096
12874.22281975
12874.30215806
12874.38407026
12874.46257792
12874.54170167
12874.62249699
12874.72446205
12874.80431041
12874.87429009
12874.95397461
12875.03303351
12875.13452826
12875.21621568
12875.29360692
12875.36276862
12875.44262991
12875.52860325
12875.60910356
12875.68871420
12875.76926742
12875.84891902
12875.92734183
12876.02012819
12876.10486932
12876.18585310
12876.26361493
12876.34546034
12876.42487326
12876.52671982
12876.58521485
12876.66443077
12876.74589778
12876.84723357
12876.92514657
12877.00525800
12877.08611427
12877.16565006
12877.22758573
