654.51885999
654.61214653
654.70606551
654.80062352
654.89424066
655.00023406
655.09441538
655.18930814
655.28352505
655.37752766
655.47047945
655.58813717
655.68281415
655.78586062
655.89139882
655.99534934
656.10062252
656.20653838
656.31101869
656.40560425
656.51036177
656.61638564
656.72060069
656.81561072
656.92129301
657.02666054
657.13109989
657.26076253
657.37499107
657.48860399
657.61642636
657.71902982
657.82365398
657.92644445
658.03228571
658.13535437
658.24775897
658.36327238
658.47788223
658.59379769
658.70802988
658.82398800
658.92649785
659.04300356
659.13686988
659.23951724
659.36449825
659.47986733
659.59328788
659.70962708
659.81245973
659.92758841
660.02062992
660.11445894
660.21869739
660.33229446
660.44664369
660.55117568
660.66672567
660.77174602
660.86335710
660.95688697
661.06095695
661.15471648
661.25650733
661.37192809
661.48661061
661.59269274
661.69522209
661.79980310
661.91411575
662.01722098
662.13353457
662.24597794
662.36179465
662.47664393
662.57021572
662.68572036
662.79943690
662.90354150
663.00826001
663.10063812
663.19227822
663.30726842
663.42274599
663.53771254
663.65261618
663.75748342
663.85024211
663.95515543
664.04804944
664.15161547
664.26469079
664.37978826
664.49483722
664.59965520
664.71346025
664.80685406
664.92265566
665.02530374
665.11945386
665.23326646
665.39102909
665.49550135
665.61040695
665.72589647
665.83989412
665.94430080
666.05897526
666.15394019
666.27793378
666.38020932
666.49517050
666.60995322
666.72671420
666.84050827
666.95606801
667.07074564
667.16369353
667.27750882
667.39215305
667.49659654
667.58887884
667.70463264
667.80878869
667.93494048
668.03796768
668.13370036
668.22456100
668.33904066
668.45412717
668.56982149
668.68414072
668.78794056
668.91421523
669.01675994
669.12209504
669.21384632
669.32839522
669.48804786
669.57033251
669.69447799
669.81007722
669.91423790
670.01768422
670.12161011
670.22693083
670.33950878
670.45577093
670.55787337
670.66309925
670.76746863
670.87024398
670.97527701
671.09075361
671.19577932
671.30806982
671.42348254
671.53727953
671.64197952
671.74610484
671.85070925
671.96438971
672.07936869
672.17287807
672.27782772
672.39133897
672.50595687
672.60991129
672.72578358
672.84038052
672.95397832
673.05868586
673.17561386
673.26681071
673.38086809
673.53906885
673.62069570
673.72554368
673.83033192
673.93430291
674.03844872
674.14183920
674.24656040
674.35117066
674.45425102
674.56785273
674.67359402
674.78715208
674.90265379
675.01695718
675.12061561
675.21470794
675.32837669
675.44390107
675.55861918
675.67374518
675.78903575
675.90267208
676.01846319
676.13295089
676.23654398
676.34204513
676.50911103
676.62389984
676.72832115
676.84427561
676.94800353
677.05129064
677.15607986
677.25983435
677.36353399
677.46583611
677.62502210
677.71752942
677.83190303
677.93702870
678.03063610
678.13473704
678.23824431
678.33243270
678.44490289
678.55985554
678.67521950
678.77891084
678.88421474
679.00919161
679.12478548
679.23924076
679.33270528
679.44536515
679.56135204
679.67511222
679.78070747
679.90560339
680.01058157
680.12406307
680.22889106
680.33284742
680.42607911
680.53974152
680.64372300
680.74861998
680.85182468
680.95606777
681.07192373
681.16451151
681.25838076
681.36103397
681.48555808
681.63316508
681.73789700
681.85278992
681.96726446
682.08272351
682.18664623
682.29025906
682.38322329
682.49832442
682.61320685
682.71625357
682.83086099
682.94622909
683.05034320
683.15589115
683.26928879
683.37403802
683.48760681
683.60344376
683.71664537
683.83157974
683.93637334
684.05190699
684.16679771
684.27026378
684.37680135
684.48954314
684.60337671
684.71795609
684.82148847
684.92429552
685.04011516
685.15250147
685.26594957
685.36976429
685.48289081
685.58817081
685.68920951
685.81461914
685.92778443
686.04311864
686.15673717
686.25981046
686.36375805
686.47772693
686.59136252
686.70727066
686.83027682
686.93521866
687.04762838
687.16234941
687.27627075
687.38967424
687.50348489
687.61750277
687.73148848
687.84623706
687.96000358
688.07524807
688.17816508
688.29156344
688.40525999
688.53083639
688.64448563
688.76031673
688.86292142
688.96456744
689.07791169
689.20340445
689.31858263
689.43226113
689.54554784
689.70236644
689.80574912
689.92092681
690.02353710
690.11650669
690.23032612
690.35401518
690.46850777
690.57251680
690.67501079
690.77883160
690.89164751
691.00519655
691.11937194
691.23358682
691.34782779
691.46137220
691.57568168
691.67927965
691.79310103
691.90800272
692.03263387
692.14517647
692.26068744
692.37551916
692.47697819
692.59182893
692.69551393
692.80944795
692.92266248
693.03607255
693.15138531
693.29891088
693.41147810
693.52607479
693.64028480
693.75420638
693.86902689
694.01576763
694.12759050
694.24321241
694.35641549
694.44854564
694.56392276
694.66770968
694.78048780
694.89590491
694.99862248
695.11322087
695.22706395
695.32786372
695.44312308
695.56677119
695.68249671
695.79723823
695.89913440
696.01361504
696.12792160
696.24258021
696.35541051
696.47079275
696.57246657
696.68655833
696.79980603
696.91450609
697.01877868
697.12138702
697.23446307
697.36003215
697.49554597
697.61010268
697.72299124
697.86958302
697.98315156
698.09657845
698.21187122
698.32562262
698.44132742
698.54364490
698.65667878
698.77119720
698.87435509
698.98877527
699.10260249
699.20393084
699.31892372
699.43308667
699.54779990
699.66092252
699.80843907
699.92182671
700.03539696
700.14856761
700.26391767
700.37804454
700.48117439
700.59350195
700.70951468
700.81289614
700.92541412
701.03990572
701.13366842
701.24629709
701.36104274
701.47503796
701.58750887
701.69328162
701.80485093
701.96134429
702.05420733
702.14871072
702.26231414
702.36479741
702.47764452
702.59223609
702.70612598
702.80969054
702.92445156
703.02731005
703.13975147
703.25338682
703.36816807
703.47123746
703.58570054
703.69958189
703.85599943
703.94883516
704.05242728
704.16625621
704.26984028
704.38309627
704.49647781
704.61094747
704.72562072
704.83992557
704.94193317
705.05595227
705.17103024
705.28386834
705.39856669
705.51367587
705.62587177
705.78333769
705.87547710
705.99020643
706.10489211
706.20747485
706.32041729
706.43397487
706.55963782
706.67538992
706.78873026
706.89132324
707.00398506
707.11855688
707.23329498
707.34692034
707.46211094
707.57346156
707.73184054
707.82472674
707.93943681
708.05321332
708.15709435
708.26867853
708.38342346
708.49683523
708.61201633
708.72697215
708.82824174
708.94264948
709.05672783
709.17121603
709.28509762
709.39872663
709.51164396
709.62624577
709.75313752
709.86659123
709.98035312
710.08270961
710.19591634
710.31136978
710.42431685
710.53872557
710.65399029
710.75695777
710.86931190
710.98295017
711.09881467
711.21240662
711.32691067
711.44970690
711.56458129
711.67901951
711.79238691
711.90675783
711.99811097
712.11241996
712.22714831
712.32960135
712.44376527
712.55718875
712.66184631
712.77380889
712.88843557
712.99101660
713.12104886
713.23571308
713.33952682
713.45282766
713.56730294
713.68151782
713.79533676
713.91123515
714.02418173
714.12933886
714.24195850
714.35497799
714.47124355
714.58601773
714.69900796
714.80265591
714.92919267
715.04291774
715.15753930
715.27148307
715.38649448
715.49992283
715.61652583
715.70820177
715.82172448
715.97815786
716.07194202
716.17656715
716.29168389
716.40576833
716.50778105
716.62226924
716.74800655
716.86271393
716.97755443
717.09219086
717.20713035
717.30850770
717.42159643
717.53692698
717.65086222
717.76655508
717.88247394
717.99523402
718.10004152
718.21254194
718.37112864
718.47476343
718.59957231
718.71356435
718.81701945
718.92076419
719.03415963
719.19421748
719.28496011
719.40096822
719.51529915
719.62899155
719.73274605
719.84733786
720.00380757
720.09817540
720.21218988
720.32707792
720.45176246
720.55587877
720.66898212
720.77335906
720.88658018
720.99036636
721.10610750
721.21991254
721.32320769
721.43669554
721.55226795
721.66905258
721.76993427
721.88577414
721.99931100
722.10403585
722.22682794
722.34224846
722.45730766
722.57183389
722.68475561
722.80113796
722.90380628
723.01652490
723.13109843
723.24605620
723.36082697
723.47495262
723.59042410
723.69427294
723.80590321
723.93360659
724.04624988
724.16102651
724.27677227
724.39185584
724.49452807
724.60980401
724.72394990
724.83638717
724.95048917
725.06589213
725.18058415
725.32749020
725.44001061
725.60016794
725.69146182
725.81813073
725.93134990
726.04610604
726.15048029
726.26259403
726.37718682
726.49278044
726.60695949
726.72126848
726.83623357
726.94080970
727.05323209
727.16921581
727.29360486
727.40763615
727.52116862
727.63696509
727.74066497
727.85344869
727.96856543
728.08307362
728.19853193
728.31213363
728.42562586
728.57321141
728.66486150
728.77968689
728.89515080
729.00950661
729.12369248
729.23805755
729.36377633
729.46611771
729.58085727
729.69479055
729.81074355
729.92494990
730.03886612
730.18631489
730.27955754
730.38078471
730.49669456
730.61043523
730.72501827
730.84939073
730.96542346
731.07977414
731.19400488
731.30678836
731.42128801
731.53605171
731.65127596
731.76629932
731.85774291
731.96036052
732.07701032
732.18967921
732.30457018
732.40828956
732.50096634
732.60566023
732.72976353
732.84411275
732.95882086
733.07288458
733.18776653
733.30293056
733.39552152
733.50858513
733.62321206
733.72619928
733.84061506
733.95519371
734.07066470
734.19558769
734.30871152
734.42492540
734.55057226
734.66389382
734.77802362
734.89244233
734.99579600
735.10992409
735.22297966
735.33867276
735.45348522
735.56828524
735.68385424
735.78670323
735.89975514
736.01507936
736.12969604
736.24284914
736.36844942
736.48286106
736.58811376
736.70163696
736.81358929
736.91763611
737.03312246
737.14704258
737.26249724
737.36527698
737.48005384
737.59292583
737.71926803
737.83280707
737.94873106
738.06310101
738.18906774
738.30101861
738.41523861
738.53071814
738.64445735
738.76046033
738.87419540
738.97996668
739.09179297
739.20752703
739.31035090
739.42365320
739.53914053
739.65364335
739.74628843
739.84837185
739.96399010
740.07839833
740.18214843
740.29581889
740.40078316
740.50305895
740.61676086
740.73114056
740.84493366
740.96054337
741.08664566
741.20103731
741.30433393
741.41716129
741.53296582
741.65823647
741.77154292
741.88728381
742.00159988
742.12354034
742.23705428
742.35180408
742.47253330
742.58971973
742.70598603
742.82026601
742.93653986
743.05314896
743.16932699
743.28427623
743.40235890
743.51683759
743.63285057
743.74975930
743.86577398
743.97030306
744.08609076
744.20300973
744.31950569
744.43413383
744.54957069
744.67850336
744.79321367
744.90996124
745.02743878
745.14278738
745.25849901
745.37471971
745.48982182
745.60642945
745.72130066
745.83709738
745.95467586
746.07017635
746.18639949
746.30262141
746.41889892
746.53632404
746.64100160
746.75616514
746.87085034
746.98847660
747.10353848
747.21972188
747.33454921
747.44129597
747.55690788
747.67249932
747.77894205
747.88463751
747.99951921
748.11561411
748.23131964
748.34693179
748.46366694
748.57996493
748.69544957
748.82366227
748.93808147
749.05471519
749.17087932
749.28625767
749.40376081
749.51870054
749.63570972
749.75146109
749.86748747
749.97209944
750.08868781
750.20331278
750.32119456
750.43594436
750.56286536
750.68021734
750.79516438
750.91211822
751.02836745
751.14421513
751.26052311
751.36595477
751.48163251
751.59758234
751.71432406
751.82864061
751.94574123
752.06130047
752.16612675
752.28352359
752.39923083
752.51438950
752.62967349
752.74720588
752.85277773
752.96773892
753.08500166
753.19976902
753.31632008
753.43182228
753.54869712
753.66460623
753.78022887
753.89613921
754.01258543
754.12917721
754.24348133
754.36192899
754.47662613
754.59250062
754.70895782
754.82536236
754.94120418
755.05614927
755.17266888
755.28942231
755.40516222
755.51039761
755.62625211
755.74231532
755.85749300
755.98527392
756.08988638
756.19575908
756.28979436
756.39545861
756.50032488
756.60525697
756.71141420
756.81736980
756.92087073
757.02682877
757.13143099
757.23644402
757.34172988
757.44605879
757.56364823
757.66786767
757.77413291
757.87883753
757.98367258
758.09048883
758.19508666
758.29931780
758.40563107
758.50819309
758.61553109
758.72020401
758.82607915
758.92983804
759.03635245
759.14153859
759.25660315
759.35207739
759.44629431
759.54038834
759.63473619
759.72880633
759.83466782
759.92735216
760.02434704
760.12783358
760.22257006
760.32695309
760.42187657
760.52764102
760.63239684
760.74784150
760.85464799
760.95848757
761.06386388
761.16846561
761.27346573
761.38002305
761.48375584
761.58945642
761.69460160
761.79987819
761.90570141
762.01061594
762.11638064
762.22217972
762.32567333
762.44179456
762.54714381
762.65147906
762.75552905
762.87167953
762.98841638
763.10533584
763.21994204
763.33584311
763.44138374
763.55790701
763.67361742
763.78973938
763.90635579
764.02205060
764.13853656
764.26556801
764.38001769
764.49766540
764.61336948
764.72927445
764.84530303
764.96214105
765.07684161
765.19349166
765.29927099
765.40305742
765.56246698
765.65739801
765.81693509
765.91264948
766.02827700
766.11422610
766.22044136
766.31447737
766.41989147
766.52689399
766.63022669
766.73558935
766.83964568
766.94494153
767.05157663
767.15660015
767.26100610
767.35542367
767.44966692
767.54460576
767.67197171
767.76666113
767.86009713
767.95621990
768.04860118
768.14253845
768.23738293
768.33223644
768.42600450
768.53175579
768.63745539
768.74214489
768.84796567
768.95171041
769.05726348
769.16296528
769.26846886
769.37198441
769.49158529
769.61032722
769.72891288
769.84759386
770.00828951
770.10710492
770.21596404
770.33231128
770.45122218
770.58182080
770.70057420
770.81899796
770.93569092
771.06618470
771.18604304
771.29276859
771.41060063
771.53122014
771.64881763
771.76755177
771.87529083
771.99410396
772.11285565
772.24176394
772.36230177
772.52499715
772.64216335
772.75876683
772.87970719
772.98560111
773.10580225
773.22305207
773.34167527
773.46031236
773.57012795
773.68740118
773.80524882
773.92512033
774.03371199
774.15149356
774.27009287
774.38896866
774.50765183
774.63659255
774.75540397
774.87298269
775.00196535
775.12326850
775.24124268
775.36218572
775.47748263
775.59826549
775.71621090
775.83357653
775.95365186
776.07123692
776.18981209
776.29839108
776.41612535
776.54587820
776.67562129
776.83794584
776.92479045
777.03158671
777.15107519
777.26861514
777.37649294
777.49488403
777.61428498
777.73151969
777.85197023
777.95979610
778.07753744
778.19669897
778.31366768
778.43529607
778.54230127
778.66010186
778.77802581
778.89764132
779.01692158
779.12362885
779.24094767
779.36010530
779.47978638
779.58843900
779.70663115
779.82430569
779.94336725
780.06274163
780.19187423
780.30980233
780.42936663
780.54775943
780.66558098
780.78407448
780.90405911
781.02272327
781.14189918
781.24915599
781.36680371
781.48525941
781.61516464
781.73441248
781.84177340
781.96014036
782.07848586
782.19724778
782.31570812
782.43537921
782.55418332
782.71514960
782.81261040
782.92044553
783.03953294
783.15820441
783.28765811
783.45005604
783.53635159
783.64235815
783.76013826
783.88156819
784.01163458
784.12917990
784.24698292
784.40854629
784.50737096
784.61437568
784.73349820
784.85062124
784.96902867
785.16531267
785.27240711
785.39220839
785.50993315
785.62827354
785.74896107
785.86675458
785.98445180
786.14611099
786.23362559
786.34012123
786.45853816
786.57686904
786.69615271
786.80489993
786.98761400
787.10756035
787.22566205
787.34474190
787.45363589
787.57145135
787.68912857
787.80659684
787.92848246
788.03512341
788.15366956
788.27098155
788.39049734
788.50947260
788.62679069
788.74647251
788.86527296
788.98379839
789.09286012
789.20919614
789.31746330
789.44706182
789.56589104
789.68401882
789.80223875
789.92148537
790.03004315
790.13805309
790.25586977
790.37524658
790.49288138
790.61312664
790.71954963
790.83911515
790.95801702
791.07499743
791.19399829
791.30212209
791.42019282
791.53994754
791.66031544
791.77697183
791.88570271
792.00208823
792.12175273
792.24048833
792.34937866
792.46704101
792.58572955
792.71438160
792.83380401
792.94251709
793.06117467
793.17779010
793.29765551
793.41627261
793.53459690
793.65361092
793.77226046
793.89253741
793.99866856
794.11770989
794.23555778
794.36617395
794.48369904
794.59135496
794.71016321
794.82967558
794.94741741
795.06600599
795.18484277
795.30290935
795.42222082
795.54135724
795.64961757
795.76714071
795.88696320
796.01445448
796.13393564
796.24170201
796.36031278
796.47769255
796.59774642
796.71712884
796.83505816
796.95306696
797.07341121
797.19171916
797.29881945
797.41734464
797.53692942
797.66489710
797.77556407
797.88200363
797.99984421
798.11743219
798.23496751
798.34860530
798.45128874
798.55446370
798.67825199
798.79187930
798.90706723
799.01914634
799.12303542
799.23506723
799.33749833
799.45211038
799.55538359
799.65704668
799.81461232
799.90655961
799.99819801
800.11194746
800.22480993
800.34935404
800.46426232
800.57653770
800.66928201
800.78295929
800.89603534
800.99881606
801.11311945
801.21601061
801.32895671
801.44193914
801.55504372
801.66998881
801.77102946
801.88402749
801.99964379
802.11339910
802.22679966
802.33946855
802.45284449
802.55629373
802.67154115
802.81671225
802.92851220
803.04266735
803.15801717
803.26014765
803.36318802
803.47581888
803.58939181
803.70447051
803.81614393
803.90908450
804.02325063
804.12405137
804.23942362
804.34178523
804.45381802
804.56723686
804.70305593
804.81688925
804.92076857
805.03284135
805.14650596
805.24936616
805.36494198
805.46695153
805.59010885
805.70488572
805.81755461
805.93217446
806.03395556
806.14775572
806.26147909
806.36536743
806.47697575
806.59164851
806.74727781
806.85208385
806.96458256
807.07941623
807.19185716
807.31616380
807.42867421
807.53151222
807.63514725
807.74892620
807.86296945
807.97581485
808.08996293
808.19374961
808.30465649
808.42008359
808.53372089
808.63645017
808.74914441
808.85085846
808.96535251
809.08004160
809.19207610
809.30613909
809.42044565
809.53382963
809.64725750
809.76146970
809.86331590
809.97651459
810.09073020
810.20339495
810.30771995
810.42045418
810.54538521
810.64760590
810.76351648
810.85461800
810.96611198
811.08063382
811.19431476
811.30781236
811.41039339
811.52348383
811.62822721
811.74079370
811.85482110
811.96732761
812.08091444
812.19419432
812.30764925
812.41034878
812.53528395
812.64805110
812.76391828
812.87647087
812.97928402
813.09232130
813.20738805
813.31998283
813.43343288
813.54560196
813.65958157
813.76248736
813.87558341
813.99002747
814.09265581
814.22752792
814.35335080
814.46634835
814.61274996
814.72624902
814.83857974
814.95234480
815.06726502
815.17048435
815.28318421
815.39723135
815.51185632
815.62385766
815.72683611
815.84025203
815.95475437
816.06820759
816.18219232
816.29469517
816.40703516
816.52106939
816.62429262
816.73757249
816.85160476
816.96456306
817.07988922
817.19362453
817.29542441
817.40904415
817.52290673
817.63570265
817.73879788
817.85275823
817.95448569
818.06946345
818.18279501
818.28496011
818.39890364
818.51239733
818.61538505
818.72842111
818.84222420
818.95515007
819.06941006
819.18237737
819.29575916
819.39832508
819.51248194
819.62709082
819.74006374
819.85484450
819.95628573
820.07029728
820.18318828
820.29643183
820.41018128
820.52310251
820.63715624
820.73970924
820.85563201
820.96792299
821.08131331
821.18387314
821.29772475
821.41238020
821.52647903
821.63795228
821.75094153
821.86378962
821.97972190
822.08219298
822.19621598
822.30942808
822.42250779
822.53654908
822.63940684
822.75209426
822.88879031
823.00271896
823.11399034
823.22692400
823.34138270
823.45528502
823.56908957
823.68267665
823.79615913
823.91055248
824.02527766
824.13708273
824.25120253
824.36570608
824.47792100
824.59170629
824.69468742
824.80716614
824.91089844
825.01359188
825.12728038
825.21942809
825.33254583
825.43584464
825.54829508
825.66290810
825.76478453
825.88033305
825.99690289
826.11277373
826.22650172
826.34239012
826.45764460
826.57345717
826.68895132
826.80443426
826.95204955
827.05477760
827.15936226
827.26341737
827.42285107
827.52687058
827.64213946
827.75632630
827.87179144
827.98828204
828.10396368
828.21793451
828.32280346
828.47148907
828.57507460
828.66762532
828.76210653
828.87696239
829.03487911
829.12881077
829.24420423
829.35903034
829.47462811
829.57834676
829.68348317
829.79914140
829.91356230
830.04044015
830.13431915
830.23824967
830.34270292
830.57642482
830.69163176
830.80613117
830.91055638
831.02594399
831.14248018
831.25823447
831.37245448
831.48766922
831.60419908
831.70641879
831.83344975
831.93768382
832.05232269
832.16741967
832.28279606
832.39978086
832.51322653
832.62844396
832.74431748
832.84846084
832.96301657
833.07825936
833.19346118
833.29936900
833.40430913
833.51790401
833.64356867
833.75914644
833.87360587
833.98828009
834.09428713
834.20888261
834.32599224
834.44022199
834.55537042
834.67008926
834.77478291
834.87893895
834.97283892
835.07656683
835.19113110
835.30597574
835.42126655
835.52627642
835.64044474
835.75738541
835.87151910
835.98683357
836.10251594
836.21765291
836.32335641
836.42682906
836.54052537
836.65558895
836.77117185
836.88694906
837.00267020
837.11840987
837.23374847
837.34917362
837.46384516
837.56743094
837.68283488
837.78634727
837.89198494
837.98691622
838.09962509
838.25953056
838.36402404
838.47788687
838.59335395
838.70827979
838.82384318
838.93858640
839.05371069
839.17048777
839.28605677
839.39040786
839.49438617
839.58682352
839.70109741
839.86088415
839.95499549
840.05832771
840.17469518
840.29018568
840.39465624
840.50864316
840.62416218
840.73976995
840.84405009
840.93810219
841.04187229
841.14550439
841.26141521
841.37676064
841.49121055
841.60651063
841.73343066
841.84834967
841.95410291
842.06948344
842.18310368
842.31085436
842.41491191
842.51879221
842.62275077
842.72657499
842.84122654
842.95678213
843.07171991
843.18820587
843.30245245
843.41880579
843.52265268
843.63811538
843.74264836
843.89030997
843.99505530
844.09960291
844.21323996
844.32943921
844.44374333
844.55934159
844.66337207
844.76881763
844.88380392
844.99770917
845.11381479
845.23051678
845.34384785
845.44938971
845.55356136
845.64692446
845.80561478
845.89975807
846.01419677
846.13011564
846.24330286
846.34876548
846.46345043
846.57888168
846.69487710
846.80922560
846.92488798
847.02981105
847.12263606
847.23803293
847.35366020
847.46802308
847.58368424
847.68779542
847.80260471
847.91769658
848.02250554
848.13719488
848.25381226
848.36786160
848.47207762
848.59867046
848.70387513
848.81847060
848.97669793
849.07011369
849.18481107
849.30036569
849.41631186
849.52057397
849.63439680
849.75009917
849.86616700
849.98081855
850.08532129
850.19023120
850.28191420
850.38763331
850.54666790
850.65177553
850.76517292
850.87985226
850.98450934
851.11206497
851.21503879
851.33078528
851.44679533
851.55253907
851.65551215
851.75921203
851.87431560
851.97914870
852.09374271
852.20876314
852.32409443
852.42906260
852.54352324
852.65901642
852.77483728
852.88954685
853.01557258
853.11978227
853.22495866
853.34463901
853.44622409
853.56290681
853.67861820
853.79534700
853.90943242
854.02487049
854.14107437
854.25711783
854.37316640
854.48876320
854.60434805
854.71957888
854.82381490
854.93933855
855.05415369
855.16979413
855.28632179
855.40262807
855.50672024
855.61288649
855.71715249
855.82282162
855.92756354
856.03227474
856.13588709
856.24045639
856.38845105
856.49194564
856.59654810
856.72527987
856.82997937
856.96743318
857.08242923
857.19909732
857.31572519
857.43033211
857.54571997
857.66140307
857.77743238
857.88285233
858.00743033
858.11300608
858.20693701
858.30061681
858.39550250
858.50012081
858.61490084
858.72083986
858.83494869
858.95194325
859.06628589
859.18297763
859.28822496
859.40333829
859.51780064
859.63466061
859.76130708
859.87718036
860.00359619
860.11935341
860.22305572
860.37332732
860.47735951
860.57122534
860.67600773
860.78112170
860.87502216
860.97907702
861.09419644
861.22022437
861.38000891
861.48373902
861.59957670
861.71625381
861.83173870
861.94756882
862.06302713
862.17769111
862.29448282
862.40913339
862.51536230
862.63068213
862.74639644
862.85107692
862.96714207
863.09344282
863.20863465
863.32413368
863.42790256
863.53377868
863.63843209
863.74413828
863.84870539
863.95179818
864.06740911
864.17225124
864.28902685
864.40435058
864.51946951
864.63528037
864.73903364
864.86680481
864.97271238
865.08733345
865.19179353
865.30655528
865.42343256
865.53834766
865.65358532
865.76906802
865.88584826
866.00143750
866.11706282
866.22275121
866.32627335
866.43114814
866.52558254
866.63045100
866.73535164
866.85001172
866.96457159
867.12503173
867.23001648
867.34471386
867.46049205
867.57610469
867.69096957
867.79644926
867.91208433
868.02831918
868.14463521
868.25933917
868.37522293
868.49000004
868.60652599
868.72204014
868.83749650
868.95381692
869.06894243
869.17339105
869.27823756
869.38411514
869.48766337
869.59317085
869.70701417
869.81182655
869.92823840
870.08657033
870.22405486
870.33018844
870.44507550
870.55999792
870.67668479
870.78036638
870.89705959
871.00174592
871.11717863
871.23298925
871.34861383
871.46451783
871.57958166
871.69623634
871.81149522
871.92617407
872.05290027
872.15887343
872.26333472
872.36928398
872.46304888
872.56580205
872.67122102
872.77489067
872.89089731
873.00587263
873.12319584
873.23750435
873.35348783
873.47015543
873.58456756
873.68957620
873.81619147
873.93376751
874.04738628
874.16319324
874.27940858
874.39416618
874.50934070
874.62657516
874.74218732
874.85590410
874.96207084
875.06735743
875.17205741
875.28693131
875.40263855
875.52010073
875.63228883
875.75936319
875.91863159
876.01308134
876.12921135
876.24446169
876.35989416
876.44463640
