654.54478642
654.64854871
654.74255132
654.83204005
654.92090974
655.02557657
655.12037424
655.21328483
655.31579491
655.40754716
655.50276443
655.62203373
655.71582958
655.81199746
655.91788504
656.02266573
656.12737961
656.23384819
656.34970659
656.43253444
656.54057852
656.64285162
656.74899447
656.84281812
656.94765976
657.05325794
657.17019763
657.28660314
657.40168892
657.51727157
657.64204730
657.74768497
657.84966770
657.96304729
658.05892528
658.16355895
658.27973577
658.39109906
658.50757137
658.62126426
658.74648421
658.85117444
658.95490187
659.06963217
659.16334757
659.26715594
659.39175076
659.51994372
659.62522446
659.73734795
659.84207767
659.95453567
660.04742383
660.14145959
660.25532412
660.36097960
660.47606902
660.57911769
660.69358077
660.79852725
660.88994353
660.99475371
661.08743414
661.18117758
661.28588147
661.40057300
661.51433025
661.62028586
661.73236229
661.82522875
661.94140849
662.04518663
662.15983062
662.27346500
662.39030912
662.51327846
662.59696575
662.71244673
662.82823297
662.93014426
663.03459483
663.12753199
663.22031872
663.34533923
663.45028985
663.56511865
663.68055477
663.78534887
663.87640772
663.98183304
664.08445748
664.17822969
664.29193793
664.41115822
664.52331755
664.62702816
664.74198178
664.84498681
664.95144953
665.05223223
665.14699333
665.26164171
665.42125461
665.52295062
665.64664432
665.75591573
665.86621430
665.97103644
666.08550903
666.17938144
666.30472159
666.41841472
666.52396657
666.64114666
666.75355053
666.86898422
666.98290166
667.09676546
667.20233072
667.30684102
667.41983564
667.52680622
667.61864600
667.73340262
667.83756964
667.97287013
668.06462164
668.15920866
668.25454686
668.36691538
668.48345961
668.59618799
668.72180072
668.82051250
668.94164913
669.04536949
669.14911179
669.24237224
669.35715789
669.52493011
669.59750091
669.72308072
669.83885769
669.94158111
670.04520614
670.14983127
670.26470395
670.36834166
670.48660865
670.58775926
670.69069699
670.79520632
670.90013061
671.01188253
671.11662689
671.22209682
671.33684979
671.45201651
671.56597125
671.66958823
671.78453796
671.87841427
671.99215032
672.10938283
672.19993139
672.30429175
672.42256460
672.54275232
672.63774894
672.75310875
672.86781442
672.98248352
673.08623509
673.20188479
673.30396748
673.40967464
673.56783225
673.64950688
673.75439899
673.85702513
673.96076646
674.07638861
674.16817182
674.27292228
674.37807282
674.48598206
674.59727124
674.70110058
674.82541039
674.93102953
675.04471657
675.14760456
675.24233592
675.35697625
675.47271055
675.59625992
675.70199780
675.81588451
675.93135136
676.04408949
676.15957706
676.26420488
676.37955932
676.53740680
676.65211345
676.75602983
676.87066138
676.97437711
677.08913886
677.18272285
677.28647856
677.39220449
677.49474750
677.65305528
677.74584787
677.87054460
677.96828944
678.05746145
678.16223677
678.26519474
678.35787347
678.47792514
678.58819032
678.71473805
678.80650542
678.91182663
679.03749299
679.15114297
679.26693310
679.35948041
679.48414789
679.58901025
679.70459022
679.80735680
679.93397840
680.03890147
680.15150722
680.26513111
680.35888406
680.45514921
680.56839618
680.67060077
680.77557772
680.87901234
680.98455883
681.10732508
681.19202978
681.28479091
681.38950869
681.51320459
681.66172953
681.76655678
681.89220120
681.99719839
682.10974367
682.21346402
682.31695886
682.41022005
682.52552719
682.65287072
682.74567354
682.86140638
682.97507587
683.07700545
683.18258583
683.29540100
683.41291121
683.51482251
683.63048952
683.74548605
683.85999839
683.96497046
684.07965419
684.20355172
684.29623166
684.40388564
684.51659451
684.63119730
684.74584445
684.84827726
684.96275472
685.06647606
685.18015066
685.29456742
685.39693098
685.50967325
685.61427376
685.72599862
685.84285640
685.95860875
686.07021560
686.18290205
686.28667531
686.39168030
686.51452945
686.62015908
686.73486450
686.85813861
686.95983243
687.07541410
687.18922768
687.31491111
687.41754481
687.53024368
687.64643464
687.76111325
687.87479761
687.98652271
688.11270546
688.20462375
688.31838344
688.43389904
688.55869939
688.67136804
688.78588379
688.89966640
688.99154128
689.10718513
689.23190893
689.34464608
689.45832776
689.57264041
689.74002668
689.83337246
689.94889514
690.04984168
690.14269424
690.25804845
690.38187039
690.50558799
690.59820600
690.70187394
690.80574107
690.91941860
691.03594187
691.14794614
691.27161521
691.37522171
691.48897848
691.60256848
691.70643781
691.82095623
691.93381018
692.07226141
692.17496849
692.28792654
692.40360014
692.50835083
692.61790774
692.72362904
692.84573164
692.95430161
693.06524165
693.17995147
693.32573404
693.44018567
693.56308772
693.66860056
693.78559438
693.89602486
694.04164579
694.15643241
694.28078927
694.38410149
694.47549754
694.58967634
694.69432171
694.80713956
694.92361602
695.03634928
695.14005769
695.25473094
695.35755798
695.47029172
695.59592346
695.70965560
695.83524468
695.92604973
696.04170626
696.15656553
696.27111297
696.38283076
696.49748255
696.61123468
696.71392251
696.82866085
696.94233350
697.04466195
697.14741829
697.26170876
697.39705678
697.52237986
697.63798982
697.75166881
697.90027153
698.01192325
698.13682697
698.24136507
698.35334227
698.46894882
698.56967252
698.68531466
698.79837560
698.91449829
699.01572765
699.12984501
699.23270033
699.34737358
699.46200416
699.57489881
699.69853351
699.83601072
699.94884711
700.06438344
700.17806975
700.29203278
700.41755432
700.50956427
700.62324448
700.73802330
700.84039003
700.95504060
701.06864060
701.17441358
701.27510266
701.38916809
701.50652178
701.61741500
701.71994582
701.83389812
702.00634952
702.08703966
702.17629604
702.29405127
702.39283011
702.50753407
702.62213978
702.74574547
702.83852098
702.95223582
703.05501970
703.17062137
703.28634690
703.39722062
703.51174198
703.61368228
703.72833822
703.88580389
703.97768024
704.08126553
704.19497134
704.31073587
704.41536710
704.52704320
704.63996833
704.75663594
704.86719564
704.97814518
705.09563442
705.19983070
705.31449151
705.42774603
705.54149207
705.65515424
705.82330973
705.90523549
706.01874771
706.13256543
706.23621265
706.34988067
706.46345141
706.59922878
706.70588509
706.81646429
706.91900145
707.03295399
707.15177419
707.26217736
707.38708133
707.48871541
707.60334331
707.76193343
707.85363350
707.96827554
708.09217477
708.18584702
708.29942751
708.41419560
708.52737039
708.63987300
708.75872831
708.86803507
708.97210822
709.08456353
709.20003452
709.31184447
709.42751197
709.54128166
709.66677224
709.78145962
709.89511253
710.00793892
710.11169170
710.22533217
710.33915550
710.46431669
710.56603074
710.68157487
710.78458891
710.89831399
711.01294700
711.12741447
711.25217533
711.35395960
711.48052074
711.59515522
711.70990843
711.82153455
711.93562363
712.03798646
712.14531300
712.25576615
712.35961841
712.47727198
712.58700736
712.68892231
712.81448066
712.91931962
713.02108072
713.14878289
713.26259817
713.36630366
713.48243488
713.60621294
713.70949786
713.82414258
713.93798907
714.05255650
714.15629027
714.27278160
714.39648822
714.49947739
714.61507541
714.72867882
714.83140444
714.95703959
715.07285313
715.19663753
715.30118294
715.41578840
715.52860041
715.64339751
715.74034339
715.84970817
716.01865092
716.10258323
716.20904084
716.32121845
716.43594753
716.53712130
716.65103630
716.78745782
716.89229043
717.00616350
717.11894552
717.23793370
717.33737325
717.45664230
717.57776113
717.68144736
717.79532140
717.90897333
718.02359415
718.13124204
718.24304077
718.41003329
718.50257231
718.63051439
718.74258863
718.84573359
718.95290678
719.06477768
719.23194647
719.31555744
719.43019558
719.54198603
719.65780639
719.76135657
719.87610077
720.05257771
720.13200370
720.24173078
720.35389474
720.48031594
720.58517464
720.69898407
720.81251970
720.91530164
721.01923216
721.13479043
721.24780505
721.35169461
721.46872988
721.59112603
721.69540593
721.79885249
721.91226646
722.02696750
722.13159531
722.26118018
722.38342443
722.48487054
722.59945357
722.71412438
722.82796136
722.93143206
723.05033905
723.17653619
723.27585359
723.39554907
723.50333178
723.61716193
723.72422223
723.83547629
723.97303933
724.07673238
724.19059057
724.30417301
724.42286082
724.52126712
724.63818243
724.76201852
724.86514252
724.98578592
725.09442537
725.20817263
725.35593274
725.48146550
725.62913199
725.71984512
725.85043546
725.96027348
726.07349362
726.19131639
726.29301167
726.40687035
726.52243716
726.63815391
726.75001847
726.86467587
726.98015905
727.08221516
727.19659998
727.32330838
727.43746573
727.54992567
727.66449896
727.78022010
727.88287501
727.99781864
728.11229074
728.22697350
728.34164747
728.45441120
728.60449701
728.69729545
728.81044196
728.92836348
729.03801035
729.15289327
729.27838604
729.39116855
729.49480552
729.60951705
729.72518138
729.83988168
729.95387153
730.07737433
730.21803520
730.31012708
730.41383622
730.52488671
730.63953728
730.75765750
730.89180696
730.99355515
731.10684039
731.22753816
731.33722404
731.45196165
731.56661320
731.69225396
731.79496666
731.88639171
731.99399888
732.10670824
732.22434669
732.33422543
732.44786127
732.52870988
732.63340060
732.75807905
732.87292930
732.98737629
733.10210390
733.23029320
733.33324264
733.42741859
733.53814115
733.65195595
733.75905038
733.87027836
733.99843353
734.10116304
734.22528975
734.33792548
734.45538717
734.58194978
734.70625300
734.80664512
734.92122035
735.02423878
735.13899517
735.25365379
735.36832411
735.49202049
735.59671487
735.71149295
735.81839234
735.92887133
736.04808967
736.15900630
736.28663411
736.39892656
736.51235613
736.61623960
736.72893799
736.84459305
736.94830951
737.07389005
737.17871926
737.29134840
737.39304222
737.50877262
737.62541633
737.74861754
737.87532521
737.97630515
738.09530699
738.21741008
738.33132215
738.44585301
738.55961612
738.67520560
738.79742450
738.90353492
739.00826489
739.12098352
739.23568553
739.34736066
739.45336161
739.56750627
739.68215806
739.77509718
739.87868637
739.99332499
740.11928368
740.21083771
740.32394326
740.42843674
740.53346782
740.64624959
740.76242470
740.88563347
740.99391745
741.11463448
741.22918777
741.33211941
741.44767671
741.56239506
741.69898675
741.80149514
741.91500785
742.03316440
742.15680129
742.26658007
742.38118895
742.51295566
742.61858090
742.73826272
742.85095696
742.96669931
743.08600323
743.19899907
743.31382664
743.43143218
743.54959190
743.66347862
743.77783710
743.89525223
744.01010370
744.11672685
744.23156759
744.34804722
744.46591047
744.58148800
744.71805824
744.82387146
744.94353426
745.05576552
745.18363421
745.28722681
745.40301280
745.52407604
745.63532377
745.75192091
745.86674995
745.98345876
746.10043308
746.22612748
746.33177832
746.44952332
746.56736828
746.66954605
746.78583210
746.90242485
747.02910692
747.13381666
747.24962045
747.36628489
747.46991967
747.58595288
747.70187126
747.81754461
747.91331216
748.02930514
748.14819312
748.26169681
748.37834247
748.49407848
748.61887079
748.72655500
748.85312150
748.96808244
749.08568579
749.20031832
749.32545732
749.43158627
749.54992738
749.66545810
749.78034566
749.89797533
750.00554373
750.12924158
750.23495215
750.34980777
750.46612380
750.59344221
750.70848507
750.83433844
750.94534284
751.05672612
751.17365144
751.28909390
751.39567365
751.51049392
751.63512677
751.74175285
751.86129984
751.97414305
752.09231496
752.19544043
752.31041307
752.44177798
752.54309658
752.65825988
752.77472317
752.88380075
752.99696823
753.11290417
753.23928708
753.34507080
753.46001857
753.57663303
753.69766409
753.80883770
753.92560380
754.04120035
754.15651920
754.27266481
754.38841082
754.50502137
754.62071155
754.74828084
754.85312199
754.97232131
755.08540711
755.20117750
755.31785437
755.43359916
755.53749896
755.65418851
755.77420191
755.88838266
756.01303039
756.11868952
756.23745583
756.31843220
756.42391652
756.52866136
756.63346204
756.74357215
756.84494707
756.94960463
757.06523946
757.15964679
757.26530177
757.37346287
757.47690651
757.59134326
757.69965357
757.81777550
757.90753705
758.01327078
758.11779644
758.22270976
758.32782739
758.43355235
758.55243496
758.64669601
758.74892084
758.85814519
758.95940868
759.06753224
759.16988166
759.29643305
759.38018640
759.47503942
759.57121900
759.66347715
759.75940220
759.86213196
759.95794315
760.05458914
760.16827520
760.25430232
760.35577841
760.44947090
760.55623692
760.66395283
760.77658807
760.88163548
760.99821654
761.09638901
761.20010425
761.30239345
761.40875231
761.51359176
761.61920505
761.73692908
761.82864671
761.93695093
762.03922842
762.14408834
762.25375521
762.35432775
762.48153108
762.57588990
762.68003912
762.79027820
762.90156006
763.01733045
763.13399781
763.26061381
763.36890267
763.47756577
763.58773952
763.70379930
763.81937318
763.93712062
764.06181174
764.16750037
764.29413880
764.41086102
764.52743598
764.64531093
764.77131545
764.87604396
764.99076646
765.10680650
765.22313009
765.32817433
765.43382736
765.60219399
765.68796121
765.85249077
765.94520753
766.05821604
766.14573869
766.24792427
766.35482292
766.44846006
766.55346530
766.66191726
766.76301253
766.86989095
766.97763586
767.08950579
767.18499954
767.29324963
767.38466128
767.47860342
767.57428368
767.69982107
767.79510051
767.89981634
767.98752282
768.07875575
768.17226075
768.26607904
768.36005775
768.45552029
768.56035023
768.67698858
768.76990063
768.87475933
768.98216657
769.08640356
769.19505935
769.29681778
769.41346271
769.52370496
769.63997345
769.75883973
769.88129659
770.04237332
770.14653765
770.24237712
770.36228617
770.48195824
770.61447466
770.72813732
770.85888393
770.96666177
771.09710630
771.21723575
771.32254453
771.44122722
771.57073333
771.67951468
771.79820932
771.90843646
772.02470958
772.14195843
772.28241865
772.39072311
772.55254565
772.67098672
772.78969769
772.90840037
773.02713426
773.13828568
773.25551722
773.37220531
773.48984522
773.59856172
773.72716769
773.83592198
773.95462539
774.06248100
774.18192925
774.30069264
774.43036820
774.53629357
774.66792180
774.78807880
774.90382676
775.03274261
775.16129031
775.27183172
775.39307855
775.50726637
775.62606657
775.74380523
775.87824727
775.98296285
776.10180231
776.22048378
776.32709645
776.44597126
776.58893954
776.70610306
776.86686893
776.95377718
777.06228644
777.18143236
777.31009173
777.40984702
777.52475383
777.64653875
777.76302594
777.88074095
777.99048608
778.11796930
778.22937672
778.34409678
778.46518123
778.57776211
778.68954841
778.81773283
778.92795802
779.04815769
779.15432126
779.27317608
779.39168591
779.51846940
779.61709586
779.73564762
779.85403408
779.97284282
780.09349110
780.23075010
780.34119301
780.45988033
780.57681540
780.69833213
780.81752121
780.94467066
781.05484245
781.17501750
781.27783186
781.40090336
781.51668813
781.65535952
781.76313589
781.87676954
781.99401034
782.10842417
782.23198402
782.35552046
782.47016275
782.58482941
782.74455373
782.84473739
782.95014393
783.07921923
783.18834241
783.31954153
783.47956403
783.56943261
783.67316199
783.80309940
783.91040083
784.03926207
784.15792281
784.27671375
784.44326741
784.54676176
784.64315053
784.76318100
784.88189953
785.07635277
785.19460660
785.31279923
785.42160301
785.53936313
785.65885892
785.77848198
785.89632328
786.02732809
786.17846228
786.26220832
786.36990862
786.48903504
786.60831921
786.73702124
786.91307176
787.01936869
787.13795776
787.25486601
787.37437887
787.49360232
787.60283375
787.72204501
787.83740556
787.95982926
788.06467748
788.19372181
788.30141602
788.42363150
788.53799804
788.66142306
788.77623308
788.90678514
789.01601315
789.12223304
789.24087818
789.34813451
789.47687018
789.60506680
789.71524956
789.83600048
789.95136493
790.05985493
790.17353294
790.28626425
790.41492971
790.52313860
790.64236376
790.75400573
790.86833934
790.98751916
791.11638089
791.22308766
791.33277989
791.45152767
791.56925658
791.68887233
791.81545712
791.91518778
792.03783335
792.15563710
792.26959867
792.37728946
792.49789166
792.62819917
792.74602146
792.86339806
792.97208116
793.09096767
793.20846106
793.33907577
793.44581376
793.56458544
793.68432089
793.80314963
793.92361992
794.03843190
794.14630579
794.26604247
794.39558271
794.51434098
794.62101143
794.75062409
794.85841753
794.98204515
795.09587653
795.21582166
795.33344597
795.46106695
795.56950965
795.67714656
795.79983967
795.91555666
796.04598389
796.17568529
796.27257534
796.39097691
796.50881943
796.62747238
796.74634280
796.87984665
796.98422798
797.10281071
797.22048402
797.32928707
797.44788687
797.57661035
797.69551954
797.80729390
797.91279528
798.03044446
798.15131046
798.26408346
798.37820277
798.48042492
798.58512442
798.71077176
798.82059905
798.93421222
799.05886531
799.15068875
799.26537687
799.36797497
799.47938312
799.58323758
799.69024644
799.85321293
799.93527376
800.02591229
800.14301193
800.25668263
800.38194134
800.49262343
800.61725628
800.70056103
800.81083693
800.92840809
801.02915276
801.14086494
801.24457530
801.36721843
801.47151223
801.58389123
801.69834919
801.80009128
801.91480354
802.02846376
802.15216282
802.25409703
802.36953730
802.48638142
802.58510126
802.69799494
802.85636221
802.95905589
803.07525587
803.19241670
803.28820131
803.39094058
803.50710253
803.62936726
803.73208167
803.84662813
803.93745074
804.05456183
804.15927474
804.26707817
804.38221173
804.48261823
804.62326082
804.73199633
804.84544200
804.94854186
805.06317195
805.18987182
805.27966458
805.39429784
805.49403411
805.61970047
805.73444588
805.84708576
805.97290572
806.06270872
806.17623776
806.29092540
806.39479716
806.50448329
806.62015249
806.78779159
806.88053371
806.99169342
807.10616308
807.22065347
807.34879011
807.45781210
807.57222154
807.66369000
807.77728244
807.89194374
808.00984209
808.11851470
808.22049110
808.34848730
808.44795416
808.56132351
808.66504826
808.77694159
808.88060051
808.99632970
809.11813875
809.22072710
809.33462723
809.44906812
809.56578376
809.68046773
809.78917960
809.90391209
810.00580217
810.12028671
810.23312480
810.33517824
810.45044418
810.57433854
810.68840372
810.78938245
810.88094721
810.99650963
811.11015717
811.22114304
811.33665889
811.45025596
811.55796309
811.65970152
811.76943471
811.88309005
812.00032305
812.10995115
812.23898086
812.33556565
812.43837319
812.56481169
812.67772537
812.79242470
812.90531936
813.02064772
813.12203799
813.23478831
813.34759057
813.46616842
813.57543422
813.69182510
813.80241625
813.90434875
814.01900688
814.12159840
814.26841985
814.38087833
814.50454351
814.64631664
814.75398134
814.86861607
814.98398978
815.09485399
815.21326166
815.31197662
815.42882854
815.53867022
815.65229021
815.75600228
815.86954206
815.99567921
816.09704242
816.20956064
816.32347271
816.44160854
816.55109645
816.65312843
816.77938822
816.88008437
816.99508554
817.10854510
817.22114085
817.32404956
817.44185673
817.56478658
817.66409424
817.76784678
817.88148700
817.98808772
818.09837508
818.20913690
818.32386671
818.42648285
818.54014527
818.64705611
818.75653110
818.86923169
818.98554333
819.10910903
819.21088964
819.32359876
819.42835043
819.54335306
819.65579984
819.77242868
819.89660196
819.98589368
820.10256153
820.21126657
820.32509624
820.43966245
820.55328268
820.67598457
820.76847361
820.88253075
820.99925638
821.10906246
821.21267896
821.32645230
821.45112173
821.55381687
821.66647138
821.78173001
821.89639935
822.00721846
822.11304509
822.23349783
822.33834434
822.44964498
822.56327009
822.66904064
822.78182144
822.80577326
822.91542159
823.04105333
823.14629848
823.25745331
823.37138269
823.48494734
823.59863633
823.71229898
823.83479314
823.93918105
824.05200842
824.16876184
824.28019047
824.39291568
824.50683775
824.63046148
824.72599204
824.83597805
824.94047738
825.04226336
825.15577680
825.24657210
825.37273925
825.46404703
825.57934151
825.69058996
825.79436835
825.91744302
826.02586865
826.15037716
826.25855801
826.37247959
826.48898848
826.60266357
826.71657881
826.83314840
826.98075028
827.08437726
827.19218508
827.29378674
827.45168956
827.55865673
827.68084466
827.78651988
827.90124921
828.01707957
828.13223556
828.24649091
828.35041461
828.49988699
828.60358931
828.69742564
828.79506906
828.90566093
829.06452875
829.16810161
829.27285401
829.38878409
829.50636013
829.61292940
829.71275393
829.82859063
829.95330053
830.06904532
830.16432768
830.27050832
830.37241864
830.60490344
830.73056249
830.83556455
830.94029965
831.05585499
831.17294658
831.28866187
831.40034187
831.53100827
831.63052999
831.73497836
831.86584835
831.96628996
832.09309759
832.19690426
832.32348515
832.42868153
832.54347546
832.65713372
832.77294361
832.87811098
832.99160979
833.11560143
833.22241768
833.32632211
833.43387613
833.54743224
833.67236351
833.78813366
833.91451487
834.01941843
834.12494078
834.24175858
834.35436871
834.47363508
834.58262050
834.71162070
834.80193984
834.91172179
835.00132145
835.10593756
835.22380861
835.33846820
835.46120056
835.55497496
835.67069854
835.78710698
835.90202671
836.01941014
836.13062349
836.25807892
836.35087419
836.45661061
836.57029716
836.68590956
836.80316523
836.91738743
837.04203174
837.14674708
837.26250284
837.37819131
837.49050204
837.59509353
837.71133106
837.82719580
837.92001642
838.01457028
838.13328808
838.29097976
838.39184926
838.50656079
838.63133383
838.73780167
838.85261462
838.96914618
839.08260916
839.19902515
839.31394660
839.42939979
839.52148289
839.61605406
839.73093966
839.87684000
839.98330297
840.08730931
840.21349840
840.31877914
840.42644141
840.53911688
840.65185720
840.76759029
840.87322845
840.97607378
841.07071249
841.17445089
841.28979607
841.40618354
841.52005807
841.63608153
841.77148246
841.87666129
841.98412558
842.09689711
842.21256778
842.33912502
842.44284514
842.55754471
842.65230289
842.75858763
842.87274961
842.98959763
843.10335099
843.21790233
843.34576029
843.44742583
843.55574711
843.66644943
843.77129034
843.92138200
844.02281396
844.14027809
844.24293374
844.35765258
844.47632307
844.58823225
844.69375168
844.79775291
844.92271320
845.02736856
845.14672051
845.25701860
845.37344776
845.47823234
845.58299011
845.69068724
845.83422897
845.92698742
846.04372841
846.16148487
846.27412450
846.38994536
846.49369692
846.60740224
846.72955385
846.83793584
846.95279804
847.05817094
847.16503473
847.26684021
847.38097122
847.49858042
847.61232792
847.71907834
847.83276465
847.95748747
848.05222297
848.16504985
848.28256469
848.39927667
848.50309284
848.62675363
848.74236676
848.84714549
849.00607743
849.09969994
849.21332993
849.33012163
849.45378266
849.55039281
849.66517992
849.78228833
849.89547019
850.01015417
850.11308970
850.22986093
850.31245887
850.41627066
850.57442436
850.68008349
850.79571613
850.91077971
851.02428340
851.13984363
851.24561174
851.36323093
851.47550997
851.57920083
851.68389496
851.79959269
851.90391063
852.00860525
852.12241004
852.23896940
852.35389718
852.45769531
852.58838317
852.69179901
852.80245184
852.91907142
853.04467098
853.14873559
853.25249667
853.38412490
853.47594176
853.59661344
853.70759566
853.82417720
853.93897747
854.05450258
854.18101862
854.28595047
854.40269268
854.52113717
854.63388115
854.75620367
854.85352452
854.97802133
855.08595154
855.19949790
855.31518807
855.43003199
855.53500918
855.64135220
855.75559877
855.84955457
855.96000309
856.06228376
856.16351190
856.26941240
856.41784006
856.53074496
856.62630892
856.64914775
856.75686219
856.85960561
856.88151065
856.99650646
857.11394791
857.22967125
857.35536540
857.45901798
857.57435561
857.69009381
857.80819184
857.91083871
858.03708241
858.15191316
858.24049150
858.33026377
858.42422689
858.52807695
858.64370569
858.75181144
858.86751210
858.98946086
859.09689638
859.21098595
859.31939720
859.43199465
859.54782380
859.66342595
859.80314621
859.90663520
859.92752112
860.03230083
860.14790957
860.25622744
860.39998054
860.50572403
860.61127881
860.70404726
860.80771739
860.90158371
861.00728405
861.12510072
861.25363428
861.41864390
861.51443607
861.62923853
861.74505281
861.86252108
861.97618227
862.09533356
862.21652066
862.32431556
862.43821812
862.54473424
862.66337256
862.77615263
862.87782596
863.00560859
863.12049590
863.24113516
863.35299777
863.45658428
863.56656176
863.66813513
863.78570702
863.87678026
863.98223362
864.10090022
864.20511746
864.31747939
864.43250884
864.55835855
864.66419005
864.76981676
864.89880429
865.00599527
865.11672466
865.22250545
865.34830468
865.45682662
865.56867607
865.68417680
865.79894245
865.91457070
866.02977594
866.15576925
866.25121545
866.35743924
866.46000492
866.55442152
866.65914320
866.76387049
866.88055297
866.99782912
867.15409696
867.25769444
867.37536824
867.48958678
867.61567762
867.72247777
867.82714631
867.94108057
868.05854104
868.17322404
868.28892592
868.41460861
868.52128223
868.63498048
868.75073819
868.86601926
868.98256520
869.10486602
869.21311440
869.30793085
869.41139764
869.51714723
869.62446597
869.73858747
869.84231027
869.97097914
870.11724885
870.25497206
870.36147331
870.47395300
870.59131717
870.71616165
870.81435559
870.92656197
871.03120100
871.15042300
871.26182847
871.37823447
871.50321719
871.60832994
871.72869369
871.84023009
871.95525613
872.08176070
872.18836874
872.30201384
872.39934347
872.49055861
872.59453399
872.70305934
872.80402441
872.92146758
873.05061919
873.15004095
873.26814556
873.38294949
873.49971340
873.61333729
873.72301903
873.85594433
873.96055727
874.07722219
874.19188032
874.30897776
874.42469622
874.53814140
874.66676590
874.77490213
874.88563469
874.99029566
875.09506318
875.19989043
875.31563181
875.44216393
875.54732204
875.66299831
875.78964357
875.94829196
876.04355335
876.16681088
876.27311537
876.39032935
