153.19432182
153.27404584
153.37375029
153.45142875
153.53242472
153.61078730
153.68060656
153.76134434
153.86345056
153.94277034
154.01101215
154.09059256
154.19246253
154.27226188
154.35278413
154.48801213
154.56671141
154.64750551
154.72574522
154.80590297
154.88686383
154.95811937
155.05795548
155.13882102
155.21931791
155.29712217
155.35527757
155.43661195
155.53708075
155.65101222
155.72938285
155.86314653
155.94404839
156.02518236
156.10316436
156.17290559
156.28339496
156.36511919
156.44388138
156.52347398
156.59325935
156.67299604
156.81861618
156.91933171
156.98826935
157.06812648
157.14833690
157.22841883
157.31922058
157.39898117
157.45757909
157.53582855
157.61670871
157.69637811
157.81087352
157.88984831
158.01358702
158.09264032
158.17428848
158.25217490
158.33199620
158.40696374
158.49241996
158.57108877
158.64149878
158.72145490
158.80114210
158.90219629
158.98200490
159.06182766
159.14238722
159.22147952
159.35712346
159.43603656
159.50554691
159.58590313
159.68653869
159.76522798
159.84702828
159.90438106
160.00630028
160.14087414
160.22186279
160.29066292
160.36958139
160.48143341
160.56108965
160.64110307
160.72201127
160.80198739
160.88114894
160.96159097
161.06234820
161.13241736
161.20076644
161.31319361
161.39297541
161.47354106
161.55402820
161.63419448
161.70187065
161.78166586
161.86166953
161.94160469
162.02185899
162.14560087
162.23087156
162.31013745
162.39018891
162.47006579
162.56637179
162.64821475
162.72621089
162.78502288
162.87106814
162.95054665
163.03155042
163.11008733
163.18452750
163.26976040
163.34968970
163.43023438
163.50990696
163.58989600
163.66972290
163.74937816
163.82926724
163.91036025
163.98914926
164.07073890
164.14851391
164.22925973
164.30820868
164.38896742
164.48473265
164.56333636
164.64383081
164.72292873
164.80389715
164.88502356
164.97499050
165.05396700
165.13391362
165.21467114
165.29324511
165.38995948
165.46901034
165.55087867
165.62955089
165.70949507
165.81233930
165.89197042
165.96956233
166.05152086
166.13162132
166.21114614
166.28956017
166.37044814
166.45130709
166.53214483
166.60980865
166.68991935
166.76922914
166.85034189
166.93102530
167.02072454
167.10442534
167.18117854
167.25932901
167.34196045
167.42146699
167.49915471
167.57936684
167.65952727
167.73951509
167.81960239
167.89906870
167.97875224
168.05915673
168.13886173
168.21957366
168.30937604
168.38930802
168.48722852
168.56564011
168.64585687
168.72562258
168.82610332
168.89593209
168.97573071
169.05714701
169.13516655
169.21617984
169.29544135
169.37697004
169.45520560
169.53424354
169.61628424
169.69453125
169.77553795
169.85536096
169.98944695
170.06985363
170.14884256
170.22870726
170.30824842
170.38829256
170.46883139
170.54793954
170.62827259
170.71139727
170.78803124
170.86803223
170.94666056
171.02711309
171.10813783
171.18909406
171.29977019
171.37055444
171.44919935
171.52799494
171.60882196
171.68877077
171.76752588
171.84749542
171.92908726
172.00888320
172.09037533
172.16822981
172.24961832
172.32697616
172.40778245
172.53143900
172.61071002
172.69336511
172.77174379
172.87259317
172.94026056
173.02111756
173.10204551
173.17685677
173.26276843
173.34131289
173.42127706
173.50023820
173.58131926
173.66016849
173.74142778
173.82127321
173.90002516
173.98168551
174.06136345
174.13941128
174.21909848
174.29978091
174.38033681
174.45955029
174.54020541
174.62009205
174.69979900
174.77861117
174.85943185
174.93864142
175.02156691
175.10009455
175.18111929
175.29138484
175.36064480
175.44039295
175.52094495
175.60077283
175.68056901
175.75991098
175.83993635
175.92079262
176.00055394
176.08010997
176.15912377
176.23896213
176.31948658
176.39822902
176.52219252
176.60266893
176.68267016
176.76341477
176.84204140
176.92213698
177.00124318
177.11436814
177.19646710
177.27418993
177.35614627
177.43559795
177.51252889
177.59281074
177.67291461
177.77466585
177.85459808
177.93533585
178.01527052
178.09584787
178.17474367
178.25467078
178.33627286
178.41508845
178.49503701
178.57432559
178.65445408
178.73420663
178.81389919
178.89477472
178.97347742
179.05435441
179.13450193
179.21398555
179.29476794
179.37389804
179.45352722
179.53322954
179.61283433
179.69352286
179.77269977
179.85311084
179.93299918
180.01379621
180.09299360
180.17248282
180.25217051
180.33304775
180.41218589
180.49250749
180.57337205
180.65336986
180.73452285
180.81087693
180.89291787
180.97167323
181.05173224
181.13167252
181.21145481
181.29155453
181.37323781
181.45100623
181.53296695
181.61277679
181.69355894
181.77418018
181.85410558
181.93491455
182.01568305
182.09606121
182.17586349
182.25691237
182.33594567
182.41655691
182.49720570
182.57812975
182.65845159
182.73766507
182.81951876
182.89822438
182.97856524
183.05944711
183.13925597
183.22123888
183.29999644
183.38056379
183.46080176
183.54074618
183.62116043
183.70132062
183.78263281
183.86305022
183.94382018
184.02346643
184.10439803
184.18403477
184.26311025
184.34394336
184.42555665
184.50483791
184.58535407
184.66580220
184.74699346
184.82616208
184.90715952
184.98855826
185.06751720
185.14765033
185.22789976
185.30737899
185.38870265
185.46354145
185.54930683
185.63152575
185.70910692
185.79010314
185.87182127
185.95266047
186.03125565
186.11155726
186.19112621
186.27321811
186.35351654
186.43261372
186.51333102
186.59505135
186.67460324
186.75497311
186.83670758
186.91596104
186.99597982
187.07469861
187.15647453
187.23697533
187.31721354
187.39673788
187.47696951
187.55712385
187.63808690
187.71869424
187.79832659
187.87830173
187.95776316
188.03857433
188.12000282
188.19952301
188.27962250
188.36130260
188.44181948
188.52163590
188.60240976
188.68173979
188.76286229
188.84147430
188.92181442
189.00399458
189.08305665
189.16397997
189.24465265
189.32457122
189.40445152
189.50788285
189.58833245
189.66757494
189.74665067
189.82715902
189.90787510
189.99026030
190.06937064
190.15056922
190.22995703
190.30917758
190.39056096
190.47158400
190.55226545
190.63212552
190.71070777
190.79153430
190.87349527
190.95353551
191.03272168
191.11291211
191.19348897
191.27395612
191.35429673
191.43507815
191.51380620
191.59471587
191.67611364
191.75651081
191.83616998
191.91665565
191.99764968
192.07717840
192.15705699
192.23743467
192.31855961
192.39977111
192.47819294
192.55905189
192.63988061
192.71941592
192.80003594
192.88020149
192.96187940
193.04161537
193.12174337
193.20107730
193.28377677
193.36193284
193.44220397
193.52239488
193.60242244
193.71599527
193.79608427
193.87783630
193.95658532
194.03848485
194.11782487
194.19905807
194.27742406
194.35832446
194.43928313
194.51864339
194.59932801
194.68039323
194.76167860
194.84101715
194.92091964
195.00310784
195.08247955
195.16329413
195.24191296
195.32283969
195.40245911
195.48334464
195.56297089
195.64315887
195.72381351
195.80434527
195.88644814
195.96508233
196.04580206
196.12490290
196.20504481
196.28645160
196.36606468
196.44696923
196.52802274
196.60754439
196.69023216
196.76907993
196.84919843
196.92940470
197.01157071
197.09014493
197.17031170
197.24983848
197.33065525
197.41005012
197.49149007
197.57214666
197.65206938
197.73246607
197.81260798
197.89394723
197.97309976
198.05257729
198.13365615
198.21410063
198.30307210
198.37516536
198.45653851
198.53602676
198.61709344
198.69713563
198.77686257
198.85694767
198.93654198
199.01725977
199.09705351
199.17690724
199.25859904
199.33980201
199.41850739
199.49891992
199.57984812
199.65974256
199.74068026
199.82020240
199.90006124
199.98192128
200.06079733
200.14288239
200.22147977
200.30162826
200.38381231
200.46313258
200.54413489
200.62531811
200.70376798
200.78486147
200.86405691
200.94453747
201.02512726
201.10600084
201.18680395
201.26781187
201.34634951
201.42713118
201.50775851
201.60309511
201.68416496
201.76497807
201.84453850
201.92440246
202.00418719
202.08574758
202.16529093
202.24511296
202.32582660
202.40750353
202.48652830
202.56833275
202.64933043
202.73007405
202.80959595
202.88818748
202.96816115
203.04874362
203.12469054
203.20990808
203.29031744
203.37097745
203.45146166
203.53064954
203.61156384
203.69340315
203.77209609
203.85225385
203.93250401
204.01225972
204.09301018
204.17291632
204.25465493
204.33447745
204.41439505
204.49494388
204.57569994
204.65556756
204.73554538
204.81525770
204.89729986
204.97787404
205.05669060
205.13760953
205.22032557
205.29787969
205.37868914
205.46049066
205.53922603
205.61890519
205.69883157
205.77906100
205.86022813
205.94114145
206.02111756
206.10100640
206.18284497
206.26241856
206.35807700
206.43815112
206.51921634
206.59937507
206.68025157
206.76103787
206.83895843
206.91970157
207.00113713
207.08073973
207.16095868
207.24186395
207.32256589
207.40341241
207.48294991
207.56360162
207.64425431
207.72257008
207.80418411
207.88316110
207.96436650
208.04565797
208.12521400
208.20580671
208.28595325
208.36674491
208.44659669
208.52841381
208.60860033
208.68819221
208.76795353
208.84749591
208.92734475
209.01013492
209.08995768
209.16901366
209.25066255
209.32948838
209.41129818
209.49110948
209.57064796
209.65021497
209.73118071
209.81112293
209.89302515
209.97217182
210.05075871
210.13135922
210.21229376
210.29100011
210.37079215
210.45141217
210.53124371
210.61210168
210.69219531
210.77164432
210.85350313
210.93310695
211.00897731
211.09003131
211.17264691
211.25429970
211.33651911
211.41911984
211.50017432
211.58281284
211.66421476
211.75820626
211.84023989
211.92189268
212.00491983
212.08755859
212.16915946
212.25012325
212.33306579
212.41456450
212.49681097
212.57902818
212.66133073
212.74178667
212.82415041
212.90575200
212.98771907
213.06951352
213.15244290
213.24526753
213.32803551
213.41051214
213.49257259
213.57470154
213.65627778
213.73940782
213.81973404
213.93423944
214.00506734
214.08796941
214.17038996
214.25281807
214.33296778
214.41631652
214.49791080
214.57897333
214.67250330
214.76460358
214.84825001
214.93018099
215.01251353
215.09471635
215.17775545
215.25824771
215.33963012
215.42128170
215.50362155
215.58629517
215.66790335
215.74906901
215.83085078
215.90356918
215.98563279
216.06715393
216.16005219
216.24159089
216.32488793
216.40605165
216.48827617
216.56973246
216.65194845
216.73559634
216.84923134
216.91027589
216.98005492
217.06203100
217.14360578
217.22641033
217.30811384
217.39107589
217.47220425
217.59828743
217.67926463
217.76177954
217.84361153
217.92737011
218.00801597
218.09189523
218.17317719
218.25563261
218.33634528
218.41901744
218.49982714
218.58397606
218.66448855
218.74547745
218.82707125
218.93174381
219.02522283
219.10706531
219.18844382
219.27084291
219.35421091
219.43629061
219.51751625
219.59911297
219.68120462
219.76329945
219.87847654
219.94909671
220.03329536
220.11321711
220.19476897
220.27678723
220.35876820
220.44099516
220.52279522
220.61651317
220.69806162
220.82274972
220.90765274
220.97841408
221.05893828
221.14230969
221.22279902
221.30544997
221.38837838
221.46897645
221.55193217
221.63399261
221.71506904
221.79681594
221.87946885
221.96226267
222.03869745
222.12446965
222.21782482
222.30974078
222.38451814
222.46509622
222.54702209
222.60739104
222.68529648
222.76596063
222.84854282
222.93010053
223.01317376
223.09405831
223.17718786
223.25837474
223.33966864
223.42357570
223.50527848
223.58721336
223.66853433
223.75028440
223.83109337
223.91303752
223.99552463
224.07711306
224.16020360
224.24108328
224.32470166
224.40669677
224.48974074
224.57112022
224.65153495
224.73362490
224.81771067
224.89818757
224.98096725
225.06413947
225.14465221
225.22563550
225.30776738
225.39021695
225.47182927
225.55551324
225.63632441
225.71729136
225.80104238
225.88533442
225.96455545
226.04637794
226.12822335
226.21102424
226.29348039
226.37452683
226.45658044
226.53970829
226.62073376
226.70269497
226.78443432
226.86620439
226.96005619
227.04165706
227.12548951
227.20646427
227.28908816
227.37214920
227.46804656
227.55003728
227.63207871
227.71359155
227.79657555
227.87894783
227.95987846
228.04320452
228.12494167
228.20831356
228.29068487
228.37212140
228.45324806
228.53525511
228.61645710
228.69819547
228.78025908
228.86378750
228.94675151
229.02647211
229.10913842
229.19128249
229.27278632
229.35461905
229.43658611
229.51930411
229.60165322
229.68374146
229.76539840
229.84854819
229.93003885
230.01138176
230.09322960
230.17565357
230.29053663
230.36215057
230.43202273
230.51421044
230.59629697
230.69023850
230.77084145
230.85269271
230.97825170
231.07189139
231.15282861
231.22558552
231.30748188
231.38934923
231.47056073
231.55362884
231.63471087
231.71727990
231.83192159
231.89283619
231.97452215
232.05525261
232.13738083
232.22096484
232.30183501
232.38322693
232.46539830
232.54798538
232.62912130
232.70359585
232.78563094
232.86816413
232.94889142
233.01074664
233.09371820
233.16444808
233.24527265
233.32719925
233.40980583
233.49106852
233.57267280
233.65547126
233.73790692
233.82985336
233.91271959
233.99626240
234.07717474
234.15890531
234.24256125
234.32268316
234.43953133
234.50992524
234.57982642
234.66162111
234.74349431
234.82607285
234.90829055
234.98928140
235.07145156
235.15450528
235.23537642
235.32895248
235.41163440
235.49325233
235.57602786
235.65779549
235.73937929
235.82158943
235.93580397
236.00682496
236.07879974
236.16194733
236.24251395
236.32428865
236.40569008
236.48911780
236.57020399
236.65357101
236.73335256
236.85895227
236.94220202
237.02404572
237.10577824
237.18994227
237.27159872
237.35253228
237.46631893
237.53766955
237.61281799
237.68761145
237.76262751
237.83724981
237.91395254
237.98730094
238.06275073
238.13833266
238.21305956
238.28899283
238.36493999
238.43887646
238.51441548
238.58922137
238.66604918
238.73992469
238.81482201
238.89052439
238.96625846
239.04113506
239.12635869
239.20160051
239.27660535
239.35120961
239.42694515
239.50240104
239.57691265
239.65276546
239.72765668
239.80327178
239.87889687
239.95308860
240.02849110
240.10392163
240.17832158
240.25492800
240.36144547
240.42684884
240.50006607
240.57509017
240.65176291
240.72627063
240.80077249
240.87770318
240.95209898
241.02801542
241.10187168
241.18869372
241.26423275
241.33917249
241.41423682
241.49083300
241.56464757
241.64045308
241.72574790
241.80111041
241.87699954
241.95146678
242.02648235
242.10122046
242.17690260
242.25286781
242.32676039
242.40254883
242.47711140
242.55295836
242.64594050
242.72124717
242.79615595
242.86918984
242.94587330
243.02094714
243.09677752
243.17263691
243.26723502
243.34560053
243.41822286
243.49478784
243.56932773
243.64256276
243.71902558
243.79477477
243.88153952
243.95581561
244.03010585
244.10607764
244.18068263
244.25578402
244.33120943
244.40730190
244.48185813
244.56765618
244.65271182
244.72852781
244.80429090
244.87890760
244.95347577
245.02923910
245.10509898
245.18009432
245.25579523
245.33070474
245.40499351
245.48041551
245.55609302
245.64293896
245.71761075
245.79146993
245.86752535
245.94230393
246.01782809
246.09466345
246.16978020
246.24380419
246.31893459
246.39246341
246.46772205
246.54402128
246.61938769
246.69506178
246.76793207
246.85574983
246.93154023
247.00646973
247.08195731
247.15694947
247.23155495
247.30582641
247.38038191
247.45619815
247.53190736
247.60738641
247.68215792
247.75646132
247.83240921
247.90922970
247.98459099
248.05819637
248.13290205
248.21001560
248.28378993
248.35994214
248.43555992
248.50930207
248.58434543
248.65977913
248.73485857
248.80878212
248.88425995
248.95995160
249.03575760
249.11174743
249.18654040
249.26067167
249.33601857
249.41032733
249.48578956
249.56266954
249.63734962
249.71223987
249.78709867
249.86235537
249.93716394
250.04512647
250.14188302
250.21671524
250.29183492
250.36724667
250.44335304
250.52813172
250.60479130
250.68005531
250.75542781
250.83022785
250.90405753
250.98088119
251.05471038
251.12978714
251.20489170
251.28140035
251.35590002
251.43074346
251.50656945
251.58053834
251.65561413
251.73112609
251.80632330
251.88151319
251.95767466
252.03217018
252.10696632
252.18311658
252.25770889
252.33392595
252.40812793
252.48402365
252.55785796
252.63294008
252.70905036
252.78364925
252.85927825
252.93488091
253.00969460
253.08552937
253.16015898
253.23631680
253.31102468
253.38602732
253.46074008
253.53490865
253.60910258
253.68522236
253.76005190
253.83754409
253.91050556
253.99725641
254.07306850
254.14807968
254.22489359
254.29803329
254.37305885
254.44879292
254.55533940
254.63240517
254.70578770
254.78249262
254.85798410
254.93200761
255.00769000
255.08237203
255.15734250
255.23247802
255.30800266
255.38205250
255.45865331
255.53475920
255.60939808
255.68407012
255.75802658
255.83370921
255.90929992
255.98513079
256.05980648
256.13529602
256.21072996
256.29653313
256.37222795
256.44809417
256.52119558
256.59779981
256.67250404
256.74623156
256.82275679
256.89702582
256.97314730
257.04665662
257.12249943
257.19790582
257.27313009
257.34862157
257.42439295
257.50857381
257.58503858
257.69287408
257.75769109
257.83152102
257.90678283
257.98317812
258.05796060
258.13233861
258.20809657
258.28255967
258.35798898
258.43413265
258.51886062
258.59547241
258.68029912
258.75605708
258.83221929
258.90527389
258.98256835
259.05637438
259.13311002
259.20675757
259.28123725
259.35706348
259.43247085
259.50664064
259.58278090
259.65802662
259.73346496
259.80842811
259.89330626
259.96927585
260.04488656
260.12065550
260.19516638
260.27003249
260.34612228
260.42062561
260.49651840
260.57119117
260.64719782
260.72176015
260.82763225
260.89329309
260.96847981
261.04398251
261.11979339
261.19340802
261.26920622
261.34344720
261.42015993
261.49471201
261.56875259
261.64427040
261.72018977
261.79462288
261.87197560
261.94524501
262.02049049
262.09596490
262.18212037
262.26918184
262.35086145
262.42526506
262.50062098
262.57550221
262.65494707
262.73491562
262.81573337
262.89735179
262.97619517
263.05665013
263.13654457
263.21698148
263.31415958
263.38914077
263.47481179
263.55456702
263.63603720
263.71614619
263.79519339
263.87584730
263.95536676
264.03498082
264.13906775
264.21794672
264.29860624
264.37972826
264.46045238
264.54119723
264.62092929
264.70147276
264.78151007
264.86047218
264.94131675
265.02260188
265.11876134
265.19835102
265.27900151
265.35933530
265.43976490
265.51883404
265.60018452
265.68093765
265.76097643
265.84083283
265.92169934
266.00174153
266.08104205
266.16193002
266.24288430
266.32260661
266.40341046
266.48506057
266.56386811
266.64538876
266.72440499
266.80503476
266.88477999
266.96464640
267.04694894
267.12551998
267.20926540
267.28737515
267.36823971
267.44872076
267.52877562
267.60798740
267.68982744
267.76864229
267.84752394
267.93032435
268.00933937
268.09104214
268.16996842
268.25072131
268.33240336
268.41342079
268.49289515
268.57380603
268.65368243
268.73146840
268.81296053
268.89264383
268.97349741
269.05297128
269.13407868
269.21584045
269.29476014
269.37659092
269.45637443
269.53734577
269.61708978
269.69666873
269.77662169
269.85732460
269.93635035
270.01897131
270.09857220
270.17991048
270.25930658
270.36110145
270.44141159
270.52291054
270.60160714
270.68181073
270.76411182
270.84277185
270.92257706
271.00449414
271.08324487
271.16391268
271.24501739
271.32580319
271.40523391
271.48479238
271.56491844
271.64602998
271.72638595
271.80613191
271.88636549
271.96783957
272.04757041
272.16143825
272.23042173
272.31012405
272.39220643
272.47086647
272.55119489
272.66547330
272.74431229
272.82478529
272.90442129
272.98436474
273.09786491
273.16761419
273.30358629
273.38325277
273.45798747
273.54389913
273.62291293
273.70524547
273.78329500
273.86631849
273.94603763
274.02554905
274.10508216
274.18720234
274.26595258
274.34654237
274.42610376
274.50678181
274.58769683
274.66773098
274.74765711
274.82750523
274.90952496
274.99029272
275.06975757
275.14978684
275.22959424
275.31000677
275.38966838
275.46959914
275.55036764
275.63143529
275.71320268
275.79290524
275.87244177
275.95261634
276.03317955
276.11406508
276.19376472
276.27356334
276.35376327
276.43646250
276.51519909
276.59538122
276.67670512
276.75629626
276.86824532
276.93922218
277.02031714
277.10072553
277.18020208
277.25920735
277.34084015
277.42001242
277.50039741
277.58157892
277.66233133
277.74146996
277.87576343
277.95600774
278.03715975
278.11678697
278.19674651
278.27882524
278.39029180
278.47116416
278.55099764
278.63169885
278.71157525
278.79236910
278.87227427
278.95403337
279.03142632
279.11250007
279.19491330
279.27373401
279.35502596
279.43573205
279.51460078
279.59614654
279.67584642
279.75603221
279.83667466
279.91764113
279.99605614
280.07687291
280.15846573
280.23869053
280.31853767
280.39815344
280.47877443
280.56046769
280.64054792
280.72163922
280.80022123
280.87987698
280.96058087
281.04047239
281.12220905
281.23492562
281.31383678
281.39527721
281.47454750
281.58903925
281.65894798
281.73868151
281.81949316
281.89916183
281.97909479
282.05951928
282.16143191
282.24251809
282.36711307
282.44577554
282.52650356
282.61729166
282.68719941
282.76911211
282.84787625
282.97082380
283.05092694
283.13117954
283.21299203
283.29196438
283.37186053
283.45234815
283.53327391
283.61416846
283.74975558
283.82753083
283.90937038
283.98834834
284.07064528
284.15065431
284.23054509
284.31136040
284.39095203
284.47302759
284.56754671
284.64743017
284.72898154
284.80793707
284.88869192
284.96933558
285.05002972
285.12904571
285.21073045
285.28959406
285.37024187
285.45004318
285.52686342
285.61204439
285.69294064
285.77252691
285.85410388
285.93493381
286.01237480
286.09227411
286.17526859
286.25454181
286.33507405
286.41569602
286.49440750
286.57603762
286.65588110
286.73681149
286.81750757
286.89625001
286.97686345
287.05672010
287.13665013
287.21735329
287.29786042
287.37791188
287.45858310
287.57150032
287.64227019
287.72320082
287.80191400
287.88280611
287.96139934
288.04330984
288.12413368
288.20403983
288.33742901
288.41815508
288.49890091
288.57861395
288.65840112
288.73961457
288.82020679
288.90000200
288.97934299
289.05974090
289.14047697
289.22221120
289.30224851
289.38162437
289.46337517
289.54320769
289.62326767
289.70305142
289.78385283
289.86257016
289.94416615
290.02572532
290.10604911
290.18502049
290.26570780
290.34638925
290.42799012
290.50703878
290.58696370
290.66748570
290.74657338
290.82706345
290.90876915
290.98845099
291.06944476
291.14935017
291.23121630
291.31184973
291.39173783
291.47254583
291.55141261
291.63220890
291.71285281
291.79334166
291.87323634
291.95393365
292.03418332
292.11462901
292.19550357
292.27659072
292.35603387
292.43829692
292.51591004
292.59590078
