9170.05402673
9170.11711928
9170.18012187
9170.24543186
9170.30728757
9170.38060085
9170.43362456
9170.49502433
9170.58698759
9170.65287420
9170.72343390
9170.78695458
9170.85181328
9170.92304761
9170.98694595
9171.04911543
9171.11388734
9171.17689505
9171.24012510
9171.30197739
9171.36572360
9171.43802702
9171.50192756
9171.56471315
9171.62973253
9171.69891714
9171.76257801
9171.82194661
9171.88626406
9171.94702945
9172.04319159
9172.10790060
9172.16963318
9172.23281301
9172.29556179
9172.35788487
9172.42363617
9172.49608344
9172.59157511
9172.64461954
9172.70540540
9172.76916697
9172.83250357
9172.89410522
9172.95887225
9173.02183632
9173.08548158
9173.14679286
9173.21096816
9173.27323298
9173.33571137
9173.39803811
9173.46172702
9173.56912147
9173.63066144
9173.69532876
9173.75739682
9173.82009878
9173.88332104
9173.94696143
9174.00889612
9174.07245922
9174.14886012
9174.21251270
9174.29153625
9174.35157045
9174.42094573
9174.48035943
9174.53805306
9174.59926462
9174.66875376
9174.72804727
9174.78814730
9174.85846685
9174.91868098
9174.97831899
9175.03749767
9175.09535611
9175.15370729
9175.21573903
9175.27229968
9175.33209616
9175.40229186
9175.46223634
9175.52136064
9175.58047812
9175.64108210
9175.69901491
9175.75909861
9175.82922214
9175.88872142
9175.94694607
9176.00876081
9176.06677188
9176.12666833
9176.18562075
9176.24359622
9176.30399833
9176.37337726
9176.43264907
9176.50277382
9176.56293944
9176.62203863
9176.68061144
9176.74108474
9176.81084718
9176.86973524
9176.93015441
9176.99033466
9177.05024671
9177.10827338
9177.16672331
9177.22623430
9177.28536470
9177.35591928
9177.41397692
9177.47309171
9177.53451709
9177.59125206
9177.66213067
9177.72225825
9177.78196014
9177.84155280
9177.90101405
9177.95958272
9178.01889134
9178.07842914
9178.14206636
9178.19635909
9178.26613788
9178.33676633
9178.40764104
9178.46624408
9178.52528159
9178.58423303
9178.64421164
9178.70282297
9178.79679083
9178.85506619
9178.91404665
9178.97459870
9179.03274606
9179.09180649
9179.15252141
9179.21113590
9179.28119604
9179.34098717
9179.39953705
9179.45845705
9179.51818941
9179.57811682
9179.63623956
9179.69524976
9179.78980374
9179.84876250
9179.90739211
9179.96636769
9180.02628560
9180.08592775
9180.14561794
9180.20299218
9180.26411084
9180.33288732
9180.39201919
9180.45209606
9180.51204687
9180.56983340
9180.63037838
9180.68834678
9180.78237608
9180.84044445
9180.90053180
9180.95963489
9181.01909004
9181.07880071
9181.13741204
9181.19614991
9181.25618118
9181.31596450
9181.37584852
9181.43324641
9181.49268523
9181.55322021
9181.61107500
9181.67021296
9181.73213863
9181.78977911
9181.84923378
9181.90799846
9181.96698063
9182.03781511
9182.09820137
9182.15725984
9182.21570880
9182.29552229
9182.34436051
9182.40514077
9182.46534320
9182.52231638
9182.58168790
9182.64225093
9182.71321414
9182.77133858
9182.83203228
9182.88928730
9182.94832676
9183.01936433
9183.07901478
9183.13738034
9183.19803382
9183.27886522
9183.32587975
9183.38584520
9183.44571995
9183.50567320
9183.56448616
9183.62255355
9183.68298297
9183.74274947
9183.80371551
9183.86201525
9183.92135411
9183.98957056
9184.06050549
9184.12069621
9184.18828583
9184.26048369
9184.30872165
9184.36806539
9184.42705925
9184.48770200
9184.54563725
9184.60541325
9184.66616182
9184.72594904
9184.78504263
9184.84404186
9184.90344557
9184.97265603
9185.03154067
9185.09005984
9185.15082230
9185.23079597
9185.28000845
9185.33814873
9185.39729132
9185.45726799
9185.51689551
9185.57577918
9185.63577120
9185.69593657
9185.75490655
9185.81474131
9185.88509378
9185.94481956
9186.00431494
9186.06275122
9186.12151444
9186.18185779
9186.23865444
9186.29860331
9186.35752087
9186.41734247
9186.47685516
9186.53637102
9186.59539366
9186.65495755
9186.71506904
9186.77379569
9186.84588481
9186.90329977
9186.96286634
9187.02076453
9187.08157892
9187.13985940
9187.19949058
9187.25943896
9187.31916694
9187.37741865
9187.43740263
9187.49592204
9187.55578533
9187.61584708
9187.67592639
9187.74586828
9187.80405441
9187.86515064
9187.92462091
9187.98211681
9188.04180871
9188.10141551
9188.16076412
9188.21972336
9188.27882012
9188.33776400
9188.39800203
9188.45694884
9188.51643813
9188.57743855
9188.64743432
9188.70684924
9188.76522530
9188.82433546
9188.88340978
9188.94325625
9189.00296351
9189.06314936
9189.12071718
9189.17971202
9189.23878683
9189.29938472
9189.35930872
9189.41900427
9189.47622906
9189.53737479
9189.60720818
9189.66765296
9189.72546167
9189.78572627
9189.84333432
9189.90331415
9189.96327838
9190.02227956
9190.08267436
9190.14115208
9190.20068671
9190.26076992
9190.31814002
9190.37860991
9190.43738678
9190.50839875
9190.56780124
9190.62517890
9190.68530087
9190.74452343
9190.80494187
9190.86298537
9190.92403699
9190.98170429
9191.04196182
9191.10120681
9191.16001245
9191.21877056
9191.27973172
9191.33729272
9191.39813881
9191.46769158
9191.52777625
9191.58623666
9191.64610361
9191.70559533
9191.78582599
9191.84643070
9191.90414798
9191.96426752
9192.02271939
9192.08274994
9192.14151072
9192.20110436
9192.26176028
9192.32019679
9192.37849068
9192.44905673
9192.50887857
9192.56949182
9192.62782203
9192.68653991
9192.74660288
9192.80588444
9192.86374849
9192.92404528
9192.98454223
9193.04436432
9193.10250363
9193.16134634
9193.23128237
9193.29018628
9193.36020106
9193.41938973
9193.48082706
9193.54070571
9193.59851808
9193.65836455
9193.71890758
9193.77649101
9193.83516646
9193.89504681
9193.95499714
9194.01516447
9194.07403326
9194.13136361
9194.19125640
9194.24908072
9194.32101624
9194.38116186
9194.44079621
9194.50045909
9194.55953098
9194.61797286
9194.67805509
9194.73608103
9194.79581267
9194.85488919
9194.91374286
9194.97481911
9195.03479796
9195.09299847
9195.15195528
9195.22208637
9195.28058286
9195.34015090
9195.39976112
9195.45863356
9195.51824939
9195.57799638
9195.63823709
9195.69651660
9195.75635575
9195.81463477
9195.87414234
9195.93298529
9195.99189138
9196.05168397
9196.11216263
9196.17033462
9196.23133748
9196.29038157
9196.34859866
9196.40820327
9196.46922636
9196.52777161
9196.58737549
9196.64833398
9196.70574089
9196.76474109
9196.82562156
9196.89447289
9196.95420647
9197.01314524
9197.08460899
9197.14368331
9197.20078424
9197.27299453
9197.33181944
9197.39100591
9197.47835751
9197.54197425
9197.60215230
9197.66505785
9197.72850100
9197.78971182
9197.85380911
9197.91668223
9197.97955998
9198.04178798
9198.11523342
9198.17775716
9198.23982961
9198.30189157
9198.36573579
9198.42696270
9198.48977024
9198.55204334
9198.61434302
9198.67765232
9198.73861665
9198.80171798
9198.87674574
9198.93794632
9198.99981861
9199.07356076
9199.13568953
9199.19849804
9199.26328360
9199.32360135
9199.38656663
9199.44827385
9199.51066082
9199.57434509
9199.63711703
9199.69902978
9199.76102860
9199.82648586
9199.88768523
9199.94840405
9200.01143321
9200.07411859
9200.13656066
9200.19870454
9200.26225692
9200.32494108
9200.38625577
9200.46319719
9200.53770685
9200.61556427
9200.67718225
9200.74091822
9200.80404100
9200.86496949
9200.94295490
9201.00538380
9201.06679870
9201.12973838
9201.19159481
9201.25350854
9201.31801982
9201.37971875
9201.44176926
9201.50545938
9201.56743187
9201.62942898
9201.72581080
9201.78730372
9201.84853673
9201.91198012
9201.97392530
9202.03774708
9202.10080038
9202.16166012
9202.22543021
9202.28891018
9202.34965021
9202.41192160
9202.47489712
9202.53662019
9202.60055072
9202.66235449
9202.72534878
9202.78811901
9202.86097297
9202.92245223
9202.98537508
9203.04933511
9203.11008977
9203.17256986
9203.23655573
9203.29849604
9203.35970247
9203.42367347
9203.48693035
9203.57993418
9203.63292009
9203.69565619
9203.75773400
9203.83202034
9203.89352593
9203.95589241
9204.02025131
9204.08128245
9204.15738638
9204.21881176
9204.28247190
9204.34347670
9204.40643077
9204.46996559
9204.53354234
9204.59528004
9204.65738443
9204.72986877
9204.79294669
9204.85549457
9204.91825041
9204.98161920
9205.04396935
9205.10497025
9205.16785898
9205.23020766
9205.29424985
9205.35578592
9205.41799588
9205.47985109
9205.54378381
9205.60575849
9205.66832538
9205.74261220
9205.80522591
9205.89817635
9205.95190808
9206.01402514
9206.07599836
9206.13939104
9206.20005573
9206.26377804
9206.34853039
9206.40959591
9206.47228349
9206.53561424
9206.59736583
9206.65895554
9206.72402148
9206.78624046
9206.84955585
9206.91055603
9206.97342768
9207.03426573
9207.09901959
9207.15987616
9207.22273075
9207.28459962
9207.34871203
9207.41023420
9207.47297127
9207.56418018
9207.62465470
9207.68548909
9207.76024573
9207.82142072
9207.88403881
9207.94528548
9208.00728088
9208.07097247
9208.13326386
9208.19610943
9208.26090987
9208.32306204
9208.41558874
9208.46824332
9208.53052154
9208.60397185
9208.66716729
9208.72899227
9208.79056028
9208.85537534
9208.91705209
9208.97893217
9209.04376308
9209.10373804
9209.16705855
9209.22945478
9209.29183297
9209.35275902
9209.41654740
9209.47953633
9209.55387582
9209.61554939
9209.67727344
9209.73979377
9209.80184135
9209.86473397
9209.92871496
9209.98844977
9210.05218792
9210.11423502
9210.17834718
9210.23879049
9210.30168458
9210.36432559
9210.42614058
9210.48864238
9210.55171493
9210.61451613
9210.67554946
9210.73964382
9210.80390812
9210.86607151
9210.92798085
9210.99074231
9211.05181051
9211.11380689
9211.17744508
9211.23920228
9211.30226533
9211.36619049
9211.42620567
9211.48803456
9211.55320778
9211.61482040
9211.67827525
9211.74048204
9211.80183501
9211.86459695
9211.92765854
9212.07618780
9212.13863450
9212.20406567
9212.26582751
9212.32754936
9212.38990804
9212.45292818
9212.52564584
9212.59867850
9212.66190929
9212.72424311
9212.78691045
9212.84997716
9212.90928237
9212.97295835
9213.03724727
9213.12999365
9213.18334186
9213.24567835
9213.30826744
9213.37066830
9213.43229019
9213.49542004
9213.56946354
9213.63177663
9213.69364281
9213.75646132
9213.81787719
9213.88109579
9213.95794822
9214.02198236
9214.09639718
9214.15934978
9214.20838427
9214.29523874
9214.35795460
9214.42093427
9214.48278948
9214.54645401
9214.62155077
9214.68418300
9214.74691520
9214.80880747
9214.87120980
9214.93350143
9214.99588328
9215.05995179
9215.12195768
9215.18390286
9215.25888503
9215.33353683
9215.39539424
9215.47297030
9215.54575598
9215.60868177
9215.67129474
9215.73479274
9215.79739816
9215.85823206
9215.92191780
9215.97378852
9216.04766160
9216.11901807
9216.22595587
9216.28905573
9216.35068298
9216.41319990
9216.47600036
9216.53694690
9216.60083085
9216.66327877
9216.72567183
9216.78880607
9216.85125106
9216.91292610
9216.97655698
9217.03807525
9217.10179975
9217.16279408
9217.22550214
9217.28978277
9217.35027680
9217.42673133
9217.48942379
9217.55199897
9217.61415700
9217.67729026
9217.73918644
9217.80243429
9217.86410738
9217.92740887
9217.98928116
9218.06365185
9218.12549195
9218.18849550
9218.24970584
9218.31359419
9218.38670682
9218.46171288
9218.52553978
9218.58704025
9218.65011842
9218.70114459
9218.77281216
9218.83639623
9218.89784526
9218.96038582
9219.03308032
9219.09698256
9219.15673151
9219.22025755
9219.29465335
9219.36359246
9219.42659089
9219.48808917
9219.55085014
9219.61500814
9219.67669951
9219.74025993
9219.79116834
9219.86394793
9219.93826962
9220.01147417
9220.07259308
9220.17077738
9220.23156861
9220.28169073
9220.36480029
9220.42774460
9220.52073064
9220.58329363
9220.64941137
9220.72093363
9220.77066956
9220.82987969
9220.88139226
9220.99524328
9221.06852950
9221.12940728
9221.18866642
9221.24855579
9221.30976930
9221.38344879
9221.44264405
9221.50388462
9221.56391516
9221.62518597
9221.68536255
9221.74614062
9221.80740069
9221.86768431
9221.92806375
9221.98661534
9222.04843399
9222.11077682
9222.16911265
9222.22854293
9222.29056052
9222.35026729
9222.41044778
9222.47265237
9222.53248104
9222.59196472
9222.65377995
9222.71357936
9222.77408412
9222.84261264
9222.89553297
9222.95513904
9223.01711787
9223.09886916
9223.14800044
9223.20742634
9223.26958412
9223.32917898
9223.38986147
9223.44988543
9223.51084684
9223.57148350
9223.63211674
9223.69327880
9223.75322572
9223.81322555
9223.87458997
9223.93470512
9223.99587621
9224.05598623
9224.11654706
9224.17584618
9224.23738615
9224.29780362
9224.35761595
9224.41818093
9224.47812541
9224.53892932
9224.59987341
9224.65954800
9224.71968435
9224.78222955
9224.84213600
9224.90231941
9224.96144859
9225.02274694
9225.08429203
9225.14480605
9225.20570310
9225.26657942
9225.32547941
9225.38552800
9225.44556147
9225.50777557
9225.56830032
9225.62829503
9225.68916403
9225.74809743
9225.80964277
9225.86965795
9225.93081563
9225.99239558
9226.05135214
9226.13354303
9226.18202577
9226.24355307
9226.33702745
9226.39925204
9226.45916141
9226.51850051
9226.57878706
9226.63858842
9226.70106364
9226.76067118
9226.82292527
9226.88192157
9226.94278789
9227.00329923
9227.06323786
9227.12240922
9227.18347498
9227.24361914
9227.30429358
9227.36456087
9227.42607304
9227.49681438
9227.55707899
9227.61854216
9227.71052906
9227.76181660
9227.82036502
9227.88267348
9227.94211083
9228.00346283
9228.06392735
9228.12238557
9228.18563879
9228.24371422
9228.30442841
9228.36526328
9228.42692833
9228.48543457
9228.55850990
9228.61968197
9228.67953672
9228.74105889
9228.80054477
9228.85971369
9228.92017943
9228.98071320
9229.04281271
9229.10220789
9229.16247322
9229.22355556
9229.28376409
9229.34410183
9229.40580320
9229.47588260
9229.53680403
9229.59740119
9229.65834407
9229.71794819
9229.77985777
9229.84042323
9229.90128590
9229.96012056
9230.02018280
9230.08002829
9230.14218632
9230.20183189
9230.26305417
9230.32263050
9230.41672173
9230.46747678
9230.52597425
9230.58817543
9230.64752770
9230.70758604
9230.76852063
9230.82830054
9230.88905739
9230.94996443
9231.01068130
9231.07134623
9231.13121050
9231.19156970
9231.25531103
9231.31361832
9231.37486865
9231.43498818
9231.49658789
9231.55568586
9231.61656730
9231.67695332
9231.73762581
9231.79845483
9231.88045554
9231.92944688
9231.97912039
9232.04265204
9232.10110465
9232.16108424
9232.24349480
9232.30550922
9232.37556814
9232.43648249
9232.49547636
9232.55771630
9232.61789094
9232.67766402
9232.73884218
9232.79989087
9232.85926532
9232.92033523
9232.98157190
9233.04245431
9233.10225543
9233.16236765
9233.22261299
9233.28460060
9233.34400845
9233.40340924
9233.46424704
9233.52515822
9233.58691079
9233.64659513
9233.70658349
9233.78841939
9233.83737927
9233.89927179
9233.95966366
9234.01985804
9234.08070852
9234.14048526
9234.20069013
9234.26250658
9234.32379030
9234.38279733
9234.44291492
9234.50394703
9234.56361576
9234.62437164
9234.68524845
9234.74682816
9234.80764426
9234.86781304
9234.92831755
9234.98681966
9235.04836840
9235.10804177
9235.17000840
9235.23135210
9235.29242884
9235.35049501
9235.41229220
9235.47331626
9235.53374983
9235.59266689
9235.68596013
9235.74766979
9235.80795658
9235.86943730
9235.92924915
9235.98939819
9236.05082356
9236.10941051
9236.17017809
9236.23091349
9236.29096988
9236.35220216
9236.41191380
9236.47347937
9236.53241862
9236.59219195
9236.65408666
9236.71487229
9236.77619136
9236.83448964
9236.89497562
9236.95464825
9237.01651249
9237.07791398
9237.13815005
9237.19941549
9237.25832329
9237.31863714
9237.38052722
9237.44098102
9237.50241835
9237.56123716
9237.62046898
9237.68245390
9237.74315297
9237.80455812
9237.86498778
9237.92479036
9237.98455662
9238.04562725
9238.11602970
9238.17700622
9238.23854668
9238.34028329
9238.40016316
9238.46086393
9238.52168003
9238.58288964
9238.64420604
9238.70501555
9238.76437928
9238.82601970
9238.88513864
9238.94704603
9239.00763953
9239.06877502
9239.12791688
9239.18755367
9239.24826127
9239.30952452
9239.39173564
9239.45166646
9239.51377256
9239.57219664
9239.63417230
9239.69220653
9239.75508794
9239.81525282
9239.87551377
9239.93470829
9239.99561752
9240.05641875
9240.12923272
9240.18856426
9240.24857871
9240.30919976
9240.37031794
9240.42979894
9240.49086616
9240.55050027
9240.61291796
9240.67151856
9240.73319579
9240.79337969
9240.85423041
9240.91420415
9240.97515410
9241.03702297
9241.09517350
9241.15512578
9241.21733135
9241.27844782
9241.33803488
9241.39846405
9241.45901049
9241.51791366
9241.58002975
9241.64071322
9241.70157223
9241.76159668
9241.82192004
9241.88221926
9241.94221177
9242.00363349
9242.06423455
9242.12442357
9242.18545471
9242.24488865
9242.30554433
9242.36712623
9242.42817297
9242.48636032
9242.54884407
9242.60721720
9242.66901902
9242.72900300
9242.79102596
9242.84995789
9242.91164634
9242.97046345
9243.02991178
9243.09246916
9243.15290955
9243.21388486
9243.27362697
9243.33457961
9243.39359761
9243.45401215
9243.51517105
9243.57590279
9243.63639487
9243.69717342
9243.75766720
9243.81717697
9243.88040288
9243.93857023
9244.00043106
9244.06054181
9244.12071304
9244.18038884
9244.24157089
9244.30224046
9244.36223102
9244.42345965
9244.48352433
9244.54558849
9244.60365734
9244.69940159
9244.75744387
9244.82814425
9244.89034153
9244.95095259
9245.01147904
9245.07316383
9245.13288523
9245.19158603
9245.25358924
9245.31322482
9245.37307543
9245.43433770
9245.49594033
9245.55494175
9245.61683427
9245.67555629
9245.73581577
9245.79700685
9245.85819793
9245.91865514
9245.97844138
9246.03885861
9246.09788271
9246.15911280
9246.22173309
9246.28059091
9246.34073092
9246.41942972
9246.48125129
9246.54211713
9246.60332454
9246.66329291
9246.72239040
9246.78465155
9246.84428445
9246.90434425
9246.96587446
9247.02563292
9247.08609647
9247.14571644
9247.20614829
9247.26855452
9247.33891381
9247.39943197
9247.46037778
9247.52102784
9247.58006291
9247.64114964
9247.70093759
9247.79451682
9247.85491942
9247.91547830
9247.97729207
9248.03763712
9248.09818503
9248.15800371
9248.21873667
9248.27891252
9248.33951480
9248.39919231
9248.45977264
9248.52016183
9248.58312760
9248.64367478
9248.70271716
9248.76254900
9248.82216970
9248.88369650
9248.94392063
9249.00469260
9249.06567839
9249.12427802
9249.18682565
9249.24616987
9249.30686577
9249.36735590
9249.44440240
9249.50415500
9249.56504254
9249.62390426
9249.68476497
9249.74369813
9249.80506548
9249.86556366
9249.92668744
9250.00706901
9250.05649579
9250.11784949
9250.17776788
9250.23735031
9250.29717898
9250.35748137
9250.41759871
9250.47734839
9250.53728189
9250.59768888
9250.65897553
9250.71947931
9250.77915609
9250.83892259
9250.89846966
9250.96093440
9251.04730076
9251.11214215
9251.17199057
9251.23260065
9251.29218381
9251.35226287
9251.41418440
9251.47358299
9251.53458682
9251.59378573
9251.65471594
9251.71446269
9251.77532048
9251.83448306
9251.89371830
9251.95423256
9252.01481070
9252.07671663
9252.13651945
9252.19556988
9252.27704299
9252.32701078
9252.38644277
9252.44829238
9252.52966528
9252.59124841
9252.64990630
9252.71090307
9252.76954682
9252.83135254
9252.88925268
9252.95278409
9253.01120890
9253.07111340
9253.13090744
9253.19081974
9253.25125184
9253.31219423
9253.37258513
9253.43364260
9253.49359829
9253.55206455
9253.61341508
9253.67202129
9253.73209085
9253.79363155
9253.85445862
9253.91389476
9253.97573461
9254.03455050
9254.09448839
9254.15523452
9254.21503320
9254.27579785
9254.34543815
9254.40522733
9254.46614046
9254.52694291
9254.58697418
9254.64790926
9254.70694921
9254.76762560
9254.82836831
9254.88800706
9254.94797494
9255.00807717
9255.06815257
9255.12985882
9255.21063731
9255.28249165
9255.34330043
9255.40093628
9255.46275833
9255.52130091
9255.59636207
9255.65625340
9255.71801597
9255.77702032
9255.83724347
9255.89758780
9255.96975250
9256.03148240
9256.09220755
9256.15103295
9256.22449325
9256.28412371
9256.34435101
9256.40568886
9256.46617289
9256.52488296
9256.58628761
9256.64602754
9256.70555900
9256.76550153
9256.82506079
9256.88690309
9256.94743222
9257.00771682
9257.06742212
9257.12767819
9257.18759146
9257.24824055
9257.30831132
9257.36749780
9257.42830975
9257.48725900
9257.54889625
9257.60928666
9257.66995696
9257.72839372
9257.79014434
9257.84983258
9257.92149747
9257.98103942
9258.04069596
9258.10103663
9258.16054908
9258.22191692
9258.28189114
9258.35321031
9258.41275738
9258.47303759
9258.53363011
9258.59332201
9258.65335645
9258.71464018
9258.77527025
9258.83622361
9258.89512020
9258.95464777
9259.01556505
9259.07550245
9259.13574511
9259.19604751
9259.25707109
9259.31626146
9259.39851037
9259.44744978
9259.50773803
9259.56814233
9259.62798685
9259.68867861
9259.74817350
9259.80940968
9259.86845963
9259.92934326
9259.98798458
9260.05106981
9260.11018534
9260.17178285
9260.23040612
9260.28954896
9260.35028289
9260.40899101
9260.47114124
9260.53144095
9260.59233921
9260.65094054
9260.71170812
9260.77272268
9260.83123942
9260.89014746
9260.95131708
9261.01350047
9261.07336254
9261.13177760
9261.19280630
9261.25335470
9261.31347765
9261.37436226
9261.43410608
9261.49451331
9261.55455873
9261.61459805
9261.67354681
9261.73527793
9261.80921805
9261.86878706
9261.92882004
9261.98867529
9262.04955307
9262.12212201
9262.17989951
9262.24027529
9262.30214587
9262.36099345
9262.42074117
9262.48083901
9262.54147639
9262.60142989
9262.67531589
9262.73598863
9262.79660334
9262.86869076
9262.92912798
9262.98826203
9263.05957194
9263.11984556
9263.17797610
9263.23925592
9263.31228395
9263.37178933
9263.43188863
9263.49323428
9263.55319266
9263.61387954
9263.67211394
9263.73227468
9263.80726562
9263.86584794
9263.92508171
9263.99851910
9264.05830535
9264.12875680
9264.18901701
9264.24910290
9264.30980709
9264.37119907
9264.43110454
9264.49175339
9264.55047784
9264.61220433
9264.67095950
9264.73177926
9264.79078361
9264.85209927
9264.91247237
9264.97316413
9265.03395024
9265.09314232
9265.15160858
9265.21275797
9265.27370060
9265.33401446
9265.39433903
9265.45384271
9265.51418313
9265.57461572
9265.63436174
9265.69409654
9265.75514353
9265.82961004
9265.88643156
9265.94636799
9266.02088619
9266.07896187
9266.13806911
9266.21105862
9266.27217460
9266.33200156
9266.39189753
9266.45134634
9266.51253279
9266.57116069
9266.64800386
9266.70576161
9266.76643606
9266.82637151
9266.89947586
9266.96083468
9267.01949087
9267.10443899
9267.16387659
9267.22444035
9267.29527166
9267.36678929
9267.41396083
9267.48758546
9267.54926855
9267.60928422
9267.66905779
9267.72839786
9267.78811146
9267.84981210
9267.90925603
9267.96940800
9268.04409174
9268.10255581
9268.16229402
9268.23638799
9268.29713875
9268.35730705
9268.41715912
9268.47711969
9268.53811938
9268.59780493
9268.65963431
9268.71851407
9268.77755865
9268.83851884
9268.89831191
9268.95833173
9269.04238775
9269.13721065
9269.19717464
9269.26995959
9269.32974389
9269.38928803
9269.44926226
9269.50934303
9269.58347820
9269.64514446
9269.70371215
9269.77918315
9269.83775718
9269.89913916
9269.97092571
9270.02858179
9270.08874546
9270.17460470
9270.23379459
9270.29084700
9270.36596911
9270.42593529
9270.48722828
9270.55754564
9270.61737089
9270.68964336
9270.75148785
9270.81199406
9270.88502770
9270.94413957
9271.00445074
9271.07877438
9271.13905629
9271.19919606
9271.25898109
9271.34015017
9271.40100820
9271.47283108
9271.53167866
9271.60575605
9271.66776852
9271.72602804
9271.82090116
9271.86985324
9271.92821710
9272.00270775
9272.06174940
9272.13032425
9272.18134335
9272.25479512
9272.31664571
9272.37473016
9272.43707251
9272.52021596
9272.57988444
9272.66295987
9272.72170797
9272.78084398
9272.85552407
9272.92837046
9272.97433368
9273.04928708
9273.10825047
9273.16586193
9273.23861422
9273.29937204
9273.35740969
9273.43033361
9273.49181531
9273.55177052
9273.61077804
9273.67185721
9273.74539115
9273.80684115
9273.86550051
9273.93896423
9273.99673027
9274.06974831
9274.13123683
9274.19213778
9274.26477669
9274.32182276
9274.39482836
9274.45430375
9274.51407659
9274.57722863
9274.65007600
9274.70936195
9274.77063738
9274.83133036
9274.90351042
9274.96151198
9275.03623571
9275.09483606
9275.15532814
9275.21389851
9275.29513854
9275.35372646
9275.41374457
9275.48758522
9275.54495068
9275.61884911
9275.67913858
9275.73642091
9275.82096821
9275.87083238
9275.93042870
9275.99063064
9276.06400854
9276.12570650
9276.18647189
9276.27768397
9276.33724225
9276.39767849
9276.45824981
9276.51809164
9276.57839550
9276.63847724
9276.69928066
9276.76048832
9276.81819829
9276.87885469
9276.93989485
9277.01674679
9277.08080970
9277.14372549
9277.20844912
9277.27108014
9277.33505430
9277.39925131
9277.46259523
9277.52658353
9277.59021027
9277.67888063
9277.74213873
9277.80578302
9277.88166289
9277.94387797
9277.99470104
9278.07203085
9278.14954449
9278.21091794
9278.28456793
9278.34866814
9278.41201352
9278.47503902
9278.55292910
9278.61368376
9278.72414534
9278.77692474
9278.82657119
9278.91594471
9278.97953706
9279.03847388
9279.11660704
9279.18008700
9279.24215652
9279.30510742
9279.38234897
9279.44535253
9279.50695637
9279.58445660
9279.64704130
9279.76527406
9279.82995722
9279.89426955
9279.97292812
9280.03544040
9280.10030325
9280.16110887
9280.22630183
9280.28946289
9280.35256300
9280.41649060
9280.49475078
9280.55756782
9280.60631754
9280.68313365
9280.74642953
9280.80898229
9280.87270557
9280.93820598
9280.99980568
9281.06451152
9281.12933804
9281.20499849
9281.26678031
9281.37678621
9281.43050062
9281.50420474
9281.56948987
9281.63135654
9281.70849471
9281.77213632
9281.83589837
9281.91275275
9281.97785697
9282.03877474
9282.11562863
9282.17944651
9282.23924007
9282.31913525
9282.38117283
9282.44662692
9282.51102092
9282.57347810
9282.64941649
9282.71029598
9282.78985469
9282.85185108
9282.91644135
9282.98003370
9283.04306457
9283.10801519
9283.18458626
9283.24845315
9283.31268502
9283.37662554
9283.44000066
9283.50342431
9283.56637349
9283.63117247
9283.69375350
9283.76786063
9283.83263547
9283.89586089
9283.95906462
9284.02295540
9284.08746741
9284.15125189
9284.21323437
9284.27804627
9284.34070776
9284.40426208
9284.48032676
9284.54410027
9284.60669935
9284.66985846
9284.73381482
9284.79782727
9284.87226184
9284.93511740
9284.99894869
9285.06451030
9285.12690092
9285.19118326
9285.25488997
9285.31946683
9285.38235970
9285.44467035
9285.50861794
9285.60557100
9285.65829872
9285.72087463
9285.78584354
9285.85957204
9285.92354815
9285.98677089
9286.05043176
9286.11502667
9286.17790100
9286.24294379
9286.35019561
9286.41237460
9286.47600134
9286.55006605
9286.61515296
9286.67793709
9286.74209192
9286.80457738
9286.86904087
9286.93400197
9286.99574674
9287.06165749
9287.12389012
9287.18920133
9287.25065914
9287.31507265
9287.37853579
9287.44288956
9287.50523654
9287.56929019
9287.63515314
9287.69667215
9287.75995389
9287.82352553
9287.89848428
9287.96315038
9288.02701166
9288.09180210
9288.15303219
9288.21658822
9288.28159589
9288.34352303
9288.40809550
9288.47206820
9288.53457195
9288.59966520
9288.66151578
9288.72742189
9288.79009972
9288.86401376
9288.92823320
9288.99074621
9289.05709020
9289.11931845
9289.18343548
9289.24748547
9289.31135041
9289.37344992
9289.43853732
9289.50216283
9289.56389151
9289.63024940
9289.69133320
9289.75580864
9289.81971186
9289.89366490
9289.95813132
9290.02006138
9290.08596286
9290.16967780
9290.23447726
9290.29784141
9290.36113754
9290.43587053
9290.49875340
9290.56364405
9290.62721300
9290.69215947
9290.75467834
9290.82785948
9290.89178952
9290.96552070
9291.03161674
9291.09463078
9291.15792569
9291.22187352
9291.31730741
9291.40348677
9291.46618557
9291.53098795
9291.59261277
9291.65612930
9291.72145002
9291.78580892
9291.84944370
9291.91199597
9291.97676080
9292.05191242
9292.11361038
9292.17872971
9292.27319007
9292.33862685
9292.40194345
9292.46556848
9292.54047970
9292.60233150
9292.66713072
9292.73140501
9292.79486401
9292.85623038
9292.92096913
9292.98600021
9293.04806583
9293.12261182
9293.18688709
9293.25207128
9293.31565584
9293.39096081
9293.45393730
9293.51887793
9293.58129635
9293.64492991
9293.71054174
9293.77261468
9293.83806023
9293.89913209
9293.96476928
9294.02723816
9294.09001766
9294.15397012
9294.21694223
9294.28234829
9294.34594430
9294.40945401
9294.47329651
9294.54922100
9294.61620963
9294.67436089
9294.73783841
9294.80057012
9294.86525207
9294.92930523
9294.99215835
9295.05779725
9295.12046533
9295.18474742
9295.24699809
9295.31199236
9295.37473041
9295.43889864
9295.50280820
9295.56544239
9295.63053320
9295.69327880
9295.75586374
9295.82195661
9295.88412927
9295.94845013
9296.01245330
9296.07634945
9296.14985803
9296.21374125
9296.27727900
9296.34154403
9296.40398560
9296.46816140
9296.53244666
9296.59494432
9296.65885923
9296.72392591
9296.77555088
9296.84135824
9296.90265977
9296.96695576
9297.03021605
9297.09434040
9297.16962757
9297.23210011
9297.29707463
9297.36101124
9297.42401700
9297.48860946
9297.55128997
9297.61439471
9297.67832816
9297.74266048
9297.80673022
9297.87085676
9297.93348437
9297.99726568
9298.06017147
9298.12495410
9298.19868553
9298.26125681
9298.32504324
9298.38934874
9298.45229842
9298.51702668
9298.57989468
9298.64460101
9298.70749461
9298.77320128
9298.83524545
9298.89891778
9298.96378282
9299.02588185
9299.09026342
9299.16442492
9299.22894912
9299.29327583
9299.38757088
9299.44103027
9299.50476965
9299.56907149
9299.63190658
9299.69479042
9299.75923002
9299.82252420
9299.88707863
9299.95000636
9300.01394883
9300.07842305
9300.15247386
9300.21541525
9300.27828593
9300.34171274
9300.40551478
9300.48022753
9300.54511891
9300.60691049
9300.67189110
9300.73656427
9300.79903803
9300.86410470
9300.92659870
9300.99125553
9301.05409427
9301.11916436
9301.19299720
9301.25570795
9301.32092286
9301.38280709
9301.44782524
9301.51049503
9301.57468789
9301.63760855
9301.70248335
9301.76532818
9301.83052700
9301.89211622
9301.95581878
9302.01960229
9302.08351769
9302.15980400
9302.22216780
9302.28432826
9302.34914967
9302.42313343
9302.48761667
9302.55007995
9302.61584440
9302.67656371
9302.74165379
9302.80505256
9302.87624081
9302.94137331
9303.00350793
9303.06792290
9303.13224937
9303.20666175
9303.26955292
9303.33340201
9303.39847648
9303.46001231
9303.52524819
9303.58790700
9303.65243900
9303.71530212
9303.77819597
9303.84346037
9303.90666288
9303.96924928
9304.03493815
9304.09702328
9304.16047642
9304.23616954
9304.29884834
9304.36380408
9304.42716677
9304.49024542
9304.55429151
9304.61735139
9304.68083306
9304.74570176
9304.80860950
9304.87224623
9304.93612555
9304.99982470
9305.09461444
9305.15828092
9305.22427456
9305.29724700
9305.36291857
9305.42874446
9305.48884596
9305.55057805
9305.61155726
9305.67268080
9305.73353030
9305.79442222
9305.85515738
9305.91520840
9305.97728987
9306.03969195
9306.09994509
9306.16127271
9306.22346803
9306.29448586
9306.35537559
9306.42744106
9306.48801895
9306.54930853
9306.61025409
9306.67143396
9306.73279107
9306.79465921
9306.85563110
9306.91597957
9306.97640460
9307.03726312
9307.09805923
9307.16092942
9307.22173894
9307.28168464
9307.34274016
9307.40450858
9307.46643157
9307.52640774
9307.58788993
9307.64904834
9307.71184661
9307.77170527
9307.83225951
9307.92536478
9307.97528186
9308.03734163
9308.09798584
9308.15854960
9308.21983747
9308.29236593
9308.35452859
9308.41489681
9308.47492882
9308.53603968
9308.59776812
9308.65953191
9308.72008250
9308.78103732
9308.84275040
9308.90454929
9308.96516108
9309.02502851
9309.12021176
9309.17094268
9309.23129310
9309.29281674
9309.35351873
9309.41526375
9309.47511826
9309.53704686
9309.59768620
9309.65814926
9309.71856015
9309.77902077
9309.84350255
9309.90335414
9309.96307382
9310.02422443
9310.08779241
9310.14720319
9310.20717302
9310.26778262
9310.33119821
9310.39281157
9310.45236571
9310.51456299
9310.57463425
9310.63619787
9310.69676748
9310.75779154
9310.81980719
9310.87984212
9310.94187824
9311.00309346
9311.06369378
9311.12511941
9311.18534110
9311.24743768
9311.30913540
9311.36820241
9311.46286707
9311.51297871
9311.57495925
9311.63689224
9311.69729459
9311.75642182
9311.81778600
9311.88067522
9311.94084595
9312.00123733
9312.06352775
9312.12429509
9312.18353983
9312.24660507
9312.30692648
9312.36883022
9312.42949808
9312.49029857
9312.55137384
9312.64505523
9312.69593316
9312.75644596
9312.81925008
9312.87966658
9312.93295822
