3828.07932163
3828.12965508
3828.18693124
3828.24670449
3828.30497880
3828.37211315
3828.43093822
3828.49039355
3828.56343929
3828.66914304
3828.73005976
3828.79636100
3828.85433080
3828.92521785
3828.98184645
3829.03892610
3829.09757320
3829.15534843
3829.21627027
3829.28416261
3829.34198417
3829.40080852
3829.45803933
3829.51738689
3829.57278864
3829.64958637
3829.70044059
3829.76035452
3829.82846702
3829.89826449
3829.95508107
3830.01282339
3830.07143416
3830.12848260
3830.19832493
3830.26713644
3830.33591186
3830.40382907
3830.46164819
3830.51967748
3830.59048578
3830.65725051
3830.73501493
3830.77390129
3830.84162638
3830.92257618
3830.99226515
3831.04017391
3831.09659869
3831.15541255
3831.21319827
3831.27306978
3831.32993268
3831.38873972
3831.44578231
3831.50332641
3831.56214856
3831.62971713
3831.69902820
3831.75662667
3831.84365171
3831.88441076
3831.94231595
3832.00122855
3832.05991417
3832.11680731
3832.17471444
3832.23261158
3832.30225350
3832.36112101
3832.41816384
3832.47591518
3832.53487679
3832.59353949
3832.65052552
3832.72115292
3832.77809384
3832.83912002
3832.89571522
3832.95096435
3833.02832722
3833.07926678
3833.17106511
3833.22703274
3833.28559475
3833.34348653
3833.40333829
3833.46021338
3833.51913281
3833.57615614
3833.63387676
3833.70586705
3833.76154455
3833.82036329
3833.87734883
3833.93699432
3833.99392208
3834.05476444
3834.10986167
3834.18547667
3834.28001542
3834.33816271
3834.39527600
3834.45516019
3834.51433733
3834.58178399
3834.65070057
3834.70764369
3834.76748935
3834.82530213
3834.88309444
3834.94092014
3834.99982226
3835.05759872
3835.11462765
3835.18548545
3835.25922288
3835.30090207
3835.35988904
3835.42768898
3835.48652844
3835.54448727
3835.61318637
3835.67010462
3835.72983764
3835.78777940
3835.84357759
3835.90165027
3835.97119857
3836.03945419
3836.10782928
3836.16670092
3836.22476410
3836.29439456
3836.38030270
3836.42198018
3836.47988123
3836.53778080
3836.60854864
3836.68651079
3836.75318360
3836.80992435
3836.86937968
3836.92631255
3836.98511301
3837.04204808
3837.10074515
3837.15965922
3837.21757928
3837.27656235
3837.33189169
3837.39077577
3837.44849785
3837.55731236
3837.60812294
3837.66701800
3837.72413958
3837.78367414
3837.84074940
3837.89726390
3837.95636838
3838.02616756
3838.08389208
3838.14182482
3838.19973220
3838.25837540
3838.31622207
3838.37418211
3838.43384224
3838.49082241
3838.56166533
3838.62852125
3838.70614280
3838.74481924
3838.80335491
3838.85930402
3838.92934286
3838.98706811
3839.04577933
3839.10467633
3839.16145756
3839.22039625
3839.27918062
3839.33720064
3839.39393456
3839.46292502
3839.52254541
3839.58034356
3839.63831531
3839.69616149
3839.75298904
3839.81100297
3839.88764221
3839.92766545
3839.98710273
3840.04418165
3840.10301380
3840.15995057
3840.21874323
3840.27651554
3840.34641614
3840.41533077
3840.47226609
3840.52993380
3840.58900367
3840.64659434
3840.70548671
3840.76237716
3840.82117493
3840.89098215
3840.94889636
3841.04572204
3841.09651238
3841.15525822
3841.21315024
3841.27184366
3841.32977177
3841.39791182
3841.45590332
3841.51481275
3841.57258677
3841.62929363
3841.69910305
3841.76896415
3841.83696182
3841.89561039
3841.95346047
3842.01045576
3842.06839020
3842.12709923
3842.20286515
3842.24380194
3842.30366370
3842.37044768
3842.42835116
3842.50713106
3842.55604358
3842.61474432
3842.67261342
3842.73048910
3842.78781622
3842.84616587
3842.90486660
3842.96226272
3843.02034588
3843.07895373
3843.13606409
3843.19461562
3843.28553428
3843.41510842
3843.45501951
3843.51317923
3843.58275947
3843.63973891
3843.69857472
3843.75659035
3843.81504654
3843.87256041
3843.93142377
3843.98843881
3844.04626134
3844.10602948
3844.16391174
3844.22090240
3844.27869032
3844.34847998
3844.40731067
3844.46626228
3844.52395316
3844.59876750
3844.63786743
3844.70758200
3844.76629103
3844.82323414
3844.88202753
3844.94006461
3844.99804465
3845.05769429
3845.12457970
3845.18331701
3845.24125535
3845.31028239
3845.37889616
3845.43782901
3845.49660727
3845.55357721
3845.61118714
3845.67111765
3845.75607298
3845.79601016
3845.85656019
3845.91458362
3845.97128195
3846.02903573
3846.09697562
3846.16669336
3846.23518621
3846.30414693
3846.36280183
3846.42074553
3846.47859855
3846.53649837
3846.59516058
3846.65286804
3846.70970753
3846.76961147
3846.82842070
3846.90348323
3846.94419840
3847.00304615
3847.06013360
3847.11794322
3847.17567140
3847.24569463
3847.30229788
3847.36126802
3847.41908251
3847.47681167
3847.54489589
3847.61454512
3847.67328828
3847.73217870
3847.79000904
3847.84789082
3847.90530205
3847.96432851
3848.03951953
3848.08041219
3848.15008947
3848.20696578
3848.26514842
3848.32284149
3848.38160830
3848.43962832
3848.49741745
3848.55663360
3848.61402215
3848.67198317
3848.73070926
3848.78874099
3848.84400816
3848.90284299
3848.97181906
3849.06235470
3849.14918883
3849.19031897
3849.24879174
3849.30860059
3849.36516166
3849.42152329
3849.48042395
3849.53927828
3849.59721833
3849.65581252
3849.71287145
3849.77150611
3849.82836657
3849.88640634
3849.94527774
3850.01596097
3850.07281363
3850.13064178
3850.18941370
3850.24547837
3850.32312870
3850.36208308
3850.41958183
3850.51141308
3850.56923781
3850.62705303
3850.69674127
3850.75368146
3850.81242364
3850.88123100
3850.95022293
3851.00902850
3851.06926962
3851.12389143
3851.18451826
3851.24130997
3851.29930804
3851.35801439
3851.43406874
3851.47476489
3851.53116967
3851.58987236
3851.64678305
3851.70458754
3851.76257586
3851.82144044
3851.89032338
3851.94827294
3852.00715434
3852.06475598
3852.12366713
3852.18039349
3852.24916184
3852.30900434
3852.36668425
3852.42472182
3852.48163007
3852.57906210
3852.61291209
3852.66706359
3852.72568265
3852.78369048
3852.85332996
3852.91125441
3852.96999415
3853.02704113
3853.08386648
3853.14167220
3853.19957958
3853.26975080
3853.33816710
3853.39700022
3853.45491979
3853.51293176
3853.57103956
3853.62901301
3853.71625674
3853.75517357
3853.82502785
3853.88297570
3853.94093453
3853.99973327
3854.05834136
3854.11530837
3854.17424243
3854.23281346
3854.28966222
3854.34856093
3854.40656656
3854.46454660
3854.52340386
3854.59090879
3854.64779705
3854.71774056
3854.78543420
3854.86201786
3854.90292052
3854.96185117
3855.01965225
3855.07806943
3855.13587246
3855.19473509
3855.25264368
3855.31046476
3855.36826681
3855.42612957
3855.48492296
3855.54204405
3855.60073991
3855.65868972
3855.72741662
3855.78530620
3855.84317530
3855.90287980
3855.95980024
3856.03654506
3856.07548871
3856.13225921
3856.19038528
3856.24916306
3856.30798058
3856.36525528
3856.42449825
3856.48086719
3856.54019744
3856.59869606
3856.66660888
3856.72646552
3856.78321066
3856.84203159
3856.89986925
3856.95687892
3857.01657805
3857.07446593
3857.13138539
3857.21993497
3857.25908927
3857.31788582
3857.37382347
3857.43164698
3857.49124713
3857.60312437
3857.66081622
3857.72021718
3857.77688649
3857.83650346
3857.89354191
3857.95127594
3858.01105529
3858.06785699
3858.12583288
3858.20757554
3858.25351116
3858.33931983
3858.38103535
3858.43999623
3858.49779121
3858.56565430
3858.62406466
3858.68262642
3858.74053063
3858.79819274
3858.85511611
3858.91389267
3858.98268272
3859.05063431
3859.11039610
3859.16823156
3859.22616576
3859.28326783
3859.34268074
3859.40067174
3859.48658110
3859.52653852
3859.58606333
3859.64395925
3859.70427693
3859.76077558
3859.81769236
3859.87660911
3859.93521135
3859.99248970
3860.05029541
3860.12023819
3860.17716107
3860.23507991
3860.29188698
3860.36261726
3860.42055073
3860.51528940
3860.59020540
3860.63021084
3860.68988389
3860.75008478
3860.80457250
3860.88357572
3860.94122710
3860.99921542
3861.05697310
3861.11376116
3861.18172396
3861.24050467
3861.34051522
3861.39749564
3861.45719819
3861.51501121
3861.57292591
3861.62969177
3861.70409236
3861.74615165
3861.80394615
3861.86082149
3861.91925159
3861.97814128
3862.03346233
3862.10261566
3862.16964833
3862.22871283
3862.29633650
3862.35501529
3862.41233558
3862.46995843
3862.52867867
3862.58564641
3862.65445889
3862.71229849
3862.77010664
3862.84613222
3862.89486969
3862.96481637
3863.02244386
3863.07942160
3863.13813647
3863.19502059
3863.26266937
3863.32092832
3863.37874793
3863.43673260
3863.49540505
3863.57522796
3863.63025887
3863.69997321
3863.75577237
3863.81454039
3863.87253920
3863.94844385
3863.98831203
3864.04824619
3864.10403463
3864.17275397
3864.23111947
3864.28838685
3864.34733506
3864.40319809
3864.47009570
3864.53777203
3864.59683701
3864.65695087
3864.71266080
3864.77049625
3864.82857625
3864.90828847
3864.96653084
3865.02343495
3865.11012352
3865.17097758
3865.22874696
3865.28660461
3865.35443600
3865.41328010
3865.47015958
3865.52615671
3865.58406702
3865.64280676
3865.70052348
3865.77048138
3865.82733989
3865.88518023
3865.94208360
3865.99985713
3866.06850455
3866.13731362
3866.21531015
3866.26284686
3866.32051896
3866.37838538
3866.43672309
3866.49454099
3866.55233280
3866.61045157
3866.67915385
3866.73678450
3866.79363253
3866.84951581
3866.91831220
3866.97626736
3867.04601924
3867.10300015
3867.16076246
3867.21769460
3867.27640875
3867.35126014
3867.39209015
3867.44897938
3867.50779544
3867.56535661
3867.63305000
3867.70199609
3867.75933442
3867.81712404
3867.87494219
3867.94273701
3868.01259080
3868.08141766
3868.13827910
3868.19506691
3868.26386281
3868.33481691
3868.41945652
3868.45735983
3868.52628178
3868.58411651
3868.65485606
3868.71080346
3868.76858723
3868.82638806
3868.88523459
3868.95313572
3869.01187010
3869.06784846
3869.12665550
3869.18594771
3869.24092597
3869.29920028
3869.36783112
3869.42600011
3869.49482503
3869.57965529
3869.62043580
3869.67837219
3869.73513684
3869.80602121
3869.87281666
3869.93155153
3869.98838712
3870.04547750
3870.10221849
3870.17287685
3870.22983167
3870.28764323
3870.34650293
3870.40134612
3870.46015608
3870.51706214
3870.57563390
3870.63538789
3870.69066091
3870.77703790
3870.82884615
3870.88533139
3870.95402148
3871.01054475
3871.07040358
3871.12814419
3871.18602256
3871.24300078
3871.30091304
3871.35947602
3871.41638135
3871.47340370
3871.54320532
3871.60033860
3871.65693380
3871.72576652
3871.79443905
3871.85173301
3871.92711956
3871.96603688
3872.02599080
3872.08162466
3872.14059066
3872.19849877
3872.25646198
3872.31513590
3872.37167161
3872.42849940
3872.49683133
3872.56640279
3872.63521527
3872.69314801
3872.75092081
3872.80789220
3872.86665438
3872.94550302
3872.99156591
3873.06916698
3873.10730362
3873.16590830
3873.22295137
3873.27893656
3873.34792995
3873.40577370
3873.47543317
3873.54350130
3873.60296394
3873.66084596
3873.71770667
3873.77562941
3873.83343732
3873.88901730
3873.94871058
3874.00509171
3874.06189342
3874.13062471
3874.20641306
3874.24741958
3874.30423055
3874.36211355
3874.43114327
3874.48982547
3874.54586674
3874.61642465
3874.68366407
3874.74149709
3874.79863842
3874.85622471
3874.91305250
3874.97100279
3875.03967459
3875.09759538
3875.15536135
3875.21301639
3875.27081357
3875.34959200
3875.40941133
3875.46656510
3875.52823470
3875.58304155
3875.63905941
3875.70675037
3875.76546281
3875.82246907
3875.88140313
3875.93900795
3875.99615147
3876.05285297
3876.11257405
3876.17049045
3876.22805333
3876.28701981
3876.35328132
3876.42125924
3876.50081079
3876.55762663
3876.61652802
3876.67261244
3876.73223819
3876.79001952
3876.85783653
3876.94878275
3876.99469105
3877.05275325
3877.12131412
3877.17835647
3877.23572162
3877.29344370
3877.36336454
3877.41951795
3877.47811215
3877.53526030
3877.62283830
3877.66178731
3877.71956255
3877.77742555
3877.83600122
3877.89197763
3877.96079011
3878.01698156
3878.07537339
3878.14429826
3878.20319088
3878.25952935
3878.32836767
3878.38718787
3878.44494604
3878.50303920
3878.56189330
3878.61849459
3878.67560154
3878.73239545
3878.82000855
3878.85790114
3878.92589710
3878.98558575
3879.04242208
3879.10422261
3879.15869423
3879.21751565
3879.28556793
3879.34210803
3879.39990594
3879.46892078
3879.53779592
3879.59854490
3879.66338694
3879.73113422
3879.79912726
3879.85691615
3879.93350907
3879.97236471
3880.03122416
3880.08823701
3880.15737912
3880.22570471
3880.29484439
3880.35159416
3880.40941791
3880.46710245
3880.52393024
3880.59277344
3880.66058875
3880.71948404
3880.77700596
3880.83354971
3880.89236016
3880.95041578
3881.00823588
3881.08493047
3881.12385778
3881.19267392
3881.25943377
3881.31727094
3881.38614193
3881.44397324
3881.50183332
3881.55982019
3881.61758835
3881.67981603
3881.73240276
3881.79009657
3881.84946729
3881.90734834
3881.96418783
3882.02005868
3882.07847050
3882.14730955
3882.22230357
3882.27209649
3882.33192046
3882.38860684
3882.44566187
3882.51532865
3882.57171832
3882.63048610
3882.68893572
3882.74726416
3882.80569378
3882.87204768
3882.93982446
3882.99874341
3883.05551342
3883.12428201
3883.19133370
3883.25003931
3883.34692570
3883.38074180
3883.43372862
3883.50341174
3883.56042995
3883.61820226
3883.68688626
3883.75384408
3883.81356784
3883.87144450
3883.92845686
3883.99713963
3884.05806756
3884.12294569
3884.17967694
3884.23848105
3884.29769671
3884.35556849
3884.41226877
3884.49834271
3884.54897896
3884.61583536
3884.67471822
3884.73266559
3884.79033842
3884.84816145
3884.90511236
3884.98481239
3885.05290832
3885.11250993
3885.16939501
3885.22635032
3885.28323346
3885.34193834
3885.40982800
3885.46852947
3885.52538700
3885.60316630
3885.64067075
3885.70882763
3885.76848409
3885.83732827
3885.89411559
3885.95111137
3886.00986794
3886.07600973
3886.13557794
3886.20354269
3886.26037975
3886.31823130
3886.37689132
3886.44586983
3886.51455822
3886.57179195
3886.64020312
3886.71596197
3886.75604080
3886.82477794
3886.89277830
3886.94866742
3887.01694694
3887.08675684
3887.14576722
3887.20361194
3887.26054701
3887.31782853
3887.38763209
3887.45545105
3887.51335112
3887.57040175
3887.63512141
3887.69381800
3887.76079167
3887.84341643
3887.88746984
3887.94625225
3888.00701415
3888.07604484
3888.14159271
3888.19745112
3888.25633813
3888.32437773
3888.39209063
3888.45075870
3888.50893232
3888.56665635
3888.63499755
3888.68252061
3888.75206232
3888.81862688
3888.88130585
3888.96308387
3889.01412631
3889.08380675
3889.14177094
3889.23060308
3889.27876029
3889.33630269
3889.39328140
3889.45283839
3889.51889900
3889.57659280
3889.64638442
3889.70341579
3889.76112520
3889.82189588
3889.87772161
3889.93419052
3889.99253700
3890.07937283
3890.11930684
3890.17615097
3890.23504919
3890.29276932
3890.34973975
3890.41665978
3890.47557117
3890.53325132
3890.59025465
3890.64820567
3890.70494277
3890.77461370
3890.83245111
3890.89045309
3890.94743521
3891.01736312
3891.07490405
3891.14283443
3891.22956470
3891.26850372
3891.32577110
3891.38362996
3891.44054382
3891.50222025
3891.55705612
3891.63683660
3891.70545526
3891.76317807
3891.82105010
3891.87887605
3891.94667233
3892.01371403
3892.07137589
3892.13034604
3892.18799157
3892.24599964
3892.30465868
3892.37963369
3892.41941019
3892.47534564
3892.54520358
3892.60217887
3892.66089546
3892.71661879
3892.78553709
3892.85530969
3892.92135640
3892.98101506
3893.03838143
3893.09643168
3893.15554299
3893.24554542
3893.29123357
3893.34927700
3893.40704565
3893.48564171
3893.52166428
3893.57943854
3893.64929843
3893.70712779
3893.76394412
3893.82283040
3893.89065984
3893.94658407
3894.00551033
3894.06384194
3894.12123050
3894.17916762
3894.23600175
3894.30559564
3894.37572689
3894.43992455
3894.49884983
3894.55927308
3894.63301465
3894.67290770
3894.72934661
3894.79807425
3894.85698198
3894.91377052
3894.97158696
3895.03036303
3895.08654058
3895.14418026
3895.21286499
3895.27008921
3895.32868609
3895.38462080
3895.44245943
3895.50126427
3895.55820666
3895.62901033
3895.69579943
3895.78262723
3895.82336775
3895.88122515
3895.93714987
3896.00507391
3896.06678057
3896.13268319
3896.19050695
3896.24741471
3896.30715431
3896.36324361
3896.42099520
3896.47975396
3896.53680362
3896.60551004
3896.66445751
3896.73036013
3896.79908971
3896.86687088
3896.94268118
3896.98268832
3897.05208278
3897.10968710
3897.16763325
3897.24629855
3897.30731694
3897.36123974
3897.42090913
3897.47742972
3897.54620880
3897.60397404
3897.67177959
3897.73063807
3897.78771845
3897.84629192
3897.90216349
3897.96019424
3898.01802482
3898.09296228
3898.13360333
3898.19147536
3898.24929326
3898.30813540
3898.36309903
3898.43289528
3898.49070270
3898.54861301
3898.61737648
3898.67440566
3898.73213116
3898.79400727
3898.85834828
3898.91629663
3898.97464554
3899.03152307
3899.08894820
3899.14573089
3899.23301533
3899.27256753
3899.32940605
3899.39882538
3899.45649772
3899.52530240
3899.58408481
3899.64103744
3899.69881633
3899.75778160
3899.81349616
3899.88146774
3899.93829334
3900.00797963
3900.06587824
3900.12291083
3900.18196289
3900.25039235
3900.30729694
3900.38521326
3900.44480829
3900.52580002
3900.57148670
3900.62928266
3900.69862445
3900.75353786
3900.82479891
3900.89271149
3900.95958228
3901.01821133
3901.07626402
3901.13288287
3901.19295040
3901.28053059
3901.32758431
3901.38730076
3901.47330350
3901.51311560
3901.56883552
3901.62774398
3901.69551588
3901.75405863
3901.81492903
3901.86803507
3901.92669216
3901.98445375
3902.04146318
3902.10006639
3902.15783163
3902.21546302
3902.27229349
3902.33017210
3902.40916630
3902.46700322
3902.53671463
3902.61160210
3902.65047871
3902.70933451
3902.76711413
3902.82398166
3902.88177080
3902.94064415
3902.99959162
3903.05635700
3903.11423024
3903.17108559
3903.23805341
3903.30687369
3903.36478375
3903.42280377
3903.48117658
3903.53906787
3903.59546217
3903.65419777
3903.71527370
3903.78979790
3903.82684593
3903.88584095
3903.95338440
3904.02018082
3904.07905369
3904.13615869
3904.19381471
3904.26176264
3904.32376577
3904.37843049
3904.43622498
3904.50418267
3904.57370122
3904.63175733
3904.68951940
3904.74563234
3904.81294759
3904.90177778
3904.96189066
3905.02980471
3905.09190049
3905.14577258
3905.21423885
3905.27236420
3905.33208747
3905.38803145
3905.44689847
3905.50365872
3905.56039241
3905.61829223
3905.68718419
3905.74498186
3905.80578008
3905.86054452
3905.92851878
3906.00548327
3906.04421335
3906.10181304
3906.17075669
3906.22866139
3906.28553575
3906.34333293
3906.40014195
3906.46893029
3906.52949153
3906.58510857
3906.64287820
3906.70003245
3906.75767603
3906.81637530
3906.87439142
3906.93140061
3906.99896088
3907.06982331
3907.14379382
3907.18366712
3907.25040210
3907.31015097
3907.36806250
3907.42586967
3907.48179098
3907.54061143
3907.60991933
3907.67688349
3907.73665967
3907.79351087
3907.85140387
3907.90916057
3907.97815225
3908.04581200
3908.10165505
3908.16152558
3908.21842432
3908.29325036
3908.33506657
3908.39190583
3908.44972738
3908.50670439
3908.57645261
3908.64478771
3908.71169336
3908.76955783
3908.84033736
3908.90636554
3908.96354857
3909.03189245
3909.10268514
3909.15917672
3909.21731572
3909.27832509
3909.33162057
3909.40834369
3909.45708482
3909.51616151
3909.57781697
3909.63771993
3909.73237789
3909.79146970
3909.85217991
3909.91389632
3909.97379806
3910.03566710
3910.09958999
3910.15738083
3910.21815443
3910.27720064
3910.33885927
3910.39973795
3910.47882553
3910.52076779
3910.58224527
3910.64208435
3910.70485207
3910.76584998
3910.82567053
3910.88566004
3910.94735914
3911.00628345
3911.06929035
3911.13093264
3911.19068615
3911.25155971
3911.31239621
3911.37421722
3911.43309716
3911.49494279
3911.55451368
3911.63218131
3911.67705709
3911.73887127
3911.79874082
3911.85950760
3911.93428073
3911.99470788
3912.05183921
3912.11249700
3912.17465788
3912.23483659
3912.29542782
3912.35641914
3912.41721225
3912.47686750
3912.53792904
3912.60264699
3912.66040467
3912.73934401
3912.78149863
3912.84295295
3912.90387406
3912.96361049
3913.05842962
3913.11917275
3913.17814972
3913.24015797
3913.29982346
3913.36081454
3913.42351521
3913.48487712
3913.54373975
3913.60496049
3913.66586210
3913.72675907
3913.78636433
3913.86583055
3913.91983162
3913.97964607
3914.04154827
3914.10233016
3914.16218021
3914.22213388
3914.28379568
3914.34472630
3914.40745988
3914.46736308
3914.52813010
3914.58799137
3914.64797771
3914.74259155
3914.80439671
3914.87552611
3914.97399677
3915.00697611
3915.06718774
3915.12817296
3915.18897022
3915.25000689
3915.30966628
3915.37134880
3915.43240425
3915.49308886
3915.55396828
3915.61390512
3915.67850604
3915.73657605
3915.79750398
3915.86813625
3915.92921705
3915.99101295
3916.05170463
3916.12879126
3916.17338959
3916.23432118
3916.29418854
3916.35604709
3916.41556044
3916.47828598
3916.53916759
3916.62009471
3916.67009121
3916.72986544
3916.79066927
3916.85258317
3916.91241591
3916.97419693
3917.03491885
3917.09600014
3917.15863522
3917.23349027
3917.27752296
3917.33724038
3917.40019900
3917.46075341
3917.52276532
3917.58298694
3917.64179251
3917.70435665
3917.76427473
3917.82600991
3917.88912603
3917.94769853
3918.00598844
3918.06796671
3918.12961558
3918.19041210
3918.27331652
3918.33911698
3918.38221806
3918.44492069
3918.50479097
3918.56863487
3918.62546997
3918.68720955
3918.74828425
3918.81098687
3918.86977928
3918.92970662
3918.99051753
3919.05226344
3919.11317553
3919.17306288
3919.23487218
3919.29376382
3919.35653495
3919.41692602
3919.49668895
3919.53964887
3919.59945187
3919.66015233
3919.72097177
3919.78285055
3919.84273376
3919.93466375
3919.98639276
3920.04557624
3920.10718343
3920.16879890
3920.22875867
3920.28871161
3920.35030928
3920.41139545
3920.47126647
3920.53200228
3920.61137585
3920.67514855
3920.73692347
3920.79777266
3920.85863159
3920.91947956
3920.98127301
3921.04210732
3921.10202101
3921.16284508
3921.22268367
3921.28267562
3921.34348506
3921.40626229
3921.46619475
3921.52686571
3921.58773854
3921.64764516
3921.72943195
3921.77039702
3921.83206101
3921.89181818
3921.95268808
3922.01165018
3922.07520101
3922.13601265
3922.19597973
3922.25590585
3922.31764470
3922.37864163
3922.43924651
3922.49933550
3922.55993112
3922.63068969
3922.69261748
3922.75510214
3922.83010493
3922.87593400
3922.93588621
3922.99664665
3923.05766016
3923.12063194
3923.17922930
3923.23995707
3923.30083356
3923.36137310
3923.42138212
3923.48217157
3923.54291933
3923.60465866
3923.66563023
3923.72658523
3923.78638384
3923.84807051
3923.90896918
3924.01864166
3924.05262160
3924.11244775
3924.17411882
3924.23472809
3924.29551023
3924.35640257
3924.41825649
3924.47805461
3924.53823088
3924.59785906
3924.66057534
3924.72148913
3924.78131846
3924.84320627
3924.90208157
3924.96484271
3925.02473079
3925.08645623
3925.16325224
3925.20710841
3925.26700503
3925.32813215
3925.39074505
3925.45023305
3925.51192727
3925.57124728
3925.63259530
3925.69363173
3925.75472716
3925.81561706
3925.87635921
3925.93642893
3925.99933026
3926.05815070
3926.11906596
3926.17890016
3926.24152257
3926.31935477
3926.36229958
3926.42393212
3926.49400485
3926.55761664
3926.61653997
3926.67697151
3926.73993452
3926.79861160
3926.86168603
3926.91951930
3926.98087511
3927.04276024
3927.10291847
3927.16370889
3927.22467779
3927.28467486
3927.34622133
3927.42523674
3927.47801365
3927.54976891
3927.61147020
3927.67142143
3927.73237302
3927.79421426
3927.85304812
3927.91391193
3927.97465481
3928.03563199
3928.09670670
3928.15917453
3928.21920159
3928.27916647
3928.33970480
3928.39997713
3928.46093603
3928.54056852
3928.58444199
3928.64353478
3928.70609769
3928.76497129
3928.82920308
3928.88689957
3928.94755736
3929.00946004
3929.06945882
3929.13112671
3929.19390272
3929.25077050
3929.31181448
3929.37356625
3929.43459951
3929.49621376
3929.55608259
3929.61593411
3929.69482956
3929.73781191
3929.79919016
3929.86081954
3929.92048893
3929.98026023
3930.04205710
3930.10378034
3930.16370353
3930.22318738
3930.28516565
3930.34609894
3930.40783462
3930.46677087
3930.52767125
3930.58941912
3930.65026732
3930.71112333
3930.77196788
3930.84977668
3930.89271539
3930.95452714
3931.01442571
3931.07529829
3931.13755645
3931.19693498
3931.25688353
3931.32009766
3931.37890055
3931.44071668
3931.50165169
3931.56176213
3931.62332128
3931.68427628
3931.74401735
3931.80496162
3931.86559015
3931.92563379
3932.00627931
3932.04907978
3932.10998382
3932.16985630
3932.24155938
3932.30154621
3932.36344987
3932.42422469
3932.48511874
3932.54591891
3932.60673518
3932.66848158
3932.72895115
3932.78742856
3932.85015069
3932.91091575
3932.97107910
3933.03160889
3933.11337033
3933.17521328
3933.23700893
3933.29687239
3933.35785908
3933.41966448
3933.47852540
3933.53932802
3933.60025839
3933.69403474
3933.75493318
3933.81464791
3933.89826742
3933.94825563
3934.00915626
3934.07103236
3934.14693482
3934.24561515
3934.32844959
3934.37820155
3934.44115700
3934.50088247
3934.56057063
3934.62061792
3934.68144175
3934.74544631
3934.80323276
3934.86409292
3934.92563037
3934.98568937
3935.04443009
3935.10733873
3935.18432443
3935.28197979
3935.36264823
3935.42163056
3935.48524917
3935.54386019
3935.60558928
3935.66606226
3935.72944341
3935.78633630
3935.84862737
3935.90932149
3935.97026356
3936.03092794
3936.09180296
3936.15364835
3936.23235168
3936.29540198
3936.35705671
3936.41707596
3936.47883260
