3956.95760840
3957.01646371
3957.07784659
3957.13802140
3957.19699983
3957.32747557
3957.38627603
3957.45829435
3957.51853109
3957.57823924
3957.63905941
3957.69890532
3957.76141582
3957.82326755
3957.88438687
3957.94323170
3958.00583143
3958.06627784
3958.12617592
3958.18628978
3958.24692026
3958.30926960
3958.37042940
3958.43045621
3958.49065467
3958.55275849
3958.61431911
3958.67435129
3958.73232377
3958.79243348
3958.85436322
3958.91455144
3958.97566101
3959.03602891
3959.09672206
3959.15889122
3959.21779895
3959.28045574
3959.34012830
3959.40011220
3959.46185787
3959.52177278
3959.58409822
3959.64536822
3959.70433227
3959.76992037
3959.82476575
3959.88634661
3959.94911920
3960.00869814
3960.06981429
3960.15214283
3960.20161221
3960.26332984
3960.32438578
3960.38514158
3960.44617728
3960.50558238
3960.56651519
3960.62739387
3960.68701157
3960.74917684
3960.84233660
3960.89207296
3960.95279438
3961.01282217
3961.07372597
3961.13725388
3961.19533949
3961.26792297
3961.33048930
3961.38907106
3961.45002971
3961.51070018
3961.57018135
3961.63197505
3961.69322408
3961.75489124
3961.83669827
3961.88581023
3961.94800573
3962.00842507
3962.07013076
3962.12989767
3962.19116791
3962.25221702
3962.31238744
3962.37307570
3962.43340460
3962.49444810
3962.55441274
3962.61724702
3962.67773829
3962.73737818
3962.79937351
3962.85823930
3962.97412501
3963.03566808
3963.09634245
3963.15669523
3963.21627417
3963.27862376
3963.33864204
3963.40099455
3963.46059762
3963.52139780
3963.58325367
3963.64424158
3963.70585413
3963.76572832
3963.82559788
3963.88578292
3963.94620934
3964.00865425
3964.06932448
3964.13029459
3964.18845651
3964.24930911
3964.31103259
3964.37281800
3964.43308521
3964.49382809
3964.55426792
3964.61531580
3964.67713462
3964.73683400
3964.79798184
3964.86030607
3964.91876788
3964.98042139
3965.04266004
3965.10228457
3965.18380317
3965.23464447
3965.29639794
3965.35684630
3965.41804535
3965.47705353
3965.53901960
3965.60018305
3965.65930509
3965.72128872
3965.78125190
3965.84313922
3965.90225955
3965.96529717
3966.02495022
3966.08425438
3966.14735807
3966.20773646
3966.26838913
3966.32855760
3966.38881652
3966.45080600
3966.51034812
3966.57047928
3966.63447872
3966.69313753
3966.75416591
3966.81616319
3966.87537056
3966.93747195
3966.99750291
3967.07051524
3967.13115938
3967.19008491
3967.25231308
3967.31159652
3967.37374447
3967.43462560
3967.49458341
3967.55518952
3967.61719314
3967.67701101
3967.73896196
3967.79861941
3967.85859356
3967.92014296
3967.98100116
3968.04208952
3968.10360382
3968.16318739
3968.22389516
3968.28459147
3968.34664727
3968.40727580
3968.46611259
3968.57218156
3968.63316874
3968.69258774
3968.75480908
3968.81661229
3968.87569946
3968.93519331
3968.99764602
3969.05839890
3969.11801953
3969.27648335
3969.33632682
3969.40007173
3969.45919767
3969.52038428
3969.58156358
3969.64096113
3969.70164720
3969.76563079
3969.82449683
3969.88553936
3969.94618618
3970.00595407
3970.06774728
3970.12880857
3970.18984281
3970.24967384
3970.31038503
3970.37234769
3970.43263806
3970.49305253
3970.55423232
3970.61425719
3970.67525777
3970.73571784
3970.79740743
3970.85768561
3970.91834877
3970.97802279
3971.04033605
3971.10069761
3971.16310839
3971.22257054
3971.28252251
3971.34252884
3971.40438130
3971.46539335
3971.52727214
3971.58661604
3971.64736209
3971.70868110
3971.77021587
3971.83115599
3971.89153706
3971.95220851
3972.01388664
3972.07439937
3972.13580688
3972.19449688
3972.25495670
3972.31651976
3972.37841708
3972.43903342
3972.49988212
3972.56099291
3972.62032901
3972.68063840
3972.74467051
3972.80324227
3972.87425806
3972.93535032
3972.99734199
3973.05727006
3973.11783228
3973.17755458
3973.23802391
3973.29972471
3973.36179051
3973.42147721
3973.48154181
3973.54298759
3973.66858228
3973.73002513
3973.79123906
3973.85282503
3973.91301642
3973.97267435
3974.03350963
3974.12746738
3974.18822367
3974.24922133
3974.30865106
3974.37044013
3974.43200855
3974.49249519
3974.55337753
3974.61510979
3974.67393365
3974.73485524
3974.79673647
3974.85677401
3974.91793039
3974.97849383
3975.03857136
3975.10176013
3975.16120473
3975.22185618
3975.28423088
3975.34273413
3975.40320980
3975.46431717
3975.54112172
3975.60220569
3975.65889330
3975.71863949
3975.78657084
3975.84644259
3975.90329842
3975.96203183
3976.02273424
3976.07958154
3976.13777222
3976.19744039
3976.25621647
3976.31513492
3976.37241132
3976.43440836
3976.48945293
3976.54796033
3976.60894287
3976.67671453
3976.73461411
3976.79347796
3976.85235911
3976.91260365
3976.97164937
3977.03011020
3977.08674441
3977.14761700
3977.20474004
3977.26325256
3977.32179774
3977.38034951
3977.44042509
3977.49752546
3977.55606625
3977.62619238
3977.68440598
3977.74211807
3977.80203859
3977.86173870
3977.91924525
3977.97804376
3978.03644729
3978.09863742
3978.15266799
3978.21211015
3978.27190364
3978.35070011
3978.39974137
3978.47932802
3978.53756918
3978.59767986
3978.65418217
3978.77948842
3978.83683041
3978.89660635
3978.95437622
3979.01360480
3979.07232138
3979.13047964
3979.18934202
3979.24869178
3979.30533623
3979.36425981
3979.42315461
3979.48186169
3979.55116666
3979.61025408
3979.66968771
3979.72871563
3979.78747513
3979.84347153
3979.90285786
3979.96125578
3980.02073159
3980.08103342
3980.13791753
3980.19744259
3980.25423698
3980.31329855
3980.37199587
3980.44174044
3980.49961905
3980.55922895
3980.61783289
3980.67627202
3980.73462435
3980.79312541
3980.85108740
3980.91006657
3980.97076629
3981.02929636
3981.08614732
3981.14622289
3981.20321843
3981.26212470
3981.33243221
3981.38989513
3981.45008359
3981.50874312
3981.56549460
3981.62610461
3981.68401784
3981.74252865
3981.80039482
3981.85981285
3981.91916138
3981.97730331
3982.03504782
3982.09406064
3982.15373734
3982.21177370
3982.28019486
3982.33926838
3982.39866714
3982.45730595
3982.51541082
3982.57368147
3982.63129238
3982.69055754
3982.75057313
3982.80815113
3982.86698815
3982.92469512
3982.98362626
3983.04292603
3983.10232162
3983.17073548
3983.23987491
3983.29881531
3983.35798513
3983.41603758
3983.47451572
3983.53349805
3983.59282489
3983.65129888
3983.70905924
3983.76965413
3983.82747569
3983.88567345
3983.94307566
3984.00169009
3984.06057465
3984.11915251
3984.18952415
3984.29111508
3984.35112385
3984.40942206
3984.46823958
3984.52588584
3984.58399144
3984.64293622
3984.70156894
3984.76136048
3984.81953824
3984.87824848
3984.93678855
3984.99575016
3985.05379529
3985.11250164
3985.18126219
3985.23982151
3985.29914055
3985.35856979
3985.41691237
3985.47568600
3985.53475854
3985.59212930
3985.64984188
3985.74172895
3985.79916725
3985.85831756
3985.91694296
3985.97575390
3986.03416353
3986.09709460
3986.16354067
3986.22322298
3986.27977649
3986.33942393
3986.40764201
3986.46828224
3986.52674624
3986.58624521
3986.64594312
3986.70188418
3986.76305983
3986.82149993
3986.89051331
3986.94712801
3987.00606207
3987.07677480
3987.13585613
3987.19375668
3987.25205757
3987.31097554
3987.36855329
3987.42657575
3987.48623514
3987.54444606
3987.60356786
3987.66276523
3987.72033347
3987.77943089
3987.83815820
3987.89693159
3987.95405220
3988.02524718
3988.08447796
3988.14049801
3988.20042852
3988.25866382
3988.31715708
3988.37629204
3988.43600336
3988.49417259
3988.55258832
3988.61109547
3988.67069610
3988.73973435
3988.79749764
3988.85571880
3988.91473771
3988.98377839
3989.04251985
3989.10198151
3989.15939908
3989.21851575
3989.27677349
3989.33561319
3989.39476839
3989.45392359
3989.51246999
3989.57079672
3989.62958352
3989.68803192
3989.74567964
3989.80542315
3989.86380815
3989.93211424
3989.99107146
3990.05297878
3990.11058822
3990.16817134
3990.22698105
3990.28441130
3990.34347287
3990.40169916
3990.46016852
3990.51846160
3990.57789401
3990.63813708
3990.69491709
3990.75504411
3990.82335971
3990.88242713
3990.94015994
3990.99966866
3991.05803733
3991.11682608
3991.17547659
3991.23351344
3991.29330205
3991.35253746
3991.41070596
3991.46791824
3991.52539651
3991.58440689
3991.64521755
3991.70227745
3991.77306771
3991.82999498
3991.88918138
3991.94789211
3992.00788747
3992.06468211
3992.12415084
3992.18225278
3992.24168397
3992.29996438
3992.36021696
3992.41701647
3992.47561505
3992.53430725
3992.59373747
3992.66340547
3992.72054290
3992.77939700
3992.83863167
3992.89681919
3992.95514739
3993.01511349
3993.07337854
3993.13300697
3993.18962216
3993.24836922
3993.30735473
3993.36594526
3993.42437683
3993.48306781
3993.55263732
3993.61254784
3993.67080777
3993.72956555
3993.78770723
3993.84623487
3993.90391599
3993.96278057
3994.02202670
3994.07970149
3994.14016302
3994.20859393
3994.26671416
3994.32693480
3994.38388036
3994.44237263
3994.52292502
3994.58295378
3994.63969015
3994.69887363
3994.75953264
3994.81669420
3994.87549807
3994.95599219
3995.00265996
3995.08260965
3995.13105747
3995.19077026
3995.24728012
3995.30733498
3995.36587699
3995.42497611
3995.49259905
3995.55141608
3995.61142363
3995.66856033
3995.72799274
3995.78817901
3995.84695898
3995.90460426
3995.96334791
3996.02177144
3996.09153575
3996.14965061
3996.20885457
3996.26705671
3996.32617753
3996.39446533
3996.45710432
3996.51166493
3996.57140527
3996.62893938
3996.68826768
3996.74697183
3996.80534196
3996.86334930
3996.92271003
3996.98187961
3997.03912480
3997.09878566
3997.15763219
3997.21599038
3997.27488884
3997.34328270
3997.40284969
3997.45979768
3997.51974258
3997.57804346
3997.63607811
3997.69514164
3997.75306828
3997.81255506
3997.87742441
3997.94041399
3997.99883557
3998.05730639
3998.11627044
3998.17720496
3998.23268400
3998.30234883
3998.36145941
3998.42163007
3998.47991121
3998.53747068
3998.59676533
3998.65571378
3998.71366334
3998.77251572
3998.83104628
3998.88896414
3998.94798354
3999.00605110
3999.06573463
3999.12372808
3999.19320713
3999.25207439
3999.31092873
3999.36953657
3999.42755440
3999.48614249
3999.54515774
3999.60402451
3999.66273378
3999.72133504
3999.80045090
3999.86128984
3999.91915041
3999.97878323
4000.03515120
4000.09416645
4000.17539955
4000.23328109
4000.29090418
4000.34978948
4000.41074838
4000.46807184
4000.52719948
4000.58518122
4000.64318540
4000.70147434
4000.76210239
4000.82074388
4000.87887117
4000.93829651
4000.99606882
4001.05331572
4001.12313440
4001.18315732
4001.24078285
4001.29876752
4001.35850274
4001.41737390
4001.47520448
4001.53302628
4001.60309706
4001.66169832
4001.72896700
4001.78652427
4001.84637774
4001.90309460
4001.96245557
4002.03271750
4002.09153526
4002.14898038
4002.20937803
4002.30030157
4002.39161033
4002.48144234
4002.54040078
4002.59945918
4002.65793610
4002.71998751
4002.78547175
4002.84526329
4002.91440735
4002.97325412
4003.05306972
4003.11201816
4003.17243385
4003.23030417
4003.28841465
4003.34734481
4003.40554915
4003.46520098
4003.52251615
4003.59219342
4003.65271517
4003.70884201
4003.76897683
4003.82662236
4003.88656092
4003.94356206
4004.01244890
4004.07223508
4004.13093581
4004.18990376
4004.24874298
4004.30683151
4004.36594185
4004.42480033
4004.48214329
4004.54110075
4004.60074650
4004.65765036
4004.71654907
4004.77556895
4004.83325422
4004.89234968
4004.96193967
4005.02067381
4005.08031394
4005.13870845
4005.19757156
4005.25579809
4005.31474239
4005.38458228
4005.44289219
4005.50074374
4005.55909827
4005.61805549
4005.67689130
4005.73527752
4005.79328730
4005.85288769
4005.92342805
4005.98097800
4006.03865571
4006.09729696
4006.15718675
4006.21571853
4006.27449631
4006.33122438
4006.39096667
4006.45058096
4006.50866949
4006.56640742
4006.62592882
4006.68443378
4006.74468660
4006.80186329
4006.87124287
4006.92968785
4006.98842125
4007.04641641
4007.10494404
4007.16373888
4007.22199515
4007.28092190
4007.33851038
4007.39899068
4007.45736081
4007.51540131
4007.57445484
4007.63358126
4007.69107539
4007.75078379
4007.82011241
4007.87784766
4007.93680220
4007.99515332
4008.05479662
4008.11261647
4008.17175655
4008.23045363
4008.28818278
4008.34749524
4008.40554573
4008.46555207
4008.52248909
4008.58211752
4008.64101159
4008.69933589
4008.76889662
4008.82727845
4008.88591531
4008.94515974
4009.00259462
4009.07258689
4009.13013514
4009.18933886
4009.24808128
4009.30612715
4009.36729913
4009.42568950
4009.48332869
4009.54259994
4009.59974273
4009.65858439
4009.72815707
4009.78776063
4009.84499753
4009.90411250
4009.96425439
4010.02152787
4010.08059554
4010.14011450
4010.19657268
4010.25573665
4010.31418212
4010.37211168
4010.43086874
4010.48973722
4010.55078242
4010.60847305
4010.67657069
4010.73504175
4010.79409894
4010.85286550
4010.92260958
4010.98120109
4011.03952782
4011.09899217
4011.15602281
4011.21650262
4011.27535696
4011.33371343
4011.39113685
4011.45055317
4011.50958134
4011.56704962
4011.64793334
4011.72919350
4011.77640838
4011.83399515
4011.89224655
4011.95235260
4012.01366624
4012.06837923
4012.12810031
4012.18756831
4012.24397748
4012.30340550
4012.36149257
4012.41967619
4012.47893720
4012.54916889
4012.60692145
4012.66666667
4012.72523136
4012.78390430
4012.84273962
4012.89985023
4012.95953278
4013.01699375
4013.07587710
4013.13456686
4013.19463805
4013.25293552
4013.31024167
4013.36950853
4013.43929284
4013.49755593
4013.55511199
4013.61490791
4013.67323001
4013.73122053
4013.79126149
4013.86052721
4013.91997961
4013.97792722
4014.03631198
4014.09424861
4014.15305614
4014.21322729
4014.27078309
4014.32939971
4014.39744200
4014.45829362
4014.51485688
4014.57323628
4014.64317638
4014.70189369
4014.76113934
4014.82034135
4014.87780768
4014.93730664
4014.99540225
4015.05433948
4015.11411785
4015.17170486
4015.23131964
4015.28975365
4015.35857710
4015.41711741
4015.47537587
4015.53391692
4015.59236287
4015.65322400
4015.71020905
4015.76906534
4015.82666990
4015.88670671
4015.94379465
4016.00267337
4016.06218867
4016.12012604
4016.17827455
4016.23718472
4016.30665451
4016.36556760
4016.42470256
4016.49213605
4016.55184226
4016.61154651
4016.66946096
4016.72766213
4016.78681416
4016.84573433
4016.90485222
4016.96249628
4017.02125261
4017.07975488
4017.13789388
4017.19767835
4017.26692115
4017.34622987
4017.40524122
4017.46467192
4017.52286797
4017.58127735
4017.63264699
4017.69006504
4017.75051340
4017.80749577
4017.86580885
4017.92568206
4017.98424797
4018.04297626
4018.10256080
4018.17190040
4018.22976731
4018.28749597
4018.35698624
4018.41516255
4018.47492727
4018.53225950
4018.59147687
4018.64958978
4018.70959733
4018.76855309
4018.82696906
4018.88391851
4018.94362594
4019.00268702
4019.07120864
4019.13102578
4019.18832363
4019.24713311
4019.30634609
4019.36398796
4019.42329846
4019.48188924
4019.54085134
4019.60020061
4019.65764914
4019.71602439
4019.77543290
4019.83328494
4019.89162337
4019.95050258
4020.02100100
4020.08056677
4020.13861580
4020.19563742
4020.25580857
4020.32412636
4020.38328668
4020.44102851
4020.49978508
4020.55922968
4020.61864331
4020.67544526
4020.73464434
4020.79327559
4020.85435006
4020.93326526
4020.99045219
4021.05042731
4021.10974635
4021.16653903
4021.22514224
4021.28411629
4021.34346263
4021.40088581
4021.45959288
4021.51831434
4021.57619368
4021.63486809
4021.69432463
4021.75206037
4021.81216106
4021.88071364
4021.94021431
4022.00895316
4022.06808032
4022.12689760
4022.18557566
4022.24436100
4022.30225789
4022.36126095
4022.41879799
4022.47768524
4022.53541902
4022.59571988
4022.65495334
4022.71338076
4022.77128595
4022.84187824
4022.89966640
4022.95829277
4023.01730558
4023.07532658
4023.13348898
4023.19206830
4023.25174232
4023.30928618
4023.36870908
4023.42647798
4023.48664937
4023.54495099
4023.60352056
4023.66228468
4023.72489929
4023.79361644
4023.86177478
4023.92864093
4023.99606833
4024.06485058
4024.13307109
4024.20171949
4024.25849584
4024.31586513
4024.37399706
4024.43085752
4024.49944399
4024.56546632
4024.63606860
4024.70287795
4024.77075859
4024.82788310
4024.89815063
4024.96567263
4025.03290620
4025.10241110
4025.16033921
4025.22588074
4025.29385842
4025.36179270
4025.43133198
4025.52050984
4025.57983083
4025.63566364
4025.69334062
4025.74837227
4025.81696459
4025.88766391
4025.95452787
4026.02344592
4026.08966890
4026.15848333
4026.21540987
4026.28501253
4026.35309066
4026.42060900
4026.51044247
4026.56611949
4026.63448775
4026.69386822
4026.75234733
4026.81919837
4026.88981163
4026.95502816
4027.02212545
4027.07876234
4027.14785349
4027.21575120
4027.28400146
4027.35235484
4027.41079592
4027.47886869
4027.54697851
4027.61336899
4027.68283683
4027.74942187
4027.80737557
4027.87640187
4027.94452998
4028.00169496
4028.06957877
4028.13820376
4028.20541393
4028.27420422
4028.34178474
4028.41014910
4028.47893695
4028.54607836
4028.61444858
4028.68170604
4028.75180681
4028.80727585
4028.86721270
4028.93568166
4029.00104570
4029.06957463
4029.13879061
4029.20642525
4029.26406907
4029.32137571
4029.37808599
4029.44618264
4029.54562829
4029.61505761
4029.68272102
4029.75141891
4029.80789123
4029.87753778
4029.94471771
4030.01368282
4030.08121116
4030.14812802
4030.21802765
4030.28457636
4030.34359307
4030.40089678
4030.46889567
4030.52653023
4030.59515059
4030.66104784
4030.71852563
4030.78615319
4030.84601666
4030.91409356
4030.98164287
4031.03901680
4031.10598096
4031.17529300
4031.24217135
4031.31048304
4031.36655454
4031.43654072
4031.50429433
4031.57205844
4031.64155285
4031.69781696
4031.75607445
4031.81391454
4031.88358327
4031.95938650
4032.02938194
4032.09576121
4032.16387005
4032.23219760
4032.30140066
4032.35911397
4032.42755098
4032.53675242
4032.59662222
4032.67254661
4032.74089854
4032.81007917
4032.87850083
4032.93539006
4033.00420985
4033.07163189
4033.14002478
4033.19765153
4033.26497044
4033.33336357
4033.40153410
4033.45888023
4033.52749400
4033.59534880
4033.66385798
4033.73038963
4033.78836308
4033.84603348
4033.90408471
4033.97229742
4034.03940884
4034.10814550
4034.16639519
4034.23427973
4034.29984345
4034.36836897
4034.42726890
4034.49451612
4034.55146509
4034.61036087
4034.66751902
4034.73409041
4034.79185224
4034.85255294
4034.91649289
4034.98538242
4035.05341593
4035.12104544
4035.18984573
4035.25796141
4035.32629724
4035.38380819
4035.45215597
4035.51051562
4035.58682986
4035.65685164
4035.72353006
4035.79189027
4035.85950614
4035.91794356
4035.97442733
4036.04428234
4036.11114850
4036.17846667
4036.24781455
4036.31446250
4036.38426801
4036.44171289
4036.49871890
4036.55713414
4036.61524242
4036.68030901
4036.75040978
4036.81618903
4036.88565760
4036.95356555
4037.02235658
4037.08971059
4037.15967263
4037.21509365
4037.28268976
4037.34211851
4037.42031472
4037.49082217
4037.55601310
4037.61331657
4037.69369877
4037.75021254
4037.81831529
4037.87873098
4037.94445342
4038.01216608
4038.08029468
4038.14437872
4038.21665476
4038.28437497
4038.35368604
4038.40970610
4038.46784656
4038.53553142
4038.60370536
4038.67209386
4038.73927916
4038.80833569
4038.86622601
4038.92428601
4038.99117508
4039.06045567
4039.12635683
4039.19465658
4039.26443576
4039.32171631
4039.38903375
4039.44716909
4039.51514458
4039.57309974
4039.63016403
4039.69649819
4039.76604649
4039.83266493
4039.90064846
4039.97075654
4040.03856697
4040.10687013
4040.17400618
4040.24272699
4040.30976039
4040.37060470
4040.43633494
4040.50353511
4040.57318630
4040.62900204
4040.68851661
4040.75493976
4040.82424449
4040.87994003
4040.94906849
4041.00439100
4041.07431672
4041.13219143
4041.19814256
4041.26710986
4041.32452524
4041.38380794
4041.45074504
4041.51767117
4041.58760006
4041.65432041
4041.72235563
4041.79083921
4041.84957578
4041.91674914
4041.97546084
4042.04206977
4042.10970002
4042.16988019
4042.23537638
4042.30339551
4042.37146827
4042.42955217
4042.49812498
4042.56525372
4042.63508752
4042.70103353
4042.79070633
4042.88035256
4042.93868441
4042.99722496
4043.06382122
4043.12191974
4043.18960144
4043.25654756
4043.31570056
4043.39316973
4043.45033398
4043.50832036
4043.56619190
4043.63463842
4043.70174862
4043.76029088
4043.82739256
4043.89574497
4043.95148659
4044.02051923
4044.09024697
4044.15772460
4044.22476800
4044.29289562
4044.36224716
4044.42914842
4044.48687733
4044.55416186
4044.62252281
4044.69029983
4044.75965844
4044.82873692
4044.89515227
4044.96511699
4045.02285249
4045.08076108
4045.14725933
4045.21417424
4045.28320225
4045.35097927
4045.41859148
4045.47638915
4045.54515311
4045.61237059
4045.67055445
4045.73743815
4045.80521347
4045.87536837
4045.94247735
4046.00014263
4046.06929937
4046.13601411
4046.20404762
4046.27236103
4046.34099675
4046.42943392
4046.48811564
4046.55525949
4046.62409708
4046.71384888
4046.77037069
4046.82766903
4046.88659286
4046.94154307
4047.00237812
4047.07928189
4047.14721374
4047.21650628
4047.28310643
4047.34122056
4047.40959906
4047.47675754
4047.53443379
4047.60228030
4047.67058176
4047.73912556
4047.79694322
4047.86406098
4047.93229661
4047.99982811
4048.05891431
4048.11531251
4048.18382803
4048.25011660
4048.31801992
4048.38786493
4048.44593176
4048.51198578
4048.58093577
4048.63872539
4048.69652964
4048.76383709
4048.82245176
4048.88935985
4048.95794437
4049.01427308
4049.08278299
4049.15150088
4049.21938957
4049.28786339
4049.35529787
4049.42394090
4049.48150256
4049.53774033
4049.60587015
4049.66422199
4049.73251199
4049.79945104
4049.86918463
4049.92673459
4050.00398482
4050.06117857
4050.13131664
4050.19810648
4050.26576014
4050.33454872
4050.39279792
4050.45891582
4050.52851069
4050.59628966
4050.66348959
4050.73289014
4050.80084636
4050.86992922
4050.93660301
4051.00446025
4051.06106983
4051.13123375
4051.19854534
4051.26582158
4051.33366662
4051.40338071
4051.47051090
4051.53854441
4051.59693795
4051.66386822
4051.73250224
4051.80065034
4051.86797314
4051.92523370
4051.99448820
4052.05167415
4052.10891545
4052.17862124
4052.24620322
4052.31373253
4052.38081250
4052.44880432
4052.51673275
4052.58499300
4052.65401394
4052.71037362
4052.76827271
4052.83720100
4052.90558730
4052.97162450
4053.04051232
4053.10899493
4053.18495590
4053.25280387
4053.33288180
4053.39015674
4053.44654007
4053.51540033
4053.58308276
4053.64359012
4053.71823257
4053.78749244
4053.85581023
4053.91212188
4053.98056475
4054.04974708
4054.10673482
4054.16351775
4054.23107193
4054.30048077
4054.36780869
4054.43127127
4054.50404345
4054.56098998
4054.61975362
4054.68690795
4054.75539032
4054.82242177
4054.89132934
4054.95989167
4055.02779621
4055.09563735
4055.15325606
4055.22098091
4055.29037829
4055.35799074
4055.42441803
4055.49341557
4055.55045133
4055.60716331
4055.66516943
4055.72317507
4055.79156600
4055.86061449
4055.92662414
4055.99371972
4056.05074890
4056.11040707
4056.16675822
4056.22510153
4056.31512322
4056.37128346
4056.43899222
4056.50851467
4056.57643554
4056.64370008
4056.71218366
4056.76913970
4056.83717418
4056.89528295
4056.96381310
4057.03213504
4057.09924695
4057.15675984
4057.22364452
4057.29318599
4057.36048052
4057.41754481
4057.48624026
4057.55392415
4057.61223235
4057.67972972
4057.77040726
4057.83741580
4057.90583233
4057.97538989
4058.04459174
4058.09949856
4058.15756856
4058.21499563
4058.27321046
4058.33067362
4058.39711237
4058.45616712
4058.52136683
4058.57971063
4058.63811002
4058.70587632
4058.77410048
4058.84175316
4058.91041083
4058.97669281
4059.04502938
4059.13496817
4059.20308068
4059.26156783
4059.32855492
4059.39851988
4059.46627106
4059.52264805
4059.59057136
4059.68125841
4059.74819136
4059.81661497
4059.88540770
4059.94216601
