9472.13989865
9472.20039487
9472.26166275
9472.32289162
9472.38383401
9472.49462741
9472.53871476
9472.60019451
9472.66192977
9472.72188815
9472.78565069
9472.84556640
9472.91935170
9472.99007817
9473.05324337
9473.11646660
9473.17258303
9473.23743125
9473.29934352
9473.35824352
9473.41964769
9473.48191153
9473.54526007
9473.62145324
9473.66635126
9473.72829620
9473.79169911
9473.85163116
9473.91216858
9473.97251096
9474.03638151
9474.09984026
9474.15795129
9474.21929255
9474.27919071
9474.34255194
9474.40342630
9474.46328740
9474.52398476
9474.58629956
9474.64875382
9474.72567939
9474.79145628
9474.85314253
9474.91409248
9474.97929789
9475.03676965
9475.09955329
9475.15955385
9475.22239991
9475.28296586
9475.34402893
9475.40662606
9475.46674633
9475.53179520
9475.59025025
9475.65098541
9475.71289011
9475.80078468
9475.84556030
9475.90842952
9475.97578679
9476.03012925
9476.09085685
9476.15471886
9476.21553008
9476.27555941
9476.33728321
9476.39894728
9476.46191427
9476.52618588
9476.58361059
9476.64530391
9476.70630969
9476.76799814
9476.83020298
9476.90670993
9476.95246543
9477.01433746
9477.07530131
9477.13618665
9477.19793386
9477.25871339
9477.32059615
9477.38143078
9477.44388650
9477.50340675
9477.56590757
9477.62688264
9477.68867519
9477.75146274
9477.81132091
9477.87308347
9477.93414046
9478.01301114
9478.05690515
9478.11776416
9478.17969837
9478.24137975
9478.30233579
9478.36321553
9478.42817273
9478.48778782
9478.54957233
9478.60962458
9478.67073983
9478.76411938
9478.82686182
9478.88763817
9478.94950095
9479.01034630
9479.08924966
9479.13402845
9479.19580053
9479.25669148
9479.31849842
9479.38258229
9479.44016840
9479.50201850
9479.56403560
9479.62488413
9479.68659598
9479.74849362
9479.81845356
9479.88213003
9479.94279887
9480.00466798
9480.06547359
9480.12745705
9480.20452842
9480.24921237
9480.31103638
9480.37287331
9480.43282193
9480.49466374
9480.55736863
9480.61827908
9480.67904862
9480.74094382
9480.80191498
9480.86360440
9480.92545255
9480.98849463
9481.04805145
9481.10888388
9481.17083345
9481.23159128
9481.31037858
9481.35524564
9481.44894921
9481.50987746
9481.57267329
9481.63263435
9481.69627839
9481.75616216
9481.81806297
9481.87793894
9481.94070064
9482.00150772
9482.06250399
9482.12420390
9482.18503268
9482.24714121
9482.30781590
9482.41957064
9482.45331949
9482.51411877
9482.57689461
9482.64886207
9482.70971937
9482.77378252
9482.83156295
9482.89324774
9482.95494911
9483.01670827
9483.07865491
9483.13962973
9483.19959152
9483.26137091
9483.32410872
9483.38515692
9483.44669762
9483.52551199
9483.57036319
9483.63138751
9483.69163553
9483.75205227
9483.81569948
9483.87562958
9483.93748650
9484.00271482
9484.06111233
9484.12189064
9484.18380022
9484.24447515
9484.30549020
9484.36825068
9484.42837217
9484.48910244
9484.55174102
9484.63162376
9484.67460592
9484.73445263
9484.79710266
9484.89186071
9484.95275068
9485.01362286
9485.07468740
9485.13822295
9485.19822960
9485.26091279
9485.32086361
9485.38264520
9485.44448627
9485.50528140
9485.56611481
9485.62720276
9485.70670198
9485.75120771
9485.81240464
9485.87246225
9485.93509838
9485.99598592
9486.05780359
9486.11880644
9486.18153182
9486.24333851
9486.30410707
9486.36423124
9486.42685177
9486.48854241
9486.54841838
9486.60934346
9486.67101460
9486.73327015
9486.81169077
9486.85581079
9486.91763650
9487.02930786
9487.09219049
9487.15789082
9487.22076297
9487.28480394
9487.34946589
9487.41237460
9487.47752442
9487.55102446
9487.62665760
9487.69045622
9487.75329375
9487.83425607
9487.88256986
9487.94608786
9488.01086854
9488.07444286
9488.14174039
9488.20217298
9488.26712823
9488.33080885
9488.39470109
9488.45948568
9488.52336866
9488.58715777
9488.66113349
9488.73593670
9488.80058158
9488.88242187
9488.92859598
9488.99133647
9489.05506024
9489.11974682
9489.18455774
9489.24759665
9489.31321458
9489.37609818
9489.44013500
9489.50388608
9489.56747746
9489.63343014
9489.70717546
9489.77206562
9489.83584961
9489.91480270
9489.96354730
9490.02643139
9490.09217366
9490.15508872
9490.21897365
9490.28376287
9490.34666183
9490.44237269
9490.49632043
9490.56425698
9490.62497702
9490.69960274
9490.76361786
9490.82741990
9490.89203186
9490.97097618
9491.02223251
9491.08377955
9491.18036104
9491.23525257
9491.29629639
9491.36005332
9491.42579193
9491.50069949
9491.56445959
9491.62923613
9491.69304816
9491.76632146
9491.83186308
9491.89552956
9491.97534135
9492.02326041
9492.08703855
9492.15184971
9492.21560298
9492.27946524
9492.34436003
9492.40719633
9492.47099422
9492.53593216
9492.59966935
9492.66354989
9492.72634791
9492.80237578
9492.86611003
9492.93013637
9493.00975287
9493.05849113
9493.12276347
9493.18513947
9493.25003474
9493.31483591
9493.37787287
9493.44245339
9493.51728561
9493.58027503
9493.64516323
9493.71203580
9493.77264125
9493.83662614
9493.90126469
9493.96611315
9494.04388596
9494.09375696
9494.15677783
9494.22155876
9494.28525523
9494.35012320
9494.41295487
9494.47779724
9494.54084444
9494.60535889
9494.66819812
9494.73212230
9494.79795137
9494.87120907
9494.93647054
9495.00261461
9495.07933222
9495.13025160
9495.19227992
9495.25895988
9495.31942075
9495.38672121
9495.44763775
9495.51232311
9495.57504044
9495.63977602
9495.70442968
9495.76756684
9495.83233241
9495.90813037
9495.97082355
9496.03471726
9496.11459659
9496.16241178
9496.22726854
9496.28989590
9496.35584589
9496.41784861
9496.48269025
9496.54725419
9496.61215118
9496.67502454
9496.73785134
9496.80278196
9496.87782118
9496.94159932
9497.00604672
9497.06993214
9497.14992995
9497.19867821
9497.26053757
9497.32727775
9497.39019769
9497.46307139
9497.52869760
9497.59178893
9497.65658937
9497.72119622
9497.78429876
9497.84889220
9497.95570883
9498.02141428
9498.08417988
9498.16397021
9498.21205336
9498.27641786
9498.33955332
9498.40356479
9498.46732367
9498.53406531
9498.59705985
9498.66172643
9498.72464564
9498.78931197
9498.85229968
9498.91501287
9498.99081789
9499.05263921
9499.11951374
9499.19933235
9499.24708172
9499.31089570
9499.37594092
9499.44963260
9499.51556700
9499.57893578
9499.64256569
9499.70598250
9499.76990863
9499.83469688
9499.89794473
9499.97327530
9500.03805209
9500.10082720
9500.16467165
9500.24443151
9500.29327900
9500.35713784
9500.42102692
9500.48400902
9500.54957550
9500.61167038
9500.67888990
9500.74130246
9500.80523932
9500.86817144
9500.93282901
9501.00752981
9501.07131624
9501.13623883
9501.19916193
9501.27993189
9501.32668066
9501.39254703
9501.46635891
9501.53024677
9501.59510694
9501.65880779
9501.72266419
9501.78773940
9501.85043162
9501.91473931
9501.97920646
9502.05291594
9502.11793288
9502.18141162
9502.24558181
9502.32508713
9502.37187491
9502.43688941
9502.50156379
9502.56557575
9502.62848959
9502.69419382
9502.75788980
9502.82280239
9502.88567429
9502.95143167
9503.02420590
9503.08916530
9503.15100003
9503.21487862
9503.28060822
9503.36054094
9503.40924238
9503.47220595
9503.53695446
9503.60299930
9503.66558106
9503.72751430
9503.79131097
9503.85698741
9503.93095045
9504.00576683
9504.06982925
9504.13425202
9504.19811257
9504.26298517
9504.32683207
9504.40556671
9504.45362084
9504.51738801
9504.58224891
9504.64504230
9504.70989662
9504.77377740
9504.83943946
9504.90137392
9504.96710010
9505.04082688
9505.10567242
9505.16865672
9505.23246802
9505.29723969
9505.36038782
9505.44085668
9505.48890106
9505.55355131
9505.61963784
9505.68224423
9505.74397120
9505.80886209
9505.87175983
9505.93563038
9506.01275417
9506.07527669
9506.14029119
9506.20381698
9506.26792695
9506.33148859
9506.39724744
9506.47607863
9506.52493392
9506.58678157
9506.65110926
9506.71653190
9506.77938210
9506.84641924
9506.90759082
9506.97195532
9507.04659713
9507.11367742
9507.17347781
9507.23986740
9507.30283731
9507.36654743
9507.44238219
9507.55416302
9507.59119940
9507.65520380
9507.71961365
9507.78602883
9507.84838483
9507.91117140
9507.97847259
9508.04904766
9508.11286407
9508.17781104
9508.24245641
9508.30868776
9508.37002976
9508.43496356
9508.49767211
9508.56504546
9508.64239258
9508.69123812
9508.75419096
9508.81714893
9508.88277612
9508.94582235
9509.01039214
9509.08518779
9509.14925460
9509.21321316
9509.27787877
9509.34414547
9509.40649709
9509.46939386
9509.53328732
9509.59804631
9509.67682971
9509.72564964
9509.78848985
9509.85363527
9509.91709256
9509.98115523
9510.05572316
9510.11883375
9510.18454969
9510.24750814
9510.31142648
9510.37502590
9510.44082474
9510.50286208
9510.56837541
9510.63141286
9510.71554032
9510.76094083
9510.82394073
9510.88753407
9510.95147068
9511.01538390
9511.09007154
9511.15581771
9511.22116257
9511.28262501
9511.37832075
9511.43218754
9511.49698481
9511.56087144
9511.62471785
9511.68851696
9511.76925961
9511.81523356
9511.88009690
9511.94637775
9512.00789772
9512.16934183
9512.24852044
9512.30985171
9512.37272166
9512.43672508
9512.50114737
9512.56439327
9512.62928221
9512.70988809
9512.76466600
9512.82947789
9512.89135042
9512.95725019
9513.02101492
9513.08586899
9513.14970345
9513.21259364
9513.28831918
9513.35031361
9513.41518134
9513.49009743
9513.55476206
9513.61850168
9513.68234102
9513.76208527
9513.80994338
9513.87490132
9513.93782686
9514.00249661
9514.06626378
9514.13112078
9514.19750281
9514.25886821
9514.33363192
9514.39950731
9514.46225438
9514.52620733
9514.58825369
9514.65416419
9514.71765318
9514.79769951
9514.84527212
9514.91013399
9514.97390482
9515.03691789
9515.10256653
9515.16553815
9515.23036029
9515.30500331
9515.36698726
9515.44364781
9515.50655165
9515.57148325
9515.63418083
9515.70005866
9515.76305466
9515.84308588
9515.89400599
9515.95542966
9516.01935726
9516.08228694
9516.14788902
9516.21074435
9516.27543872
9516.33935267
9516.40663703
9516.46947553
9516.53538067
9516.59664269
9516.66157137
9516.72365162
9516.78679586
9516.85452810
9516.93285070
9516.98076879
9517.04356097
9517.10849866
9517.17227290
9517.23704384
9517.31334160
9517.37617790
9517.44198893
9517.50237373
9517.56964810
9517.63101301
9517.69502058
9517.75784445
9517.82468996
9517.88650421
9517.97060461
9518.01425945
9518.07894626
9518.14272928
9518.20570090
9518.27054278
9518.34436271
9518.40999478
9518.47385289
9518.53872354
9518.60403061
9518.66616231
9518.73026813
9518.81414520
9518.87835976
9518.94358003
9519.02484005
9519.07038050
9519.13530333
9519.19897322
9519.26387630
9519.32857702
9519.40140293
9519.46733171
9519.53007781
9519.59844274
9519.65778184
9519.72270174
9519.78744122
9519.85578445
9519.91427315
9519.97910747
9520.06085267
9520.10665254
9520.17298556
9520.23679686
9520.30208223
9520.36216349
9520.43774396
9520.50072582
9520.56643079
9520.63016309
9520.69323199
9520.75705256
9520.82517124
9520.88556262
9520.95031356
9521.01668194
9521.09329226
9521.17569331
9521.23853351
9521.30155853
9521.36734005
9521.44108610
9521.50590068
9521.56883134
9521.63607474
9521.69745087
9521.76218792
9521.82858116
9521.89006725
9521.95273240
9522.02103686
9522.09739972
9522.14539827
9522.21007582
9522.27422260
9522.35889985
9522.42177029
9522.48974074
9522.56014782
9522.62597030
9522.68975795
9522.75461154
9522.81840309
9522.88129425
9522.94514285
9523.01092779
9523.07617756
9523.15453771
9523.20140108
9523.30068081
9523.36450869
9523.42695636
9523.50142629
9523.57542151
9523.64050184
9523.70411394
9523.77137369
9523.83271178
9523.89551249
9523.96036339
9524.05955024
9524.12792346
9524.17292266
9524.23859544
9524.30171603
9524.36639895
9524.43014100
9524.49758141
9524.55687370
9524.63283964
9524.69746672
9524.76126924
9524.82434082
9524.89101884
9524.95194050
9525.01916977
9525.08165328
9525.16041181
9525.21011459
9525.27094336
9525.33485657
9525.40167721
9525.46356193
9525.53946740
9525.61501350
9525.67891184
9525.74195684
9525.80770277
9525.87055273
9525.93637692
9525.99853422
9526.06188984
9526.12591959
9526.20895259
9526.25453839
9526.31926032
9526.38306114
9526.44586550
9526.51322082
9526.57555877
9526.65580479
9526.71444221
9526.77802018
9526.84193754
9526.90817133
9526.96947748
9527.03265731
9527.09822039
9527.16116372
9527.24274264
9527.28871464
9527.35344218
9527.41738367
9527.48108891
9527.54592421
9527.60992617
9527.68395553
9527.75105850
9527.81349398
9527.87522729
9527.94097712
9528.00583509
9528.06978878
9528.13166667
9528.19634934
9528.28159638
9528.32398852
9528.39128069
9528.45171718
9528.51657320
9528.58032598
9528.65414932
9528.71892489
9528.78368948
9528.84771899
9528.91057602
9528.97529161
9529.03906560
9529.10395552
9529.16779827
9529.23171538
9529.31051877
9529.36471764
9529.42299836
9529.48701495
9529.55313707
9529.61474921
9529.69042794
9529.75336226
9529.81906991
9529.88104654
9529.94567460
9530.00951247
9530.07783864
9530.14164214
9530.20401691
9530.26679104
9530.34665501
9530.39348985
9530.45760639
9530.52573678
9530.58707390
9530.66184468
9530.72808920
9530.78944900
9530.85580567
9530.91723031
9530.98116181
9531.04503943
9531.10981060
9531.17350658
9531.23647796
9531.30030437
9531.38082175
9531.42980357
9531.49703137
9531.55843213
9531.62473589
9531.69711466
9531.75993170
9531.82400583
9531.88759673
9531.96636842
9532.02726205
9532.08616230
9532.14788122
9532.20777304
9532.27103235
9532.32847754
9532.39026766
9532.46515669
9532.51193813
9532.57181825
9532.63061463
9532.69162114
9532.75573501
9532.81566023
9532.87313565
9532.93386837
9532.99379163
9533.05549276
9533.13732890
9533.19729971
9533.25695186
9533.31775992
9533.37860137
9533.43849270
9533.50034377
9533.57617756
9533.62199133
9533.68079771
9533.74098600
9533.80249866
9533.86257699
9533.92353645
9533.98310644
9534.04730539
9534.10474985
9534.16565079
9534.25920174
9534.31909404
9534.38445743
9534.44326917
9534.50072655
9534.56047647
9534.65243485
9534.69228162
9534.75410392
9534.81625122
9534.87264876
9534.93352801
9534.99782132
9535.05615129
9535.11592364
9535.18128264
9535.23676199
9535.29752324
9535.35981536
9535.41859248
9535.47908675
9535.53989895
9535.61076536
9535.67070814
9535.73158055
9535.82609406
9535.88618580
9535.94677954
9536.00754347
9536.06641348
9536.12738025
9536.18816514
9536.24811450
9536.30885867
9536.36187214
9536.42160816
9536.48378496
9536.54233729
9536.60549371
9536.66401995
9536.72275806
9536.78361415
9536.84372466
9536.92217453
9536.96605123
9537.02612224
9537.08682643
9537.14913001
9537.20684047
9537.26750248
9537.32919020
9537.39295615
9537.44787937
9537.50889466
9537.56975391
9537.63182173
9537.70227806
9537.76404672
9537.82297183
9537.88363872
9537.94456941
9538.00430836
9538.08463093
9538.12997658
9538.18504170
9538.25021102
9538.30757233
9538.37848556
9538.44022302
9538.50005242
9538.55997544
9538.62081909
9538.68068824
9538.74075023
9538.83418220
9538.89808956
9538.95509199
9539.01396224
9539.07663544
9539.15539129
9539.19757010
9539.25843130
9539.31893362
9539.38126938
9539.43863533
9539.49885044
9539.56030849
9539.62124747
9539.68448996
9539.74186420
9539.80264470
9539.86159858
9539.92139653
9539.98666630
9540.04411076
9540.10580749
9540.16575588
9540.22657831
9540.31325163
9540.39048489
9540.45029138
9540.51410511
9540.57190553
9540.63166082
9540.69358771
9540.75340102
9540.81323457
9540.87503614
9540.93601925
9540.99488634
9541.05554981
9541.11448443
9541.17722516
9541.23818511
9541.29801134
9541.35799605
9541.43464904
9541.47852916
9541.54037023
9541.60115634
9541.66005829
9541.72006982
9541.78077888
9541.84072921
9541.90327368
9541.96244796
9542.02424930
9542.08384123
9542.14371964
9542.20459669
9542.27738603
9542.33721568
9542.39804860
9542.45722142
9542.51770082
9542.59573597
9542.63841800
9542.70025688
9542.76109858
9542.82092018
9542.88169215
9542.94067163
9543.00239835
9543.06333343
9543.12402714
9543.18288545
9543.24387587
9543.30471732
9543.36351005
9543.42634221
9543.48626791
9543.54797709
9543.60782794
9543.66858017
9543.74563301
9543.78933440
9543.84922403
9543.90994650
9543.96991658
9544.03085946
9544.10149889
9544.16342920
9544.22314157
9544.28307094
9544.34285353
9544.40478140
9544.46445257
9544.52767921
9544.58520559
9544.64605996
9544.70778620
9544.76685004
9544.82756155
9544.90554598
9544.94920862
9545.01005836
9545.06995457
9545.13073068
9545.18972747
9545.25143616
9545.31240952
9545.37222746
9545.43296408
9545.49378042
9545.55353034
9545.61562376
9545.67349049
9545.73606884
9545.79700880
9545.85703593
9545.91569626
9545.97681591
9546.06449933
9546.10930226
9546.17096852
9546.23000018
9546.29092404
9546.35152266
9546.41069159
9546.47239735
9546.53216360
9546.59390057
9546.65282714
9546.71462750
9546.77351214
9546.83634016
9546.89513995
9546.95599140
9547.01685114
9547.07663422
9547.13664989
9547.21456192
9547.25918126
9547.31966285
9547.38213759
9547.43970858
9547.50050176
9547.56039650
9547.62121285
9547.68304319
9547.74290185
9547.80200592
9547.87458266
9547.93382619
9547.99519256
9548.05608912
9548.11601970
9548.17772059
9548.23684050
9548.29743425
9548.37443906
9548.41909546
9548.47815978
9548.53979630
9548.59868582
9548.66115348
9548.72131178
9548.78210277
9548.84289424
9548.90280898
9548.98466438
9549.03440202
9549.09341661
9549.15815511
9549.21713313
9549.27726217
9549.33672391
9549.39658476
9549.45731894
9549.53718120
9549.58222672
9549.64004396
9549.70111704
9549.76153963
9549.82032284
9549.88039313
9549.94336109
9550.00121051
9550.06375083
9550.12270057
9550.18442559
9550.25440747
9550.31611810
9550.37817202
9550.43587906
9550.51762036
9550.56853950
9550.64609507
9550.69007612
9550.75098389
9550.82166355
9550.88060427
9550.94239853
9551.00218331
9551.06313522
9551.12397131
9551.18382704
9551.24554597
9551.30457640
9551.36537958
9551.42714775
9551.48601874
9551.54775327
9551.60681223
9551.66839536
9551.72937383
9551.80500258
9551.85002982
9551.91094344
9551.97068190
9552.02847549
9552.09333737
9552.15123458
9552.21215917
9552.27390614
9552.33383135
9552.39359103
9552.45404434
9552.51332858
9552.57600714
9552.63686298
9552.70766796
9552.76772044
9552.82755643
9552.90722047
9552.94704578
9553.01386594
9553.07076572
9553.13061195
9553.22353874
9553.27236770
9553.33311651
9553.39508729
9553.45463899
9553.51480924
9553.59733731
9553.64728218
9553.71052321
9553.76806982
9553.82895663
9553.89075698
9553.94962041
9554.03030090
9554.07029858
9554.13117978
9554.19177304
9554.25282417
9554.31244999
9554.37339189
9554.43316961
9554.49208594
9554.55503586
9554.61571957
9554.67658785
9554.73668007
9554.79881713
9554.85633303
9554.91887725
9554.97869982
9555.03952007
9555.13732402
9555.17329130
9555.23106148
9555.29202631
9555.35088413
9555.41263719
9555.47338160
9555.53237133
9555.59241430
9555.65507848
9555.71490861
9555.77459417
9555.83652862
9555.89627269
9555.95635980
9556.01620236
9556.07788959
9556.13882443
9556.19774515
9556.27440790
9556.31926861
9556.37998450
9556.44290639
9556.50473161
9556.56078172
9556.62367020
9556.68138821
9556.74329975
9556.80501209
9556.86393403
9556.92380513
9556.98453760
9557.04546804
9557.10620100
9557.16713242
9557.22686186
9557.28676465
9557.34849918
9557.42527895
9557.46917467
9557.53030187
9557.59083442
9557.65371851
9557.71158939
9557.79040960
9557.84937470
9557.91008206
9557.97282109
9558.03492621
9558.09172408
9558.15346251
9558.21239274
9558.27412191
9558.33403664
9558.39489321
9558.45559448
9558.53373788
9558.57640455
9558.63613960
9558.69816694
9558.75880530
9558.81974599
9558.87764125
9558.93848392
9559.00026014
9559.05926035
9559.12200742
9559.18183365
9559.24172303
9559.30158779
9559.36249409
9559.42320999
9559.48410191
9559.54483341
9559.60377242
9559.68552615
9559.72546118
9559.78724642
9559.84717505
9559.90795385
9559.96779666
9560.02779014
9560.08749545
9560.14926289
9560.21124147
9560.27005443
9560.32985677
9560.39387385
9560.45200999
9560.51222095
9560.57211496
9560.63294862
9560.69480066
9560.75457033
9560.83063891
9560.87728529
9560.93424505
9560.99696993
9561.05679690
9561.11663361
9561.17845128
9561.24846632
9561.30822818
9561.37011265
9561.43087390
9561.49093175
9561.55181124
9561.61455416
9561.67231313
9561.73324090
9561.79410405
9561.85482238
9561.91465910
9561.99440213
9562.03521951
9562.09420387
9562.15706992
9562.21687811
9562.27769079
9562.33760992
9562.39753513
9562.45830808
9562.52009137
9562.57935830
9562.63969410
9562.70155004
9562.75932096
9562.82019167
9562.89300418
9562.95487036
9563.01362115
9563.07446309
9563.15347080
9563.19521319
9563.25700599
9563.31789011
9563.37670600
9563.43746846
9563.49735028
9563.56151583
9563.61810184
9563.67907300
9563.74171620
9563.80055867
9563.86345373
9563.92125195
9563.98210779
9564.04616168
9564.10299540
9564.16360645
9564.22437452
9564.30232653
9564.34613472
9564.40592755
9564.46681459
9564.52675469
9564.58668137
9564.64740384
9564.70719984
9564.76904189
9564.82888105
9564.89199773
9564.94980620
9565.01140834
9565.07055312
9565.13352815
9565.19204488
9565.25196791
9565.31278059
9565.37348893
9565.45148726
9565.49404324
9565.55603646
9565.61583099
9565.67669025
9565.73652014
9565.79856894
9565.85717953
9565.91863807
9565.97887756
9566.03867527
9566.09957450
9566.15865736
9566.22251450
9566.28019179
9566.34113565
9566.40097017
9566.46170044
9566.52346545
9566.59934167
9566.64313742
9566.70728688
9566.76394700
9566.82566300
9566.88562406
9566.94684708
9567.00620032
9567.06809455
9567.13093914
9567.19005272
9567.24856896
9567.30945869
9567.36834820
9567.42922282
9567.49089956
9567.55098619
9567.61165015
9567.67247137
9567.75040363
9567.79333995
9567.85406804
9567.91281541
9567.97702583
9568.03351284
9568.09452911
9568.15439825
9568.21610450
9568.27593902
9568.33666784
9568.39673008
9568.45743475
9568.51828279
9568.58013752
9568.63912846
9568.70116702
9568.76171639
9568.82046255
9568.89846185
9568.94132211
9569.00295839
9569.06504181
9569.12467860
9569.18360883
9569.24346188
9569.30627673
9569.36812219
9569.42617105
9569.48667995
9569.54668075
9569.60735593
9569.66736868
9569.72903884
9569.78906109
9569.84906214
9569.91065063
9569.97047539
9570.04728272
9570.09222365
9570.15210912
9570.21282697
9570.27360844
9570.33366093
9570.39428320
9570.45610794
9570.51414632
9570.57500118
9570.63572610
9570.69650294
9570.75670025
9570.81822462
9570.87911093
9570.93793413
9570.99967744
9571.06151096
9571.12040291
9571.19811477
9571.24440128
9571.30524664
9571.36274254
9571.42171763
9571.48337682
9571.54325108
9571.60511605
9571.66592167
9571.73595791
9571.79658213
9571.85742481
9571.91735271
9572.01109480
9572.07188993
9572.13101960
9572.19152313
9572.26851624
9572.31231053
9572.37624178
9572.43494186
9572.49489731
9572.55486666
9572.61884911
9572.67634477
9572.73630485
9572.79641195
9572.85716783
9572.91698114
9572.97774531
9573.03847534
9573.09828378
9573.16024554
9573.21993109
9573.27987801
9573.33983785
9573.41844595
9573.46128987
9573.52324529
9573.58318904
9573.64375426
9573.70279664
9573.76549885
9573.82437935
9573.88519203
9573.94695679
9574.00677181
9574.06858143
9574.12778132
9574.18641752
9574.24819106
9574.30933045
9574.37029210
9574.43071103
9574.49002599
9574.56939820
9574.63224206
9574.69409898
9574.75396032
9574.81387627
9574.87556326
9574.93537413
9574.99429998
9575.05705558
9575.11913900
9575.17690407
9575.23850938
9575.29874643
9575.36057482
9575.42007825
9575.48007930
9575.54194695
9575.61660704
9575.69452638
9575.73926884
9575.80015175
9575.86084618
9575.92175908
9575.98096116
9576.04345686
9576.10266211
9576.16471286
9576.22561063
9576.28598958
9576.35752672
9576.41762919
9576.47826389
9576.54114506
9576.60087352
9576.66081288
9576.72157047
9576.78264793
9576.84343501
9576.92305273
9576.96417462
9577.02580944
9577.08661286
9577.14756817
9577.20842889
9577.26927863
9577.32922335
9577.39000191
9577.45277726
9577.51346731
9577.57431608
9577.63432419
9577.69506788
9577.75414001
9577.81674835
9577.87657288
9577.93842346
9577.99827968
9578.07514649
9578.12006743
9578.18177221
9578.24177228
9578.30262203
9578.36628119
9578.42505733
9578.48496378
9578.54581596
9578.60577165
9578.66647901
9578.72645446
9578.79005559
9578.85006810
9578.91087688
9578.97187779
9579.03148995
9579.09335858
9579.15337425
9579.23105002
9579.27596462
9579.33607782
9579.40055008
9579.45837805
9579.51922877
9579.58238008
9579.63986281
9579.69993797
9579.76183537
9579.82329708
9579.88240724
9579.94332501
9580.00406114
9580.06602607
9580.12659177
9580.18746126
9580.24733065
9580.31439510
9580.38701500
9580.43105261
9580.49161978
9580.55246757
9580.61442470
9580.67233410
9580.73591768
9580.79496031
9580.85764643
9580.91756848
9580.97652626
9581.03732285
9581.09916051
9581.15987299
9581.22074005
9581.28156931
9581.34156036
9581.45308251
9581.49620291
9581.55690247
9581.61863578
9581.67851175
9581.74052203
9581.80118818
9581.86002357
9581.92083967
9581.98164455
9582.04247479
9582.10604228
9582.16615621
9582.22615506
9582.28695263
9582.34676643
9582.40866333
9582.46852955
9582.52940953
9582.60725255
9582.65100052
9582.71280185
9582.77275097
9582.83358340
9582.89531062
9582.95510271
9583.01592271
9583.07881583
9583.13960706
9583.19766274
9583.25941605
9583.31952461
9583.38000937
9583.44190628
9583.50270872
9583.56656732
9583.62442235
9583.68343914
9583.76217256
9583.81698095
9583.87686277
9583.93859071
9583.99944509
9584.06069395
9584.12338958
9584.18204187
9584.24296085
9584.30358483
9584.36360879
9584.42633197
9584.48534558
9584.54607172
9584.60783721
9584.66856359
9584.72951549
9584.79025625
9584.86628923
9584.93406780
9584.98286848
9585.04363143
9585.10648870
9585.16553596
9585.22630720
9585.28653059
9585.34742252
9585.40886204
9585.47184219
9585.52964334
9585.59036557
9585.65510676
9585.71294473
9585.77393612
9585.83476734
9585.89542764
9585.97330042
9586.01609874
9586.07708454
9586.14096434
9586.19793532
9586.25871192
9586.32041915
9586.38228485
9586.44225078
9586.50205044
9586.56383154
9586.62447721
9586.68540473
9586.74725702
9586.80612801
9586.86995491
9586.92790332
9586.98955349
9587.05138311
9587.12628555
9587.17210882
9587.23194627
9587.31466183
9587.37677938
9587.43745261
9587.49626484
9587.55905579
9587.61812256
9587.67873288
9587.73983692
9587.80468197
9587.87239081
9587.93402635
9587.99400009
9588.05580630
9588.11580637
9588.17642108
9588.27530024
9588.31126776
9588.37006657
9588.43078003
9588.49273374
9588.55245587
9588.61566350
9588.67336298
9588.73427953
9588.79580706
9588.85668314
9588.91668954
9588.97838677
9589.04022955
9589.10008212
9589.16093454
9589.21997693
9589.28078303
9589.34247928
9589.42125927
9589.46415122
9589.52506435
9589.58533066
9589.64673385
9589.70946264
9589.76832509
9589.82830419
9589.91107022
9589.96086905
9590.02201064
9590.08344431
9590.14529952
9590.20446284
9590.26495906
9590.32593729
9590.38783225
9590.44852351
9590.52554125
9590.60302343
9590.65191968
9590.71291474
9590.78455720
9590.84542255
9590.90630789
9590.96520301
9591.02625146
9591.08813423
9591.15055923
9591.21053321
9591.27049841
9591.33037852
9591.39214962
9591.45292452
9591.51359311
9591.57458866
9591.65617635
9591.70714450
9591.76889756
9591.82796286
9591.88967910
9591.94967210
9592.01045041
9592.07232123
9592.13296178
9592.19380738
9592.25361972
9592.31452725
9592.37542624
9592.43620089
9592.49796224
9592.55790989
9592.61873038
9592.69053570
9592.76823537
9592.81318532
9592.87298327
9592.93308769
9592.99509504
9593.05546716
9593.11540530
9593.17714934
9593.23809051
9593.29704927
9593.35870529
9593.42050273
9593.48144170
9593.54224756
9593.61211924
9593.67498041
9593.73565583
9593.79554106
9593.87435494
9593.91627556
9593.97712530
9594.03983190
9594.09878846
9594.16155869
9594.22152365
9594.28136159
9594.34217501
9594.40384200
9594.46471222
9594.52474569
9594.58643585
9594.64923827
9594.71201240
9594.76893462
9594.82971561
9594.88967325
9594.95091675
9595.02827045
9595.07231928
9595.13406283
9595.19374984
9595.25458399
9595.31445508
9595.37856480
9595.43867434
9595.49694336
9595.55877956
9595.61965758
9595.68049392
9595.74047448
9595.80232092
9595.86296903
9595.92383633
9595.98359381
9596.04658201
9596.10535377
9596.18522870
9596.22700035
9596.28887068
9596.34892487
9596.40973341
9596.47051611
9596.53119690
9596.59207687
9596.65104880
9596.71476550
9596.77450761
9596.83643183
9596.89629658
9596.95710902
9597.01707983
9597.07789496
9597.14009882
9597.20053238
9597.25943531
9597.33922198
9597.40414701
9597.46480950
9597.52470181
9597.58667844
9597.64731729
9597.71020358
9597.76911357
9597.82980947
9597.89066507
9597.94967381
9598.01363627
9598.07333474
9598.13302469
9598.19484406
9598.25880823
9598.31662864
9598.37656776
9598.45627203
9598.49809048
9598.55909895
9598.61978656
9598.71348793
9598.77437815
9598.83746192
9598.89600133
9598.95589412
9599.00880957
9599.06866384
9599.12950213
9599.19125202
9599.25107045
9599.31289933
9599.37287526
9599.43465611
9599.49445333
9599.57242314
9599.61816791
9599.67707547
9599.73902650
9599.79766099
9599.86350834
9599.92038423
9599.98217630
9600.04528958
9600.10246999
9600.16591045
9600.22442499
9600.28543565
9600.34535770
9600.40693643
9600.48780977
9600.53964709
9600.60181633
9600.68241416
9600.72257008
9600.78123237
9600.84186074
9600.90686231
9600.96782811
9601.02638556
9601.08548134
9601.15811196
9601.21499005
9601.27672409
9601.33672123
9601.39837530
9601.45836172
9601.52009576
9601.57949630
9601.64367185
9601.70190162
9601.77942672
9601.82544041
9601.88714812
9601.94505093
9602.00683740
9602.07292758
9602.12758066
9602.18840139
9602.24828614
9602.30995850
9602.37086871
9602.43168286
9602.49252285
9602.55144308
9602.61334438
9602.67505940
9602.73409082
9602.79671964
9602.85768836
9602.93463490
9602.97861108
9603.03905049
9603.09989097
9603.15996637
9603.22083952
9603.28584793
9603.34328678
9603.40426550
9603.46412025
9603.52386310
9603.58671331
9603.64706592
9603.70841572
