1802.37059178
1802.46977046
1802.57100591
1802.67528825
1802.78580699
1802.89664024
1802.98674970
1803.09168081
1803.18338016
1803.30089695
1803.43967586
1803.53728002
1803.63205112
1803.73774926
1803.83845418
1803.95132202
1804.07176013
1804.16354554
1804.25731702
1804.36450605
1804.46228405
1804.57095520
1804.67672599
1804.78535204
1804.90401400
1804.98999041
1805.09659259
1805.20445308
1805.29205862
1805.39894094
1805.50665733
1805.60302855
1805.71082247
1805.79655093
1805.90367340
1806.01225507
1806.11001113
1806.24977795
1806.33635827
1806.43315348
1806.55436690
1806.64860381
1806.75551466
1806.86424774
1806.96012817
1807.12112419
1807.21917184
1807.32993658
1807.42464112
1807.53129792
1807.63799080
1807.74689478
1807.85364447
1807.95476899
1808.07091753
1808.15673497
1808.25311936
1808.34883326
1808.43910998
1808.54242220
1808.65078810
1808.74728829
1808.85498396
1808.93093396
1809.06960291
1809.14536200
1809.24550446
1809.34981094
1809.44945676
1809.54610713
1809.66410301
1809.75856081
1809.86535707
1809.97250417
1810.07823473
1810.18404917
1810.29089882
1810.41149249
1810.54903138
1810.64724531
1810.75080085
1810.85815348
1810.97490081
1811.07156509
1811.19284191
1811.27327531
1811.36988180
1811.46439080
1811.56187525
1811.66859910
1811.77445376
1811.87347226
1811.98177160
1812.08790689
1812.18021746
1812.27649481
1812.38314210
1812.49094285
1812.59573353
1812.69252654
1812.80996288
1812.89479119
1813.00241883
1813.11919810
1813.22844708
1813.33163740
1813.42927983
1813.52402704
1813.63127800
1813.72595620
1813.83245452
1813.93037661
1814.04615699
1814.15356838
1814.25945206
1814.36955217
1814.45435318
1814.56110116
1814.66440192
1814.80641033
1814.87668250
1814.97443221
1815.06940640
1815.19051353
1815.28313545
1815.39148574
1815.48821926
1815.59297800
1815.70206631
1815.86009542
1815.97678960
1816.07352385
1816.18038740
1816.28703956
1816.39280719
1816.50048091
1816.62063353
1816.73784312
1816.83213879
1816.92715199
1817.02665372
1817.12984574
1817.22811282
1817.32029734
1817.42834483
1817.55668114
1817.65253938
1817.75914425
1817.86598390
1817.96132673
1818.05726153
1818.16354847
1818.31639981
1818.38726077
1818.48775968
1818.59017663
1818.70015167
1818.80360433
1818.95496038
1819.07274000
1819.16994992
1819.27414400
1819.38081177
1819.47655104
1819.58679402
1819.68995630
1819.80828498
1819.90517673
1820.01286728
1820.11708940
1820.22378350
1820.33043493
1820.42774847
1820.56502064
1820.64965171
1820.75546590
1820.86222119
1820.96235951
1821.06648703
1821.17327646
1821.28252300
1821.39826827
1821.48296346
1821.59962424
1821.70891150
1821.81209060
1821.92230335
1822.02742488
1822.14545636
1822.23983443
1822.34627351
1822.44294193
1822.56269738
1822.66595791
1822.77619042
1822.89287021
1823.01110112
1823.11782424
1823.21104251
1823.31669701
1823.42596598
1823.53044288
1823.65989267
1823.75487417
1823.86149221
1823.95732412
1824.06320901
1824.17328645
1824.27817637
1824.39982743
1824.48005116
1824.58594020
1824.69608469
1824.79952540
1824.90604640
1825.00192024
1825.13131176
1825.22716172
1825.33283035
1825.44205934
1825.54678175
1825.64276483
1825.74837105
1825.86664194
1825.95191423
1826.05802270
1826.16484163
1826.26072621
1826.36653796
1826.47407393
1826.61553353
1826.68736339
1826.79414112
1826.90095176
1826.99853032
1827.10477240
1827.21149697
1827.30524163
1827.41458155
1827.50799804
1827.60432171
1827.71054624
1827.81704383
1827.92827766
1828.03178761
1828.15121026
1828.24404429
1828.35075424
1828.46085313
1828.55323148
1828.65958328
1828.76617205
1828.88927915
1828.96960406
1829.07676115
1829.18277990
1829.32119675
1829.40797822
1829.50476294
1829.62305529
1829.71618311
1829.82206045
1829.92970516
1830.04840955
1830.22138222
1830.32667783
1830.42390969
1830.52813157
1830.62400785
1830.73064514
1830.83643130
1830.93295294
1831.02981446
1831.14995269
1831.24222352
1831.34047109
1831.43469362
1831.53042703
1831.63714356
1831.74192108
1831.85270898
1831.96956602
1832.05318431
1832.14760261
1832.25724217
1832.36199043
1832.46877547
1832.57546323
1832.68220073
1832.80103970
1832.89769203
1833.00784749
1833.11210667
1833.22083487
1833.32499554
1833.42093132
1833.54945512
1833.64475528
1833.75407229
1833.87039563
1833.98788682
1834.09356595
1834.19955324
1834.33910796
1834.41170631
1834.52044426
1834.62722784
1834.73295377
1834.83964080
1834.93640796
1835.04178647
1835.15385827
1835.24433613
1835.34996503
1835.46973827
1835.56424142
1835.67121152
1835.77863997
1835.89653613
1835.98040432
1836.07704811
1836.18287206
1836.28962955
1836.38605343
1836.48179684
1836.60008602
1836.71821672
1836.81294686
1836.90880022
1837.01654343
1837.11371971
1837.22038041
1837.32810070
1837.43238084
1837.56007082
1837.65474415
1837.76491863
1837.86811626
1837.98609093
1838.09264167
1838.19955519
1838.31822911
1838.40171598
1838.51960068
1838.62973761
1838.73190661
1838.84959480
1838.95834738
1839.07804359
1839.17319819
1839.26650473
1839.37523976
1839.48299077
1839.65207346
1839.75867248
1839.87647185
1839.96265988
1840.06698416
1840.17368728
1840.28139294
1840.38959671
1840.49380664
1840.61376518
1840.70846142
1840.80379986
1840.91191245
1841.00615740
1841.11381577
1841.21879004
1841.32537418
1841.44406223
1841.53973664
1841.64644001
1841.74214904
1841.84798907
1841.94466993
1842.04133688
1842.14627288
1842.26559751
1842.35944628
1842.45604229
1842.55175546
1842.65946869
1842.76613743
1842.87194967
1843.00158549
1843.09735450
1843.20229951
1843.30892486
1843.40505300
1843.50110897
1843.60951705
1843.71481241
1843.82298448
1843.90650476
1844.02319748
1844.13069493
1844.23989465
1844.34216191
1844.43897783
1844.55852458
1844.65236091
1844.75899114
1844.86568670
1844.96553439
1845.06870789
1845.17503188
1845.29403445
1845.37717024
1845.48358932
1845.59076811
1845.69786913
1845.80422580
1845.90005478
1846.00692199
1846.12632416
1846.22020340
1846.31578711
1846.41369725
1846.52017436
1846.61509589
1846.75458404
1846.82838096
1846.93660252
1847.03132144
1847.14080935
1847.24377707
1847.33999737
1847.44664661
1847.55324953
1847.67292891
1847.76765758
1847.93078572
1848.03424789
1848.13020219
1848.23693603
1848.34621621
1848.46368010
1848.55721728
1848.66284983
1848.77051698
1848.86563014
1848.98467927
1849.09095987
1849.21306710
1849.30425518
1849.41119358
1849.50780446
1849.61342068
1849.71937555
1849.82767050
1849.95622063
1850.06392484
1850.15821782
1850.26733685
1850.37051790
1850.46723386
1850.58748425
1850.70393584
1850.80093194
1850.89313377
1851.00102766
1851.09664672
1851.19248960
1851.29914567
1851.39507608
1851.50279613
1851.58906681
1851.69334452
1851.80409146
1851.90788252
1852.00745739
1852.10922362
1852.21496955
1852.32379990
1852.41862342
1852.51529355
1852.62034803
1852.72810343
1852.82336921
1852.92979488
1853.02535397
1853.14587425
1853.23969888
1853.33538889
1853.44972056
1853.53801949
1853.64460827
1853.74989218
1853.88438614
1854.08684827
1854.17930513
1854.29141058
1854.38364654
1854.48957240
1854.60810393
1854.69181145
1854.79771756
1854.89417606
1855.00193585
1855.10745332
1855.21662794
1855.32089028
1855.44156855
1855.53430603
1855.64355062
1855.78086570
1855.86499404
1855.96167928
1856.07955691
1856.19729728
1856.29210397
1856.40368961
1856.48955094
1856.58721654
1856.78320847
1856.87999879
1856.99282469
1857.07545970
1857.16133175
1857.25896932
1857.35681119
1857.45379437
1857.54123095
1857.63838138
1857.72386164
1857.82499981
1857.89889693
1857.98881866
1858.07176013
1858.15832705
1858.24512851
1858.34275071
1858.42911136
1858.53847859
1858.64621058
1858.73210678
1858.83308794
1858.92759011
1859.01326566
1859.10189569
1859.20216980
1859.29789858
1859.38228731
1859.49185007
1859.57017769
1859.65344904
1859.74268103
1859.83704301
1859.93574700
1860.02255626
1860.12939347
1860.22899199
1860.33219377
1860.41345686
1860.51025328
1860.59690943
1860.68372698
1860.78640895
1860.88326437
1860.96496363
1861.05524303
1861.14822847
1861.23577769
1861.32305629
1861.40886154
1861.50665392
1861.60439364
1861.69118047
1861.78891970
1861.88573587
1862.00482718
1862.09251757
1862.18903409
1862.27589480
1862.38983686
1862.48048734
1862.58054519
1862.66528573
1862.78618782
1862.87305120
1862.95877576
1863.04470511
1863.14537419
1863.22925384
1863.31790094
1863.41275079
1863.50137984
1863.60410643
1863.68579716
1863.78163370
1863.87042148
1863.95576666
1864.05353954
1864.15231471
1864.23719983
1864.34480627
1864.45448215
1864.53026612
1864.61611355
1864.71474049
1864.80156511
1864.89063180
1864.98616407
1865.08279055
1865.16963639
1865.27121683
1865.34215191
1865.42996518
1865.53711911
1865.64503469
1865.74451740
1865.83134031
1865.92814259
1866.03796183
1866.11270985
1866.20958039
1866.30805446
1866.39377779
1866.49485453
1866.58943106
1866.68533709
1866.77630793
1866.87343935
1866.95614237
1867.04820280
1867.13465341
1867.26463057
1867.34806795
1867.43505665
1867.51983547
1867.61932135
1867.72914108
1867.81481175
1867.91265753
1868.00061416
1868.10731850
1868.20210690
1868.30163008
1868.46647050
1868.56296484
1868.65970396
1868.78937977
1868.87615684
1868.97398702
1869.07062252
1869.16053133
1869.26045168
1869.34419577
1869.43969390
1869.53742704
1869.63412666
1869.72037711
1869.81878316
1869.91021700
1869.99187189
1870.09961388
1870.17537809
1870.26099659
1870.35990098
1870.44553045
1870.54344571
1870.64122883
1870.73792455
1870.83753697
1870.94627054
1871.02109340
1871.11985444
1871.21638023
1871.31841952
1871.40118862
1871.50888209
1871.60563316
1871.69335671
1871.79413600
1871.87695142
1871.97566832
1872.06063390
1872.15923304
1872.25921386
1872.34286847
1872.43047474
1872.52743208
1872.63806053
1872.72262235
1872.81935563
1872.90897625
1872.99379286
1873.09149869
1873.17739683
1873.27406087
1873.36493833
1873.47546194
1873.55655582
1873.64327073
1873.74172066
1873.83840566
1873.92537779
1874.02308264
1874.13165480
1874.21794426
1874.31690327
1874.40268683
1874.49851069
1874.58614061
1874.68495651
1874.81744051
1874.90040270
1875.00026185
1875.09673010
1875.17169560
1875.26938777
1875.36713432
1875.46404045
1875.55209826
1875.64918530
1875.75698117
1875.84361977
1875.99504311
1876.08471055
1876.16766372
1876.25840782
1876.34203952
1876.45051806
1876.56726953
1876.65822258
1876.75779257
1876.84356247
1876.94028160
1877.03918088
1877.13836053
1877.23766697
1877.32037877
1877.40720217
1877.50299507
1877.60069164
1877.68844298
1877.77334199
1877.86205053
1877.94864548
1878.03469991
1878.13858655
1878.21945734
1878.31826909
1878.42936468
1878.51106882
1878.62071472
1878.72832042
1878.81386455
1878.90250190
1878.99832601
1879.08518257
1879.17383673
1879.27252097
1879.35640817
1879.45440560
1879.54096837
1879.62651421
1879.74938554
1879.86105701
1879.97476525
1880.09650872
1880.21780407
1880.31943255
1880.43089239
1880.54385312
1880.65767571
1880.76624690
1880.88791381
1880.99296830
1881.09232666
1881.20539491
1881.31330465
1881.42526283
1881.53670780
1881.65857537
1881.76171522
1881.87339302
1881.98330272
1882.10204441
1882.20567066
1882.31818376
1882.44292535
1882.54154181
1882.69717964
1882.77558699
1882.88819883
1882.99991759
1883.11112046
1883.23285637
1883.33487665
1883.44370286
1883.55703857
1883.66978060
1883.78059361
1883.89707470
1884.01869310
1884.11646500
1884.22729215
1884.33887512
1884.43925505
1884.55583951
1884.66255239
1884.78598935
1884.88627225
1884.99904597
1885.11071305
1885.20956015
1885.31114815
1885.41095952
1885.57742078
1885.68116552
1885.78899016
1885.90264940
1886.01446764
1886.12913333
1886.23673025
1886.34736041
1886.43814206
1886.55075341
1886.66056266
1886.77230824
1886.88587825
1886.99760750
1887.11814363
1887.21884319
1887.33147794
1887.49154360
1887.57637703
1887.68801680
1887.79929939
1887.92513130
1888.01167212
1888.12250684
1888.23516256
1888.34988335
1888.45770214
1888.56017688
1888.68099290
1888.78367365
1888.89850074
1889.00476891
1889.11816703
1889.22934064
1889.34300549
1889.46288480
1889.56856099
1889.67607161
1889.77694111
1889.88778923
1890.00032475
1890.11580086
1890.22277803
1890.31345825
1890.42627318
1890.53711082
1890.64829930
1890.74905908
1890.86230482
1890.98308086
1891.07467439
1891.18440025
1891.29797807
1891.40689814
1891.51949877
1891.63126312
1891.74291143
1891.84455234
1891.95531830
1892.06713605
1892.22371182
1892.32531420
1892.44512134
1892.54766483
1892.65838398
1892.76960440
1892.86981585
1892.97169545
1893.12714750
1893.22698422
1893.32765160
1893.43971438
1893.55051886
1893.65206347
1893.76273166
1893.87460085
1893.99806391
1894.09884052
1894.21143163
1894.32521010
1894.43320980
1894.54654111
1894.65541316
1894.78059556
1894.88420474
1894.99150544
1895.10356603
1895.21559053
1895.31616697
1895.41609170
1895.53880163
1895.64127637
1895.75206817
1895.86299675
1895.97461751
1896.08767917
1896.20165244
1896.32078155
1896.42254387
1896.52075024
1896.63414983
1896.74537390
1896.85728284
1896.95722464
1897.08258697
1897.18142798
1897.29305044
1897.39586651
1897.50557336
1897.61736185
1897.72887826
1897.84062360
1897.93040343
1898.04225458
1898.15485399
1898.26446478
1898.37684500
1898.48852378
1898.61225259
1898.71227606
1898.82395777
1898.97819468
1899.09192852
1899.19152777
1899.31566106
1899.41338835
1899.52473384
1899.63265186
1899.73888053
1899.84931905
1899.96126846
1900.07391346
1900.16376863
1900.28266026
1900.38624823
1900.49880911
1900.59968007
1900.70016947
1900.86479265
1900.95653661
1901.06829390
1901.17980835
1901.29048483
1901.40316957
1901.51710724
1901.62559383
1901.71563990
1901.82618594
1901.93868441
1902.05860638
1902.16952887
1902.28190640
1902.40495181
1902.50470174
1902.61785264
1902.73064270
1902.84664617
1902.95786318
1903.06777337
1903.16750988
1903.26900938
1903.38289707
1903.49194954
1903.60365855
1903.71559821
1903.82772243
1903.95129179
1904.05269913
1904.16444764
1904.27566611
1904.38727589
1904.50021736
1904.66651160
1904.74553847
1904.84706942
1904.95885109
1905.07061740
1905.18381072
1905.33882319
1905.44347246
1905.54115586
1905.65881260
1905.76549816
1905.87829286
1905.98914927
1906.10178963
1906.22363209
1906.32617314
1906.43711147
1906.54972941
1906.63234491
1906.74421508
1906.85862867
1906.97900607
1907.14896575
1907.25021047
1907.36195264
1907.47135229
1907.58223308
1907.70493546
1907.80638473
1907.92146246
1908.03098304
1908.14649986
1908.25527975
1908.36733180
1908.46882838
1908.56896230
1908.68325350
1908.79883152
1908.90604201
1909.02407178
1909.13154802
1909.24223230
1909.34684792
1909.45464843
1909.55551159
1909.66906599
1909.77974540
1909.89453007
1910.01329443
1910.10501962
1910.21768924
1910.32949261
1910.44007766
1910.55477748
1910.66643188
1910.79012655
1910.88999009
1911.00272359
1911.11851787
1911.22496183
1911.33750052
1911.44939629
1911.57108710
1911.67478503
1911.77460371
1911.88030550
1911.98809943
1912.10469389
1912.21350328
1912.33561636
1912.43540115
1912.54902968
1912.66325309
1912.77242186
1912.88475015
1912.99549660
1913.11305679
1913.20981615
1913.32052652
1913.43507420
1913.54889192
1913.65861462
1913.75928200
1913.88099987
1913.98274513
1914.09536258
1914.20989588
1914.30785185
1914.41991195
1914.53143567
1914.64388318
1914.73468921
1914.84958407
1914.95811552
1915.06987013
1915.19447738
1915.30519604
1915.46086947
1915.57389603
1915.68540682
1915.80173114
1915.90982349
1916.02020008
1916.14400033
1916.24886635
1916.35633015
1916.46817424
1916.58577076
1916.68438624
1916.79523119
1916.91808302
1917.02189041
1917.13565693
1917.24408500
1917.34294966
1917.45654649
1917.56723272
1917.69188898
1917.80293093
1917.91499030
1918.02739831
1918.12844579
1918.24052295
1918.35263108
1918.47630211
1918.56421582
1918.67773756
1918.78944291
1918.90318578
1919.01309865
1919.13049671
1919.25312862
1919.34954665
1919.46138976
1919.57288349
1919.68555652
1919.80131935
1919.91227353
1920.03550058
1920.13433744
1920.23502091
1920.34757496
1920.45838383
1920.57003579
1920.68384449
1920.84978010
1920.92739580
1921.04331125
1921.15360373
1921.25576664
1921.36588479
1921.47869412
1921.60033665
1921.70451171
1921.81393599
1921.92581421
1922.03750445
1922.14419611
1922.25449152
1922.37297233
1922.47524056
1922.58607600
1922.69142501
1922.80369137
1922.91233838
1923.02498362
1923.15117588
1923.24861010
1923.36125266
1923.47375576
1923.58455829
1923.69970721
1923.80990412
1923.93052070
1924.03329825
1924.13248839
1924.23690848
1924.34942889
1924.45811199
1924.57172393
1924.69346667
1924.78220080
1924.89418971
1925.01068909
1925.11628409
1925.23050483
1925.32976567
1925.45529477
1925.55416722
1925.65304626
1925.76173399
1925.87722546
1925.98844783
1926.09766828
1926.20744632
1926.30821367
1926.40966660
1926.56739412
1926.65276003
1926.76769952
1926.87842793
1926.99067454
1927.08838232
1927.19899590
1927.31080414
1927.41960158
1927.53127256
1927.64485330
1927.76677816
1927.86626965
1927.96593497
1928.07818890
1928.19003030
1928.30263799
1928.41230803
1928.53597783
1928.67761638
1928.78943877
1928.89931141
1929.01177916
1929.11238948
1929.22383933
1929.33794108
1929.44622726
1929.55686254
1929.66752219
1929.77921731
1929.89453250
1930.01280169
1930.11652790
1930.22705517
1930.33887097
1930.45050050
1930.56157781
1930.66981668
1930.79349210
1930.89224704
1931.00645192
1931.11706477
1931.22539142
1931.33700413
1931.46223212
1931.57384824
1931.67665017
1931.82683082
1931.91092941
1932.01573716
1932.12911699
1932.22795141
1932.34915314
1932.45036519
1932.55118958
1932.66079598
1932.76509319
1932.91811057
1933.00605500
1933.12861377
1933.21648750
1933.33156401
1933.44484730
1933.55149946
1933.66243194
1933.77440256
1933.89477729
1934.04432184
1934.13976658
1934.25218801
1934.36304832
1934.47715934
1934.59988292
1934.69959311
1934.80871213
1934.91963145
1935.03513169
1935.14204181
1935.25356528
1935.37526877
1935.47650227
1935.58982847
1935.70033868
1935.78766432
1935.90038271
1936.01265199
1936.13387908
1936.23653423
1936.34826397
1936.46147948
1936.56701353
1936.67872133
1936.79043424
1936.90305583
1936.99092469
1937.10060448
1937.21332286
1937.32402421
1937.42392773
1937.53601782
1937.65784321
1937.75938343
1937.86917463
1937.98065325
1938.09423886
1938.19225993
1938.30495296
1938.42701021
1938.51405963
1938.67357281
1938.77076005
1938.88260462
1938.99329573
1939.10735921
1939.26956600
1939.33943320
1939.45007433
1939.56169484
1939.67586559
1939.78235367
1939.89416533
1940.02065771
1940.11647378
1940.22809770
1940.34291552
1940.45071993
1940.56420217
1940.66144452
1940.78972037
1940.88968119
1940.99670272
1941.10707981
1941.21866594
1941.37430694
1941.49694934
1941.58486549
1941.69653354
1941.80599902
1941.91998302
1942.03244321
1942.14722227
1942.26390182
1942.36460016
1942.47526372
1942.58803647
1942.69867151
1942.80952987
1942.92508522
1943.03108251
1943.14084836
1943.24342136
1943.35470029
1943.46559083
1943.57725352
1943.68835960
1943.81351493
1943.95428747
1944.04317399
1944.15529748
1944.25597948
1944.35655251
1944.46824860
1944.59001084
1944.67879423
1944.79266705
1944.89432307
1944.99193284
1945.10160531
1945.21416351
1945.32451280
1945.41522009
1945.52699493
1945.63870735
1945.75170148
1945.86012224
1945.96001431
1946.07049550
1946.17160295
1946.28311618
1946.39764436
1946.50545584
1946.61654436
1946.72759533
1946.86008372
1946.95395979
1947.07210122
1947.18092085
1947.29346199
1947.40512248
1947.51704556
1947.64045961
1947.74062230
1947.86494771
1948.02213910
1948.11105950
1948.21361324
1948.32524399
1948.44995047
1948.55377372
1948.66254263
1948.76442808
1948.87983373
1948.98863191
1949.10323274
1949.21257753
1949.32077740
1949.42799764
1949.54052073
1949.65331470
1949.76500152
1949.87689802
1949.99140329
1950.09220769
1950.20477442
1950.31958078
1950.41854491
1950.53140934
1950.63161348
1950.75405010
1950.85912994
1950.97041740
1951.06367761
1951.17641306
1951.28403169
1951.39694561
1951.52057128
1951.62429116
1951.73392925
1951.83656880
1951.94861330
1952.06106178
1952.17301875
1952.30051051
1952.39825657
1952.48884975
1952.60096397
1952.62344343
1952.73535773
1952.85189782
1952.94978383
1953.07126301
1953.16308913
1953.31879352
1953.41043167
1953.51543374
1953.62304675
1953.73670234
1953.86377670
1953.96095395
1954.07330150
1954.18408403
1954.29865244
1954.41140764
1954.52304205
1954.63581017
1954.78144646
1954.86317205
1954.96126359
1955.07464050
1955.17431825
1955.28772003
1955.41136278
1955.51365295
1955.62592638
1955.72762581
1955.84239341
1955.95128935
1956.06797036
1956.22925726
1956.29920735
1956.40289821
1956.51953241
1956.62628820
1956.73911532
1956.85169546
1956.97532187
1957.14086494
1957.25465828
1957.36627270
1957.47707937
1957.58192028
1957.74729975
1957.82624470
1957.92716467
1958.03965070
1958.15232154
1958.26474760
1958.37762494
1958.50194353
1958.60195701
1958.70736575
1958.81705260
1958.92877600
1959.04152584
1959.20804902
1959.28715196
1959.38871558
1959.50617581
1959.61316955
1959.72522209
1959.83808774
1959.96260697
1960.06858647
1960.17596055
1960.28795555
1960.40272657
1960.51321532
1960.62595467
1960.75248874
1960.84915082
1960.96379433
1961.06908847
1961.17680340
1961.28854484
1961.40329586
1961.52581221
1961.62666756
1961.73835732
1961.83927899
1961.95278244
1962.06511170
1962.17669710
1962.30412035
1962.40587536
1962.51813539
1962.62768352
1962.74032486
1962.85302447
1962.96371265
1963.07642811
1963.17930805
1963.29081519
1963.40495840
1963.51978402
1963.63126312
1963.73894002
1963.85393241
1963.94282137
1964.05563922
1964.16802968
1964.28556452
1964.38353390
1964.48338379
1964.60784232
1964.70858796
1964.82059857
1964.93519160
1965.04572862
1965.16245474
1965.27406233
1965.39576996
1965.49561034
1965.60932614
1965.71992948
1965.83565647
1965.93538518
1966.04722829
1966.17008353
1966.27150550
1966.38435993
1966.49581611
1966.61222723
1966.72282325
1966.83358629
1966.95755476
1967.05937048
1967.17111728
1967.27267018
1967.37841878
1967.48709847
1967.59881236
1967.72357516
1967.82420255
1967.93692557
1968.05362682
1968.16198248
1968.27264970
1968.38715569
1968.50765500
1968.61631737
1968.72338328
1968.82680059
1968.92489748
1969.03620421
1969.14415247
1969.26480245
1969.36814003
1969.45457041
1969.56354364
1969.67509320
1969.78387577
1969.89767594
1970.01755061
1970.10494501
1970.21565782
1970.33020526
1970.43489037
1970.54971063
1970.65542925
1970.77502915
1970.87508872
1970.98539412
1971.09612253
1971.20903937
1971.31550381
1971.41539709
1971.54054706
1971.63547176
1971.74597489
1971.85674061
1971.96561656
1972.07716173
1972.18684322
1972.30952390
1972.40750182
1972.49940084
1972.60679126
1972.70567468
1972.81533399
1972.90410543
1973.01466415
1973.12843555
1973.26805219
1973.35476587
1973.50850102
1973.57433074
1973.72979693
1973.84045390
1973.94019993
1974.04946987
1974.16047038
1974.26920760
1974.38090491
1974.48843284
1974.61311153
1974.70902560
1974.81968501
1974.92041042
1975.03013409
1975.14389232
1975.25139709
1975.37303426
1975.45975038
1975.56865388
1975.68020930
1975.78905209
1975.90165564
1976.00953709
1976.13019487
1976.23073889
1976.34739845
1976.44020371
1976.55099039
1976.66065848
1976.77048821
1976.89216268
1976.99191431
1977.10070688
1977.21135386
1977.31004882
1977.42077357
1977.52973681
1977.65209272
1977.75089886
1977.86549750
1977.97124392
1978.07105870
1978.17027297
1978.28117059
1978.40166673
1978.50375283
1978.61107450
1978.72187093
1978.83198251
1978.94632954
1979.05201183
1979.17289002
1979.27386240
1979.38136522
1979.49205682
1979.60129775
1979.71188548
1979.82173252
1979.93428219
1980.02039489
1980.13180109
1980.23485853
1980.34450614
1980.45193386
1980.55986212
1980.68045676
1980.78112585
1980.89305648
1981.00072923
1981.11245263
1981.22218557
1981.33189559
1981.45362370
1981.55307155
1981.66275914
1981.77361847
1981.88248906
1981.99668858
1982.10184888
1982.22344046
1982.32308871
1982.43312154
1982.53372431
1982.64327585
1982.75692193
1982.86770812
1982.97441344
1983.07428454
1983.18566977
1983.34096603
1983.44594834
1983.60092399
1983.72122094
1983.82134730
1983.93084204
1984.04290604
1984.15057928
1984.26222539
1984.37305181
1984.49462705
1984.59253354
1984.70315443
1984.81102808
1984.92262055
1985.02463912
1985.13505253
1985.25670920
1985.34114596
1985.45109077
1985.57170418
1985.68221170
1985.79211457
1985.90143474
1986.03900022
1986.13371987
1986.23358121
1986.34286457
1986.44654080
1986.55366644
1986.65276734
1986.77468075
1986.87345666
1986.98411900
1987.08331352
1987.19212438
1987.30191558
1987.41093367
1987.53420363
1987.63208939
1987.73259391
1987.84641626
1987.95524345
1988.06308028
1988.16162213
1988.28413043
1988.37206950
1988.48164543
1988.58040232
1988.69516334
1988.79079849
1988.94442831
1989.03918502
1989.17683217
1989.26280882
1989.37636299
1989.48752172
1989.58802794
1989.69375778
1989.81497949
1989.91470870
1990.07224117
1990.15597210
1990.26775718
1990.36551152
1990.47947187
1990.59595589
1990.69559610
1990.79438103
1990.90597399
1991.00518558
1991.11463326
1991.22577566
1991.34670335
1991.44636574
1991.56081395
1991.67477235
1991.79037792
1991.90724350
1992.02167562
1992.14639673
1992.26209032
1992.37778512
1992.48149402
1992.58548599
1992.70158308
1992.81954434
1992.94501150
1993.04779247
1993.16334245
1993.26622654
1993.38182114
1993.49867185
1993.61418867
1993.72642529
1993.82112398
