4080.25437936
4080.31260321
4080.37308448
4080.43146973
4080.49060835
4080.54814026
4080.60686294
4080.67850312
4080.73645585
4080.79574465
4080.85279626
4080.91203240
4080.97210261
4081.03029647
4081.08883483
4081.14747290
4081.20873559
4081.26587765
4081.32683874
4081.38397983
4081.44281954
4081.50235142
4081.56104118
4081.63044661
4081.68958108
4081.74764011
4081.80832326
4081.86531611
4081.92500452
4081.98482312
4082.04486871
4082.10255983
4082.16185716
4082.21940785
4082.27946051
4082.33912990
4082.39627806
4082.45578483
4082.52577905
4082.58174400
4082.64155309
4082.69985886
4082.75807173
4082.81769480
4082.91944420
4082.97914626
4083.03842507
4083.09581631
4083.15607157
4083.21589797
4083.27322948
4083.33125096
4083.39012382
4083.45098227
4083.51975599
4083.57778990
4083.63853059
4083.69610542
4083.75572897
4083.81367048
4083.87342789
4083.93062164
4083.99008160
4084.05121823
4084.10865189
4084.20035684
4084.26119651
4084.31848267
4084.37802967
4084.44728954
4084.50631039
4084.56543316
4084.62525859
4084.68432748
4084.74284170
4084.79976799
4084.85977213
4084.91960707
4084.97833170
4085.03749396
4085.09522409
4085.15525530
4085.21441415
4085.27324386
4085.33149745
4085.40084143
4085.48064557
4085.53015274
4085.58804062
4085.64758152
4085.70727529
4085.76427570
4085.82304470
4085.88229157
4085.94157209
4085.99981690
4086.05881264
4086.11881800
4086.17686631
4086.23672294
4086.30461212
4086.37463657
4086.46786143
4086.52675916
4086.58532093
4086.64479015
4086.70464337
4086.76296742
4086.82207873
4086.87953360
4086.93790934
4086.99787398
4087.05677391
4087.11544198
4087.17578550
4087.23404006
4087.30276989
4087.36123462
4087.42005068
4087.47978443
4087.53725588
4087.59726392
4087.65594954
4087.73678084
4087.78359052
4087.84264136
4087.90145425
4087.96188920
4088.02016010
4088.07950449
4088.13861483
4088.20797563
4088.27771630
4088.33550177
4088.39551835
4088.45459967
4088.51350642
4088.57224983
4088.63061922
4088.69051633
4088.75092203
4088.80890767
4088.86727975
4088.92605997
4088.98490016
4089.04387908
4089.10365843
4089.16217850
4089.23198231
4089.29130501
4089.34900271
4089.40816230
4089.46749279
4089.52641954
4089.58637516
4089.64300498
4089.70381832
4089.76149774
4089.82030916
4089.87848376
4089.95909344
4090.02861516
4090.07807187
4090.13585491
4090.19598485
4090.25391393
4090.31273121
4090.37320419
4090.43079096
4090.48977427
4090.54767361
4090.60753439
4090.66559244
4090.72737420
4090.78445579
4090.84250093
4090.90184312
4090.96093420
4091.03096499
4091.09039984
4091.14990832
4091.20932341
4091.26661396
4091.32571527
4091.38482877
4091.44292852
4091.50150662
4091.56055503
4091.61983798
4091.67925966
4091.73832221
4091.79640001
4091.85588679
4091.92586858
4091.98469634
4092.04327224
4092.10141027
4092.16110940
4092.21967287
4092.27876565
4092.33744591
4092.39568414
4092.45626367
4092.51331528
4092.57260213
4092.63131920
4092.69026423
4092.75089326
4092.80893936
4092.87758240
4093.00304615
4093.06169471
4093.12101326
4093.17849032
4093.23743438
4093.29776985
4093.35624555
4093.41667173
4093.47465615
4093.53279320
4093.59150539
4093.65087587
4093.71023953
4093.76743498
4093.82752080
4093.89854048
4093.95703666
4094.01491089
4094.07486626
4094.13358212
4094.19243133
4094.25008344
4094.30951878
4094.36806006
4094.42689733
4094.48714479
4094.54477764
4094.60381410
4094.66348105
4094.72203502
4094.78003334
4094.84036443
4094.89882160
4094.95754866
4095.01663632
4095.07558672
4095.13443252
4095.19207756
4095.25137149
4095.31193103
4095.36857840
4095.42867616
4095.49909827
4095.55747596
4095.61578733
4095.67560715
4095.74578326
4095.80322057
4095.86355264
4095.92144124
4095.98088511
4096.03970117
4096.09896340
4096.15859183
4096.21621736
4096.27543034
4096.33512655
4096.39335064
4096.45253022
4096.50911908
4096.56887258
4096.63987471
4096.69997150
4096.75679393
4096.81555659
4096.87549320
4096.93364829
4097.04338781
4097.10815769
4097.16885449
4097.23289830
4097.29471370
4097.35718007
4097.41955526
4097.48389506
4097.54517310
4097.60745076
4097.67044693
4097.73328486
4097.79619716
4097.85887101
4097.92153877
4098.04905077
4098.11216542
4098.17355757
4098.23562409
4098.29978811
4098.36176344
4098.42784038
4098.48835847
4098.55033406
4098.61316614
4098.67583950
4098.73849336
4098.80069959
4098.86301236
4098.92489651
4098.98872358
4099.05216640
4099.14586279
4099.19924117
4099.26111167
4099.32573063
4099.38815360
4099.45032959
4099.51255605
4099.57542959
4099.63764239
4099.71011177
4099.77505012
4099.83647031
4099.89970736
4099.96272620
4100.02378286
4100.08763529
4100.15094987
4100.21287864
4100.27453922
4100.33993301
4100.40003248
4100.46188054
4100.52508054
4100.58694592
4100.65080297
4100.71415608
4100.77648860
4100.83961398
4100.90145717
4100.96356929
4101.02897600
4101.09004510
4101.15287913
4101.21558005
4101.27764510
4101.35139862
4101.41425533
4101.47748580
4101.53964107
4101.60216839
4101.66504655
4101.72692266
4101.80156023
4101.86431576
4101.92627208
4101.99133307
4102.05176485
4102.11288052
4102.17758920
4102.24029133
4102.30071824
4102.36632536
4102.42647847
4102.48917207
4102.55400363
4102.61495862
4102.67646487
4102.74201543
4102.80225192
4102.86507620
4102.92846149
4102.99117484
4103.13079635
4103.19408631
4103.25540141
4103.32938411
4103.39249146
4103.45450166
4103.51638874
4103.57857058
4103.64258514
4103.70564372
4103.76993915
4103.84178242
4103.90536227
4103.97011264
4104.02915422
4104.09290791
4104.15567733
4104.21735473
4104.28069321
4104.34240840
4104.40519928
4104.46762493
4104.52953201
4104.59332860
4104.68813212
4104.75194090
4104.81250264
4104.87733444
4104.93991857
4105.00100961
4105.06515144
4105.12668670
4105.19078659
4105.25368426
4105.32541807
4105.40081023
4105.46227552
4105.52452002
4105.58798235
4105.64993501
4105.71306723
4105.77637181
4105.83853586
4105.90039734
4105.96396597
4106.02658204
4106.12075994
4106.17521450
4106.23777937
4106.29823602
4106.36085915
4106.42380607
4106.48658208
4106.54865957
4106.61156309
4106.67443931
4106.73678280
4106.79850603
4106.86244014
4106.92610020
4106.98921534
4107.05050533
4107.11314505
4107.17526472
4107.23889504
4107.30086087
4107.36393749
4107.42575094
4107.49025726
4107.55131880
4107.61322100
4107.67715168
4107.73971753
4107.84680416
4107.90901551
4107.97302202
4108.03403212
4108.16326370
4108.22333537
4108.28843391
4108.35113872
4108.41206519
4108.47683580
4108.53806777
4108.63364173
4108.68518520
4108.74856927
4108.80931776
4108.88437834
4108.94706170
4109.00782603
4109.07161873
4109.13568887
4109.19714807
4109.25966442
4109.32243018
4109.38415440
4109.48023475
4109.54382045
4109.60636898
4109.66951582
4109.73283723
4109.79326584
4109.86678945
4109.94078117
4110.01404293
4110.07755499
4110.14018374
4110.20389573
4110.26545318
4110.32854029
4110.39080405
4110.45323970
4110.51510386
4110.58002125
4110.64106645
4110.70227355
4110.76727504
4110.82909117
4110.90209986
4110.97685787
4111.04009882
4111.10039675
4111.16487016
4111.22753791
4111.28869673
4111.35229804
4111.41529786
4111.47795586
4111.54015112
4111.60336769
4111.66590574
4111.75994614
4111.82309030
4111.88573197
4111.95031338
4112.01090608
4112.07371329
4112.13614723
4112.19945279
4112.26259720
4112.32597419
4112.38787444
4112.45100324
4112.51326066
4112.57638849
4112.63835871
4112.70154846
4112.76257269
4112.82725797
4112.89036459
4112.95061522
4113.01461880
4113.07669776
4113.13878622
4113.20338861
4113.26574356
4113.34141171
4113.40409166
4113.46578222
4113.52995209
4113.59281709
4113.65665513
4113.71974589
4113.78072893
4113.85357621
4113.92781271
4113.98953522
4114.05159565
4114.11532836
4114.17823091
4114.24127583
4114.30349571
4114.36569487
4114.46122128
4114.51329504
4114.57705628
4114.63860934
4114.70085287
4114.76511587
4114.82586046
4114.90021667
4114.96333304
4115.02530179
4115.08897770
4115.14973887
4115.26799318
4115.33050246
4115.39236809
4115.45501951
4115.51755488
4115.58192003
4115.64428400
4115.70618254
4115.76792016
4115.83017929
4115.89430918
4115.96879924
4116.04059327
4116.10384909
4116.16715124
4116.23004988
4116.29164512
4116.35456936
4116.41876653
4116.48071286
4116.54275476
4116.60540935
4116.66839284
4116.73048203
4116.79468847
4116.85564493
4116.92997432
4117.00264899
4117.06643095
4117.12707412
4117.19073296
4117.25306206
4117.31613869
4117.38002086
4117.44117334
4117.50300946
4117.56691357
4117.63003530
4117.69268965
4117.75513968
4117.81853813
4117.87933709
4117.94337701
4118.00502369
4118.06744569
4118.13053767
4118.19424381
4118.25525439
4118.31921361
4118.38242165
4118.44488997
4118.50702817
4118.57005993
4118.63292176
4118.69649844
4118.75741247
4118.82088651
4118.88471699
4118.95720855
4119.02976131
4119.09385779
4119.18770875
4119.24117026
4119.30162496
4119.36401697
4119.42879807
4119.49100185
4119.55282993
4119.61677817
4119.67939083
4119.73987259
4119.80370015
4119.86545532
4119.94030233
4120.00211139
4120.06511316
4120.12739424
4120.19190007
4120.25290627
4120.31540116
4120.37850851
4120.44245041
4120.50307699
4120.56816895
4120.62821331
4120.69159592
4120.75555343
4120.81666007
4120.88162037
4120.95367137
4121.01534170
4121.07788389
4121.14220224
4121.20480514
4121.26644865
4121.33077090
4121.39388629
4121.45619711
4121.51693926
4121.58076608
4121.64355794
4121.70546623
4121.76747326
4121.83234310
4121.89309500
4121.95913416
4122.01961055
4122.08175436
4122.14488999
4122.20774304
4122.29102267
4122.35336251
4122.41781300
4122.47973518
4122.54273696
4122.62686286
4122.69036395
4122.75334744
4122.81461354
4122.87718645
4122.93744805
4123.00344844
4123.06436126
4123.14661762
4123.20939314
4123.27210893
4123.33597769
4123.39801130
4123.46081680
4123.52291429
4123.58623863
4123.64686033
4123.71180868
4123.77413852
4123.83607582
4123.90826969
4123.97271116
4124.03403577
4124.09706705
4124.15983062
4124.22195493
4124.28552039
4124.34784072
4124.40924798
4124.47385719
4124.53553288
4124.59728635
4124.66146573
4124.72379020
4124.78500168
4124.85037304
4124.91237008
4124.97528506
4125.03711630
4125.13176403
4125.19579639
4125.25735871
4125.32014740
4125.38365654
4125.44577987
4125.50767816
4125.57226543
4125.63388798
4125.69665057
4125.76052470
4125.82312760
4125.88450804
4125.95905004
4126.02022788
4126.08303387
4126.14763455
4126.20937266
4126.27262629
4126.33452995
4126.39685930
4126.45930226
4126.52211338
4126.58545624
4126.64749278
4126.71040361
4126.77253620
4126.83536902
4126.89779077
4126.96045170
4127.02350199
4127.08785496
4127.14937974
4127.21100838
4127.27547593
4127.33570487
4127.39881050
4127.46231696
4127.52417674
4127.58723215
4127.65113919
4127.71332225
4127.77633963
4127.83899861
4127.90046292
4127.97516681
4128.03897949
4128.10068786
4128.16292578
4128.22664850
4128.28830640
4128.35110069
4128.41261376
4128.50723370
4128.56076056
4128.62325375
4128.71828986
4128.78116413
4128.84498754
4128.90538738
4128.96936951
4129.03131389
4129.09305273
4129.15762171
4129.22059447
4129.28148217
4129.34433011
4129.40752839
4129.47016738
4129.53424801
4129.59684018
4129.65764255
4129.72068236
4129.78325479
4129.84605493
4129.90933611
4130.00392679
4130.05651011
4130.11816728
4130.18105690
4130.24538036
4130.30648798
4130.36909698
4130.43311252
4130.49610429
4130.55664189
4130.62045677
4130.68177796
4130.74594247
4130.80861120
4130.86925460
4130.93316603
4131.00683544
4131.07016782
4131.13262980
4131.19401341
4131.25794142
4131.31985678
4131.38350513
4131.44585326
4131.50888794
4131.57093618
4131.63411959
4131.69653379
4131.75859202
4131.82084847
4131.88449975
4131.94630686
4132.00921428
4132.07125691
4132.13537216
4132.19729289
4132.25939891
4132.32290049
4132.38503114
4132.45001045
4132.51201163
4132.57322409
4132.63647357
4132.69959847
4132.76134316
4132.82596944
4132.88727528
4132.96061457
4133.03475769
4133.09637731
4133.19126153
4133.24410817
4133.30704241
4133.36841602
4133.43290747
4133.49371082
4133.55713365
4133.62092634
4133.68180039
4133.74576083
4133.81825922
4133.87983593
4133.94386536
4134.00608645
4134.06895974
4134.13106600
4134.19393856
4134.25701348
4134.34083705
4134.40413603
4134.46644343
4134.52919628
4134.59248673
4134.65567770
4134.71781492
4134.78026471
4134.84329550
4134.91602356
4134.97950222
4135.04231212
4135.10473558
4135.16698423
4135.23071987
4135.29318307
4135.35536321
4135.41741949
4135.48197018
4135.54449921
4135.60553247
4135.66943512
4135.73172717
4135.79422499
4135.85988892
4135.92045918
4135.98103164
4136.04447617
4136.10725754
4136.16989385
4136.23218663
4136.29478636
4136.35818920
4136.41989220
4136.48337745
4136.54654721
4136.60799470
4136.67213263
4136.73486962
4136.79664479
4136.85935887
4136.92099946
4136.98528124
4137.04777613
4137.11179191
4137.17368289
4137.23571625
4137.29925977
4137.35975543
4137.42419446
4137.48629097
4137.54894044
4137.61220334
4137.67297377
4137.73570175
4137.83090024
4137.88449829
4137.94710388
4138.00970458
4138.07152827
4138.13520613
4138.19613870
4138.26089492
4138.32270447
4138.38458301
4138.44901814
4138.51011650
4138.57287203
4138.63572727
4138.69850206
4138.76038499
4138.82406285
4138.88600113
4138.94966412
4139.01126838
4139.07379521
4139.13669190
4139.20010328
4139.26332960
4139.32404323
4139.38720421
4139.45006774
4139.51455529
4139.57588405
4139.63883901
4139.70299888
4139.76445783
4139.82741937
4139.93326429
4139.99627655
4140.05767235
4140.12066193
4140.18531917
4140.24518458
4140.30770362
4140.37064493
4140.43362013
4140.49737454
4140.55958710
4140.62234580
4140.68482729
4140.74731584
4140.80901690
4140.87355564
4140.93510456
4140.99631141
4141.06048347
4141.12228887
4141.18609229
4141.24903945
4141.31344240
4141.37274315
4141.43657412
4141.49967122
4141.56198984
4141.62486728
4141.68739557
4141.74948038
4141.81198722
4141.87446725
4141.95082075
4142.01309256
4142.07311352
4142.13661681
4142.20007256
4142.26180311
4142.32705622
4142.38826039
4142.48359420
4142.53505672
4142.59836521
4142.67072219
4142.73517268
4142.79554400
4142.86904420
4142.93217129
4142.99491438
4143.06883686
4143.12207261
4143.18443634
4143.24842603
4143.30981257
4143.37379104
4143.43719144
4143.49894638
4143.59413561
4143.65643082
4143.71961716
4143.78054704
4143.84560901
4143.90820411
4143.96910839
4144.03371248
4144.09414012
4144.15690905
4144.22028069
4144.28262247
4144.34506422
4144.40962442
4144.47149126
4144.53458154
4144.59709740
4144.65923682
4144.72171148
4144.78491806
4144.84603762
4144.90981154
4144.97072972
4145.03581143
4145.09690784
4145.16194128
4145.22361819
4145.28622110
4145.34804893
4145.41242408
4145.47499821
4145.53671706
4145.59902154
4145.66283764
4145.72458648
4145.78742637
4145.86131934
4145.92321276
4145.98636399
4146.04900615
4146.11110510
4146.17437823
4146.23710840
4146.29886382
4146.36169542
4146.42571290
4146.48749807
4146.54967918
4146.61324148
4146.67456731
4146.73819786
4146.80036654
4146.86296018
4146.92455006
4146.98931384
4147.05094224
4147.11311067
4147.17834647
4147.23921516
4147.30099984
4147.36367125
4147.42847404
4147.49179984
4147.55308739
4147.61621180
4147.67895197
4147.74256595
4147.81349811
4147.88792235
4147.94983893
4148.01347973
4148.07670385
4148.13807869
4148.23353660
4148.29737513
4148.36023159
4148.42140114
4148.48423395
4148.61695055
4148.68994021
4148.74976978
4148.80856414
4148.86864289
4148.94004804
4149.00127683
4149.06064633
4149.12058708
4149.18118929
4149.24048224
4149.30016089
4149.36192509
4149.42204333
4149.48222033
4149.54258970
4149.60171052
4149.66221520
4149.72300733
4149.78238390
4149.84384700
4149.90453234
4149.96292198
4150.02338423
4150.08400887
4150.14490267
4150.20330571
4150.26541319
4150.32435993
4150.38512232
4150.44528128
4150.50467541
4150.56675997
4150.62657565
4150.68657954
4150.74732218
4150.80694159
4150.86636693
4150.92530196
4150.98658513
4151.04645761
4151.10712637
4151.16896055
4151.22693522
4151.28882693
4151.34756789
4151.40850924
4151.46962661
4151.52902781
4151.58956004
4151.64956247
4151.70856480
4151.78143475
4151.84220567
4151.90178095
4151.96170586
4152.02134306
4152.08158102
4152.14139133
4152.20085909
4152.26083616
4152.32190868
4152.38179944
4152.44371505
4152.50231338
4152.56336810
4152.62353876
4152.68318499
4152.74432674
4152.80295214
4152.86281292
4152.92398174
4152.98471706
4153.04566474
4153.10558794
4153.16453955
4153.22468315
4153.28535509
4153.34544822
4153.40473702
4153.46556523
4153.52544601
4153.58605845
4153.65611216
4153.71716103
4153.77709690
4153.83837860
4153.89959886
4153.95901176
4154.01924045
4154.07944281
4154.13828178
4154.19903881
4154.25818669
4154.31984459
4154.37943669
4154.43965172
4154.49897271
4154.55914240
4154.63105516
4154.69118144
4154.75294564
4154.81163053
4154.87331915
4154.93139841
4154.99322308
4155.05112680
4155.11270034
4155.17347760
4155.23432995
4155.29423072
4155.35376723
4155.41468224
4155.47327741
4155.53352219
4155.60440022
4155.66665765
4155.72566778
4155.78685902
4155.84714915
4155.90601519
4155.96610734
4156.02698237
4156.08702723
4156.14659080
4156.20736319
4156.26741658
4156.33006483
4156.38836035
4156.44828281
4156.51794570
4156.57888363
4156.64117519
4156.70024530
4156.75945486
4156.82022773
4156.87926395
4156.93853203
4157.00077702
4157.06212016
4157.12260460
4157.18217623
4157.24122585
4157.30052173
4157.36101666
4157.42267967
4157.48175563
4157.54229859
4157.60295809
4157.66362344
4157.72306828
4157.78239487
4157.84199039
4157.90510749
4157.96321333
4158.02408714
4158.08419221
4158.14448527
4158.20466422
4158.26317088
4158.32501261
4158.38578719
4158.44576012
4158.50514182
4158.56480194
4158.62513547
4158.68568476
4158.74724099
4158.80779809
4158.86718442
4158.92634961
4158.98809284
4159.04774419
4159.10711662
4159.16829909
4159.22934795
4159.28783072
4159.34900929
4159.40940816
4159.46822519
4159.52807451
4159.58893150
4159.64839194
4159.71098119
4159.77021514
4159.83160387
4159.88966046
4159.95038457
4160.01014734
4160.07011832
4160.13057156
4160.19099700
4160.25023802
4160.32091637
4160.40321614
4160.45287155
4160.51415983
4160.57404231
4160.63453797
4160.69465378
4160.75529718
4160.81463572
4160.87455599
4160.93602348
4160.99595862
4161.05625899
4161.11503457
4161.17562068
4161.23676244
4161.29535102
4161.35534102
4161.41650252
4161.48916134
4161.54726035
4161.61839975
4161.67900025
4161.73837170
4161.79892661
4161.85988623
4161.91937325
4161.98163044
4162.04063252
4162.09975846
4162.16152144
4162.22122862
4162.28028995
4162.34091385
4162.40179960
4162.46305766
4162.52128248
4162.58191369
4162.66335501
4162.71266031
4162.77249866
4162.83401368
4162.89480630
4162.95589466
4163.01460905
4163.07507716
4163.13362576
4163.19441155
4163.25412044
4163.31584270
4163.37469314
4163.43668530
4163.49524121
4163.55451148
4163.61618937
4163.67517951
4163.73803549
4163.79657336
4163.85707097
4163.91621275
4163.97736182
4164.03728624
4164.09828975
4164.15701097
4164.21789184
4164.27779310
4164.33870079
4164.40023142
4164.45941661
4164.51809760
4164.58015241
4164.64047253
4164.70058760
4164.75985276
4164.81869393
4164.90054899
4164.95155681
4165.01105187
4165.07258933
4165.13125423
4165.19388712
4165.25188934
4165.31251812
4165.37172037
4165.43235744
4165.49218872
4165.55279994
4165.61425085
4165.67231987
4165.73425035
4165.79336190
4165.85315125
4165.91528165
4165.97568051
4166.03460946
4166.09528431
4166.15470551
4166.21707850
4166.27546594
4166.33607277
4166.39618175
4166.45777114
4166.51743980
4166.57767507
4166.63574068
4166.69816609
4166.75736956
4166.81626193
4166.88814738
4166.94776679
4167.00872691
4167.06876811
4167.12867862
4167.18914917
4167.24815613
4167.30958729
4167.37016511
4167.42979866
4167.49006246
4167.54967553
4167.61017704
4167.67009609
4167.72993931
4167.79175227
4167.85305567
4167.91175568
4167.97258877
4168.03150016
4168.09165351
4168.15367712
4168.21303370
4168.27457628
4168.33290423
4168.39343475
4168.45341793
4168.51414813
4168.57344790
4168.63485614
4168.69523843
4168.75376387
4168.82442271
4168.88431982
4168.94530286
4169.00493811
4169.06483961
4169.15864473
4169.22011173
4169.27944832
4169.33989107
4169.42190387
4169.47141251
4169.53142665
4169.59293948
4169.65207103
4169.71243820
4169.77189523
4169.83252840
4169.89179648
4169.95204955
4170.01321397
4170.07291189
4170.13322908
4170.19282070
4170.25451614
4170.31234477
4170.37266903
4170.43239962
4170.49515100
4170.55289332
4170.61366253
4170.67497325
4170.73469408
4170.79467506
4170.85492301
4170.91555398
4170.97729453
4171.03618178
4171.09726551
4171.15579972
4171.21686443
4171.27678470
4171.33584774
4171.42972381
4171.48924789
4171.55022702
4171.60991641
4171.67102134
4171.73115982
4171.78989103
4171.85265217
4171.91037206
4171.97219331
4172.03117906
4172.09206067
4172.15172469
4172.21141164
4172.27230641
4172.33275307
4172.39227276
4172.45398771
4172.51434147
4172.57342864
4172.63179560
4172.69404352
4172.75430659
4172.81442654
4172.87417833
4172.93567166
4172.99480272
4173.05489073
4173.11388818
4173.17439432
4173.23603320
4173.29637965
4173.35713204
4173.41658834
4173.47525056
4173.53611632
4173.60602375
4173.66850596
4173.72799274
4173.78936660
4173.84977717
4173.90871879
4173.96914935
4174.02859346
4174.09005704
4174.15018796
4174.22778343
4174.28785169
4174.34773832
4174.40793433
4174.46829127
4174.52956541
4174.58931672
4174.64928746
4174.70916481
4174.77034582
4174.82994158
4174.89094875
4174.95114428
4175.01189033
4175.07182669
4175.13092118
4175.19280924
4175.25198881
4175.31169599
4175.37137830
4175.43204804
4175.49157212
4175.55317565
4175.61379907
4175.67286893
4175.73447417
4175.79334289
4175.85264656
4175.91431055
4175.97313490
4176.03456679
4176.09319975
4176.15325192
4176.21425519
4176.27354155
4176.33523748
4176.39581458
4176.45539766
4176.51502145
4176.57433098
4176.63446483
4176.69647210
4176.75555148
4176.81553050
4176.87777159
4176.93691874
4176.99657862
4177.05728396
4177.11677756
4177.17736099
4177.23868317
4177.29770476
4177.36856206
4177.42922351
4177.48920205
4177.54886072
4177.61035624
4177.66978913
4177.73208264
4177.79124637
4177.85014093
4177.91111031
4177.97208798
4178.02957211
4178.09095256
4178.15213893
4178.21199239
4178.27300956
4178.33279378
4178.39175174
4178.45174588
4178.51264651
4178.57402719
4178.63341572
4178.69440265
4178.75385651
4178.81436339
4178.87302755
4178.93299902
4178.99366315
4179.05400180
4179.11480027
4179.17647523
4179.23514769
4179.29472858
4179.35401738
4179.41526836
4179.47930437
4179.53775520
4179.59601196
4179.65658491
4179.71797316
4179.77612118
4179.83769374
4179.89713614
4179.95687258
4180.01682698
4180.07685209
4180.13782732
4180.19871186
4180.25822545
4180.31730897
4180.38065964
4180.43879327
4180.49995648
4180.55975655
4180.61959393
4180.67903487
4180.73943398
4180.80032558
4180.86062400
4180.92049721
4180.98131300
4181.04141685
4181.10025388
4181.15992595
4181.22094702
4181.28178206
4181.34333658
4181.40215386
4181.46227088
4181.52314713
4181.58239327
4181.64243276
4181.70417648
4181.76308104
4181.82298400
4181.88361887
4181.94432933
4182.00336554
4182.06393556
4182.12392020
4182.18512095
4182.24479937
4182.30443535
4182.36483349
4182.42579263
4182.48557807
4182.54521114
4182.60605252
4182.66602325
4182.72603495
4182.78774990
4182.84627875
4182.90620268
4182.96748170
4183.02834331
4183.08759725
4183.14797954
4183.20684631
4183.26695236
4183.32897280
4183.38910251
4183.44876166
4183.50857782
4183.56972762
4183.62932582
4183.68869971
4183.74942162
4183.80927948
4183.86914952
4183.94193926
4184.00231009
4184.06164961
4184.12267726
4184.18343501
4184.24122293
4184.30268700
4184.36121365
4184.42342256
4184.48454018
4184.54335940
4184.60365173
4184.66408912
4184.72391479
4184.78377752
4184.84444579
4184.90410689
4184.96534422
4185.02401082
4185.08589083
4185.14608295
4185.20422585
4185.26542319
4185.32800122
4185.38644255
4185.44915029
4185.50539440
4185.56508403
4185.62530516
4185.68630818
4185.74715737
4185.80848637
4185.86745139
4185.92747796
4185.98869968
4186.04764691
4186.10804456
4186.16836687
4186.22945401
4186.28857946
4186.34936233
4186.40875670
4186.47044069
4186.52977630
4186.59008618
4186.64973046
4186.71110871
4186.77141346
4186.83039458
4186.91242810
4186.96152105
4187.02091323
4187.08396206
4187.14223734
4187.20210788
4187.26188259
4187.32212957
4187.38314381
4187.44203545
4187.50396763
4187.56404906
4187.62460616
4187.68540292
4187.74404782
4187.80461370
4187.86430503
4187.92506961
4187.98565524
4188.04641324
4188.10550017
4188.16705835
4188.22625865
4188.28581052
4188.34533850
4188.40741673
4188.46678477
4188.52730139
4188.58631933
4188.65831766
4188.71883941
4188.77765644
4188.83901421
4188.89853146
4188.95959544
4189.02046218
4189.07893008
4189.13870065
4189.20077985
4189.25940793
4189.32212908
4189.38066378
4189.44101779
4189.50109751
4189.56097804
4189.62161754
4189.68144931
4189.74290046
4189.80248915
4189.86176722
4189.92138395
4189.98369623
4190.04223386
4190.10189983
4190.16368720
4190.22351506
4190.28416993
4190.34217337
4190.40434936
4190.48627805
4190.53621531
4190.59556921
4190.65611192
4190.71687601
4190.77623869
4190.83529539
4190.89637765
4190.95585224
4191.01707445
4191.07660657
4191.13864799
4191.19870284
4191.25698885
4191.31768541
4191.37768906
4191.43809061
4191.53133205
4191.59127036
4191.65075202
4191.71229679
4191.77202250
4191.83125864
4191.89204297
4191.95306330
4192.01208099
4192.07280998
4192.13265979
4192.19244035
4192.25357504
4192.31222799
4192.37319858
4192.44478781
4192.53893817
4192.59763598
4192.65868728
4192.71778469
4192.79986649
4192.84895870
4192.90968232
4192.96949654
4193.02994587
4193.09028208
4193.15019772
4193.21168202
4193.27146966
4193.32993536
4193.39070677
4193.46093944
4193.52253931
4193.58264390
4193.64164989
4193.70321636
4193.76243519
4193.82311151
4193.88335775
4193.94409673
4194.00483986
4194.06330971
4194.12423203
4194.18287425
4194.24355960
4194.30367296
4194.36484202
4194.42514995
4194.48508436
4194.54428661
4194.60461112
4194.66508093
4194.72588208
4194.78754803
4194.84794519
4194.90615879
4194.96712939
4195.04864629
4195.09719919
4195.15676838
4195.21853867
4195.27847186
4195.38242384
4195.44205105
4195.50348342
4195.56337224
4195.62228387
4195.68318694
4195.74417119
4195.80408585
4195.86479655
4195.92377377
4195.98333052
4196.04392687
4196.10355140
4196.16469779
4196.22453101
4196.29629383
4196.35701379
4196.41770280
4196.47686750
4196.53652860
4196.59746068
4196.65699792
4196.72172221
4196.78019937
4196.83864216
4196.89647445
4196.96547442
4197.02396669
4197.08172876
4197.14132184
4197.20019446
4197.26846398
4197.32631918
4197.38529128
4197.45366588
4197.51182658
4197.57005652
4197.62750968
4197.68794366
4197.74540609
4197.80328006
4197.86145832
4197.92084269
4197.98012516
4198.03692686
4198.09603671
4198.16460367
4198.22324663
4198.28114109
4198.34062445
4198.39842260
4198.45689781
4198.51545251
4198.57308804
4198.63168053
4198.69023985
4198.74729000
4198.82918090
4198.87591889
4198.93489635
4198.99312238
4199.05114362
4199.18598672
4199.24443804
4199.30315609
4199.38299143
4199.44221879
4199.49923895
4199.55823201
4199.61546526
4199.67388415
4199.73167133
4199.79085676
4199.84877487
4199.90773234
4199.96568068
4200.02445407
4200.08240095
4200.15301396
4200.20963671
4200.26903327
4200.32763259
4200.38625311
4200.44307700
4200.50117626
4200.56008521
4200.65089196
4200.70952273
4200.76759760
4200.82652386
4200.88478403
4200.94232473
4201.00049249
4201.06020065
4201.12855331
4201.18553811
4201.24394506
4201.30414010
4201.36196873
4201.42080746
4201.47921538
4201.53778227
4201.59531296
4201.65401345
4201.71227289
4201.77174065
4201.82857235
4201.88826758
4201.94466456
4202.01532487
4202.07275049
4202.13216632
4202.19086827
4202.24818393
4202.31870478
4202.37630130
4202.43394317
4202.49265537
4202.55000735
4202.61045376
4202.66745856
4202.72680222
4202.78517576
4202.84388381
4202.90160175
4202.97163596
4203.02887482
4203.08822531
4203.14699675
4203.20415539
4203.26166707
4203.32037292
4203.37894956
4203.43810768
4203.49521707
4203.55305228
4203.61461875
4203.68161291
4203.73896757
4203.79837755
4203.85576561
4203.92427284
4203.98395491
4204.04307207
4204.10185790
4204.15854818
4204.25986361
4204.31815548
4204.37576687
4204.43518831
4204.49414748
4204.55143875
4204.61036916
4204.66975451
4204.72751317
4204.78504996
4204.84494511
4204.91475746
4204.97203849
4205.03117394
4205.11067794
4205.15891024
4205.21570707
4205.27542400
4205.33198287
4205.39202675
4205.45064386
4205.50737194
4205.56525591
4205.62635768
4205.67322099
4205.73213408
4205.79046082
4205.84844963
4205.90714890
4205.96538006
4206.02509456
4206.08192162
4206.14062601
4206.20069939
4206.26814483
4206.32735635
4206.38497140
4206.44649374
4206.50201862
4206.56111116
4206.61901585
4206.67702076
4206.73569297
4206.80453397
4206.86397004
4206.92116647
4206.98093753
4207.03831219
4207.09715555
4207.15404259
4207.21345403
4207.27147234
4207.32869608
4207.38771718
4207.44544049
4207.50376478
4207.56174823
4207.62038411
4207.67843119
4207.74923340
4207.80784125
4207.86527905
4207.92322422
4207.98215292
4208.05208814
4208.10928530
4208.16955471
4208.22664923
4208.28499547
4208.34296648
4208.40121763
4208.45935785
4208.54033544
4208.58691300
4208.66715112
4208.72664789
4208.78569435
4208.84268427
4208.90034272
4208.95944916
4209.01850805
4209.07614114
4209.13432500
4209.19428770
4209.31703517
4209.37505154
4209.43331610
4209.49142803
4209.54945464
4209.60930956
4209.67724238
4209.73526825
4209.79482110
4209.85265509
4209.91203021
4209.98031289
4210.03963266
4210.09708899
4210.15447145
4210.21377415
4210.27050418
4210.32928074
4210.38810508
4210.44648058
4210.50511524
4210.57381776
4210.63292907
4210.69117120
4210.74940090
4210.80704180
4210.86496966
4210.92425627
4210.98270466
4211.04195153
4211.09911041
4211.15821343
4211.21560199
4211.27430467
4211.33287229
4211.39211672
4211.45952779
4211.51800739
4211.57700289
4211.63521405
4211.69280911
4211.75207646
4211.82111032
4211.87968111
4211.93908353
4211.99591132
4212.05334083
4212.11220907
4212.17256283
4212.23129087
4212.28856191
4212.35689677
4212.41659054
4212.47452864
4212.53270250
4212.59132059
4212.64996646
4212.70890686
4212.76658458
4212.82456242
4212.88297156
4212.94050250
4212.99936024
4213.05789617
4213.11599811
4213.17472932
4213.23370458
4213.30184269
4213.37050035
4213.43983580
4213.50848590
4213.56628552
4213.63612444
4213.69478568
4213.75413056
4213.81180778
4213.86950914
4213.92718637
4213.98649760
4214.04611530
4214.10412679
4214.16263126
4214.22065152
4214.28935356
4214.34795628
4214.40672821
4214.46523048
4214.52364011
4214.58158236
4214.63997784
4214.69843891
4214.75598741
4214.81579552
4214.94865621
4215.00740034
4215.06561346
4215.12549277
4215.18310514
4215.24095157
4215.31060592
4215.36805494
4215.42686978
4215.48490467
4215.54386043
4215.60316874
4215.66160031
4215.71902251
4215.77671656
4215.83673971
4215.89484263
4215.95223923
4216.01044308
4216.06941859
4216.12740106
4216.18764243
4216.25474751
4216.31354236
4216.37170501
4216.43054837
4216.48791962
4216.54604228
4216.61515367
4216.69489856
4216.75342180
4216.81136453
4216.86927240
4216.92865654
4216.98791681
4217.04577811
4217.10515030
4217.16279632
4217.23182384
4217.28998405
4217.34904440
4217.40560693
4217.46488427
4217.52244179
4217.58099014
4217.63981449
4217.69840673
4217.75572921
4217.81568386
4217.87425294
4217.93269255
4217.98985729
4218.04891618
4218.10813794
4218.17651936
4218.23427680
4218.29210641
4218.35182115
4218.40909852
4218.46727970
4218.52712731
4218.58609088
4218.64254540
4218.70115885
4218.75880072
4218.81775770
4218.87655255
4218.93573383
4218.99448918
4219.06349086
4219.12058148
4219.19152656
4219.24842262
4219.30812809
4219.36513021
4219.42420860
4219.48303075
4219.54233492
4219.59882894
4219.65855538
4219.72633167
4219.81566143
4219.87481443
4219.93200623
4219.99051533
4220.06067705
4220.11794565
4220.17819897
4220.23536663
4220.29356097
4220.35267082
4220.41056723
4220.46970877
4220.52746402
4220.58621815
4220.64852336
4220.70158064
4220.76085384
4220.82044497
4220.87852838
4220.94698246
4221.00588629
4221.06307248
4221.14373482
4221.19082341
4221.24956657
4221.30785453
4221.36692220
4221.42508217
4221.48495831
4221.54231858
4221.60091229
4221.65856659
4221.71763304
4221.77505475
4221.84397549
4221.90303828
4221.96123457
4222.01954229
4222.07814014
4222.13618039
4222.19484870
4222.25264905
4222.31075855
4222.37025288
4222.42761364
4222.48705434
4222.54576239
4222.60429563
4222.66089546
4222.71902665
4222.78708967
4222.84585209
4222.90490586
4222.96356124
4223.02128113
4223.08079010
4223.14830917
4223.21546472
4223.27418691
4223.33268821
4223.39080381
4223.44949235
4223.50747848
4223.56651665
4223.62342051
4223.69379776
4223.75132260
4223.81027203
4223.86830155
4223.92597927
4223.98514348
4224.04256495
4224.10255836
4224.16220240
4224.21890560
4224.27688978
4224.33656088
4224.39329115
4224.45276257
4224.51116756
4224.56863755
4224.63738371
4224.69700678
4224.75596741
4224.81367658
4224.87170342
4224.93037929
4224.98902931
4225.04577714
4225.10375181
4225.16477556
4225.22208805
4225.28002103
4225.33807103
4225.39788988
4225.45687441
4225.52427475
4225.58369253
4225.64134244
4225.70015899
4225.75736859
4225.81898016
4225.88464970
4225.95594781
4226.01143782
4226.07106308
4226.12805984
4226.18705022
4226.24599476
4226.30385558
4226.36255997
4226.42124120
4226.48921571
4226.54784452
4226.60676346
4226.66613224
4226.72345911
4226.78133650
4226.84039905
4226.89803653
4226.95782295
4227.01488675
4227.07424601
4227.15297617
4227.20115068
4227.28180912
4227.32902400
4227.39677787
4227.45598158
4227.51371366
4227.57428539
4227.63231370
4227.68957133
4227.74802606
4227.80704594
4227.86446838
4227.92334101
4227.98202029
4228.04118158
4228.09871276
4228.15679105
4228.21454117
4228.27442804
4228.34183886
4228.41176141
4228.47118260
4228.52892443
4228.58732236
4228.64617279
4228.70411723
4228.76291744
4228.82081604
4228.87702115
4228.94721188
4229.00570343
4229.09640535
4229.15558346
4229.21396310
4229.27138555
4229.34160383
4229.39943929
4229.45807176
4229.51495953
4229.57378168
4229.63282253
4229.69237465
4229.74962228
4229.80642033
4229.86709372
4229.92507498
4229.98318301
4230.04333344
4230.09976138
4230.15672961
4230.22302135
4230.28535362
4230.34332147
4230.42521919
4230.47247454
