2308.85260390
2309.01877014
2309.13179816
2309.24159157
2309.35485340
2309.46784290
2309.56842080
2309.68001742
2309.79110740
2309.90284006
2309.99404472
2310.10497378
2310.21562515
2310.32844764
2310.43025044
2310.54208306
2310.65394738
2310.75466596
2310.86719856
2310.95679822
2311.06869789
2311.18046761
2311.28229820
2311.39495222
2311.50562529
2311.60763947
2311.69834553
2311.81067163
2311.92270540
2312.03393484
2312.14579915
2312.25949668
2312.35958769
2312.47187624
2312.58288576
2312.69412520
2312.81806149
2312.92932506
2313.04203979
2313.15409233
2313.25662826
2313.35680826
2313.46921286
2313.58229184
2313.68110603
2313.79379808
2313.89513447
2314.00690907
2314.11975082
2314.23125454
2314.34335048
2314.45558710
2314.55755300
2314.66863884
2314.76998815
2314.87273864
2314.98274367
2315.09448511
2315.20798417
2315.31994942
2315.43061981
2315.53251184
2315.63359394
2315.73480233
2315.83646567
2315.94792673
2316.04955131
2316.16126739
2316.26696602
2316.37452393
2316.47546560
2316.58591997
2316.69897408
2316.81162444
2316.91194268
2317.01364186
2317.12436905
2317.23812289
2317.33982939
2317.45210526
2317.56306943
2317.67481672
2317.78748439
2317.89832081
2318.01121742
2318.12233081
2318.23517158
2318.33657136
2318.44802194
2318.56165436
2318.67226209
2318.77379523
2318.88568247
2318.99871683
2319.09841263
2319.21065242
2319.31227675
2319.42396187
2319.53574792
2319.64888054
2319.77131228
2319.88419060
2319.99567629
2320.10761643
2320.21911625
2320.33173687
2320.44325620
2320.55504128
2320.66764873
2320.77964861
2320.89123181
2321.00316855
2321.11463155
2321.22756254
2321.33965823
2321.45100982
2321.54242781
2321.64371593
2321.75507434
2321.86669266
2321.97942762
2322.09157037
2322.20318308
2322.30573096
2322.45917865
2322.55090506
2322.70376566
2322.86040652
2322.94011411
2323.05223808
2323.16401512
2323.27762658
2323.38882115
2323.49968853
2323.66631119
2323.76704611
2323.89838006
2324.01214365
2324.12185343
2324.23470225
2324.34630642
2324.44790491
2324.56044873
2324.67197147
2324.77263226
2324.88456119
2324.99709379
2325.10848195
2325.22046354
2325.33305247
2325.44597638
2325.54586893
2325.64721532
2325.75931492
2325.87162662
2325.97321341
2326.08385112
2326.19726266
2326.30973479
2326.42016381
2326.52194027
2326.63387920
2326.74629672
2326.84700823
2326.94984770
2327.05982494
2327.17238265
2327.28604750
2327.39615371
2327.50865072
2327.61089774
2327.72062921
2327.83433234
2327.94725016
2328.10081586
2328.19256518
2328.34814548
2328.45982353
2328.57164347
2328.68229947
2328.78401986
2328.89658416
2329.00817809
2329.11994830
2329.23292927
2329.34397195
2329.45758853
2329.56839228
2329.66836212
2329.78135552
2329.89319789
2330.00883175
2330.12456312
2330.24052124
2330.35628359
2330.46041940
2330.57550078
2330.72453406
2330.82946640
2330.93498022
2331.03867034
2331.14221272
2331.23732929
2331.35180579
2331.46745695
2331.58243740
2331.74094438
2331.83687210
2331.95163702
2332.06799353
2332.18310636
2332.30053221
2332.42507388
2332.54057803
2332.64546160
2332.75034517
2332.85599748
2332.97088869
2333.08687582
2333.20250358
2333.31844536
2333.42433246
2333.53745117
2333.64342555
2333.73718069
2333.84295758
2333.93631629
2334.04025632
2334.14659397
2334.26043900
2334.37516978
2334.49092871
2334.60801201
2334.72340669
2334.83760694
2334.95333466
2335.06857794
2335.17517719
2335.29017983
2335.40665409
2335.51165006
2335.62863486
2335.74228240
2335.85800208
2335.96325039
2336.07744357
2336.19305938
2336.30985767
2336.41466908
2336.55150019
2336.65730902
2336.76328876
2336.85566541
2336.95935773
2337.06444976
2337.18010604
2337.29645353
2337.41023882
2337.52588438
2337.64322660
2337.75795641
2337.87456794
2337.99053240
2338.09370443
2338.20914592
2338.32582425
2338.44132474
2338.55693470
2338.67259903
2338.78824800
2338.90214179
2339.01880793
2339.12391532
2339.27328409
2339.38764721
2339.49370716
2339.59730683
2339.69186947
2339.78576334
2339.89044626
2339.99448162
2340.10960591
2340.22439765
2340.38377162
2340.47793587
2340.59492189
2340.71045895
2340.82592677
2340.94060977
2341.05776670
2341.17245409
2341.27647019
2341.38058405
2341.49824665
2341.61392585
2341.72837308
2341.84525451
2341.94969752
2342.06494493
2342.15927961
2342.30789525
2342.41278297
2342.51673909
2342.62270737
2342.73710609
2342.85373005
2342.95621795
2343.07275878
2343.18769339
2343.30504902
2343.42085964
2343.53629674
2343.65015956
2343.76764246
2343.88201875
2343.99810877
2344.11419002
2344.23057822
2344.33474426
2344.45005506
2344.55517196
2344.67072975
2344.78604324
2344.90307436
2345.01761985
2345.12342575
2345.22789339
2345.33238053
2345.43685450
2345.53020370
2345.63623269
2345.72883144
2345.84315702
2345.95875918
2346.07508301
2346.19074003
2346.30717236
2346.42314072
2346.53794952
2346.65344733
2346.75892726
2346.87372558
2346.97810837
2347.09358058
2347.21118343
2347.31490672
2347.41954477
2347.53516376
2347.64135658
2347.74558845
2347.86130667
2348.00905313
2348.13489503
2348.24074677
2348.34464560
2348.43920214
2348.54414057
2348.63575190
2348.74240552
2348.85738012
2349.01714394
2349.11097734
2349.22682550
2349.34175475
2349.45584505
2349.62705571
2349.74261447
2349.86958814
2349.98448422
2350.10199882
2350.21563539
2350.33149404
2350.43616915
2350.55293038
2350.66835895
2350.78411129
2350.88870400
2350.99316968
2351.09846359
2351.19192177
2351.28598948
2351.39094278
2351.48459186
2351.61013340
2351.72592524
2351.84259894
2352.00058441
2352.09462237
2352.21028548
2352.32704574
2352.44172459
2352.55662775
2352.67291062
2352.77747212
2352.93699311
2353.04169504
2353.15699171
2353.27284499
2353.37946619
2353.49337168
2353.60956239
2353.71416924
2353.81831359
2353.92403318
2354.02780547
2354.12272700
2354.21618128
2354.31097432
2354.41505113
2354.51837408
2354.63571801
2354.75086522
2354.86676336
2354.98137078
2355.09694344
2355.21279574
2355.32907618
2355.44394984
2355.55980848
2355.67611184
2355.78002554
2355.89493967
2356.01246938
2356.12780993
2356.24229959
2356.35844374
2356.47373187
2356.58964440
2356.70573881
2356.81150546
2356.90422685
2357.02063918
2357.12551788
2357.23010620
2357.32199572
2357.43798919
2357.55323319
2357.70156382
2357.79611183
2357.91095038
2358.02800856
2358.15093646
2358.26645231
2358.38192232
2358.49777756
2358.61355818
2358.73913555
2358.85452072
2358.97112543
2359.07551187
2359.19162920
2359.29672513
2359.42307172
2359.52777219
2359.67529459
2359.78098078
2359.88598431
2360.01272977
2360.10715051
2360.21131363
2360.32648229
2360.44136205
2360.55716120
2360.71567550
2360.81006259
2360.92666315
2361.04031849
2361.15631660
2361.27163813
2361.37767370
2361.48286277
2361.59694770
2361.70258391
2361.81744928
2361.92242648
2362.01635472
2362.12233958
2362.23793199
2362.34266196
2362.44872192
2362.54155643
2362.64572467
2362.75005163
2362.84534106
2362.94933985
2363.04402878
2363.15825488
2363.27398114
2363.38964181
2363.50418950
2363.62078006
2363.73689568
2363.85341651
2363.96800369
2364.08310214
2364.18769924
2364.30567122
2364.41482706
2364.52515904
2364.63567534
2364.74677215
2364.85688811
2364.96750364
2365.06700488
2365.17859369
2365.28842830
2365.39819147
2365.48870127
2365.58762809
2365.69874855
2365.80798680
2365.91987770
2366.02869684
2366.12953952
2366.23926733
2366.34975584
2366.45909795
2366.57116024
2366.68184794
2366.79264486
2366.90436143
2367.01305038
2367.11289783
2367.26688751
2367.35596005
2367.46548868
2367.57804346
2367.68641107
2367.79814325
2367.90836307
2368.01865068
2368.12875323
2368.23939533
2368.35005962
2368.46073805
2368.56100364
2368.67151067
2368.78323699
2368.89193886
2369.00360009
2369.12465626
2369.23487706
2369.34416066
2369.45649358
2369.55521000
2369.66555904
2369.81995589
2369.93058092
2370.04124399
2370.15186025
2370.25154922
2370.40475043
2370.48370562
2370.59341369
2370.70446929
2370.80378621
2370.90365585
2371.01333003
2371.12578827
2371.23468201
2371.34623743
2371.45527648
2371.56692454
2371.66557489
2371.77583397
2371.88755932
2372.04042845
2372.14087786
2372.25128664
2372.35131670
2372.45149744
2372.56299288
2372.67251565
2372.77128400
2372.89299504
2373.00454363
2373.11224734
2373.22375302
2373.33340623
2373.44601173
2373.55689277
2373.66684782
2373.77827499
2373.88788553
2373.99851301
2374.10881817
2374.21964947
2374.33044541
2374.44038803
2374.55104330
2374.66171368
2374.77128181
2374.88303202
2374.98142490
2375.09266848
2375.20324671
2375.31326466
2375.41377747
2375.52360135
2375.63543860
2375.74466905
2375.85617082
2375.97618276
2376.08792103
2376.19787486
2376.30897021
2376.41800146
2376.52960954
2376.63057095
2376.73915603
2376.85180932
2376.96058506
2377.07163677
2377.18254682
2377.29269643
2377.40341679
2377.51420518
2377.63512287
2377.73526557
2377.84511968
2377.95589954
2378.05430242
2378.16505570
2378.27710604
2378.38708060
2378.49747158
2378.59719980
2378.70668698
2378.81844183
2378.92929385
2379.03952538
2379.15002461
2379.26007523
2379.37130687
2379.48048368
2379.59138983
2379.70258879
2379.81253116
2379.92442181
2380.07816452
2380.16676894
2380.27626953
2380.38877995
2380.49815766
2380.60981693
2380.70834488
2380.81902356
2380.91902900
2381.01773883
2381.12723357
2381.23881921
2381.34764616
2381.46018875
2381.57235930
2381.68195619
2381.79177422
2381.89155096
2382.00189830
2382.11284663
2382.22258615
2382.33309123
2382.44508428
2382.55334339
2382.66505241
2382.77512326
2382.88539039
2382.98599877
2383.09583679
2383.20739561
2383.32884261
2383.42886536
2383.53800145
2383.64956320
2383.74863095
2383.84864955
2383.95767106
2384.05851056
2384.16835931
2384.27925400
2384.38966522
2384.50152174
2384.60203698
2384.70934962
2384.82218064
2384.92067983
2385.03146724
2385.14167536
2385.25329539
2385.36222692
2385.47347075
2385.57328114
2385.68426287
2385.83617383
2385.93816802
2386.04809674
2386.15863791
2386.26936339
2386.42226764
2386.51241440
2386.62223340
2386.73236156
2386.83147709
2386.93329428
2387.04257275
2387.15301908
2387.26286076
2387.37431572
2387.48399380
2387.59497821
2387.70556278
2387.81515577
2387.92748893
2388.08254772
2388.16948010
2388.28058154
2388.39184755
2388.50166875
2388.61243179
2388.71126084
2388.82317539
2388.93263428
2389.04422383
2389.15300640
2389.26533347
2389.37408654
2389.48496806
2389.59633501
2389.69592110
2389.80664024
2389.91531749
2390.02700846
2390.13860776
2390.24820953
2390.35815336
2390.46914118
2390.58046181
2390.69060215
2390.84373168
2390.95408121
2391.06479499
2391.17697626
2391.28655902
2391.39709384
2391.50791441
2391.61739672
2391.72941147
2391.83915440
2391.95072298
2392.05963257
2392.17060992
2392.28028068
2392.38078349
2392.48996737
2392.60213499
2392.71308892
2392.82193293
2392.92273660
2393.07654879
2393.17714303
2393.28678308
2393.39745127
2393.50674779
2393.61882251
2393.73544843
2393.83697353
2393.94683690
2394.05786813
2394.16633179
2394.27779358
2394.37804966
2394.48758487
2394.60040906
2394.71033169
2394.82147774
2394.94100572
2395.05243167
2395.16324590
2395.27263434
2395.38192403
2395.49445614
2395.60405816
2395.71519397
2395.81406667
2395.92596049
2396.02540322
2396.13605288
2396.24672838
2396.35557922
2396.46752595
2396.57652941
2396.68800095
2396.78684001
2396.89804921
2397.00832145
2397.12008191
2397.22996577
2397.34091263
2397.45089426
2397.56099900
2397.67370690
2397.77005691
2397.88267704
2397.99179509
2398.10427259
2398.22493476
2398.33490078
2398.43543919
2398.53450986
2398.64508882
2398.75553514
2398.84368608
2398.95525978
2399.06476476
2399.17577575
2399.28728167
2399.39673642
2399.50883845
2399.63434902
2399.74884623
2399.86085879
2399.98396003
2400.09643339
2400.20910252
2400.32398203
2400.43578076
2400.53647179
2400.65126402
2400.75381872
2400.86483069
2400.96588255
2401.06981429
2401.17024883
2401.28327003
2401.39605278
2401.51005750
2401.63391431
2401.74615214
2401.86032143
2401.97145189
2402.08402350
2402.18671303
2402.29957136
2402.41001086
2402.52360427
2402.63841429
2402.75101345
2402.86364260
2402.97540111
2403.08905986
2403.20211495
2403.31424039
2403.42803787
2403.53984684
2403.65178479
2403.76531994
2403.87912376
2403.99135306
2404.14687947
2404.23864148
2404.34027702
2404.44224195
2404.55469775
2404.66858569
2404.78165126
2404.89209002
2404.99561168
2405.10947670
2405.22412556
2405.33288034
2405.44587325
2405.56027952
2405.67278701
2405.78443166
2405.89761011
2406.01202321
2406.12363445
2406.23644890
2406.34852338
2406.46063980
2406.57538351
2406.67621497
2406.78889922
2406.90165466
2407.02514088
2407.13922508
2407.28368621
2407.39582018
2407.50866071
2407.62125305
2407.73413283
2407.84801809
2407.96089226
2408.07493429
2408.18706168
2408.29934754
2408.41158416
2408.51524625
2408.62613655
2408.73948469
2408.85329192
2408.95398417
2409.06745763
2409.18024623
2409.28303451
2409.39597208
2409.50806094
2409.62224511
2409.73447100
2409.84720059
2409.95868652
2410.07348655
2410.18612521
2410.29774669
2410.41139813
2410.51410717
2410.62526420
2410.73826711
2410.85228767
2410.96287419
2411.07760571
2411.19100919
2411.30210527
2411.41433676
2411.52781827
2411.64129612
2411.74322009
2411.85514292
2411.96887507
2412.08156566
2412.18239663
2412.29579695
2412.40938305
2412.52091091
2412.62294752
2412.73648998
2412.84930662
2412.96123482
2413.07484091
2413.18694172
2413.30045590
2413.41289902
2413.52563008
2413.63949047
2413.75226810
2413.86377402
2413.97682105
2414.08950408
2414.20207448
2414.31421674
2414.41783323
2414.53076373
2414.64230744
2414.75494975
2414.86887060
2414.97238885
2415.07234991
2415.18594966
2415.29823090
2415.41068060
2415.52330073
2415.63636508
2415.74968884
2415.86055403
2415.97536966
2416.08795492
2416.18902702
2416.30151647
2416.41504454
2416.52976679
2416.64099380
2416.75310973
2416.86729243
2416.97941518
2417.09200240
2417.19409192
2417.30653138
2417.43002101
2417.54264090
2417.65547119
2417.76915725
2417.88108691
2417.99462449
2418.10812112
2418.20916494
2418.32236119
2418.43466046
2418.53596711
2418.64873035
2418.76264023
2418.87472178
2418.98797533
2419.10096361
2419.21376879
2419.32637477
2419.42893582
2419.58563422
2419.67533335
2419.77879991
2419.86047698
2419.97232862
2420.08696310
2420.19940964
2420.31165186
2420.42532354
2420.53890964
2420.65061963
2420.76336166
2420.91906410
2421.01182963
2421.11293513
2421.22483383
2421.33914745
2421.45238076
2421.56549655
2421.67774707
2421.79025041
2421.90295977
2422.01401879
2422.12867570
2422.24088233
2422.35303361
2422.46530216
2422.57894458
2422.69198138
2422.79466043
2422.90579552
2423.01947305
2423.13332173
2423.23453329
2423.34727995
2423.44894305
2423.56197643
2423.67417331
2423.78674077
2423.90038856
2424.00125611
2424.15768559
2424.24983598
2424.35061185
2424.46293063
2424.57751659
2424.69126800
2424.80283121
2424.91492715
2425.01709639
2425.13090899
2425.24282573
2425.35562945
2425.46821617
2425.58300523
2425.69378240
2425.80677312
2425.91014654
2426.01172235
2426.12218720
2426.22501668
2426.33790719
2426.45049368
2426.56342100
2426.67812229
2426.79031307
2426.90192870
2427.01575349
2427.12835850
2427.23012571
2427.34201441
2427.45491638
2427.56921343
2427.68021051
2427.79395412
2427.90750901
2428.02151812
2428.13326907
2428.24500953
2428.35762259
2428.46997379
2428.58028407
2428.69454479
2428.80698182
2428.91916212
2429.03211553
2429.13385933
2429.23566286
2429.34737602
2429.46122787
2429.57408254
2429.68601829
2429.81045976
2429.92321861
2430.03777093
2430.14880947
2430.26080788
2430.37467729
2430.46443103
2430.57734617
2430.69007601
2430.80437769
2430.91551668
2431.02988809
2431.14189991
2431.25657462
2431.36862619
2431.48188753
2431.59591712
2431.69632460
2431.85340481
2431.94428812
2432.04676652
2432.15818515
2432.27009287
2432.37298964
2432.48620954
2432.59886868
2432.71238212
2432.81407813
2432.92543484
2433.03873251
2433.15182661
2433.25373571
2433.35429142
2433.47020200
2433.57193580
2433.67384075
2433.78435730
2433.92102238
2434.02165977
2434.13399952
2434.24674301
2434.35940337
2434.47747458
2434.59056088
2434.69228322
2434.80287266
2434.91491130
2435.02877754
2435.13886619
2435.25184960
2435.36416496
2435.47520253
2435.58848460
2435.70011778
2435.81182826
2435.92499525
2436.03563931
2436.14780741
2436.24854476
2436.36223229
2436.48360761
2436.59575426
2436.69801956
2436.80917635
2436.92107260
2437.05427535
2437.15647581
2437.26791809
2437.37889421
2437.48088865
2437.59434577
2437.69312607
2437.80647031
2437.90802466
2438.00842678
2438.11035124
2438.22258981
2438.33416180
2438.43430572
2438.54686660
2438.65950550
2438.77113162
2438.88412746
2438.99559656
2439.10694766
2439.21918257
2439.33095863
2439.44383378
2439.59796951
2439.75348885
2439.84425709
2439.95492796
2440.06781311
2440.18252170
2440.29221393
2440.40419674
2440.51685514
2440.62862974
2440.74017979
2440.85292792
2440.96359123
2441.07589709
2441.18912040
2441.29919687
2441.41299118
2441.52541236
2441.63731935
2441.74854147
2441.86173772
2441.97284574
2442.08558217
2442.19769469
2442.30801301
2442.42097081
2442.53452010
2442.64442127
2442.75691413
2442.86950939
2442.98094874
2443.09269847
2443.19441691
2443.30611179
2443.41885333
2443.52997940
2443.64294988
2443.74444182
2443.85616936
2443.96812291
2444.07068786
2444.18153257
2444.29206910
2444.40600946
2444.51737104
2444.62823087
2444.74167629
2444.85355207
2444.96459816
2445.06573000
2445.22173062
2445.33350619
2445.44732952
2445.55831247
2445.66983643
2445.78186532
2445.88226402
2445.99582111
2446.10752549
2446.20814971
2446.31967124
2446.43302206
2446.54397892
2446.65567404
2446.76834976
2446.87962137
2446.98130227
2447.09443098
2447.20484634
2447.31751694
2447.43107427
2447.54088279
2447.65445450
2447.76707561
2447.87706479
2447.99039635
2448.10125545
2448.21316731
2448.31529876
2448.42756561
2448.53958426
2448.65101899
2448.76448465
2448.87465644
2448.98726145
2449.10078733
2449.21034302
2449.32397569
2449.43583586
2449.54719306
2449.65988828
2449.77247525
2449.88333703
2449.99596106
2450.10808430
2450.21939761
2450.32241848
2450.42088036
2450.57886047
2450.66867029
2450.77825499
2450.88007949
2450.99304656
2451.10421919
2451.21814126
2451.32894379
2451.44070474
2451.55351552
2451.66617295
2451.77660684
2451.88946810
2452.00199387
2452.11243166
2452.22527975
2452.33753904
2452.43904951
2452.55037306
2452.66408643
2452.77480119
2452.87584111
2452.98853024
2453.09922159
2453.21173810
2453.31387175
2453.42455457
2453.53738681
2453.64864843
2453.76051153
2453.86297286
2453.97469479
2454.08537249
2454.19774125
2454.31167283
2454.42227373
2454.52329658
2454.63676907
2454.74735802
2454.85950516
2454.97189050
2455.08326330
2455.19599826
2455.30907846
2455.41923270
2455.52093602
2455.63507338
2455.78783572
2455.89078394
2456.00188733
2456.15746226
2456.24824805
2456.35810801
2456.47064866
2456.58315029
2456.69503144
2456.80697865
2456.91969435
2457.03130218
2457.14302534
2457.25676235
2457.36663768
2457.47982564
2457.58112960
2457.69233198
2457.80489311
2457.91746252
2458.08345957
2458.19527390
2458.30723453
2458.42008335
2458.52070245
2458.62365749
2458.73409455
2458.84681562
2458.95714784
2459.05934244
2459.17109680
2459.28408240
2459.39585115
2459.50689285
2459.61967975
2459.73008560
2459.84300366
2459.95584639
2460.06724991
2460.18103325
2460.29265815
2460.40303377
2460.51567267
2460.62779738
2460.73862526
2460.85229645
2460.95397198
2461.06556128
2461.17707647
2461.27779505
2461.43353162
2461.53505648
2461.64573784
2461.75707870
2461.85895927
2461.97103790
2462.08352247
2462.19566302
2462.30751783
2462.41994535
2462.53234337
2462.64321441
2462.75493293
2462.85770609
2462.96975132
2463.08134574
2463.19286482
2463.29428582
2463.40680915
2463.51802104
2463.63865981
2463.75048000
2463.86375988
2463.97343918
2464.08727762
2464.19792118
2464.30956827
2464.42353544
2464.53477293
2464.64628446
2464.74795365
2464.86025853
2464.97117443
2465.08430997
2465.19777149
2465.30815491
2465.41957159
2465.53098682
2465.64526265
2465.75552953
2465.86877284
2465.99149447
2466.10431233
2466.21623321
2466.32795393
2466.43913143
2466.54141454
2466.65110457
2466.76519755
2466.87511895
2467.03131145
2467.13339195
2467.24404673
2467.35650375
2467.45753440
2467.56917490
2467.68217025
2467.79444637
2467.90608906
2468.01785245
2468.12080188
2468.23137645
2468.34289919
2468.44518644
2468.55566665
2468.67019824
2468.78103539
2468.88183662
2468.99563167
2469.10850707
2469.21833533
2469.33168494
2469.43375763
2469.54408620
2469.65506354
2469.76795064
2469.87997807
2469.99283810
2470.10167577
2470.21316853
2470.32491728
2470.42860741
2470.56145712
2470.67504298
2470.78770699
2470.89124035
2471.00153770
2471.10366672
2471.21670449
2471.33029840
2471.44107338
2471.55498447
2471.66971745
2471.78062701
2471.89426480
2472.00684178
2472.11027858
2472.22106673
2472.33346231
2472.44710156
2472.54901870
2472.66217838
2472.77408366
2472.88801719
2472.99958138
2473.11286174
2473.22598777
2473.33822171
2473.49357794
2473.58609697
2473.68855684
2473.79983991
2473.91346185
2474.01570254
2474.11755873
2474.22999600
2474.34281556
2474.45642775
2474.56819162
2474.68114674
2474.79455145
2474.90728860
2475.02012280
2475.13333831
2475.24563978
2475.34763031
2475.45896020
2475.57298710
2475.68581228
2475.78640432
2475.90084424
2476.01448910
2476.12771997
2476.23786933
2476.35143324
2476.46444810
2476.56626309
2476.66805199
2476.78137307
2476.89402270
2476.99546027
2477.10851633
2477.22181937
2477.33486543
2477.44634843
2477.55902683
2477.67317345
2477.78553221
2477.90902136
2478.01184864
2478.12425568
2478.23533152
2478.34982508
2478.46190151
2478.56528566
2478.67625203
2478.79083384
2478.90250336
2479.01516250
2479.12777726
2479.24197800
2479.35369653
2479.45499415
2479.61179959
2479.71458518
2479.81675199
2479.92895569
2480.04154242
2480.15458775
2480.26625897
2480.37974535
2480.48269649
2480.59531345
2480.70704026
2480.82088602
2480.93337278
2481.04545872
2481.20215103
2481.29429264
2481.40580198
2481.51931762
2481.63231565
2481.74473902
2481.84659278
2481.95791535
2482.07199224
2482.18579167
2482.29625702
2482.41096415
2482.52325099
2482.63662400
2482.74827865
2482.86227800
2482.96334206
2483.06506269
2483.18930594
2483.30157425
2483.41561262
2483.52639857
2483.63958068
2483.74270200
2483.85542355
2483.96813632
2484.08039147
2484.18353815
2484.29554704
2484.45041566
2484.54313022
2484.64498300
2484.75771309
2484.87091763
2484.98399027
2485.09750981
2485.20910179
2485.32225050
2485.43413164
2485.54715113
2485.67150189
2485.78319067
2485.89590198
2486.00790795
2486.12167789
2486.23599614
2486.33744396
2486.44938483
2486.56239310
2486.67475479
2486.79733697
2486.91101791
2487.02371435
2487.13758571
2487.25069321
2487.36332602
2487.46414114
2487.56684774
2487.67947665
2487.78157129
2487.89433599
2488.00668111
2488.11945508
2488.22190007
2488.32473272
2488.43562326
2488.54921205
2488.66222812
2488.77359921
2488.88749983
2489.00087357
2489.11368948
2489.22538800
2489.33810590
2489.45237150
2489.55332121
2489.66590891
2489.77880430
2489.89271027
2490.00426666
2490.11791176
2490.23170437
2490.34351359
2490.45523065
2490.56937629
2490.68184916
2490.78417761
2490.89456396
2491.00855746
2491.11093760
2491.22226554
2491.33590186
2491.45073285
2491.55257174
2491.65237115
2491.76588265
2491.88051396
2492.00244882
2492.15771387
2492.26063429
2492.36270577
2492.47391424
2492.58761127
2492.68929460
2492.83659684
2492.94877421
2493.06149430
2493.16348971
2493.27502757
2493.38795855
2493.50258133
2493.60414398
2493.70566347
2493.82873107
2493.94173154
2494.04389956
2494.14557339
2494.25920313
2494.37064200
2494.47296533
2494.58629275
2494.68760062
2494.80135812
2494.91290158
2495.02571578
2495.13892642
2495.25156142
2495.40813523
2495.51077722
2495.62379573
2495.73491278
2495.84823922
2495.96112754
2496.07411850
2496.18709215
2496.29956600
2496.41219076
2496.52588633
2496.63958507
2496.75230637
2496.85322536
2496.96565483
2497.07973977
2497.19167382
2497.32643548
2497.44921953
2497.56174433
2497.67648535
2497.78726960
2497.90118825
2498.00271896
2498.11623728
2498.22860677
2498.34145730
2498.44302287
2498.54480836
2498.65738534
2498.77091390
2498.88390340
2498.99524206
2499.12117344
2499.22973366
2499.34365573
2499.45537230
2499.55646586
2499.67087213
2499.78253750
2499.89417557
2499.99769527
2500.11139742
2500.22274877
2500.33537377
2500.43825153
2500.55080046
2500.66348471
2500.77658563
2500.88903924
2501.00260876
2501.11429071
2501.22705493
2501.34001907
2501.45281377
2501.55426841
2501.66796324
2501.77044968
2501.87096761
2501.98454371
2502.09821636
2502.19925116
2502.31104161
2502.42548884
2502.53914906
2502.64881568
2502.76292988
2502.87584087
2502.98847514
2503.14428242
2503.23613487
2503.33884562
2503.45063777
2503.56341540
2503.67657507
2503.79073120
2503.90172853
2504.01574081
2504.12795280
2504.23970229
2504.36417423
2504.46510443
2504.63367732
2504.74559967
2504.85885907
2504.97148383
2505.08450307
2505.19631521
2505.31026483
2505.42332162
2505.53742460
2505.63831823
2505.75158811
2505.85596090
2505.96766236
2506.06954196
2506.20559240
2506.31852095
2506.43246618
2506.54386799
2506.65783882
2506.77108408
2506.88391364
2506.99742025
2507.11083569
2507.24468502
2507.34903489
2507.45973356
2507.56322474
2507.67741939
2507.77917732
2507.89105457
2508.00652580
2508.11936950
2508.22112744
2508.33354350
2508.44749775
2508.56071350
2508.67566518
2508.78646186
2508.89987022
2509.01443619
2509.12727306
2509.23866610
2509.35346856
2509.46619426
2509.57977280
2509.68166386
2509.79542112
2509.90886288
2510.02065503
2510.12218111
2510.23593495
2510.35153052
2510.46378104
2510.57529183
2510.73231304
2510.82386439
2510.92746065
2511.02891992
2511.15274772
2511.25534899
2511.36898605
2511.47127061
2511.58452855
2511.69734811
2511.81163419
2511.91431226
2512.02593862
2512.13948133
2512.25203026
2512.36588406
2512.47864682
2512.59158073
2512.70516585
2512.79075192
