9789.26660428
9789.32744891
9789.38985513
9789.45262732
9789.51215927
9789.57297196
9789.63553519
9789.69606994
9789.75779423
9789.81962384
9789.88155634
9789.94227882
9790.00337798
9790.06427307
9790.12823651
9790.18938102
9790.24975217
9790.30994338
9790.37172131
9790.43380863
9790.49454647
9790.55668889
9790.63390606
9790.69546675
9790.75365653
9790.81600888
9790.87413186
9790.95610550
9791.00559250
9791.06453883
9791.12753922
9791.18722891
9791.25830062
9791.31821803
9791.37781972
9791.43936408
9791.50019188
9791.56160214
9791.62285588
9791.68124753
9791.74169475
9791.80097070
9791.86204963
9791.92154964
9791.98291919
9792.04410173
9792.10320556
9792.16342262
9792.23379313
9792.29513220
9792.35686087
9792.41616365
9792.47601645
9792.54650375
9792.60797911
9792.66873864
9792.72982878
9792.78945412
9792.84948880
9792.90872234
9792.97058413
9793.02926275
9793.09095462
9793.16243836
9793.22289947
9793.28183043
9793.34274723
9793.40270877
9793.46262570
9793.52357516
9793.58327583
9793.64414313
9793.70577599
9793.76462309
9793.82417065
9793.88491531
9793.94607591
9794.00590507
9794.06756255
9794.12775426
9794.18684808
9794.24833198
9794.30719760
9794.36856276
9794.43094021
9794.48864798
9794.55110395
9794.60939930
9794.67006716
9794.73091617
9794.79000025
9794.85105284
9794.91227684
9794.97365882
9795.03219018
9795.09309380
9795.15244826
9795.21160548
9795.27445715
9795.33338201
9795.39356567
9795.45406165
9795.51418728
9795.57475006
9795.63509609
9795.69787900
9795.75656372
9795.81649723
9795.87672843
9795.93704130
9795.99678171
9796.05876737
9796.11936233
9796.17885869
9796.23978913
9796.29937473
9796.35867311
9796.41855908
9796.48076221
9796.54045703
9796.60108832
9796.66108400
9796.74292989
9796.80393860
9796.86464401
9796.92593407
9796.98441277
9797.04616339
9797.10544081
9797.16605015
9797.22557162
9797.28552903
9797.34745007
9797.40743161
9797.46719323
9797.52794472
9797.58773852
9797.64876771
9797.71054637
9797.76878199
9797.82961467
9797.88852125
9797.96116870
9798.02061971
9798.08126002
9798.14255106
9798.20264670
9798.26385289
9798.32494084
9798.38456593
9798.44546565
9798.50420815
9798.56496720
9798.62603686
9798.68612104
9798.74563764
9798.80558260
9798.86667860
9798.92486472
9799.01969299
9799.08032159
9799.14045161
9799.20169462
9799.26126949
9799.32120397
9799.38208346
9799.44203940
9799.50277504
9799.56277096
9799.62379186
9799.68226300
9799.74312494
9799.80526224
9799.86575797
9799.92608743
9799.98654123
9800.04511915
9800.10503608
9800.16493107
9800.22736167
9800.28659423
9800.34754832
9800.40772150
9800.49038830
9800.53940816
9800.59872848
9800.66123004
9800.71960804
9800.78142571
9800.84141822
9800.90221603
9800.96185478
9801.02092325
9801.08300179
9801.14193129
9801.20216225
9801.26361006
9801.32267902
9801.38492921
9801.44457868
9801.50475965
9801.56552894
9801.62504017
9801.68594867
9801.74501836
9801.80687406
9801.86748049
9801.92828171
9801.98785609
9802.04810387
9802.10707628
9802.16835879
9802.22720588
9802.28935001
9802.34930156
9802.41014277
9802.46994340
9802.52978378
9802.59055648
9802.65085814
9802.72312524
9802.78236340
9802.84538573
9802.90363013
9802.96496554
9803.02353420
9803.08352476
9803.14489041
9803.20600932
9803.26433466
9803.32434887
9803.38673925
9803.44631387
9803.50621983
9803.56713467
9803.63971872
9803.70968621
9803.76935104
9803.82887105
9803.89156253
9803.95187980
9804.01177405
9804.07160882
9804.13166447
9804.19159701
9804.25253257
9804.31172197
9804.37423986
9804.43478972
9804.49315797
9804.55325361
9804.61510103
9804.67543219
9804.73531157
9804.79684520
9804.85679943
9804.91745413
9804.97706703
9805.03648561
9805.09797341
9805.15678003
9805.21861135
9805.27947938
9805.33943727
9805.39913769
9805.45964586
9805.51988584
9805.58057955
9805.64179622
9805.70074767
9805.76119317
9805.82111815
9805.88251013
9805.94178632
9806.00345234
9806.06356456
9806.12344200
9806.18408133
9806.24262805
9806.30475853
9806.36429195
9806.42438027
9806.48477897
9806.54576866
9806.60743127
9806.66718192
9806.72580324
9806.78569482
9806.84849626
9806.90858385
9806.96913712
9807.02890557
9807.08760760
9807.14893667
9807.20888042
9807.26943540
9807.33083274
9807.38958475
9807.44960164
9807.51136591
9807.57237340
9807.63330092
9807.69362428
9807.75349952
9807.81369951
9807.87293597
9807.93303697
9807.99379895
9808.05556225
9808.11450784
9808.17420510
9808.23603252
9808.30798584
9808.36761141
9808.42844068
9808.48716099
9808.54777082
9808.60788792
9808.66933183
9808.72980343
9808.78928491
9808.84955488
9808.91034464
9808.97212477
9809.03204877
9809.09045578
9809.15251433
9809.21137849
9809.27289920
9809.33325475
9809.39275476
9809.45396632
9809.51213343
9809.57289052
9809.63292034
9809.69417310
9809.75480439
9809.81596816
9809.87611451
9809.95657435
9810.00614815
9810.06704665
9810.12808389
9810.18787867
9810.25896549
9810.32015071
9810.38029048
9810.43990363
9810.49975570
9810.56088071
9810.62143910
9810.68154888
9810.74206363
9810.80170359
9810.86326234
9810.92270774
9810.98458173
9811.04412929
9811.10493393
9811.16528922
9811.22496795
9811.29579633
9811.35665802
9811.41675342
9811.47733620
9811.53780072
9811.59737559
9811.65778184
9811.71687738
9811.77927507
9811.83900085
9811.90029628
9811.95903439
9812.01894254
9812.07972621
9812.22665926
9812.28754606
9812.34811933
9812.41026029
9812.46866682
9812.52868639
9812.58878837
9812.64886402
9812.71052589
9812.77063372
9812.83363533
9812.89157497
9812.95118470
9813.01159558
9813.07265842
9813.13345647
9813.19496182
9813.25499017
9813.31382873
9813.37356061
9813.43464295
9813.49593643
9813.55508340
9813.61569324
9813.67560895
9813.75745948
9813.80723832
9813.86711136
9813.92816005
9813.98847707
9814.04910763
9814.10854913
9814.16948324
9814.22914563
9814.28875072
9814.35044795
9814.41120163
9814.47005165
9814.53002588
9814.59309697
9814.65197917
9814.71273968
9814.77355359
9814.83465104
9814.89442412
9814.95407067
9815.01390056
9815.07401741
9815.13595772
9815.19681185
9815.25517254
9815.31594329
9815.37629396
9815.43590174
9815.49563410
9815.55881052
9815.61900442
9815.67805363
9815.73952094
9815.79865841
9815.85794607
9815.91954967
9815.97994520
9816.04061209
9816.10073796
9816.16126125
9816.22160265
9816.28141181
9816.34114467
9816.41035342
9816.47056585
9816.53162283
9816.59016102
9816.65101369
9816.71088478
9816.77100188
9816.83290902
9816.89230566
9816.95252540
9817.01274222
9817.07269450
9817.13463992
9817.19535631
9817.25585082
9817.31454407
9817.37365643
9817.45804476
9817.50528799
9817.56825375
9817.62831794
9817.68800886
9817.74800357
9817.80989340
9817.86867125
9817.92873252
9817.99990101
9818.06165749
9818.12118091
9818.18194312
9818.24230403
9818.30168433
9818.36115095
9818.42173128
9818.48331416
9818.54390254
9818.60388457
9818.66502201
9818.72409414
9818.78328988
9818.84596722
9818.90649830
9818.96585057
9819.02560488
9819.08743206
9819.14735849
9819.20947800
9819.26822562
9819.32869331
9819.38958134
9819.44848402
9819.50823467
9819.56834177
9819.62891138
9819.72367405
9819.78255382
9819.84533429
9819.90435546
9819.96433408
9820.02322822
9820.08439029
9820.14499305
9820.20553511
9820.26500831
9820.32489208
9820.38607560
9820.44603495
9820.50575951
9820.56859557
9820.62785373
9820.68840091
9820.74885934
9820.80801534
9820.86804076
9820.93015880
9820.99077303
9821.04981761
9821.11029140
9821.17122867
9821.23197114
9821.29250954
9821.35293237
9821.41324744
9821.47209624
9821.53270559
9821.59296897
9821.65432048
9821.71372662
9821.77405267
9821.83447160
9821.91807121
9821.97644824
9822.03804672
9822.09800827
9822.15635994
9822.22401295
9822.27795825
9822.33906790
9822.39940857
9822.45983774
9822.51892279
9822.58060124
9822.64307622
9822.70403129
9822.76122194
9822.85419652
9822.90457440
9822.96453546
9823.02626487
9823.08647681
9823.14508985
9823.20650060
9823.28763725
9823.33557947
9823.39723110
9823.45801575
9823.51763206
9823.57882217
9823.63907555
9823.69906660
9823.75878897
9823.82942474
9823.89132579
9823.95112984
9824.01163630
9824.07122823
9824.13115516
9824.19203343
9824.25184040
9824.31441802
9824.37397484
9824.43412778
9824.49529496
9824.55380194
9824.61422014
9824.67710180
9824.73746051
9824.79597310
9824.85719172
9824.91697578
9824.97632365
9825.03735138
9825.09825476
9825.15769602
9825.21860379
9825.27958812
9825.34053051
9825.40018096
9825.45961977
9825.52075478
9825.58071510
9825.64207392
9825.70273252
9825.76058731
9825.82185957
9825.88287340
9825.94306657
9826.00383707
9826.06381349
9826.12338373
9826.18412351
9826.24380297
9826.30469026
9826.36486539
9826.42694856
9826.48630424
9826.54637867
9826.60612810
9826.66629811
9826.72714590
9826.78777207
9826.84875396
9826.90991627
9826.99002185
9827.03873183
9827.09900838
9827.16056322
9827.22180940
9827.28126675
9827.34126218
9827.40187665
9827.46270470
9827.52265625
9827.58276579
9827.64369672
9827.70495874
9827.76478449
9827.82526413
9827.88486533
9827.94588476
9828.00637416
9828.06567449
9828.12487560
9828.18662305
9828.24525169
9828.30534392
9828.36778817
9828.42929937
9828.48816646
9828.54817847
9828.60813393
9828.66927819
9828.72989242
9828.79154234
9828.85083244
9828.91119237
9828.96966473
9829.02986911
9829.09070520
9829.15147839
9829.20223344
