9849.31152327
9849.37077679
9849.43191594
9849.49314261
9849.55366126
9849.61467704
9849.67241724
9849.73524038
9849.79334385
9849.85357895
9849.91605028
9849.97603450
9850.03663751
9850.09589664
9850.15729178
9850.21713923
9850.27837297
9850.33745436
9850.39635607
9850.45935451
9850.51816674
9850.57906793
9850.63869448
9850.69908489
9850.76079138
9850.81879660
9850.87880227
9850.94009575
9851.00197925
9851.06136638
9851.12291781
9851.18279085
9851.24211240
9851.30394104
9851.36509969
9851.42373954
9851.48300769
9851.57842500
9851.63485301
9851.70493656
9851.76668620
9851.84865717
9851.89850647
9851.95747352
9852.01919049
9852.08024260
9852.13984453
9852.19883620
9852.26062827
9852.31978573
9852.38111505
9852.44297051
9852.50116346
9852.56330905
9852.62254868
9852.68181878
9852.74270168
9852.80225314
9852.86415127
9852.92389217
9852.98384103
9853.04462300
9853.10440218
9853.16646585
9853.22604242
9853.28655205
9853.34705827
9853.40561718
9853.46745752
9853.52736250
9853.58717874
9853.66477503
9853.72700230
9853.79042472
9853.85303014
9853.91717375
9853.98117522
9854.04448988
9854.13935642
9854.19186934
9854.25615607
9854.32008903
9854.38195814
9854.44469448
9854.50851383
9854.57197453
9854.63631977
9854.71003925
9854.80586835
9854.86989054
9854.93132933
9854.99554048
9855.05921110
9855.15386455
9855.20787446
9855.26924913
9855.33315917
9855.39783185
9855.46077299
9855.52483468
9855.58772195
9855.64959959
9855.71339431
9855.77594804
9855.83989758
9855.90376642
9855.96657566
9856.03101258
9856.09257156
9856.15821777
9856.21968411
9856.28381212
9856.34737010
9856.41048386
9856.47531623
9856.53845437
9856.60107588
9856.66492132
9856.72599024
9856.79183930
9856.85353361
9856.91663908
9856.98151607
9857.04396837
9857.10785233
9857.16976264
9857.23282081
9857.29825783
9857.36036003
9857.42560371
9857.48569618
9857.56025631
9857.62413637
9857.69966393
9857.76419691
9857.82690034
9857.88989341
9857.95206534
9858.01699377
9858.07962844
9858.14387519
9858.20394669
9858.26749004
9858.33254160
9858.39541594
9858.45843486
9858.52264040
9858.58564932
9858.64963104
9858.72461955
9858.78763578
9858.84848455
9858.91414344
9858.97606107
9859.04065792
9859.10278743
9859.16648194
9859.23031421
9859.29241469
9859.35705080
9859.42106544
9859.48221214
9859.55807665
9859.62037438
9859.70622070
9859.77019779
9859.83130256
9859.89567267
9859.95983408
9860.02278888
9860.08543989
9860.14800044
9860.21186977
9860.27576884
9860.33882457
9860.40228211
9860.49720204
9860.56101358
9860.62381600
9860.68861643
9860.75244992
9860.81520869
9860.87795625
9860.94109122
9861.00476770
9861.06880111
9861.13003436
9861.19614284
9861.25816360
9861.32223480
9861.38562796
9861.44748830
9861.51129155
9861.57507067
9861.63862767
9861.70137694
9861.77529414
9861.85075540
9861.91254283
9861.97599792
9862.03987481
9862.10422225
9862.16657800
9862.22968810
9862.29233351
9862.35665095
9862.41797954
9862.48284605
9862.54600564
9862.60949585
9862.67243845
9862.74687107
9862.82220627
9862.88465102
9862.94726887
9863.01100922
9863.07487489
9863.13900802
9863.20069500
9863.26288741
9863.32918239
9863.39186534
9863.45457292
9863.51728146
9863.59232141
9863.65567191
9863.72004032
9863.79346064
9863.85588637
9863.91834769
9863.98340340
9864.04529860
9864.10929543
9864.17235092
9864.23504021
9864.30036898
9864.36446676
9864.42679886
9864.48989409
9864.55291521
9864.61726264
9864.67923513
9864.74380663
9864.81753269
9864.88053966
9864.94442434
9865.00727040
9865.07169244
9865.13366639
9865.19641590
9865.26155231
9865.32519684
9865.38680727
9865.44882242
9865.51297579
9865.57680196
9865.63971019
9865.70582183
9865.76712043
9865.84109932
9865.90406387
9865.96698575
9866.03246324
9866.09429554
9866.15709942
9866.22114307
9866.28370119
9866.34740545
9866.41172704
9866.47328262
9866.53777512
9866.60119047
9866.66281919
9866.72899690
9866.80296750
9866.86556536
9866.92829512
9866.99108218
9867.05511583
9867.11788363
9867.18268894
9867.24505908
9867.30882259
9867.37156235
9867.43558869
9867.49763700
9867.56264053
9867.62396326
9867.68762535
9867.75144421
9867.82618281
9867.89036713
9867.95180836
9868.01633548
9868.07854910
9868.14254033
9868.20564507
9868.26803959
9868.33287538
9868.39571851
9868.45950104
9868.52370316
9868.58636490
9868.65028031
9868.71163376
9868.77674432
9868.84940006
9868.91393133
9868.97639338
9869.04096512
9869.10352641
9869.16659897
9869.23036809
9869.32620085
9869.38745970
9869.45137023
9869.51590516
9869.57855471
9869.64401221
9869.70525497
9869.77007321
9869.83400007
9869.90573542
9869.97082746
9870.03375348
9870.09873677
9870.16004342
9870.22246720
9870.28681829
9870.35102505
9870.41481489
9870.47754026
9870.54005888
9870.60432538
9870.66546062
9870.73146328
9870.79510148
9870.86804125
9870.93331150
9870.99529228
9871.05874640
9871.12157661
9871.18448728
9871.25009301
9871.31178634
9871.37610476
9871.44024496
9871.50119174
9871.56415824
9871.62820847
9871.69194785
9871.75504625
9871.81874905
9871.89200895
9871.95493327
9872.01681116
9872.08278236
9872.14529416
9872.20917056
9872.27288262
9872.33504114
9872.39917036
9872.46292656
9872.52706725
9872.58979579
9872.65162443
9872.71560103
9872.77923362
9872.84310416
9872.91624289
9872.98059764
9873.04310943
9873.10583285
9873.17099388
9873.23450407
9873.29594774
9873.37167986
9873.43449666
9873.49746560
9873.56047842
9873.62384306
9873.68755708
9873.75069717
9873.81574264
9873.87863672
9873.95128002
9874.01551653
9874.07638919
9874.14194105
9874.20448966
9874.26817588
9874.33250430
9874.39472596
9874.45813839
9874.52156154
9874.58457558
9874.64919901
9874.71116394
9874.77562963
9874.83985857
9874.90188518
9874.96589373
9875.02824509
9875.09205688
9875.15510676
9875.21760832
9875.28123139
9875.34305248
9875.40875818
9875.47106346
9875.53576613
9875.59798291
9875.66230158
9875.72542656
9875.78940925
9875.85146561
9875.91511990
9875.98900492
9876.05233348
9876.11533825
9876.17917735
9876.24339313
9876.30581569
9876.36918130
9876.43298187
9876.52831336
9876.58226915
9876.64512325
9876.70690678
9876.77071321
9876.86622414
9876.91943313
9876.98214973
9877.04587277
9877.11012292
9877.17168752
9877.23691291
9877.30989633
9877.37320221
9877.43587687
9877.50106886
9877.56500231
9877.62749606
9877.68842114
9877.75344661
9877.81837797
9877.88073105
9877.94338157
9878.00640951
9878.07065893
9878.13395945
9878.19798969
9878.26168250
9878.32360452
9878.38732658
9878.44930029
9878.51209929
9878.57586402
9878.64079782
9878.70339690
9878.76565440
9878.82876207
9878.89316460
9878.96557190
9879.03023165
9879.09404758
9879.15836138
9879.25003889
9879.30295288
9879.36698433
9879.42898608
9879.49272960
9879.55630343
9879.61826641
9879.68297809
9879.74576076
9879.81069334
9879.87216309
9879.94603251
9880.01118062
9880.07351370
9880.13760562
9880.19959518
9880.26260410
9880.32634177
9880.39042540
9880.45315126
9880.51640936
9880.57858591
9880.64590124
9880.70639698
9880.77021096
9880.83338275
9880.89457821
9880.96054235
9881.02389114
9881.08655776
9881.15028957
9881.21312222
9881.27792363
9881.33966572
9881.40350847
9881.46639890
9881.53057884
9881.59280050
9881.65496901
9881.72035020
9881.78361195
9881.84671279
9881.90929602
9881.98399415
9882.04803731
9882.11031773
9882.20546831
9882.26013919
9882.32316761
9882.38467516
9882.44897188
9882.51277928
9882.57523134
9882.63843506
9882.70226782
9882.76607278
9882.82836661
9882.89131702
9882.95537676
9883.02858911
9883.09354168
9883.15577626
9883.23140867
9883.29430861
9883.35652929
9883.42007508
9883.48448981
9883.54927440
9883.61089361
9883.67312624
9883.73691779
9883.80041335
9883.86488660
9883.92852284
9884.00004901
9884.06489601
9884.12797198
9884.19245058
9884.25511647
9884.31795131
9884.38158853
9884.44372120
9884.50989891
9884.57141133
9884.63592041
9884.69832298
9884.76173443
9884.82664921
9884.88797146
9884.98354334
9885.04804974
9885.11143876
9885.17389838
9885.23704798
9885.30218195
9885.36479297
9885.42707876
9885.48963297
9885.55240443
9885.61634007
9885.71239957
9885.77631571
9885.84023843
9885.90190688
9885.96645912
9886.03016924
9886.09333030
9886.15734810
9886.21973970
9886.28235950
9886.34781310
9886.40931772
9886.47331602
9886.53729335
9886.59989999
9886.66332144
9886.72677507
9886.79004413
9886.85234308
9886.91624752
9886.97996422
9887.04409149
9887.10817879
9887.16879496
9887.23238586
9887.29497957
9887.35910660
9887.42291108
9887.48632619
9887.58136924
9887.63641998
9887.69708687
9887.76199458
9887.82494986
9887.88850272
9887.95068586
9888.02531426
9888.08798770
9888.15135136
9888.21463798
9888.27863263
9888.34152135
9888.40527950
9888.46964132
9888.53235548
9888.59502331
9888.65835455
9888.72125644
9888.78495900
9888.84890488
9888.91271374
9888.97605693
9889.03894077
9889.10154619
9889.17560944
9889.23926592
9889.30374672
9889.36613320
9889.42993791
9889.49297780
9889.55657503
9889.61894127
9889.68226812
9889.74739697
9889.80876798
9889.87255026
9889.93510619
9890.00806376
9890.07389258
9890.13668841
9890.20049362
9890.26243465
9890.32640297
9890.38932534
9890.45234425
9890.51744116
9890.58051957
9890.64243476
9890.70659544
9890.76993131
9890.83423730
9890.89644921
9890.96047335
9891.03471824
9891.09702084
9891.17134618
9891.23628145
9891.29849043
9891.36334206
9891.42465529
9891.48870942
9891.55157474
9891.61577419
9891.67903009
9891.74190516
9891.80538561
9891.86968916
9891.93228653
9891.99523450
9892.09005618
9892.14282412
9892.20654253
9892.26904969
9892.33361973
9892.39639484
9892.46000670
9892.52480567
9892.58602576
9892.64954742
9892.71329898
9892.77825302
9892.84242150
9892.93678433
9892.99977618
9893.06116645
9893.13671206
9893.19956738
9893.26246440
9893.32652219
9893.39046953
9893.45230427
9893.51611752
9893.58013703
9893.64382374
9893.70801880
9893.77066249
9893.83408882
9893.89746931
9893.96032902
9894.02307633
9894.08712144
9894.15157274
9894.21360521
9894.27711955
9894.34116051
9894.40343386
9894.46635379
9894.53011219
9894.59206956
9894.65609395
9894.72037531
9894.78423903
9894.84625662
9894.91070621
9894.97390506
9895.03565471
9895.10025839
9895.16496886
9895.22708471
9895.29018189
9895.35244816
9895.41726079
9895.47950586
9895.54475831
9895.60809955
9895.66865794
9895.73291687
9895.79815300
9895.86152349
9895.92356449
9895.98706712
9896.04908788
9896.11370254
9896.17664636
9896.24095747
9896.30446571
9896.36627777
9896.42915918
9896.49406129
9896.55596234
9896.61972390
9896.71567417
9896.77955203
9896.84358642
9896.90521123
9896.96867974
9897.03282554
9897.10802202
9897.17120356
9897.23327527
9897.29613108
9897.35982999
9897.42182174
9897.48617112
9897.54985369
9897.61299768
9897.68819489
9897.75001670
9897.81520894
9897.87890028
9897.94079695
9898.00432347
9898.06859752
9898.14164238
9898.20470738
9898.30053209
9898.35338196
9898.41715620
9898.48053839
9898.54367409
9898.63881126
9898.69231795
9898.75494824
9898.81794716
9898.88040946
9898.94350933
9899.00874252
9899.07194796
9899.13464212
9899.19936332
9899.26126656
9899.33905741
9899.45689106
9899.51915855
9899.58461240
9899.68048465
9899.73323480
9899.79479671
9899.86058726
9899.92287329
9899.98601996
9900.05080089
9900.11359233
9900.17686969
9900.24093284
9900.30348365
9900.36770430
9900.43104505
9900.49494632
9900.55779847
9900.62044094
9900.68527039
9900.74825030
9900.81272964
9900.87456267
9900.93999749
9901.00369883
9901.06662242
9901.12946653
9901.19435791
9901.26722527
9901.33005060
9901.39321556
9901.45720460
9901.52090545
9901.58478014
9901.64836177
9901.71172470
9901.77626182
9901.87024943
9901.92366420
9901.98688914
9902.05192729
9902.11549454
9902.17874971
9902.25285416
9902.31462209
9902.37972290
9902.44186873
9902.50747837
9902.57116338
9902.63421813
9902.69738919
9902.76058463
9902.82246008
9902.88777032
9902.95006098
9903.01417850
9903.07779963
9903.14149926
9903.20332839
9903.27829763
9903.34268676
9903.40510518
9903.46896036
9903.53287967
9903.59545046
9903.65886484
9903.72163191
9903.78769747
9903.84967800
9903.91277981
9903.97760122
9904.07238389
9904.12629847
9904.18934811
9904.29659749
9904.35947744
9904.42275870
9904.51926876
9904.58417793
9904.64675775
9904.70970742
9904.77297259
9904.83805877
9904.89977331
9904.96415951
9905.02688147
9905.09046017
9905.15543444
9905.21792405
9905.28227027
9905.34504879
9905.41006841
9905.47148794
9905.53541529
9905.59794244
9905.66223770
9905.72707861
9905.78981593
9905.85400952
9905.91647280
9905.97959924
9906.04367190
9906.10711236
9906.16987650
9906.23457892
9906.30772764
9906.37170741
9906.43419068
9906.49929442
9906.56290725
9906.62485755
9906.69071320
9906.75434456
9906.81724523
9906.87961440
9906.94335183
9907.00606062
9907.06921924
9907.13382584
9907.19566156
9907.26065045
9907.33480732
9907.39969065
9907.46235629
9907.52500755
9907.58997206
9907.65280813
9907.71479817
9907.77857143
9907.84348207
9907.90719536
9907.96864829
9908.03188078
9908.09735852
9908.15962480
9908.22550580
9908.28823751
9908.35109039
9908.41459961
9908.47763632
9908.54286855
9908.60532890
9908.66921285
9908.73203794
9908.79705732
9908.85841102
9908.92344746
9908.98590878
9909.04922881
9909.11329635
9909.17542195
9909.23939611
9909.31436487
9909.37764759
9909.44081938
9909.50552399
9909.56923557
9909.63270091
9909.69498645
9909.76044175
9909.82333633
9909.88609852
9909.94981375
9910.01284047
9910.07673369
9910.14020463
9910.20308726
9910.26708288
9910.34026451
9910.40559060
9910.46732074
9910.53028432
9910.59487605
9910.65755534
9910.72146514
9910.78495607
9910.85009516
9910.91315845
9910.97648823
9911.03866893
9911.10362906
9911.16795114
9911.23041368
9911.29460484
9911.35695864
9911.42098986
9911.48604215
9911.54668758
9911.60998712
9911.67415682
9911.73705408
9911.80140347
9911.86545784
9911.92915358
9911.99217420
9912.05451508
9912.11904148
9912.18326335
9912.24663067
9912.30888720
9912.38336956
9912.44743344
9912.50989599
9912.57490390
9912.63844506
9912.69915315
9912.76568268
9912.82762104
9912.89194336
9912.95491230
9913.02955533
9913.09242845
9913.15627022
9913.22011492
9913.28336327
9913.36058311
9913.41154102
9913.47649261
9913.54029952
9913.60330503
9913.66620595
9913.72992411
9913.79371322
9913.85674653
9913.92022137
9913.98414994
9914.04813605
9914.11230161
9914.17464322
9914.23854473
9914.30027950
9914.37669137
9914.43905810
9914.50289085
9914.56680821
9914.63046030
9914.69289992
9914.75710108
9914.82080583
9914.88449205
9914.94730764
9915.01017564
9915.07304802
9915.13831779
9915.20203108
9915.26588212
9915.33977811
9915.40268439
9915.46569600
9915.52914548
9915.59286316
9915.65707821
9915.72120987
9915.78405495
9915.84880614
9915.91106291
9915.97399381
9916.03804160
9916.09946893
9916.16509149
9916.22811553
9916.29315344
9916.35598560
9916.42989281
9916.49259160
9916.55557639
9916.62074814
9916.68407792
9916.74804721
9916.81114195
9916.87370275
9916.94978108
9917.01218219
9917.07521964
9917.13863572
9917.20182847
9917.26445096
9917.32949642
9917.40553965
9917.46724394
9917.53098015
9917.59445767
9917.65650306
9917.72145075
9917.78531203
9917.84839117
9917.91237704
9917.97339038
9918.03857774
9918.10239538
9918.16594605
9918.22796413
9918.29308858
9918.35782490
9918.43056353
9918.49440043
9918.55737912
9918.62039608
9918.68363955
9918.74768588
9918.81156057
9918.87569492
9918.94915181
9919.01208735
9919.07581404
9919.14070786
9919.20269497
9919.26716383
9919.33012179
9919.40264368
9919.46766232
9919.53012950
9919.59563015
9919.65808733
9919.72170773
9919.78575674
9919.84972140
9919.91307434
9919.97532087
9920.04039827
9920.10322701
9920.16692909
9920.23086253
9920.29377149
9920.35881964
9920.42012287
9920.48401999
9920.54792296
9920.61039916
9920.67469954
9920.73804516
9920.80175065
9920.86464084
9920.92768560
9920.99207473
9921.05478669
9921.12000428
9921.18362638
9921.24617012
9921.30978027
9921.37324244
9921.44875221
9921.51029925
9921.57459353
9921.63794940
9921.70088371
9921.76559394
9921.82842829
9921.89147232
9921.95480015
9922.01667730
9922.08309932
9922.14571010
9922.21019139
9922.27315398
9922.33572210
9922.40079219
9922.47291642
9922.53769149
9922.60139235
9922.66360596
9922.72865874
9922.79182419
9922.85626890
9922.91774695
9922.98282947
9923.04516036
9923.10785866
9923.17328715
9923.23746539
9923.30082198
9923.36238852
9923.43724854
9923.50008875
9923.56519736
9923.62888797
9923.69055887
9923.75432725
9923.81866372
9923.88148783
9923.94674029
9924.00745765
9924.07350078
9924.13638024
9924.19934210
9924.26177929
9924.32501057
9924.38976273
9924.45282553
9924.51660806
9924.58029648
9924.64544264
9924.70803391
9924.77109647
9924.83481391
9924.89451092
9924.95814546
9925.02130652
9925.08466994
9925.14747772
9925.21209920
9925.27847537
9925.33853859
9925.39828899
9925.45867282
9925.51906176
9925.58035451
9925.63947833
9925.70267230
9925.76272917
9925.82349017
9925.88382377
9925.94291711
9926.00289890
9926.06480507
9926.12391816
9926.18563318
9926.24691569
9926.30737070
9926.36712672
9926.42664039
9926.48640884
9926.54760650
9926.61020533
9926.67102509
9926.72958132
9926.79016116
9926.85075710
9926.91125015
9926.97222351
9927.03133416
9927.09414096
9927.15399889
9927.21235081
9927.27360284
9927.33484609
9927.39556759
9927.45523583
9927.51597660
9927.57502678
9927.63737913
9927.69832639
9927.75797269
9927.81805956
9927.87986674
9927.93890523
9927.99929295
9928.06054888
9928.12069646
9928.18081697
9928.24170670
9928.30253157
9928.36376044
9928.42237445
9928.48393002
9928.54364386
9928.60557539
9928.66415844
9928.72506060
9928.78704650
9928.84822026
9928.90795068
9928.96851517
9929.02850597
9929.08862209
9929.14837518
9929.21108714
9929.26995886
9929.33036219
9929.39063752
9929.45180812
9929.51226850
9929.57128138
9929.63445195
9929.69366695
9929.75417975
9929.81613127
9929.87486840
9929.93560575
9929.99590619
9930.05806690
9930.11678429
9930.17781421
9930.23824143
9930.29845191
9930.35995677
9930.42008459
9930.48074831
9930.54070864
9930.60088352
9930.67088100
9930.72298285
9930.78253309
9930.84272845
9930.90326637
9930.96353731
9931.02454114
9931.08423425
9931.14730144
9931.20739977
9931.26779676
9931.32753766
9931.38740265
9931.44821778
9931.50903314
9931.56915853
9931.63071995
9931.69104405
9931.75131474
9931.81056290
9931.87249882
9931.93320520
9931.99317406
9932.05402673
9932.11291479
9932.17190573
9932.23609566
9932.29662821
9932.35609190
9932.41681218
9932.47775335
9932.53714780
9932.59769668
9932.65968209
9932.71871058
9932.77850170
9932.83934828
9932.89927740
9932.95938767
9933.02174489
9933.08217016
9933.14304063
9933.20307654
9933.26384046
9933.32333950
9933.38464931
9933.44445433
9933.50531042
9933.56661730
9933.62504114
9933.68625197
9933.74521512
9933.80878821
9933.86873903
9933.92936667
9933.99029736
9934.04877703
9934.12004329
9934.18297639
9934.24139364
9934.30223486
9934.36137135
9934.42286061
9934.48293577
9934.54516231
9934.60598621
9934.66560837
9934.72436330
9934.78441067
9934.84629929
9934.90852680
9934.96845299
9935.02789961
9935.08801159
9935.14964494
9935.20877339
9935.26851599
9935.33248309
9935.39031764
9935.44949875
9935.53423915
9935.58468505
9935.64327810
9935.70516135
9935.76359641
9935.82452588
9935.88568648
9935.94654719
9936.00683618
9936.06812063
9936.12853737
9936.18921230
9936.24853800
9936.30939042
9936.36878609
9936.43078637
9936.49111777
9936.55157474
9936.61217190
9936.67294265
9936.73243950
9936.79228743
9936.85378985
9936.91452842
9936.97436391
9937.03529753
9937.09464662
9937.15523647
9937.21690736
9937.27801847
9937.33849885
9937.39797814
9937.45907193
9937.51835130
9937.58017238
9937.63867668
9937.70052361
9937.76056756
9937.82204024
9937.88259229
9937.94311070
9938.00457460
9938.06424114
9938.12296535
9938.18506632
9938.24558278
9938.30541243
9938.36723497
9938.42709802
9938.48711905
9938.57009086
9938.61843902
9938.67928731
9938.73995614
9938.80084904
9938.86085326
9938.92152136
9938.98157019
9939.04110727
9939.10183608
9939.16271484
9939.22285754
9939.28500508
9939.34565100
9939.40446542
9939.46618532
9939.52666911
9939.58616010
9939.65785401
9939.71864548
9939.77817378
9939.83959306
9939.89945196
9939.95993039
9940.02001823
9940.11486599
9940.16374640
9940.22442474
9940.28440165
9940.34635902
9940.40671481
9940.46558506
9940.52573922
9940.58643951
9940.64822914
9940.70926662
9940.76891072
9940.82924310
9940.88900204
9940.94945048
9941.01158022
9941.07187237
9941.13114979
9941.19285628
9941.25322231
9941.31208891
9941.37269752
9941.43292117
9941.49529033
9941.55507000
9941.61478066
9941.68575874
9941.74664701
9941.80820234
9941.86821070
9941.93035556
9941.98901589
9942.04908008
9942.10900774
9942.17157927
9942.23224103
9942.29194463
9942.35287751
9942.41192965
9942.47299736
9942.53545869
9942.59333542
9942.65396866
9942.71480451
9942.80896766
9942.85656684
9942.91823798
9942.97910284
9943.03913899
9943.09895108
9943.16043205
9943.22042066
9943.28169195
9943.34140993
9943.40393513
9943.46254110
9943.52338963
9943.58411942
9943.65341302
9943.71642048
9943.77605288
9943.83748313
9943.89629414
9943.95678695
9944.01620480
9944.07944461
9944.13787918
9944.19867650
9944.25971301
9944.32140731
9944.37996622
9944.44086911
9944.50271019
9944.56228139
9944.63539769
9944.69519954
9944.75485266
9944.81485590
9944.87661896
9944.93486652
9944.99706746
9945.05643582
9945.11735944
9945.17786346
9945.23860276
9945.30028292
9945.36029054
9945.41988564
9945.48071637
9945.54211981
9945.60209208
9945.66382247
9945.72358506
9945.78358586
9945.84379634
9945.90370108
9945.96314745
9946.02435511
9946.08700393
9946.14556771
9946.20653619
9946.26559296
9946.32767370
9946.38947260
9946.44838235
9946.51996191
9946.57952287
9946.64223996
9946.70162392
9946.76157547
9946.82235402
9946.88407051
9946.94347641
9947.00359058
9947.06510032
9947.12548024
9947.18459675
9947.24465167
9947.30552604
9947.36741515
9947.43755745
9947.49754508
9947.56092045
9947.61920142
9947.68093156
9947.74111619
9947.80114893
9947.86164515
9947.92281282
9947.98313789
9948.04288927
9948.10320775
9948.16334606
9948.22460687
9948.28668956
9948.34665891
9948.40554379
9948.46586959
9948.52602545
9948.58774779
9948.64936992
9948.70868659
9948.76909724
9948.82988676
9948.88986903
9948.95048789
9949.01135299
9949.07138744
9949.13191316
9949.19107208
9949.25150418
9949.32472921
9949.38372381
9949.44543274
9949.50534626
9949.56757060
9949.62718447
9949.68575996
9949.74753667
9949.80938457
9949.86869832
9949.93036653
9949.98910683
9950.05048930
9950.11003076
9950.17184063
9950.23142135
9950.29536820
9950.35709469
9950.41727932
9950.48022461
9950.54269325
9950.60212938
9950.66502347
9950.72705057
9950.78896284
9950.86095566
9950.92395751
9950.98556867
9951.04613072
9951.10700045
9951.18089718
9951.24181153
9951.30392568
9951.36650891
9951.42931815
9951.48840198
9951.55006385
9951.61238913
9951.67426775
9951.73638116
9951.83025272
9951.88186574
9951.94291833
9952.00441320
9952.06714539
9952.12889943
9952.19023143
9952.25231656
9952.31260286
9952.37459948
9952.43602949
9952.49796443
9952.55917477
9952.62123698
9952.68383679
9952.74475505
9952.80671217
9952.86944754
9952.93078686
9952.99228465
9953.05329506
9953.11479919
9953.17769864
9953.23825630
9953.30279367
9953.36194625
9953.42525311
9953.48554404
9953.54757700
9953.60854206
9953.67124135
9953.73248874
9953.79480500
9953.85603948
9953.91772452
9953.97899288
9954.04123624
9954.10290909
9954.16355501
9954.22523931
9954.28819484
9954.34950928
9954.41242215
9954.47179733
9954.53369911
9954.59641546
9954.65713087
9954.72023756
9954.78107853
9954.84491469
9954.90395001
9954.96771352
9955.02766458
9955.08973606
9955.15264648
9955.21548839
9955.27566985
9955.33668271
9955.39902920
9955.46085930
9955.52417347
9955.61697080
9955.66603796
9955.72853854
9955.79028941
9955.85047160
9955.91529032
9955.97580190
9956.03698591
9956.09928876
9956.16230304
9956.22167945
9956.28417515
9956.34596819
9956.40913389
9956.47041127
9956.53090749
9956.60313827
9956.66677597
9956.72863460
9956.78813242
9956.85009516
9956.91222710
9956.97500855
9957.03630105
9957.09868070
9957.16042742
9957.22078832
9957.28311897
9957.34546887
9957.40567203
9957.46848323
9957.53031918
9957.59216099
9957.65327624
9957.71519801
9957.77606678
9957.83946165
9957.90023532
9957.96248356
9958.02217521
9958.08452780
9958.14664950
9958.20709793
9958.26904019
9958.33098220
9958.39337257
9958.45464362
9958.51667560
9958.57877974
9958.64281096
9958.70135061
9958.76417058
9958.82703663
9958.88830548
9958.95020921
9959.01071177
9959.07231391
9959.13405503
9959.19556257
9959.25654909
9959.31967041
9959.37920651
9959.44125433
9959.50416671
9959.56621965
9959.62733368
9959.69102625
9959.75230071
9959.81332673
9959.87337995
9959.94806076
9960.01049454
9960.07144839
9960.13163570
9960.19546846
9960.25539977
9960.31699704
9960.37887980
9960.44067187
9960.50246638
9960.56370354
9960.62680047
9960.68836043
9960.75054967
9960.81076258
9960.87395802
9960.93456444
9960.99566775
9961.05787941
9961.12009498
9961.18103274
9961.24406945
9961.30552628
9961.36778135
9961.42811763
9961.48961079
9961.55205529
9961.61361306
9961.67437649
9961.73671348
9961.79719166
9961.87111227
9961.93299967
9961.99425463
9962.05558590
9962.11854337
9962.17934899
9962.24182787
9962.30302894
9962.36617001
9962.42700635
9962.48746575
9962.55145893
9962.61258321
9962.67427726
9962.73388553
9962.79623470
9962.87927575
9962.94192310
9963.00444197
9963.06629743
9963.12758871
9963.18910917
9963.25009716
9963.31386725
9963.37357865
9963.43528587
9963.49848399
9963.55922695
9963.62023761
9963.68237320
9963.74419185
9963.80577741
9963.86801979
9963.92903411
9963.99159540
9964.05343793
9964.11444981
9964.17540196
9964.23788181
9964.30029876
9964.36187677
9964.42475671
9964.48566180
9964.54590885
9964.60785086
9964.66954687
9964.73256091
9964.79489302
9964.85409388
9964.91710573
9964.97867764
9965.04089930
9965.10120023
9965.16400508
9965.22622796
9965.28667615
9965.34880955
9965.41075449
9965.47253900
9965.53446394
9965.59713251
9965.65699726
9965.71910872
9965.78217689
9965.85275707
9965.91626556
9965.97743128
9966.03913095
9966.10090253
9966.16274020
9966.22220291
9966.28414955
9966.34809495
9966.40836101
9966.46994121
9966.53168183
9966.59352656
9966.65501997
9966.71689249
9966.77886400
9966.84382413
9966.90417139
9966.96365385
9967.02524843
9967.08817860
9967.14897129
9967.21090526
9967.27397489
9967.33464373
9967.39633193
9967.45721801
9967.52113366
9967.58149383
9967.64324055
9967.70359414
9967.76728646
9967.82908292
9967.89030935
9967.95153237
9968.01228191
9968.07570750
9968.13633562
9968.19730922
9968.26105908
9968.32317054
9968.38377989
9968.44645479
9968.50663820
9968.56868335
9968.63125244
9968.69292967
9968.75494239
9968.81701654
9968.87780948
9968.93834446
9969.00024235
9969.06201930
9969.12517841
9969.21786529
9969.28188432
9969.34254218
9969.40423990
9969.46508867
9969.52708090
9969.58928477
9969.65017376
9969.71160597
9969.77291798
9969.83596128
9969.89726085
9969.95969365
9970.02081622
9970.08161671
9970.14571302
9970.20530642
9970.26676447
9970.32916801
9970.39098202
9970.45401703
9970.51530344
9970.57521890
9970.63990597
9970.70004501
9970.76253949
9970.82149752
9970.88527639
9970.94569557
9971.00949492
9971.06983535
9971.13188732
9971.19438424
9971.25515279
9971.31969260
9971.37914190
9971.44090373
9971.50089478
9971.56434792
9971.62639672
9971.69838954
9971.75899548
9971.82195832
9971.88397347
9971.97649505
9972.02795350
9972.08925551
9972.15108756
9972.21421595
9972.27644517
9972.33770866
9972.39769068
9972.46057258
9972.52198675
9972.58410674
9972.64696523
9972.70729200
9972.76927107
9972.83030587
9972.89098348
9972.95382296
9973.01481265
9973.07753875
9973.13978845
9973.20017740
9973.26169445
9973.32375081
9973.38541244
9973.44751585
9973.50929597
9973.57134818
9973.63441099
9973.70580501
9973.76681250
9973.82864772
9973.88943822
9973.95244373
9974.01324739
9974.07523792
9974.13799377
9974.19869893
9974.26038714
9974.32239230
9974.38451473
9974.44686780
9974.50792088
9974.56951425
9974.63290108
9974.69244278
9974.75404541
9974.81632802
9974.87790335
9974.93990314
9975.00177493
9975.06225531
9975.12421975
9975.18475742
9975.26264018
9975.32967733
9975.39319557
9975.45966756
9975.52618222
9975.59198739
9975.66873377
9975.73320871
9975.79741401
9975.86332841
9975.92790186
9975.99388696
9976.06118571
9976.12476905
9976.19182155
9976.25580620
9976.32134026
9976.38775764
9976.45224283
9976.51608485
9976.58281747
9976.64931799
9976.72481776
9976.78999172
9976.85565353
9976.92074507
9976.98600021
9977.04306823
9977.10698875
9977.17418583
9977.24064710
9977.30359556
9977.36949216
9977.43603998
9977.50210261
9977.56576568
9977.63284134
9977.70700211
9977.77218118
9977.83925051
9977.90347945
9977.96842081
9978.03301571
9978.10025863
9978.16660019
9978.23119655
9978.29668380
9978.36293173
9978.42822734
9978.50411014
9978.56951230
9978.63608498
9978.69968124
9978.77739798
9978.84112906
9978.90576468
9978.97283157
9979.03781486
9979.10371439
9979.16772074
9979.23550467
9979.30070081
9979.36623291
9979.43105773
9979.49462717
9979.56261541
9979.62649986
9979.69148510
9979.76781821
9979.84471331
9979.90956762
9979.97434490
9980.04202228
9980.10641873
9980.17094195
9980.23694168
9980.32460268
9980.38992974
9980.45394803
9980.51982172
9980.58484256
9980.65088032
9980.71703439
9980.78248531
9980.84839410
9980.92277869
9980.98990750
9981.05443633
9981.12023663
9981.18526283
9981.25017225
9981.31598669
9981.38184428
9981.44770919
9981.51198421
9981.58937839
9981.65424465
9981.71887125
9981.79607915
9981.86530595
9981.92710655
9982.00241762
9982.06765715
9982.13419034
9982.19961054
9982.26448168
9982.32935014
9982.39618077
9982.46097609
9982.52600863
9982.58970436
9982.65611077
9982.72267395
9982.78811609
9982.85293115
9982.91772403
9982.98320615
9983.05869057
9983.12544538
9983.19118546
9983.25604465
9983.32184860
9983.38626674
9983.45150043
9983.51756697
9983.58300496
9983.64875845
9983.71340797
9983.77990946
9983.85559185
9983.92143262
9983.98590122
9984.06407998
9984.13906166
9984.20395986
9984.26875542
9984.33525081
9984.39951828
9984.46580571
9984.53257539
9984.59838032
9984.66128441
9984.72822135
9984.79386877
9984.85899055
9984.92365299
9984.98943915
9985.05446486
9985.13045835
9985.19555989
9985.26152110
9985.32651902
9985.39236637
9985.45722947
9985.53429718
9985.59833693
9985.66677841
9985.73110903
9985.79750105
9985.86456331
9985.93664341
9986.01499209
9986.07954092
9986.14550286
9986.22116184
9986.28598714
9986.35162189
9986.41712474
9986.48369426
9986.54739097
9986.61442738
9986.67828281
9986.74394024
9986.81080427
9986.87454414
9986.94127774
9987.00602478
9987.07295977
9987.13581874
9987.20155858
9987.27628109
9987.34329458
9987.40866748
9987.47338721
9987.54037047
9987.60434610
9987.67127085
9987.73584234
9987.80200470
9987.86793568
9987.93385252
9987.99955115
9988.06219314
9988.12875534
9988.19405704
9988.25838229
9988.33621508
9988.42249124
9988.48803992
9988.55323801
9988.61992992
9988.68406744
9988.74857506
9988.81743541
9988.88095316
9988.94610687
9989.01086098
9989.07799931
9989.14155778
9989.20653375
9989.27402170
9989.33783446
9989.41435653
9989.47954365
9989.54488875
9989.61075366
9989.67747068
9989.74304204
9989.80792269
9989.87404652
9989.93881404
9990.00342918
9990.06804749
9990.13544303
9990.20075669
9990.26384777
9990.33077496
9990.39662792
9990.46162048
9990.55762219
9990.62507869
9990.69002005
9990.75664808
9990.82224089
9990.88509743
9990.95094698
9991.04864537
9991.10356810
9991.16965927
9991.23543250
9991.30062157
9991.36642504
9991.43166091
9991.52926568
9991.58457485
9991.64914537
9991.71510976
9991.77980389
9991.84701463
9991.91172241
9992.00830050
9992.07451722
9992.15079377
9992.21561688
9992.28182507
9992.34551081
9992.41248602
9992.50969948
9992.57633970
9992.64276171
9992.71690566
9992.78275691
9992.84880492
9992.91417538
9992.97783942
9993.04366385
9993.10928349
9993.17528395
9993.24110766
9993.30629160
9993.37226598
9993.43564744
9993.50250612
9993.56858753
9993.63453826
9993.69774735
9993.77324517
9993.84063145
9993.90450126
9993.97042761
9994.03836343
9994.10192824
9994.16766417
9994.24328536
9994.30922463
9994.37342822
9994.43996214
9994.50468480
9994.57035222
9994.63686469
9994.70030028
9994.76614934
9994.83261621
9994.89679980
9994.96208518
9995.02679077
9995.09366163
9995.15888557
9995.22381668
9995.28868807
9995.35498744
9995.42156842
9995.48530072
9995.55110541
9995.61586123
9995.68315437
9995.74855774
9995.81235637
9995.89024523
9995.95256124
9996.01931289
9996.08592409
9996.15114876
9996.22637424
9996.29336823
9996.36982740
9996.43379790
9996.49997586
9996.56471535
9996.63149698
9996.69501058
9996.76182318
9996.82908853
9996.89105126
9997.00019749
9997.06686453
9997.13041519
9997.20684559
9997.27220678
9997.33841059
9997.40437546
9997.47089767
9997.53418673
9997.60086328
9997.66455072
9997.73271622
9997.79897073
9997.86188018
9997.92777410
9997.99254601
9998.06924362
9998.13566539
9998.20103414
9998.27680503
9998.34226131
9998.41879289
9998.48282801
9998.54807827
9998.61320199
9998.67904228
9998.74594216
9998.81009040
9998.87593507
9998.94032542
9999.00716727
9999.08176080
9999.14893350
9999.21360179
9999.27802237
9999.35398270
9999.41860199
9999.48610968
9999.54947188
9999.61653902
9999.68371635
9999.74711659
9999.82362671
9999.89061826
9999.95373153
10000.01848101
10000.08457095
10000.16252540
10000.22686845
10000.29269386
10000.39033129
10000.46743216
10000.53183007
10000.59792562
10000.66387513
10000.72775299
10000.80699036
10000.87127709
10000.93400539
10000.99691703
10001.06194640
10001.12457986
10001.19758619
10001.27236624
10001.33636405
10001.39752806
10001.46176822
10001.52412910
10001.58895684
10001.65175121
10001.71474355
10001.77961494
10001.84278209
10001.90726435
10001.96868437
10002.06467414
10002.11908414
10002.19349458
10002.25463323
10002.31772578
10002.38127377
10002.44580260
10002.50889442
10002.57128650
10002.63522361
10002.69826130
10002.76325995
10002.82578808
10002.88750261
10002.95132025
10003.01438159
10003.07908353
10003.14186303
10003.20414125
10003.26789209
10003.33108313
10003.39540814
10003.45870915
10003.52104857
10003.58493520
10003.64779930
10003.71245248
10003.77342047
10003.83841888
10003.90270633
10003.96490727
10004.02908063
10004.09222389
10004.15483467
10004.22879893
10004.29287135
10004.35735922
10004.43009834
10004.49301608
10004.55667938
10004.62095148
10004.68291714
10004.74591022
10004.80954573
10004.87295060
10004.93669534
10004.99979959
10005.06283874
10005.12553486
10005.19084607
10005.25321280
10005.31815976
10005.38092634
10005.44312508
10005.53902245
10005.60229542
10005.66666212
10005.72873383
10005.79255562
10005.85596146
10005.91854518
10005.98251276
10006.04500968
10006.10905723
10006.18284034
10006.24561935
10006.30945357
10006.37328023
10006.44683074
10006.51048991
10006.57379871
10006.63841629
10006.70006866
10006.76296665
10006.82812865
10006.88966277
10006.95391853
10007.01730828
10007.08132048
10007.14429893
10007.20726421
10007.27084608
10007.33461788
10007.42945785
10007.49365803
10007.55592747
10007.61956079
10007.68270917
10007.74583561
10007.81022620
10007.87315857
10007.93452397
10008.00087479
10008.06109526
10008.13593821
10008.19984777
10008.26376122
10008.32650317
10008.38995680
10008.45448856
10008.51628087
10008.58091235
10008.64355311
10008.70684803
10008.77066664
10008.83537443
10008.89659598
10008.96112676
10009.02295638
10009.08801696
10009.15095590
10009.21382366
10009.27659097
10009.34011506
10009.40410726
10009.46693040
10009.52886925
10009.59436917
10009.65633800
10009.72016320
10009.78402277
10009.84679788
10009.91029247
10009.97332602
10010.03743598
10010.10136236
10010.17318768
10010.23892946
10010.30204810
10010.36550734
10010.42743155
10010.49029979
10010.55533843
10010.61710977
10010.68172833
10010.74415796
10010.80737729
10010.87166182
10010.93453518
10010.99661739
10011.06023851
10011.13401382
10011.19904685
10011.26189486
10011.32573688
10011.38927999
10011.45231353
10011.51549775
10011.57806953
10011.64282534
10011.70599006
10011.76791281
10011.83343785
10011.89585114
10011.95878326
10012.02222105
10012.08438200
10012.14967176
10012.21160426
10012.27675066
10012.33848544
10012.40119203
10012.46515133
10012.52892532
10012.59174383
10012.65435022
10012.75193353
10012.81447336
10012.87832587
10012.94097663
10013.00486522
10013.06793387
10013.14145733
10013.20486439
10013.26664183
10013.33149907
10013.39531110
10013.45854457
10013.52126873
10013.58490448
10013.64895252
10013.71097036
10013.77533535
10013.83960257
10013.90159115
10013.96491971
10014.02895433
10014.09286291
10014.16568371
10014.22872213
10014.29349672
10014.35509033
10014.41900281
10014.48278168
10014.54623946
10014.60806712
10014.67353413
10014.73646942
10014.80068959
10014.86204548
10014.92685299
10014.98981632
10015.05267627
10015.11750865
10015.17829524
10015.24198196
10015.30665293
10015.37088699
10015.45453391
10015.51644910
10015.58136437
10015.64421847
10015.70732614
10015.77124422
10015.83436603
10015.89697803
10015.96077836
10016.02499926
10016.08856260
10016.16125686
10016.22553066
10016.28887190
10016.35339658
10016.41422268
10016.47742202
10016.54151443
10016.60514238
10016.66891589
10016.73179681
10016.79687592
10016.85756817
10016.92040325
10016.98554258
10017.04860514
10017.12204911
10017.18721477
10017.24921749
10017.31374559
10017.37529044
10017.43845515
10017.50299374
10017.56588904
10017.63044591
10017.69329319
10017.75586496
10017.82157871
10017.88209906
10017.94673712
10018.00995182
10018.10473010
10018.15784523
10018.22033240
10018.28504677
10018.34841531
10018.41039706
10018.47430150
10018.53687546
10018.60003213
10018.66479063
10018.72646324
10018.79184004
10018.85437377
10018.91651571
10018.98107989
10019.04424314
10019.10696413
10019.18182000
10019.24448003
10019.30838983
10019.37152431
10019.43473706
10019.49839939
10019.56014709
10019.62474979
10019.68726475
10019.75262912
10019.81529476
10019.87960952
10019.94306754
10020.00464579
10020.06914707
10020.13120587
10020.19404047
10020.25887016
10020.33155686
10020.40727606
10020.46938678
10020.53246202
10020.59615532
10020.65989957
10020.72333540
10020.78686437
10020.84899411
10020.91426144
10020.97642288
10021.04063111
10021.10394674
10021.19925726
10021.25263473
10021.30568647
