10041.72275075
10041.79444002
10041.86159175
10041.92314074
10041.99044267
10042.04873753
10042.14438085
10042.20130818
10042.26106201
10042.32489427
10042.38972128
10042.46674779
10042.51346389
10042.57722911
10042.64217291
10042.71029525
10042.77770566
10042.84350962
10042.90532680
10042.96831914
10043.03257808
10043.09479340
10043.15977523
10043.22167360
10043.29843582
10043.36013085
10043.42249660
10043.47789744
10043.55576948
10043.60069042
10043.69521612
10043.75512402
10043.82794311
10043.88780323
10043.94854936
10044.00970606
10044.07029907
10044.13204140
10044.19217410
10044.25385865
10044.31575483
10044.37648803
10044.43733753
10044.49813632
10044.55801424
10044.63788210
10044.68059534
10044.74062881
10044.80234871
10044.86227028
10044.92492470
10044.98486308
10045.04571966
10045.10659354
10045.16735697
10045.22961789
10045.29209677
10045.34993888
10045.41080130
10045.47050880
10045.53439738
10045.59429261
10045.65504118
10045.71496737
10045.79278943
10045.83767184
10045.89835263
10045.96127890
10046.02215449
10046.08114908
10046.14278609
10046.20279640
10046.26549349
10046.32435277
10046.38720907
10046.44716940
10046.50890271
10046.56921997
10046.62957259
10046.69143804
10046.75456399
10046.81324310
10046.87399264
10046.95095405
10046.99582427
10047.05759074
10047.11734017
10047.17815554
10047.24102330
10047.30089195
10047.36499168
10047.42355498
10047.48365915
10047.54525471
10047.60605716
10047.66692933
10047.72864679
10047.78763164
10047.84949149
10047.90933600
10047.97020745
10048.03296061
10048.10983913
10048.15369949
10048.21463725
10048.27521369
10048.33915006
10048.39791743
10048.45874133
10048.51953158
10048.59138518
10048.65248142
10048.71320097
10048.77606385
10048.83679632
10048.89668253
10048.95736575
10049.01934239
10049.07927882
10049.14227238
10049.21872106
10049.26181781
10049.32263269
10049.38422143
10049.47815076
10049.52617832
10049.58882250
10049.65061945
10049.71050980
10049.77042600
10049.83138595
10049.89306294
10049.95397973
10050.01790294
10050.07549221
10050.13545327
10050.19810331
10050.25995121
10050.33700771
10050.41279347
10050.46346246
10050.52532840
10050.58522509
10050.64842931
10050.70682023
10050.76866131
10050.83948822
10050.90049401
10050.96310796
10051.02204112
10051.08387049
10051.14386202
10051.20477223
10051.26634585
10051.32715122
10051.40422283
10051.44798104
10051.51025999
10051.57155810
10051.63267604
10051.69769517
10051.75322133
10051.81508971
10051.87490278
10051.93755550
10051.99737344
10052.05718261
10052.12104730
10052.17997436
10052.24176180
10052.30158486
10052.36256431
10052.42501003
10052.51215049
10052.55595332
10052.61773393
10052.67775911
10052.74052544
10052.80043213
10052.86134356
10052.92203482
10052.98298356
10053.04619533
10053.10577165
10053.16634833
10053.22726976
10053.28810829
10053.34986256
10053.42163449
10053.48170331
10053.54341102
10053.61930918
10053.66606478
10053.72586956
10053.78679245
10053.84767974
10053.90932918
10053.97018867
10054.03012901
10054.09184525
10054.15189018
10054.21265069
10054.27454565
10054.33547902
10054.40701591
10054.47025865
10054.52775211
10054.59003204
10054.66282382
10054.73936929
10054.78331645
10054.84452801
10054.90589707
10054.96658419
10055.02975427
10055.08835609
10055.14825693
10055.21235032
10055.27192470
10055.33071474
10055.39164835
10055.45229452
10055.51621187
10055.59832888
10055.65877610
10055.71964608
10055.77937162
10055.85738433
10055.90227187
10055.96197010
10056.05569756
10056.10674641
10056.16841291
10056.22830765
10056.28913619
10056.35097044
10056.42176956
10056.48367037
10056.54540587
10056.60543715
10056.66538821
10056.72611142
10056.78598349
10056.84965655
10056.92557738
10056.97038518
10057.03153920
10057.09104726
10057.15298854
10057.21279235
10057.27562499
10057.33657446
10057.39626001
10057.46144396
10057.51806190
10057.58072412
10057.64081123
10057.70147593
10057.76240028
10057.82407507
10057.88515424
10057.94813878
10058.00659212
10058.08436713
10058.12835598
10058.19014561
10058.24945716
10058.31088571
10058.37206313
10058.43453299
10058.49485245
10058.55442122
10058.61519563
10058.67796440
10058.73978450
10058.79998303
10058.85962129
10058.91960794
10058.98225018
10059.04367385
10059.10289787
10059.16501640
10059.24353844
10059.28743830
10059.34728257
10059.40910170
10059.46916589
10059.52988057
10059.59179015
10059.65345544
10059.71336725
10059.77506228
10059.83492216
10059.89596793
10059.95672771
10060.01977881
10060.07941633
10060.14014661
10060.20113703
10060.26180879
10060.32260344
10060.39960459
10060.44346178
10060.50624835
10060.56629962
10060.62711426
10060.68794937
10060.74798333
10060.80968689
10060.87058613
10060.93215829
10060.99195745
10061.05393336
10061.11482455
10061.17658931
10061.23554855
10061.33015983
10061.38006203
10061.44189555
10061.51958693
10061.56358358
10061.62362339
10061.68413960
10061.74703784
10061.80690088
10061.86779866
10061.92851480
10061.99047265
10062.05216598
10062.11118788
10062.17198423
10062.26583043
10062.31755951
10062.37568858
10062.43825694
10062.50003267
10062.56093654
10062.63759124
10062.68034422
10062.74563569
10062.80655102
10062.86490220
10062.92572269
10062.98901492
10063.04763234
10063.10918767
10063.17007082
10063.23085351
10063.29324535
10063.35265418
10063.41350661
10063.47443584
10063.53435594
10063.59600952
10063.65706967
10063.71859599
10063.79451706
10063.84030816
10063.90115229
10063.96192304
10064.02275475
10064.09353705
10064.15789302
10064.21674523
10064.27810771
10064.33797075
10064.39972918
10064.46316891
10064.52057704
10064.58580780
10064.64564719
10064.70645110
10064.76505853
10064.82821301
10064.90450321
10064.95083141
10065.00954271
10065.06998748
10065.12899159
10065.19268245
10065.25268544
10065.31383946
10065.37446392
10065.43425163
10065.49712207
10065.55698902
10065.61779268
10065.67851662
10065.73855765
10065.80027219
10065.86442775
10065.92531967
10065.98461147
10066.06067810
10066.10558197
10066.16634565
10066.22707959
10066.28813828
10066.34964948
10066.41298949
10066.47238247
10066.53219700
10066.59346439
10066.65634214
10066.71485181
10066.77755670
10066.83985004
10066.92922062
10066.98005760
10067.05295470
10067.12880312
10067.17346172
10067.23686074
10067.29516487
10067.35815575
10067.41698407
10067.47877053
10067.53956103
10067.60383703
10067.66044814
10067.72246988
10067.78383991
10067.84473866
10067.91473078
10067.97637437
10068.03829590
10068.10148914
10068.15985081
10068.23763581
10068.28308020
10068.34248781
10068.40426111
10068.46538831
10068.52593524
10068.58590630
10068.65105587
10068.70936950
10068.76987767
10068.83120772
10068.90985361
10068.97170176
10069.03261709
10069.09336029
10069.15423051
10069.21439954
10069.27416799
10069.36760068
10069.41597981
10069.47257898
10069.53665287
10069.59418192
10069.65835991
10069.71597625
10069.77679187
10069.83745290
10069.89834531
10069.95831978
10070.01900227
10070.08011509
10070.14003250
10070.20163074
10070.26375732
10070.32245203
10070.38322912
10070.44411983
10070.52096591
10070.56477995
10070.62574843
10070.68539985
10070.74719217
10070.80805118
10070.86879243
10070.92862061
10070.98861068
10071.05069166
10071.11047791
10071.17121428
10071.23185923
10071.29273457
10071.35274025
10071.41452281
10071.47520579
10071.53506810
10071.59604609
10071.67371089
10071.71761149
10071.77659706
10071.83847325
10071.90010367
10071.95928673
10072.01973760
10072.08400019
10072.14177526
10072.20232341
10072.26223497
10072.32395804
10072.38483217
10072.44576530
10072.50990940
10072.56643786
10072.62545245
10072.68606692
10072.74689374
10072.82483088
10072.87086188
10072.92940251
10072.99024104
10073.05014090
10073.11423892
10073.17285390
10073.23282910
10073.29344674
10073.35536364
10073.41532324
10073.47612227
10073.54793588
10073.60867543
10073.66853701
10073.72860388
10073.78916520
10073.85111014
10073.92804327
10073.97170858
10074.03170402
10074.09239236
10074.15235098
10074.21416963
10074.27495086
10074.33571478
10074.39574167
10074.45665944
10074.51524175
10074.58012874
10074.63998545
10074.69896225
10074.76065899
10074.82243009
10074.88141176
10074.94124043
10075.00305932
10075.07980472
10075.12365947
10075.18448898
10075.24471628
10075.30632208
10075.36704236
10075.42796452
10075.48693693
10075.54867975
10075.61050839
10075.67024587
10075.73114730
10075.79013020
10075.85101188
10075.91268644
10075.97452166
10076.03245763
10076.09426311
10076.15293296
10076.23182826
10076.27472217
10076.33662200
10076.39742298
10076.45720289
10076.51793853
10076.57805051
10076.63979942
10076.70051507
10076.76203822
10076.82044743
10076.88313623
10076.94202989
10077.00402651
10077.06694742
10077.12448282
10077.18750174
10077.24836465
10077.35182255
10077.39993032
10077.46094732
10077.52067529
10077.60412204
10077.66399143
10077.72486628
10077.78572675
10077.84648117
10077.90753230
10077.96715642
10078.02700752
10078.08789261
10078.14979635
10078.21059318
10078.27130835
10078.33114799
10078.39106955
10078.46982028
10078.51368918
10078.57456696
10078.63458799
10078.69518247
10078.75618411
10078.81699289
10078.87817056
10078.93681919
10078.99758409
10079.05842628
10079.11907488
10079.18099422
10079.24186200
10079.30169531
10079.36172292
10079.42337066
10079.48323054
10079.54398471
10079.62087468
10079.66479088
10079.72564964
10079.78635944
10079.84813761
10079.90818205
10079.96801365
10080.02781501
10080.08978067
10080.14946574
10080.21136460
10080.27218533
10080.33353878
10080.39292006
10080.45368009
10080.51351583
10080.57633458
10080.63617812
10080.69708662
10080.77502498
10080.81995079
10080.87751618
10080.94050706
10081.00038059
10081.07035929
10081.15306510
10081.20384258
10081.26789477
10081.32454684
10081.38626991
10081.44621366
10081.50702976
10081.56595951
10081.62776986
10081.68961362
10081.74839902
10081.80828694
10081.88697525
10081.93083196
10081.99176948
10082.06451469
10082.12439675
10082.18519822
10082.24495595
10082.30578765
10082.36765140
10082.42756589
10082.48833176
10082.54735318
10082.60901530
10082.66884153
10082.73069991
10082.79073095
10082.85241257
10082.96219684
10083.00523142
10083.06492624
10083.12763406
10083.18655990
10083.24837830
10083.30923999
10083.36905403
10083.42892415
10083.49072402
10083.55196849
10083.61158481
10083.67240822
10083.73228785
10083.79531383
10083.85577470
10083.91558192
10083.98644102
10084.06319422
10084.10808492
10084.20110631
10084.26185292
10084.32162308
10084.38568940
10084.44428318
10084.50329265
10084.56612554
10084.62520962
10084.68671960
10084.77866871
10084.82824348
10084.89016916
10084.95098745
10085.01083465
10085.07182532
10085.14941893
10085.19159993
10085.25315672
10085.31498951
10085.37578976
10085.43555309
10085.49649134
10085.55556566
10085.61918679
10085.67902204
10085.73993883
10085.80303211
10085.86059994
10085.92058391
10085.98136564
10086.04278955
10086.10294322
10086.16307787
10086.22357848
10086.30047065
10086.34627686
10086.40618184
10086.46702744
10086.52684343
10086.58766416
10086.64988899
10086.71033158
10086.76971993
10086.84107274
10086.90079292
10086.96170800
10087.02174123
10087.08442076
10087.14424407
10087.20599250
10087.26694391
10087.32476115
10087.40347141
10087.44752463
10087.50920210
10087.56845221
10087.62987906
10087.68981890
10087.75157879
10087.81149328
10087.87324098
10087.93212342
10087.99206132
10088.05366955
10088.11394147
10088.17534222
10088.29108666
10088.35095386
10088.41177337
10088.48892251
10088.53768442
10088.59347951
10088.65330013
10088.71491812
10088.77481116
10088.83588594
10088.89773457
10088.95742427
10089.01808726
10089.07729738
10089.13902216
10089.20173266
10089.26152500
10089.32152921
10089.38329861
10089.44225127
10089.50205751
10089.56377424
10089.64153315
10089.68634340
10089.74645147
10089.80626771
10089.87687252
10089.93978928
10089.99981592
10090.06045477
10090.12135230
10090.18345230
10090.24138170
10090.30321960
10090.36297025
10090.42489617
10090.48449761
10090.54434359
10090.60604594
10090.66688130
10090.74483136
10090.79879812
10090.85936138
10090.92020772
10090.98209194
10091.04278297
10091.10267576
10091.16347626
10091.22352631
10091.28418076
10091.37817909
10091.43880014
10091.49912497
10091.56057229
10091.62074327
10091.68111368
10091.74132708
10091.81976476
10091.86369607
10091.94482760
10092.00770365
10092.06624891
10092.12710694
10092.18794133
10092.24787752
10092.31259359
10092.37044862
10092.42991256
10092.50118906
10092.56297576
10092.62293268
10092.68275038
10092.74352771
10092.80547167
10092.86614539
10092.94302000
10092.98678357
10093.04768159
10093.10755390
10093.16934573
10093.23031055
10093.29105814
10093.34994644
10093.41168584
10093.47052928
10093.53333706
10093.59332883
10093.65400669
10093.73595840
10093.78569091
10093.84570732
10093.90747013
10093.96821967
10094.04513402
10094.10197310
10094.16726140
10094.23067163
10094.29635002
10094.36022886
10094.42321364
10094.48780001
10094.55073750
10094.61655291
10094.67954672
10094.74416990
10094.81992568
10094.88396201
10094.94985569
10095.01244453
10095.09130838
10095.14019561
10095.20412857
10095.26896972
10095.33261377
10095.39745151
10095.46224804
10095.52507264
10095.58913750
10095.65381823
10095.71859989
10095.78169146
10095.85712663
10095.92108031
10095.98589342
10096.04974154
10096.13072337
10096.17749043
10096.24338606
10096.30629136
10096.37090528
10096.43466928
10096.49953164
10096.56346948
10096.62627067
10096.69205512
10096.75599516
10096.82998136
10096.89453481
10096.95854945
10097.02322262
10097.08699832
10097.17308382
10097.21578340
10097.27860337
10097.34535867
10097.40722754
10097.47300199
10097.53690155
10097.60070139
10097.66459461
10097.72825792
10097.79412356
10097.88915906
10097.94288274
10098.00764709
10098.07332743
10098.13529114
10098.22237357
10098.26491566
10098.32874573
10098.40350359
10098.46850614
10098.53356941
10098.59602000
10098.66091504
10098.72370843
10098.78847522
10098.88433016
10098.94923885
10099.01325593
10099.07875268
10099.14183450
10099.22045016
10099.27048598
10099.33509819
10099.39807493
10099.46609487
10099.52765922
10099.59158096
10099.65443970
10099.71914578
10099.78417247
10099.88063231
10099.93276025
10100.00052126
10100.06238550
10100.12611220
10100.19104600
10100.27169747
10100.31958142
10100.38336102
10100.44817316
10100.51016393
10100.57506482
10100.63964192
10100.70365607
10100.76832631
10100.83124990
10100.89621881
10100.99184945
10101.04579499
10101.10955265
10101.17548095
10101.23908843
10101.31992202
10101.36689047
10101.43169846
10101.49466228
10101.56030800
10101.62435628
10101.68796205
10101.80896546
10101.87275726
10101.93538145
10102.01021538
10102.07432290
10102.13791282
10102.20276031
10102.26558979
10102.34834875
10102.40610943
10102.46984246
10102.53366425
10102.59963034
10102.66236132
10102.72635230
10102.79103132
10102.85585126
10102.91984858
10102.98364233
10103.05841628
10103.12227707
10103.18710286
10103.25189306
10103.31569924
10103.38478804
10103.43467806
10103.49928344
10103.56233576
10103.62608172
10103.69173817
10103.75558482
10103.81939954
10103.88422533
10103.94802712
10104.01193667
10104.08810107
10104.15165369
10104.21544987
10104.27831080
10104.34408208
10104.43703594
10104.48507569
10104.54969497
10104.61143535
10104.68378437
10104.73920570
10104.80498430
10104.87004805
10104.93365601
10104.99588328
10105.06123838
10105.13603769
10105.20419806
10105.26468526
10105.32984361
10105.39335843
10105.47235029
10105.52013940
10105.58583730
10105.64940625
10105.71356766
10105.77749160
10105.84129558
10105.90498620
10105.96989415
10106.03576515
10106.10957118
10106.17348805
10106.23740809
10106.30214562
10106.36586842
10106.43077637
10106.51440646
10106.59118526
10106.64501256
10106.70894601
10106.77375351
10106.83652911
10106.90245448
10106.96424240
10107.03012267
10107.09297653
10107.16784679
10107.23156617
10107.29636295
10107.36211448
10107.42521020
10107.49209838
10107.57079596
10107.61777001
10107.68362517
10107.74713585
10107.80998946
10107.87580390
10107.93772153
10108.00342431
10108.06723829
10108.14328517
10108.20608198
10108.27172526
10108.33356755
10108.41038658
10108.47647920
10108.53701395
10108.62104486
10108.66667479
10108.73055997
10108.79438273
10108.85825449
10108.92297252
10108.98785707
10109.04984711
10109.12744852
10109.19140927
10109.25517035
10109.31797154
10109.38385108
10109.44762581
10109.51151829
10109.57529302
10109.65612808
10109.70430119
10109.76888585
10109.83271178
10109.89643116
10109.96264594
10110.02445751
10110.08907948
10110.16392267
10110.22860632
10110.29341334
10110.35637911
10110.42112785
10110.48601972
10110.54974934
10110.61179278
10110.69431865
10110.74029211
10110.80713811
10110.87001172
10110.93393371
10110.99856006
10111.06252252
10111.13727794
10111.21209993
10111.27684453
10111.34082479
10111.40462292
10111.47043151
10111.53237206
10111.59696135
10111.66184200
10111.74163233
10111.79148042
10111.85533853
10111.92012019
10111.98197150
10112.04782178
10112.10994031
10112.18655771
10112.34780725
10112.41275909
10112.48996894
10112.55245563
10112.61473214
10112.69696472
10112.74380053
10112.80685797
10112.87249224
10112.93547531
10113.00127659
10113.06495403
10113.12895404
10113.19266831
10113.25701940
10113.33222758
10113.39728913
10113.46118869
10113.52420346
10113.58959343
10113.65345641
10113.73413812
10113.78098539
10113.84590383
10113.90891543
10113.97366686
10114.03838269
10114.10339427
10114.16611452
10114.23088960
10114.30389105
10114.36881144
10114.43439597
10114.51263421
10114.57301877
10114.63685079
10114.70170389
10114.78058652
10114.82931551
10114.89325018
10114.96139568
10115.02294224
10115.09008812
10115.14968931
10115.21528554
10115.27912098
10115.35738604
10115.41767185
10115.48269830
10115.54744534
10115.61133051
10115.67411732
10115.74242984
10115.81877416
10115.86664788
10115.93145758
10116.02820145
10116.08448732
10116.14614627
10116.21320073
10116.27458222
10116.33853395
10116.41412052
10116.49045924
10116.55437465
10116.62112751
10116.68148817
10116.74878376
10116.86332695
10116.92779166
10116.99205547
10117.05545034
10117.12041851
10117.18411717
10117.24899733
10117.31392723
10117.37779485
10117.45141900
10117.51626137
10117.58118054
10117.64493015
10117.70879143
10117.77272878
10117.85344096
10117.90019436
10117.96503015
10118.02995371
10118.09373405
10118.19041697
10118.24339581
10118.30824842
10118.37207654
10118.43603120
10118.51268907
10118.58894270
10118.65166953
10118.71659992
10118.77990995
10118.86121482
10118.90783267
10118.97072115
10119.03523121
10119.10257190
10119.16412528
10119.22789781
10119.29179127
10119.35738409
10119.42039838
10119.48530730
10119.55907627
10119.62482293
10119.68668522
10119.75232216
10119.81632266
10119.92818712
10119.96089880
10120.02360905
10120.08698710
10120.14786489
10120.20736271
10120.26922329
10120.33111727
10120.39194921
10120.45277702
10120.51566915
10120.57647940
10120.63740594
10120.69915047
10120.76094376
10120.82279897
10120.88460908
10120.94660303
10121.01061913
10121.08419670
10121.13022088
10121.19084120
10121.25464567
10121.31555198
10121.37547842
10121.43831545
10121.50001487
10121.56093459
10121.62165097
10121.68476229
10121.74657923
10121.80741971
10121.87006024
10121.93007591
10121.99278568
10122.05383022
10122.11540945
10122.19221019
10122.23808003
10122.29990745
10122.36177412
10122.42367371
10122.48544896
10122.54958160
10122.60728401
10122.66899879
10122.73083889
10122.79267021
10122.85567303
10122.91533884
10122.97723428
10123.04005084
10123.10089034
10123.16079045
10123.22456298
10123.30333931
10123.34721089
10123.40797067
10123.47083282
10123.53168451
10123.59642180
10123.65349518
10123.71619715
10123.77801555
10123.83894965
10123.90076049
10123.96255036
10124.02438924
10124.08626616
10124.14706080
10124.20905670
10124.26993277
10124.33061209
10124.40841465
10124.46621824
10124.52706774
10124.58806645
10124.65065821
10124.74555377
10124.80649201
10124.86724302
10124.92897998
10124.99180580
10125.05363152
10125.11345434
10125.17537611
10125.24052739
10125.29801061
10125.35990874
10125.42074946
10125.50161499
10125.54539149
10125.60630170
10125.67023563
10125.72894961
10125.79168522
10125.85260518
10125.91263719
10125.97614762
10126.03615720
10126.09803509
10126.15969721
10126.22253693
10126.28337082
10126.34616934
10126.40831249
10126.47113222
10126.52985643
10126.60763217
10126.65180485
10126.71433883
10126.77611846
10126.83790322
10126.89834361
10126.95966415
10127.02253580
10127.08656824
10127.14523784
10127.20699919
10127.26786844
10127.36164978
10127.41343517
10127.47439341
10127.53602164
10127.59691747
10127.67474562
10127.72078808
10127.78342812
10127.84426957
10127.90428500
10127.96707084
10128.02820267
10128.09259058
10128.15145279
10128.22453202
10128.28608272
10128.35019683
10128.40799773
10128.49250700
10128.55437489
10128.61622036
10128.67714495
10128.75679826
10128.79970728
10128.86164344
10128.92141409
10128.98444885
10129.05001948
10129.10705799
10129.16890565
10129.23166052
10129.29336775
10129.35354799
10129.41508308
10129.47813272
10129.53902538
10129.60042345
10129.66052104
10129.72438671
10129.78416784
10129.86201647
10129.90788534
10129.97066020
10130.03054202
10130.09125889
10130.15418492
10130.21689005
10130.27777978
10130.34287328
10130.39861936
10130.46148687
10130.52349983
10130.58495861
10130.64688331
10130.70860638
10130.77042502
10130.83138180
10130.89130726
10130.97107005
10131.01679677
10131.07667177
10131.13861109
10131.21234886
10131.27311278
10131.33499116
10131.39490321
10131.45780242
10131.52053267
10131.57955798
10131.64235113
10131.70497874
10131.76581605
10131.82683768
10131.88850565
10131.95125442
10132.01433722
10132.09095803
10132.14590856
10132.20784301
10132.26949513
10132.32953299
10132.39125509
10132.45303009
10132.51495479
10132.57665836
10132.63750908
10132.70043047
10132.76140383
10132.82306351
10132.88449644
10132.94678686
10133.00854552
10133.07060066
10133.13048151
10133.20990979
10133.25405272
10133.31389383
10133.37659019
10133.43947891
10133.50024552
10133.56115768
10133.62211104
10133.68575070
10133.74658484
10133.80740703
10133.87026430
10133.93136785
10133.99393670
10134.05481814
10134.11486551
10134.17646521
10134.23818877
10134.31711577
10134.36105269
10134.42189561
10134.48564669
10134.54640525
10134.60724280
10134.66820519
10134.73186776
10134.79277602
10134.85456931
10134.91541076
10134.97736545
10135.03824177
10135.09997752
10135.16289794
10135.22360554
10135.28449210
10135.34825757
10135.42508683
10135.46918077
10135.52991738
10135.59274735
10135.65366999
10135.71546962
10135.77714758
10135.83894672
10135.90006978
10135.96283221
10136.02353640
10136.08447587
10136.14637960
10136.20916178
10136.26995715
10136.33167096
10136.39160544
10136.45534579
10136.53234207
10136.57714134
10136.63791868
10136.70177557
10136.76589650
10136.82355966
10136.88534368
10136.94735298
10137.01013102
10137.06991288
10137.13164692
10137.19260126
10137.25529883
10137.35009735
10137.39990984
10137.46263862
10137.52352226
10137.60131311
10137.64526563
10137.70819020
10137.77016244
10137.83141423
10137.89070505
10137.95456170
10138.01621114
10138.07672809
10138.13887636
10138.20175484
10138.26262775
10138.32446931
10138.38428189
10138.44711698
10138.50724017
10138.57209717
10138.63069240
10138.70956894
10138.75434432
10138.81524331
10138.87713949
10138.93994288
10139.00388730
10139.06263662
10139.12330132
10139.18848405
10139.24627203
10139.30788636
10139.36890921
10139.43163604
10139.49343445
10139.58633906
10139.63818272
10139.69990018
10139.77682234
10139.85382130
10139.91537565
10139.97739178
10140.04010960
10140.13300616
10140.18359469
10140.24548428
10140.30743556
10140.40342289
10140.45130319
10140.51419630
10140.57661008
10140.66933671
10140.71935984
10140.79809546
10140.84189658
10140.90375910
10140.96463664
10141.02960774
10141.08930720
10141.15027372
10141.21291596
10141.27475947
10141.33762137
10141.39842284
10141.45853653
10141.52116243
10141.58214992
10141.64283388
10141.70384161
10141.76655260
10141.83146323
10141.90639395
10141.96187087
10142.02480567
10142.08468749
10142.14752989
10142.20827407
10142.27027313
10142.33210079
10142.39289641
10142.45695420
10142.51852026
10142.57831846
10142.63818467
10142.70090395
10142.76206967
10142.82379420
10142.89560051
10142.97537012
10143.02020328
10143.08103986
10143.14281364
10143.20386087
10143.26568854
10143.32736260
10143.38838033
10143.44993225
10143.51206272
10143.57385040
10143.63544450
10143.69741113
10143.79441149
10143.85194104
10143.92406820
10143.98574860
10144.06655172
10144.11047937
10144.17046603
10144.23308193
10144.29723822
10144.35604265
10144.41700455
10144.47760122
10144.54135741
10144.60240172
10144.66301302
10144.72389665
10144.78763798
10144.84842726
10144.92150210
10144.98025996
10145.04195012
10145.10077136
10145.17879944
10145.22251474
10145.29245882
10145.35314278
10145.45608746
10145.50564005
10145.56354677
10145.62442601
10145.68728597
10145.74519025
10145.80805605
10145.86977010
10145.93657977
10145.99966159
10146.05668109
10146.11614697
10146.17794245
10146.25371675
10146.29770536
10146.35744407
10146.41636552
10146.47714285
10146.53797992
10146.59604755
10146.68969115
10146.75050213
10146.81038224
10146.87238325
10146.93102457
10146.99025981
10147.05061584
10147.10874638
10147.17034876
10147.23254068
10147.29099377
10147.37412405
10147.41070109
10147.47392676
10147.53046620
10147.59257498
10147.65023593
10147.71203312
10147.77097140
10147.82988822
10147.89044881
10147.95055225
10148.01125766
10148.07051752
10148.13022892
10148.19085412
10148.24971438
10148.31161787
10148.37034305
10148.43026510
10148.51117306
10148.55008970
10148.61479870
10148.67191377
10148.73372535
10148.79459411
10148.85129129
10148.91193550
10148.97090743
10149.03258003
10149.09239626
10149.15234123
10149.21132412
10149.27296235
10149.33392449
10149.39366344
10149.45380102
10149.51467709
10149.57444261
10149.64818696
10149.69196443
10149.75193548
10149.81260798
10149.87345333
10149.93226800
10149.99214592
10150.05194948
10150.11495060
10150.17487045
10150.23171733
10150.29332825
10150.35538534
10150.41321306
10150.47219669
10150.53181763
10150.59259399
10150.66442370
10150.72658319
10150.80345829
10150.84321046
10150.90384371
10150.96297191
10151.02389480
10151.08239471
10151.14749868
10151.20413174
10151.26389580
10151.32382736
10151.38460543
10151.44340229
10151.50353451
10151.56584784
10151.62532494
10151.68476839
10151.74571907
10151.80561576
10151.86534886
10151.94118411
10151.98497889
10152.04583546
10152.10484372
10152.16585754
10152.22766132
10152.28523645
10152.36706942
10152.41514355
10152.47663939
10152.55045785
10152.61027165
10152.66754958
10152.72703619
10152.78792007
10152.84675546
10152.90753571
10152.96973226
10153.04415854
10153.08802110
10153.14690501
10153.20876656
10153.26663622
10153.32756984
10153.38718664
10153.44722401
10153.51792195
10153.57973109
10153.63954050
10153.69934601
10153.75737122
10153.82004904
10153.87903755
10153.93887987
10153.99871829
10154.05947344
10154.11922117
10154.19839685
10154.23817365
10154.30282414
10154.35868286
10154.41867367
10154.48846171
10154.55246684
10154.61098674
10154.67090148
10154.72974174
10154.78975424
10154.85068128
10154.90833078
10154.97011212
10155.03001881
10155.09112480
10155.15071502
10155.21075922
10155.27136223
10155.34702121
10155.39104127
10155.46207055
10155.52110659
10155.58255587
10155.64227019
10155.70311067
10155.76214745
10155.82282701
10155.88179089
10155.94249874
10156.00145359
10156.06317349
10156.12217029
10156.18425273
10156.24277921
10156.30174114
10156.37248565
10156.44927810
10156.49407860
10156.55490616
10156.61467265
10156.67374698
10156.73336524
10156.79418768
10156.85420042
10156.91299120
10156.97382387
10157.03563740
10157.09544096
10157.15620854
10157.21321194
10157.27396709
10157.33432726
10157.39452165
10157.45383417
10157.51244355
10157.59215318
10157.63420692
10157.69489087
10157.75511793
10157.81371902
10157.87451488
10157.93425139
10157.99420928
10158.05524554
10158.11680574
10158.17570745
10158.23946121
10158.29522216
10158.35426455
10158.41411345
10158.47479277
10158.53491036
10158.59467466
10158.65567825
10158.73145767
10158.79801061
10158.84502953
10158.90670140
10158.96546511
10159.02832701
10159.08716240
10159.14799191
10159.20605101
10159.26665012
10159.32648245
10159.38730172
10159.44532668
10159.50723334
10159.56589660
10159.62683095
10159.68675470
10159.74660727
10159.80652761
10159.88234336
10159.92658967
10159.98778807
10160.04873972
10160.10759974
10160.16828979
10160.22811041
10160.28799857
10160.34716993
10160.40686548
10160.46854077
10160.53064491
10160.58840217
10160.64825815
10160.70721155
10160.76765779
10160.82759446
10160.88657370
10160.94740492
10161.02601789
10161.07900770
10161.13864840
10161.19954349
10161.26044882
10161.32027774
10161.37814057
10161.43887768
10161.49899550
10161.56065226
10161.61949228
10161.67828135
10161.73818194
10161.79899609
10161.85786318
10161.91894917
10161.97963508
10162.05024891
10162.12723884
10162.17100412
10162.25182382
10162.30079638
10162.36051875
10162.42045470
10162.48208926
10162.54289902
10162.60284521
10162.66177422
10162.72248499
10162.78234682
10162.84140042
10162.90124811
10162.97390921
10163.03374544
10163.09348877
10163.15343203
10163.23453333
10163.27543409
10163.33333520
10163.39291543
10163.45382881
10163.51354972
10163.57348542
10163.63413548
10163.69397561
10163.75292779
10163.81367026
10163.87421987
10163.94432146
10164.00512975
10164.08659067
10164.14675507
10164.20571455
10164.26461504
10164.34345037
10164.38508451
10164.44493000
10164.51007299
10164.56663876
10164.62759602
10164.68651528
10164.74730261
10164.80609851
10164.86687803
10164.92682203
10164.98753109
10165.05064680
10165.10624440
10165.16694298
10165.23026179
10165.28758751
10165.34988816
10165.40972586
10165.48522465
10165.52996127
10165.58778070
10165.64692988
10165.71099547
10165.77087363
10165.82744842
10165.88621091
10165.94885119
10166.00783165
10166.06863141
10166.12837378
10166.19067029
10166.25018420
10166.30812773
10166.36785888
10166.42965631
10166.48957202
10166.54765623
10166.62532006
10166.66813887
10166.74002734
10166.80122719
10166.85873162
10166.91963013
10166.98024460
10167.04254330
10167.10240757
10167.16073194
10167.21887027
10167.28186749
10167.34472647
10167.42114419
10167.48316007
10167.54295217
10167.59811506
10167.66592874
10167.75122722
10167.79403554
10167.85402586
10167.91578720
10167.97483642
10168.03541383
10168.09544388
10168.15519429
10168.21311686
10168.27770615
10168.33491655
10168.39576825
10168.45438811
10168.51436794
10168.57495535
10168.63490812
10168.69465535
10168.75444233
10168.81878952
10168.89662719
10168.93603925
10168.99588645
10169.05671205
10169.11470532
10169.17539684
10169.23535302
10169.29419377
10169.35943355
10169.41585255
10169.47574388
10169.53641832
10169.60726231
10169.66857919
10169.74492645
10169.80718980
10169.86558657
10169.92642023
10170.00326168
10170.04857345
10170.10599377
10170.16677695
10170.22657636
10170.28853373
10170.34836338
10170.41060820
10170.47051392
10170.52795155
10170.58866037
10170.64856048
10170.70934244
10170.76924450
10170.83028563
10170.88883796
10170.95216432
10171.00946810
10171.07033394
10171.14862143
10171.19005637
10171.25021248
10171.31081915
10171.37307128
10171.43150780
10171.50029525
10171.56458832
10171.62328011
10171.68382533
10171.74262293
10171.80356484
10171.88523884
10171.93326396
10171.99421806
10172.05380804
10172.11559620
10172.17893695
10172.25247284
10172.29861306
10172.35535096
10172.41608441
10172.47586676
10172.53601457
10172.60100567
10172.65740589
10172.71718482
10172.77909855
10172.83732466
10172.89691903
10172.95859772
10173.01801753
10173.07841183
10173.13729501
10173.19799749
10173.25883480
10173.31790571
10173.40562254
10173.45037061
10173.51322764
10173.56913537
10173.63107080
10173.69085485
10173.75055625
10173.81239708
10173.87136705
10173.93122888
10173.99216981
10174.05099301
10174.11165161
10174.17159414
10174.23465109
10174.30230605
10174.36305778
10174.42717969
10174.48363477
10174.56055303
10174.60352276
10174.66666212
10174.72431162
10174.78707161
10174.84583703
10174.90457440
10174.96457935
10175.02541861
10175.08612353
10175.14702472
10175.20684924
10175.26780553
10175.32982191
10175.38961620
10175.44735055
10175.50801134
10175.56789925
10175.62770818
10175.70543807
10175.74841024
10175.81148206
10175.86951020
10175.92813567
10175.98879719
10176.05003045
10176.14330857
10176.20311798
10176.27373791
10176.33386719
10176.41553754
10176.46462665
10176.52436584
10176.58517145
10176.64512544
10176.70499239
10176.78368997
10176.82647538
10176.88533149
10176.94539080
10177.00597967
10177.06600071
10177.12681632
10177.18776213
10177.24977484
10177.30726684
10177.36712160
10177.42804888
10177.48614040
10177.55183123
10177.60858619
10177.66837658
10177.72818770
10177.78911083
10177.84921744
10177.92671987
10177.96958134
10178.02947462
10178.09255986
10178.14969980
10178.21323193
10178.26900386
10178.33067256
10178.42436540
