2773.59067547
2773.72721474
2773.86493821
2773.96463498
2774.07522101
2774.17697114
2774.27369613
2774.36549470
2774.49028676
2774.58119348
2774.69457576
2774.80799412
2774.90081669
2775.01315522
2775.11680146
2775.20836500
2775.31021119
2775.39190412
2775.48399990
2775.58635053
2775.70040524
2775.81494658
2775.91667209
2776.01841760
2776.14195696
2776.24612691
2776.36121341
2776.47443818
2776.56617239
2776.67898269
2776.79349161
2776.91652117
2777.00993181
2777.11169755
2777.21549617
2777.31715123
2777.41989854
2777.51173807
2777.60398379
2777.73862258
2777.84320334
2777.94542062
2778.04727973
2778.15079724
2778.26458912
2778.37919385
2778.47885893
2778.57080940
2778.67461899
2778.78906452
2778.89057524
2778.99227685
2779.08503214
2779.19876038
2779.31044135
2779.41513451
2779.51685783
2779.61052495
2779.72329624
2779.82706780
2779.92780954
2780.03243931
2780.13532316
2780.29075887
2780.37271901
2780.46360988
2780.55536360
2780.66894214
2780.78307876
2780.87638066
2780.98958471
2781.10373864
2781.21592577
2781.32978762
2781.42248341
2781.53521520
2781.62702621
2781.73977921
2781.83139127
2781.94522264
2782.03698269
2782.14059163
2782.24339259
2782.36071531
2782.44975103
2782.56310137
2782.68668999
2782.79038694
2782.90524573
2783.00690151
2783.10957666
2783.21149770
2783.32613121
2783.42786013
2783.51854255
2783.62231240
2783.72587453
2783.81769797
2783.92006762
2784.02183044
2784.11376701
2784.28609968
2784.35686775
2784.44658956
2784.54938686
2784.67304155
2784.77568744
2784.86645714
2784.96918275
2785.08283663
2785.19468437
2785.28717341
2785.37786656
2785.50165656
2785.60545787
2785.69606762
2785.78792276
2785.88886223
2786.00345551
2786.11598128
2786.21788770
2786.34240572
2786.42415789
2786.52596654
2786.62871117
2786.73050934
2786.84387869
2786.94525775
2787.03751054
2787.14993026
2787.25316129
2787.35489972
2787.45953681
2787.56025929
2787.67395827
2787.77561503
2787.88837681
2787.97865596
2788.09432517
2788.20704989
2788.29689019
2788.40102210
2788.51479105
2788.62692064
2788.71902836
2788.82068658
2788.93360855
2789.03710948
2789.12696513
2789.22884546
2789.34426306
2789.46856092
2789.55740964
2789.64921309
2789.77326861
2789.87603055
2789.97871740
2790.06941079
2790.17212592
2790.28588683
2790.37678575
2790.49029334
2790.59201105
2790.70578367
2790.81957262
2790.93133551
2791.03382317
2791.13673043
2791.24028816
2791.34124787
2791.43294258
2791.53485314
2791.63845940
2791.72915620
2791.84296514
2791.94463019
2792.05083789
2792.14832356
2792.23995683
2792.35455717
2792.44551168
2792.54735714
2792.66233686
2792.75535033
2792.86603413
2792.96874170
2793.07014612
2793.18475183
2793.29744534
2793.39745175
2793.47918198
2793.58268315
2793.69453772
2793.80825987
2793.91078971
2794.01344437
2794.17920541
2794.25144853
2794.35125161
2794.45556272
2794.56115504
2794.67089676
2794.77190888
2794.86539584
2794.99054508
2795.09174420
2795.18169495
2795.27422885
2795.38819359
2795.50322864
2795.60259091
2795.69340645
2795.80720442
2795.90981471
2796.01151267
2796.10294334
2796.21645678
2796.33022330
2796.43106866
2796.52373300
2796.64631713
2796.75034810
2796.85183955
2796.95424407
2797.06788357
2797.17072524
2797.28436888
2797.40854971
2797.50122234
2797.64518244
2797.72502997
2797.82681863
2797.92964738
2798.10896957
2798.21074141
2798.31348043
2798.40343752
2798.51892508
2798.61981774
2798.71133667
2798.81350859
2798.92737483
2799.06278820
2799.14430509
2799.23445039
2799.33681444
2799.49579417
2799.57339768
2799.67784605
2799.77757818
2799.94511829
2800.04702593
2800.15055222
2800.25326930
2800.35609732
2800.46888250
2800.54760315
2800.65483021
2800.77509474
2800.87661959
2800.98951986
2801.09223158
2801.20580500
2801.29778034
2801.39860424
2801.49091506
2801.64943008
2801.72960237
2801.81957310
2801.91170984
2802.07970929
2802.14952529
2802.24986962
2802.36417594
2802.45581725
2802.56955061
2802.67329316
2802.77486726
2802.89664877
2803.00047275
2803.11313920
2803.21584312
2803.32953747
2803.43330220
2803.46821251
2803.55988089
2803.66322652
2803.78385602
2803.88547328
2803.98731875
2804.08814729
2804.23471810
2804.30540352
2804.40720510
2804.52117666
2804.62305285
2804.72478836
2804.82809302
2804.91973555
2805.03109421
2805.14535152
2805.23705988
2805.34971610
2805.45336136
2805.60891727
2805.71064815
2805.81273328
2805.91844678
2806.01895519
2806.12951489
2806.22327076
2806.33584384
2806.43756959
2806.55106792
2806.65393275
2806.75651989
2806.86740263
2806.95004324
2807.04177720
2807.14365388
2807.25783170
2807.36053464
2807.46040282
2807.56369261
2807.67513099
2807.78125068
2807.88205045
2807.98482531
2808.11068867
2808.22123520
2808.33282597
2808.45555101
2808.54430612
2808.65940164
2808.75544225
2808.86683797
2808.97851919
2809.08024713
2809.20483050
2809.29266156
2809.39110077
2809.50195303
2809.60363247
2809.70325415
2809.81409934
2809.93663324
2810.03635854
2810.14718228
2810.25983606
2810.37055325
2810.49313762
2810.60408327
2810.71552994
2810.80447473
2810.91489180
2811.01735190
2811.11637357
2811.21781041
2811.37230697
2811.47327643
2811.57380655
2811.67362962
2811.78449163
2811.89711591
2812.00669963
2812.11949019
2812.23959062
2812.34095140
2812.45264286
2812.55248909
2812.65323351
2812.76478770
2812.87652622
2812.99824140
2813.09810909
2813.21067436
2813.32122674
2813.43298135
2813.54363393
2813.65516253
2813.77722929
2813.87703114
2813.98774054
2814.10038285
2814.21102520
2814.32276957
2814.43265659
2814.55433375
2814.65609558
2814.75627559
2814.86801654
2814.97875909
2815.09050102
2815.20225075
2815.32601711
2815.42560538
2815.52539407
2815.64939522
2815.74685651
2815.84676832
2815.96022618
2816.07204247
2816.17186724
2816.28152094
2816.37122885
2816.48387141
2816.59455715
2816.69405937
2816.81649379
2816.90624656
2817.01795850
2817.11780229
2817.23947920
2817.33925522
2817.45382240
2817.61680450
2817.69561316
2817.80659026
2817.90625437
2818.01795533
2818.13145074
2818.24025135
2818.36409036
2818.45264334
2818.55446418
2818.66529719
2818.77685967
2818.88811983
2818.99941193
2819.12023697
2819.22150388
2819.33309659
2819.44465274
2819.55531727
2819.66782988
2819.77857780
2819.90020180
2820.00093355
2820.11169609
2820.13252935
2820.34614356
2820.45586041
2820.47769060
2820.58818861
2820.70041182
2820.82249979
2820.92193862
2821.03346209
2821.14520865
2821.25682623
2821.36765485
2821.47842252
2821.60091424
2821.70184956
2821.81197528
2821.92753891
2822.03542183
2822.13692669
2822.23668856
2822.36356080
2822.44872070
2822.56055990
2822.67512880
2822.78278204
2822.88589922
2822.99728396
2823.11592813
2823.21768900
2823.32781325
2823.44245114
2823.55108596
2823.65070399
2823.76284966
2823.88449171
2823.98962665
2824.09600331
2824.20755116
2824.31926554
2824.41899084
2824.53076007
2824.65238286
2824.74118185
2824.85306128
2824.96553683
2825.11866587
2825.23060699
2825.35546171
2825.45362687
2825.54252972
2825.65408562
2825.76583876
2825.87557243
2825.98723098
2826.10911415
2826.21560491
2826.32139424
2826.43385101
2826.55020727
2826.65699012
2826.76777168
2826.89027316
2826.99103221
2827.10282387
2827.21348548
2827.33507828
2827.44500724
2827.55866063
2827.68038679
2827.78504337
2827.89500428
2828.00362618
2828.10323420
2828.21513192
2828.31582734
2828.42652601
2828.52723922
2828.62614337
2828.78256969
2828.87139330
2828.97155063
2829.08239022
2829.19398854
2829.30056586
2829.40689302
2829.51962774
2829.62988438
2829.74412828
2829.85388609
2829.97968508
2830.07724243
2830.19111208
2830.28778781
2830.46530411
2830.55335924
2830.66573922
2830.77645763
2830.87718084
2830.98943453
2831.08870049
2831.19050768
2831.30437367
2831.45490809
2831.57657232
2831.67635345
2831.78982350
2831.89865922
2832.01131251
2832.12399334
2832.23767867
2832.35534907
2832.46121543
2832.56768230
2832.68050138
2832.79012485
2832.90205646
2833.01259397
2833.13427917
2833.23994317
2833.34970610
2833.45851061
2833.57022743
2833.68085003
2833.79151017
2833.91282429
2834.01465416
2834.11841304
2834.26485073
2834.37670066
2834.48735934
2834.60187289
2834.72562340
2834.82539088
2834.92664852
2835.04033800
2835.15199654
2835.26959428
2835.36544569
2835.48987741
2835.59076397
2835.69246803
2835.84914375
2835.93876609
2836.05144595
2836.16532413
2836.27678933
2836.36773116
2836.48136212
2836.59742411
2836.70756860
2836.81707430
2836.92966249
2837.05560582
2837.14328109
2837.29972886
2837.37947619
2837.48015088
2837.59500966
2837.70439907
2837.81895871
2837.91917114
2838.03290815
2838.14462131
2838.25635105
2838.36923985
2838.47070815
2838.59235117
2838.73953711
2838.82930695
2838.93102782
2839.04478093
2839.15418546
2839.27071678
2839.38998436
2839.51421249
2839.60590160
2839.70750106
2839.82330826
2839.93195747
2840.04377400
2840.21135312
2840.30500733
2840.40377202
2840.51853182
2840.61637638
2840.73094259
2840.84228516
2840.96483051
2841.06645070
2841.17827967
2841.29191819
2841.40290650
2841.52030578
2841.62918026
2841.75278522
2841.85334191
2841.96616196
2842.07749307
2842.19027606
2842.30379926
2842.41572696
2842.52817155
2842.61821421
2842.73079850
2842.84339595
2842.94468919
2843.06056758
2843.16899809
2843.28764640
2843.38937118
2843.49481454
2843.61232158
2843.72316556
2843.83401539
2843.94772534
2844.05809316
2844.16092313
2844.27169860
2844.42748198
2844.54048343
2844.65312306
2844.77680799
2844.87847742
2844.98928044
2845.10296382
2845.21457994
2845.32828624
2845.43995283
2845.55175278
2845.65440062
2845.75534668
2845.86844516
2845.98114257
2846.09203994
2846.20871998
2846.32875216
2846.43280751
2846.53122599
2846.64487573
2846.75675809
2846.87163248
2846.97106740
2847.09284135
2847.19545505
2847.31050230
2847.42253168
2847.53615484
2847.62247892
2847.74055696
2847.85839339
2847.96015084
2848.06489617
2848.17764162
2848.28625694
2848.38882456
2848.50218953
2848.62489751
2848.72958311
2848.84039320
2848.94951247
2849.06413793
2849.17553462
2849.28657340
2849.41192403
2849.51274062
2849.62633745
2849.74307868
2849.83788537
2849.96245874
2850.06422521
2850.19086437
2850.29276274
2850.40032968
2850.50202179
2850.61452001
2850.73262755
2850.84037759
2850.95228263
2851.05400863
2851.16651953
2851.28017706
2851.39186901
2851.49171402
2851.60638312
2851.72803468
2851.82988258
2851.94148139
2852.05625972
2852.16007345
2852.26822797
2852.38115798
2852.50373382
2852.60555953
2852.72304609
2852.83095022
2852.94745837
2853.05541516
2853.16837370
2853.29384550
2853.39335527
2853.51997736
2853.62784126
2853.74345171
2853.85316490
2853.96599007
2854.09046055
2854.19034603
2854.30311391
2854.41568162
2854.52744159
2854.64047131
2854.75170734
2854.86426188
2854.96539932
2855.08291490
2855.18023087
2855.29295267
2855.40865016
2855.52051277
2855.64215408
2855.74269688
2855.85466213
2855.97109422
2856.08078254
2856.19266758
2856.29691506
2856.41643206
2856.50628967
2856.62079298
2856.73351721
2856.84615977
2856.95593050
2857.06866815
2857.19330222
2857.29412173
2857.41168583
2857.52148362
2857.63309243
2857.74485459
2857.85754542
2857.98038262
2858.08212739
2858.19862043
2858.30738423
2858.42134506
2858.53166119
2858.64667918
2858.76907362
2858.86792658
2858.98062423
2859.09682251
2859.19646735
2859.30729499
2859.41788053
2859.54351837
2859.64528581
2859.75705602
2859.86973150
2859.98140467
2860.08433557
2860.19499596
2860.32148737
2860.42094424
2860.52559059
2860.63836773
2860.75498876
2860.86477997
2860.97740766
2861.10202930
2861.20264206
2861.31727118
2861.43090726
2861.54544982
2861.65719078
2861.77144004
2861.87187555
2861.97530285
2862.08889017
2862.20073352
2862.31528365
2862.42704288
2862.54505412
2862.66502754
2862.76797990
2862.87952726
2862.98231066
2863.10666996
2863.22341242
2863.33275770
2863.44660663
2863.54933322
2863.66285154
2863.76558350
2863.85643731
2863.97007729
2864.08291173
2864.20863002
2864.30938931
2864.42253851
2864.52549111
2864.63872296
2864.75094080
2864.86304137
2864.98762254
2865.09125293
2865.20382478
2865.31757253
2865.42915013
2865.54312949
2865.65493408
2865.77941723
2865.88518998
2866.00858355
2866.10765398
2866.21105421
2866.32268765
2866.43844779
2866.56437454
2866.66311412
2866.82041961
2866.91121515
2867.01345705
2867.11656716
2867.22881133
2867.35243164
2867.45527014
2867.55796212
2867.67164257
2867.78452065
2867.89702960
2867.99970572
2868.12545815
2868.22719487
2868.33986352
2868.45295176
2868.56769084
2868.67940570
2868.78089082
2868.89576057
2868.99729420
2869.11732418
2869.22683696
2869.32552802
2869.43918312
2869.55305789
2869.67478356
2869.78350445
2869.88137071
2869.99565776
2870.10882646
2870.22142147
2870.33524334
2870.46198270
2870.56163998
2870.67244665
2870.77590614
2870.88884419
2871.00302567
2871.11518549
2871.22897176
2871.33088451
2871.43772417
2871.55115228
2871.69272573
2871.80462101
2871.92736337
2872.03284818
2872.14552755
2872.25827543
2872.37205097
2872.48482665
2872.59771960
2872.72100590
2872.82434128
2872.93750998
2873.05799491
2873.16440497
2873.27717797
2873.38883700
2873.51643969
2873.61735210
2873.73189930
2873.84367389
2873.94536430
2874.05839159
2874.22590317
2874.30846528
2874.41080226
2874.52400631
2874.63663034
2874.74838422
2874.86119354
2874.97450365
2875.08210057
2875.19582979
2875.30260508
2875.40636079
2875.51901066
2875.69737274
2875.79857503
2875.91310004
2876.02582306
2876.13957958
2876.25862628
2876.36497929
2876.48781185
2876.62616483
2876.74133130
2876.85354744
2876.97374052
2877.08941168
2877.21219549
2877.31325467
2877.42775627
2877.54048002
2877.65310746
2877.76596213
2877.88059076
2878.00414963
2878.10717075
2878.21850722
2878.33279403
2878.43553964
2878.55340142
2878.66066018
2878.77513619
2878.87999465
2878.99366242
2879.10397465
2879.20562970
2879.32037536
2879.43549039
2879.55920652
2879.69442118
2879.79523777
2879.90674686
2880.01955301
2880.12218647
2880.22493306
2880.36275453
2880.46128736
2880.57525307
2880.71853952
2880.81233733
2880.90526182
2881.00230546
2881.11507870
2881.21121513
2881.30167543
2881.39533427
2881.49002857
2881.59927633
2881.68869069
2881.79279358
2881.89955205
2881.98229238
2882.08418831
2882.18233007
2882.29467616
2882.36625685
2882.47111775
2882.57591574
2882.69596815
2882.78926518
2882.88913725
2882.99371582
2883.09893853
2883.20436506
2883.31458562
2883.47550607
2883.58079680
2883.68209882
2883.80460468
2883.91356206
2884.04899932
2884.14430485
2884.24858085
2884.34077683
2884.44448427
2884.55004904
2884.64407457
2884.75330307
2884.85546207
2884.99522792
2885.06422155
2885.16972367
2885.26453889
2885.35737268
2885.46298573
2885.56122575
2885.66398867
2885.78382018
2885.89465904
2885.97871009
2886.08260770
2886.18726843
2886.29492728
2886.40105501
2886.51528623
2886.61053763
2886.70472578
2886.81849620
2886.92420312
2887.02883873
2887.12275016
2887.21748541
2887.33822707
2887.48289715
2887.58660848
2887.69160348
2887.79709974
2887.90094054
2888.00661430
2888.11541930
2888.20623703
2888.31594437
2888.41667465
2888.52157748
2888.61628373
2888.73379174
2888.84971232
2888.93102977
2889.03910213
2889.14001551
2889.24495565
2889.34969220
2889.44459081
2889.55125078
2889.66795227
2889.76181201
2889.86438671
2889.96919811
2890.06488642
2890.16949595
2890.27336601
2890.37932161
2890.49806013
2890.57868420
2890.68344343
2890.77721271
2890.91478452
2891.02160881
2891.11529862
2891.23300558
2891.31702444
2891.44066890
2891.53707108
2891.64000125
2891.74562966
2891.85023017
2891.96799443
2892.06565369
2892.15547472
2892.24821684
2892.35400031
2892.44873020
2892.54766995
2892.63641603
2892.75484223
2892.85763978
2892.96233561
2893.06721797
2893.17197110
2893.26560629
2893.37229381
2893.49094943
2893.57163396
2893.69743661
2893.80399881
2893.90981008
2894.01479922
2894.11912374
2894.23583328
2894.33097643
2894.42240466
2894.52914020
2894.62210102
2894.72753755
2894.83228459
2894.92608069
2895.05483295
2895.14752752
2895.25321712
2895.35704963
2895.46182203
2895.56755796
2895.67309031
2895.79088358
2895.88255099
2895.98722635
2896.08122481
2896.18675180
2896.28148413
2896.38613145
2896.48092180
2896.59872532
2896.69555075
2896.79625153
2896.91136193
2897.01645883
2897.12132778
2897.22729825
2897.37987823
2897.44670805
2897.55255516
2897.64722068
2897.75206061
2897.85876227
2897.96230538
2898.06801547
2898.19568009
2898.31541287
2898.40339997
2898.50991584
2898.61460144
2898.72544786
2898.82736939
2898.94183418
2899.02587377
2899.11655692
2899.23511429
2899.33972089
2899.43273095
2899.53816407
2899.64717777
2899.76157259
2899.85337068
2899.95857096
2900.06447901
2900.16808113
2900.27379024
2900.37862700
2900.47230924
2900.59011519
2900.68281879
2900.78740442
2900.88223233
2900.97625664
2901.09359496
2901.18729451
2901.29304946
2901.41018421
2901.49999671
2901.60667618
2901.71044749
2901.81540031
2901.91087626
2902.00570148
2902.11368045
2902.21709288
2902.30902433
2902.41521204
2902.51898872
2902.62465077
2902.73131342
2902.83306697
2902.95670533
2903.04454005
2903.13937112
2903.27706289
2903.37170257
2903.46536580
2903.56916247
2903.68595369
2903.76882348
2903.86431235
2903.96899795
2904.07386738
2904.21044323
2904.30431735
2904.42720185
2904.57059753
2904.66330649
2904.77000424
2904.87472081
2904.96874243
2905.07414630
2905.17997122
2905.28368889
2905.38851517
2905.49341557
2905.59866071
2905.70432423
2905.80824719
2905.92585517
2906.00761197
2906.11316797
2906.22093263
2906.32364972
2906.43895735
2906.53567454
2906.63930834
2906.75700921
2906.84768529
2906.95278366
2907.05858931
2907.16367525
2907.26776327
2907.37298452
2907.50174336
2907.58431863
2907.67926673
2907.77202713
2907.86761206
2907.98564378
2908.08805878
2908.18178491
2908.30205334
2908.39087622
2908.49653389
2908.60096373
2908.70575027
2908.81342862
2908.91718458
2909.01185596
2909.11944240
2909.19948693
2909.31604141
2909.42311024
2909.52845778
2909.63117706
2909.76795771
2909.86458444
2909.97828488
2910.07192397
2910.20973813
2910.30529137
2910.41015007
2910.50390229
2910.62058428
2910.74709373
2910.84009185
2910.94791405
2911.05342202
2911.15609766
2911.26051604
2911.38054163
2911.45931348
2911.56512401
2911.67072560
2911.76950712
2911.86416752
2911.95312523
2912.06968507
2912.19745015
2912.28915607
2912.39393164
2912.49871427
2912.59538269
2912.69859349
2912.80291216
2912.91133413
2913.01501158
2913.11245190
2913.23036464
2913.33946611
2913.47494580
2913.55355112
2913.65727611
2913.78497511
2913.87982008
2913.98653368
2914.09521020
2914.21105129
2914.31878962
2914.42450020
2914.54358273
2914.71436502
2914.81047024
2914.91589141
2915.02277666
2915.12919696
2915.24997666
2915.34460732
2915.45062095
2915.55711439
2915.65284000
2915.76060515
2915.87837819
2915.99597642
2916.08968597
2916.24044323
2916.34759788
2916.44328034
2916.54993884
2916.64570322
2916.76248980
2916.85905094
2916.96605517
2917.07173795
2917.17692774
2917.30143723
2917.40316664
2917.52367790
2917.61976801
2917.72903966
2917.81885094
2917.91572124
2918.02143864
2918.13019975
2918.26857418
2918.36353447
2918.47314356
2918.57675371
2918.67256807
2918.77907005
2918.89779345
2919.01542020
2919.10872381
2919.20480636
2919.32480025
2919.42024426
2919.52599165
2919.63197480
2919.75158762
2919.85712022
2919.96391818
2920.06963363
2920.17647816
2920.28409264
2920.40180156
2920.51964749
2920.61469482
2920.72243779
2920.83975368
2920.94695637
2921.05366632
2921.15847699
2921.27718187
2921.37203610
2921.47954282
2921.58440396
2921.69196236
2921.82083750
2921.92729315
2922.04710249
2922.13940331
2922.25809867
2922.36547958
2922.47204837
2922.57791400
2922.67305764
2922.78581918
2922.87663374
2922.98435086
2923.09198728
2923.19665581
2923.30451191
2923.39934469
2923.52083557
2923.61167598
2923.71832790
2923.82745180
2923.94297643
2924.03849992
2924.14537103
2924.26792297
2924.37055252
2924.53021248
2924.62785443
2924.73576440
2924.83043871
2924.93604347
2925.05370240
2925.14952358
2925.25578005
2925.36258606
2925.48023353
2925.58603943
2925.69354810
2925.81052876
2925.90713525
2926.02409957
2926.13056059
2926.24029499
2926.33213721
2926.42875467
2926.55025360
2926.64145655
2926.75007893
2926.84881266
2926.96301535
2927.06854917
2927.17615438
2927.29468469
2927.39043541
2927.49532020
2927.60385726
2927.70881861
2927.81694289
2927.92292068
2928.04200760
2928.13664729
2928.26534907
2928.34930211
2928.44591201
2928.56355071
2928.67251516
2928.77859755
2928.87440239
2928.99625923
2929.09660552
2929.20436994
2929.31008490
2929.40540213
2929.52364523
2929.61930331
2929.75792033
2929.84374338
2929.95045113
2930.06813518
2930.17896087
2930.28642638
2930.37831931
2930.48710944
2930.58982384
2930.69667398
2930.80588907
2930.94383732
2931.06311905
2931.15587043
2931.26256916
2931.36836214
2931.54486298
2931.63762728
2931.74339832
2931.86304673
2931.94577926
2932.05328744
2932.17169048
2932.27927887
2932.38644523
2932.49283311
2932.62055965
2932.71523176
2932.82202802
2932.92867165
2933.02437800
2933.13127373
2933.24415083
2933.36259459
2933.45135457
2933.56909323
2933.68614508
2933.79397069
2933.90242778
2933.99908962
2934.12447218
2934.21326751
2934.31604677
2934.42095984
2934.57147695
2934.68921780
2934.79584242
2934.91541306
2935.00817809
2935.10586881
2935.21325435
2935.31892957
2935.42451556
2935.52125493
2935.61803574
2935.73869377
2935.83044724
2935.93617878
2936.04594220
2936.14055847
2936.24747956
2936.35312162
2936.47187941
2936.57714820
2936.69489612
2936.80151001
2936.90723033
2937.01390347
2937.12166691
2937.25030580
2937.34506690
2937.45674300
2937.56276443
2937.67019800
2937.77208174
2937.87955628
2937.98449446
2938.00543402
2938.12397920
2938.21793890
2938.32172509
2938.43411506
2938.53880383
2938.64586023
2938.74562868
2938.86509302
2938.95789341
2939.06153502
2939.16839954
2939.27547569
2939.38140935
2939.48832215
2939.61303814
2939.70289063
2939.81957189
2939.92524735
2940.03392801
2940.13881963
2940.23448502
2940.36326433
2940.47487070
2940.57670349
2940.68330445
2940.79098403
2940.90877999
2941.01354799
2941.13206099
2941.22783244
2941.33776042
2941.45338160
2941.55855677
2941.66513725
2941.77187256
2941.89554334
2941.99033004
2942.09211162
2942.19758668
2942.30649749
2942.40145632
2942.50808557
2942.62968446
2942.72132066
2942.82829075
2942.94601844
2943.05259502
2943.15940639
2943.25414652
2943.37173719
2943.46553329
2943.57075259
2943.71239919
2943.78370998
2943.89288972
2944.00962291
2944.11931294
2944.21109956
2944.31871989
2944.42639313
2944.53308041
2944.63887192
2944.74661221
2944.91709705
2945.02474518
2945.12952586
2945.23916664
2945.34445055
2945.44066280
2945.56816188
2945.66292810
2945.76999059
2945.87749097
2945.98504084
2946.10177208
2946.20847179
2946.32811508
2946.42184950
2946.53876287
2946.64544185
2946.75218423
2946.85783360
2946.95444668
2947.07432379
2947.16893909
2947.30665597
2947.39140992
2947.50395666
2947.61671088
2947.72832310
2947.83120744
2947.93016498
2948.04424382
2948.14896892
2948.32154881
2948.42821366
2948.54885681
2948.65363019
2948.76158502
2948.86504768
2948.96163247
2949.06276357
2949.16333050
2949.28652464
2949.37641297
2949.48384581
2949.60186217
2949.72427465
2949.82690445
2949.93271230
2950.05042073
2950.16101236
2950.26383989
2950.36982061
2950.47633673
2950.59684847
2950.70259684
2950.80935506
2950.89774055
2951.01720294
2951.11411565
2951.22373278
2951.33042493
2951.44207397
2951.55915776
2951.64964293
2951.75644845
2951.86279122
2951.97098231
2952.07672409
2952.19545042
2952.32825966
2952.41813726
2952.52734260
2952.62052235
2952.73941984
2952.84582380
2952.95263883
2953.06029330
2953.15403113
2953.26069061
2953.37097431
2953.47414147
2953.62298775
2953.73220259
2953.85143337
2953.94419060
2954.05088129
2954.15750712
2954.25430524
2954.36015211
2954.46767808
2954.58743232
2954.68118746
2954.79331802
2954.89367844
2955.00621909
2955.10949986
2955.24690539
2955.37547796
2955.47094952
2955.57776479
2955.68370625
2955.79130562
2955.90828115
2956.01497915
2956.12270310
2956.20702332
2956.31303329
2956.43056568
2956.54029277
2956.63304025
2956.74165874
2956.86937578
2956.96531350
2957.07331515
2957.17782813
2957.28466779
2957.39132873
2957.49969341
2957.61533750
2957.71006496
2957.81874879
2957.92722416
2958.03811153
2958.13787487
2958.24774531
2958.36236638
2958.45712334
2958.56905154
2958.67063369
2958.79936692
2958.91876300
2959.02501873
2959.14457986
2959.23939070
2959.34950301
2959.45135189
2959.55712024
2959.69674444
2959.76960172
2959.87832309
2959.97300763
2960.07968101
2960.18562735
2960.28620135
2960.39897337
2960.50661979
2960.62429213
2960.71858780
2960.82726309
2960.94342821
2961.05013864
2961.15683445
2961.26771646
2961.39768215
2961.49811743
2961.60568339
2961.74532124
2961.81895822
2961.93033906
2962.04502377
2962.16176208
2962.25652269
2962.36387288
2962.47359704
2962.58099478
2962.68351291
2962.78927566
2962.90982276
2963.01464538
2963.12037131
2963.22803675
2963.32283149
2963.44151955
2963.55982604
2963.67804817
2963.77185208
2963.86951036
2963.97432274
2964.08386648
2964.19181547
2964.29562604
2964.39115319
2964.52079291
2964.60453675
2964.71274101
2964.81691485
2964.93562192
2965.05630409
2965.14806414
2965.27028450
2965.36146258
2965.46719851
2965.57419396
2965.68121501
2965.80562356
2965.89806871
2966.01744748
2966.11086226
2966.21147966
2966.31756765
2966.42601279
2966.52598946
2966.63170466
2966.74034192
2966.87422880
2966.95676652
2967.06384682
2967.16459417
2967.26905692
2967.37572299
2967.49360769
2967.58545600
2967.68916514
2967.79392266
2967.89824621
2967.99142157
2968.09345623
2968.17955625
2968.28622914
2968.37899613
2968.48955363
2968.57834823
2968.68315988
2968.78685073
2968.90353370
2969.00823880
2969.12392849
2969.21666353
2969.32045582
2969.42706141
2969.53177066
2969.63472570
2969.73135633
2969.83326031
2969.94173276
2970.02163953
2970.11538297
2970.21912576
2970.32968205
2970.43064273
2970.53519569
2970.62894694
2970.74760134
2970.83789561
2970.94215406
2971.04710053
2971.16371767
2971.26845569
2971.37291601
2971.49064394
2971.58173401
2971.68709227
2971.79159746
2971.89525686
2972.00302275
2972.09525555
2972.18771167
2972.32639257
2972.43000931
2972.53655810
2972.64125711
2972.74505890
2972.84176609
2972.94551107
2973.07218217
2973.16499743
2973.26965328
2973.37445176
2973.47881529
2973.58444224
2973.68911394
2973.84008843
2973.90949337
2974.01330857
2974.11728396
2974.22275950
2974.31646588
2974.41116919
2974.51593549
2974.62279490
2974.71451838
2974.81020790
2974.91352037
2975.01824498
2975.12311075
2975.22688597
2975.34351993
2975.46119910
2975.55200098
2975.65573475
2975.76127075
2975.86542997
2975.96995880
2976.07553455
2976.19317105
2976.22438278
2976.31532924
2976.42028059
2976.52552744
2976.62897400
2976.73544672
2976.84020693
2976.94307151
2977.05985127
2977.15362129
2977.24815077
2977.38377113
2977.48853158
2977.58231452
2977.69954434
2977.80337856
2977.90852277
2978.01450860
2978.11890797
2978.22301184
2978.31585221
2978.42151743
2978.53921782
2978.63097665
2978.73480697
2978.84042757
2978.94466481
2979.04853511
2979.15426763
2979.25852705
2979.36367783
2979.44644669
2979.54087011
2979.64549403
2979.76243519
2979.85505003
2979.96068039
2980.05336960
2980.16905002
2980.27394067
2980.38955160
2980.50524397
2980.60990665
2980.71389764
2980.81866808
2980.93620487
2981.02921688
2981.12078554
2981.22653830
2981.33137408
2981.42514044
2981.51972600
2981.65637231
2981.76053274
2981.85696247
2981.96155518
2982.05442164
2982.14727786
2982.25701689
2982.35773742
2982.49533191
2982.58860991
2982.69307218
2982.79716581
2982.90341179
2983.00677522
2983.14485171
2983.24151111
2983.33328969
2983.43799236
2983.54174953
2983.63545664
2983.72917058
2983.83501428
2983.92793730
2984.08066185
2984.17170169
2984.27544058
2984.38065671
2984.48536864
2984.59004985
2984.69415762
2984.79952174
2984.91818273
2985.00815127
2985.11364120
2985.21841457
2985.32320647
2985.41608561
2985.52165307
2985.62552532
2985.73359084
2985.81472642
2985.90806709
2986.00174665
2986.10664290
2986.20134890
2986.29401300
2986.40065663
2986.50347952
2986.60113781
2986.70293354
2986.81853765
2986.92559575
2987.02788276
2987.13239745
2987.25099870
2987.34277680
2987.44654738
2987.55036868
2987.66783890
2987.76070195
2987.85640878
2988.00551228
2988.08636504
2988.19203441
2988.29544074
2988.38910787
2988.48420713
2988.57947414
2988.68132619
2988.81991444
2988.90178632
2989.00735865
2989.11207497
2989.21812931
2989.32090564
2989.45921083
2989.55494449
2989.64680621
2989.75139111
2989.85516731
2989.94879347
2990.04404000
2990.14782472
2990.25259370
2990.38227755
2990.47705499
2990.58073463
2990.68455325
2990.78933149
2990.89503987
2991.00103960
2991.07270831
2991.17825626
2991.27007995
2991.37707491
2991.39681005
2991.50630747
2991.60408888
2991.70889955
2991.72974695
2991.83369112
2991.93720961
2992.06684250
2992.15955999
2992.26239654
2992.36720722
2992.47185819
2992.57747344
2992.68036972
2992.79863013
2992.88994206
2992.99645306
2993.09012897
2993.18308637
2993.27776603
2993.38252063
2993.47812068
2993.58475090
2993.66462111
2993.76936059
2993.87816413
2993.97804400
2994.11555291
2994.19934357
2994.30299273
2994.42522529
2994.51298906
2994.61881203
2994.72241585
2994.82729064
2994.93202427
2995.03661722
2995.14146398
2995.24705533
2995.32924002
2995.46561326
2995.57133213
2995.67711779
2995.78874708
2995.89749771
2996.00926621
2996.09412744
2996.18485472
2996.30054562
2996.39447679
2996.50000866
2996.60385653
2996.70964146
2996.82665528
2996.91947882
2997.02414662
