4835.14533689
4835.22732361
4835.27631659
4835.33472646
4835.39723184
4835.45753952
4835.51806566
4835.57824412
4835.64922748
4835.71030950
4835.76792163
4835.82950979
4835.89015076
4835.94993986
4836.01246255
4836.07100920
4836.13272123
4836.19245230
4836.25417286
4836.31424161
4836.37293625
4836.43220750
4836.49192297
4836.55176448
4836.61372129
4836.67418257
4836.73489449
4836.79445612
4836.85383343
4836.91547913
4836.97302592
4837.03459190
4837.09598380
4837.15498637
4837.21537159
4837.27770240
4837.33655991
4837.39776846
4837.48961385
4837.55031479
4837.61123810
4837.67018288
4837.73082410
4837.79278481
4837.85219015
4837.91290792
4837.97350939
4838.03468674
4838.09340723
4838.15257071
4838.21340429
4838.27403746
4838.33588065
4838.39502805
4838.45562342
4838.51533841
4838.57691048
4838.63676029
4838.69582918
4838.75657596
4838.81672176
4838.87796347
4838.95902249
4839.00943054
4839.06868472
4839.13131128
4839.19051133
4839.25104868
4839.31093360
4839.43676868
4839.49688668
4839.56739168
4839.62777080
4839.68895863
4839.74952232
4839.80864387
4839.86934262
4839.92963031
4839.98929751
4840.05241997
4840.11197476
4840.17309214
4840.23215274
4840.29212859
4840.35301922
4840.41382184
4840.47472100
4840.53315330
4840.59322791
4840.65438916
4840.71529442
4840.77507548
4840.83521737
4840.89727780
4840.95723732
4841.01664754
4841.07717026
4841.13613894
4841.19547846
4841.25728971
4841.31851851
4841.37934160
4841.43850606
4841.49956370
4841.55872183
4841.61866404
4841.68089172
4841.74098217
4841.80063766
4841.86033387
4841.92275513
4841.98097800
4842.04077173
4842.10157703
4842.16327345
4842.22281801
4842.28238476
4842.34230673
4842.41531785
4842.47638427
4842.53586910
4842.59597344
4842.65599294
4842.73757932
4842.78752974
4842.84738296
4842.90895114
4842.96856762
4843.02834014
4843.08813900
4843.14907595
4843.20955357
4843.26980444
4843.33119561
4843.39114612
4843.45027010
4843.51162300
4843.57308999
4843.63259310
4843.69370316
4843.75375655
4843.81300976
4843.87282251
4843.93356637
4843.99431632
4844.05414248
4844.11572041
4844.17605905
4844.23638746
4844.29520644
4844.35689945
4844.41775692
4844.47692479
4844.53760209
4844.59920123
4844.65871215
4844.71927583
4844.80198641
4844.85020725
4844.90896699
4845.02608954
4845.08581525
4845.14618072
4845.20629774
4845.26693383
4845.32602588
4845.38767354
4845.44769743
4845.50747946
4845.56827549
4845.62855977
4845.68957084
4845.75008259
4845.81013427
4845.87054923
4845.93131942
4845.99040269
4846.05016912
4846.11112046
4846.17169828
4846.23361145
4846.31450321
4846.37441617
4846.43476457
4846.49572395
4846.55433521
4846.61522462
4846.67699565
4846.73674769
4846.79770000
4846.85749934
4846.91725016
4846.97882882
4847.03822295
4847.09983794
4847.16107966
4847.21885075
4847.27937127
4847.34002736
4847.39973210
4847.46081095
4847.52181032
4847.58180520
4847.64262122
4847.70193489
4847.76291598
4847.82168693
4847.88361278
4847.94424497
4848.00539940
4848.06391070
4848.12507147
4848.18379658
4848.24430980
4848.30662915
4848.36714578
4848.42603961
4848.48604009
4848.56896888
4848.61747937
4848.67891004
4848.73877447
4848.79837048
4848.86089609
4848.92015296
4848.98124107
4849.03992133
4849.11125480
4849.17191259
4849.23308238
4849.29315040
4849.35213347
4849.41266740
4849.47203301
4849.53284464
4849.59490434
4849.65460957
4849.71565331
4849.77609509
4849.83533586
4849.89634425
4849.95825059
4850.08286126
4850.14190455
4850.20246823
4850.26236607
4850.32179092
4850.38177482
4850.44368872
4850.50440673
4850.56434358
4850.62480559
4850.68558383
4850.74499575
4850.80498527
4850.86673825
4850.92772567
4850.98640056
4851.04709712
4851.10871869
4851.16734165
4851.22875794
4851.28812988
4851.34852679
4851.40924310
4851.47005425
4851.52997720
4851.58924626
4851.65032462
4851.71178235
4851.77146393
4851.83207442
4851.89312012
4851.95258203
4852.01343291
4852.07586052
4852.13531901
4852.19448518
4852.25376472
4852.33495271
4852.38550705
4852.44683361
4852.50736145
4852.56668878
4852.62818918
4852.68663757
4852.74638303
4852.80780833
4852.86825474
4852.92958594
4852.98917072
4853.04905515
4853.10934967
4853.16969441
4853.23007134
4853.29188478
4853.35329985
4853.41328912
4853.47189891
4853.53138130
4853.59323156
4853.65316670
4853.71411999
4853.78703798
4853.84773429
4853.90550977
4853.96567800
4854.02651109
4854.08515355
4854.14705697
4854.20845253
4854.26847641
4854.32923978
4854.38771450
4854.44711180
4854.50768036
4854.60196408
4854.66170856
4854.72259968
4854.78319506
4854.84227101
4854.90250190
4854.96394305
4855.02359781
4855.15545985
4855.21594259
4855.27951220
4855.34234306
4855.40348847
4855.46757495
4855.53074447
4855.62551020
4855.67933987
4855.73965706
4855.80267152
4855.86601974
4855.92943087
4855.98952790
4856.05355636
4856.11675440
4856.18059244
4856.24345720
4856.31622914
4856.37948350
4856.44209786
4856.50480999
4856.56797414
4856.63283033
4856.69417396
4856.75770772
4856.81958164
4856.88287403
4856.94505003
4857.00663527
4857.07097921
4857.13797434
4857.19599948
4857.26002525
4857.32355731
4857.41731294
4857.46999330
4857.53254573
4857.59551484
4857.65934361
4857.72035639
4857.78274791
4857.84643284
4857.90900868
4857.97202606
4858.03386608
4858.09584337
4858.15974968
4858.22398001
4858.28646100
4858.34921434
4858.41254501
4858.47395812
4858.53809873
4858.60049610
4858.66264601
4858.72523550
4858.78877878
4858.85333118
4858.91521362
4858.97730818
4859.06251172
4859.12490178
4859.18728915
4859.25115206
4859.31278046
4859.37723558
4859.43968342
4859.50156538
4859.56437552
4859.62721418
4859.68994850
4859.75187776
4859.81519283
4859.87802686
4859.95194934
4860.01538802
4860.07836517
4860.14248164
4860.20336593
4860.26601028
4860.32891405
4860.39314486
4860.45580189
4860.55036063
4860.61276897
4860.67679133
4860.73882348
4860.80217414
4860.86513569
4860.92688209
4861.00058173
4861.07571521
4861.13741992
4861.20011010
4861.26425851
4861.32478099
4861.38898353
4861.45270064
4861.51471572
4861.57758900
4861.64203559
4861.70312810
4861.76678889
4861.82878983
4861.89303990
4861.96689412
4862.02808585
4862.12350255
4862.17591301
4862.24881369
4862.31157384
4862.37653560
4862.43652194
4862.49964197
4862.56343124
4862.62592541
4862.68857122
4862.75296125
4862.81578114
4862.87719547
4862.94028989
4863.00255098
4863.07714320
4863.14036075
4863.20299778
4863.26626433
4863.32820066
4863.39185658
4863.45513410
4863.51683223
4863.58071269
4863.64311177
4863.70466312
4863.76727821
4863.83084270
4863.89358677
4863.96828749
4864.03026404
4864.09329239
4864.15595308
4864.21969018
4864.28034480
4864.34505568
4864.40635030
4864.47005498
4864.53445183
4864.59524884
4864.65885794
4864.72146572
4864.78448651
4864.86937285
4864.93281787
4865.00612229
4865.07870212
4865.14276519
4865.20442699
4865.26800416
4865.33227935
4865.39279939
4865.45618223
4865.51768775
4865.58167378
4865.64451026
4865.70881178
4865.77045505
4865.83340294
4865.89573717
4865.95824962
4866.02105293
4866.08365803
4866.14836500
4866.20946238
4866.27176296
4866.33567000
4866.39794815
4866.46278630
4866.52418332
4866.58596093
4866.65133399
4866.71396932
4866.80939602
4866.85983186
4866.92281340
4866.98473315
4867.04869042
4867.11194600
4867.17429168
4867.23757067
4867.29972252
4867.36248268
4867.42557613
4867.48724646
4867.55204925
4867.61401459
4867.67601700
4867.73963146
4867.80252060
4867.86438695
4867.92802751
4867.99271108
4868.05519403
4868.11815216
4868.17970888
4868.24209528
4868.30539328
4868.36695902
4868.43071148
4868.49320345
4868.55660410
4868.61896027
4868.68251329
4868.74421703
4868.80921487
4868.87050681
4868.93246996
4868.99649573
4869.06042105
4869.12125439
4869.18515631
4869.24674643
4869.31184179
4869.47076227
4869.53331861
4869.59763378
4869.65969982
4869.72115438
4869.78549588
4869.84827604
4869.91005974
4869.97501808
4870.03635391
4870.09711752
4870.16332611
4870.22376740
4870.28893177
4870.35209055
4870.41489631
4870.47743753
4870.53945553
4870.60008163
4870.66648064
4870.72832871
4870.78979229
4870.85412161
4870.91671427
4870.97908775
4871.04279121
4871.11540687
4871.19003908
4871.25175573
4871.31563863
4871.37752644
4871.44117236
4871.53446329
4871.58996891
4871.65094097
4871.71341343
4871.77624186
4871.83876967
4871.90030713
4871.96444188
4872.02814510
4872.09020796
4872.15331701
4872.21523384
4872.27951488
4872.34168209
4872.40406167
4872.46860895
4872.53037778
4872.59345172
4872.65586153
4872.71875408
4872.78179315
4872.84603592
4872.90946095
4872.97054516
4873.03358887
4873.10679114
4873.18333944
4873.24451387
4873.30638510
4873.37009879
4873.43509542
4873.49663482
4873.55896783
4873.62235507
4873.68506159
4873.74792683
4873.80973955
4873.87237926
4873.93568678
4873.99889018
4874.07241379
4874.14636918
4874.22009174
4874.28208463
4874.34526975
4874.40769540
4874.47140568
4874.53329959
4874.59700524
4874.65832741
4874.72142647
4874.78388577
4874.84877438
4874.90991419
4874.97346697
4875.03568953
4875.11024372
4875.18389557
4875.24689125
4875.30864301
4875.37403071
4875.43552208
4875.49780974
4875.56051455
4875.62331080
4875.68553190
4875.74978222
4875.81169685
4875.87542688
4875.93716840
4876.00128341
4876.07510398
4876.13723121
4876.23157271
4876.28339096
4876.34735944
4876.41116310
4876.47268032
4876.53456008
4876.59883576
4876.66143964
4876.72349714
4876.78594596
4876.85014142
4876.91401652
4876.97529895
4877.03976602
4877.10007736
4877.16635739
4877.22677601
4877.29042461
4877.35190380
4877.41513085
4877.47603538
4877.54049928
4877.60303586
4877.66654159
4877.72854716
4877.79143922
4877.85596237
4877.91799427
4877.98010468
4878.05602200
4878.11674636
4878.18040690
4878.24283816
4878.30481862
4878.36880441
4878.43176279
4878.49402143
4878.55686302
4878.62017931
4878.68290631
4878.74487946
4878.80862583
4878.87061555
4878.93403984
4878.99829236
4879.05976716
4879.12285500
4879.18500027
4879.24828169
4879.31206268
4879.37492378
4879.43742843
4879.49900002
4879.56255085
4879.62615483
4879.68952964
4879.75119509
4879.81478103
4879.87776672
4879.93810488
4880.01387909
4880.07684917
4880.13845391
4880.20168341
4880.26507503
4880.32656738
4880.39028888
4880.45264456
4880.51506778
4880.57989666
4880.65415389
4880.71429676
4880.77132325
4880.82995182
4880.88938033
4880.96051924
4881.01887035
4881.07769933
4881.13733873
4881.19610164
4881.25576420
4881.31482748
4881.37321004
4881.43291844
4881.49030505
4881.55048668
4881.60883511
4881.66824801
4881.73885542
4881.79840632
4881.86661513
4881.92538023
4881.98626135
4882.04431038
4882.10345412
4882.18455727
4882.23193843
4882.28977193
4882.34992333
4882.40953982
4882.46803575
4882.52768978
4882.58520268
4882.64550159
4882.70555814
4882.76518487
4882.83272491
4882.89300236
4882.95166652
4883.01156022
4883.07056718
4883.12961363
4883.18824537
4883.24695440
4883.30675617
4883.36513874
4883.42450483
4883.48287618
4883.54239880
4883.61211215
4883.67046351
4883.73771561
4883.79995816
4883.85914749
4883.91890343
4883.97664697
4884.03576292
4884.09420570
4884.15497028
4884.21428834
4884.27209089
4884.33179490
4884.38983491
4884.44984710
4884.50908592
4884.56772887
4884.62793001
4884.68720418
4884.74592954
4884.80510522
4884.86322349
4884.92302600
4884.98078807
4885.04025071
4885.10029679
4885.15863181
4885.21788697
4885.27588212
4885.33527040
4885.39935517
4885.46513637
4885.52199245
4885.58194417
4885.65110993
4885.71043043
4885.77130936
4885.82892514
4885.88841265
4885.97986160
4886.04040992
4886.09916625
4886.15737497
4886.21583409
4886.27427615
4886.33407744
4886.39353642
4886.45213841
4886.51121145
4886.58246495
4886.64125150
4886.70020141
4886.75797226
4886.81609322
4886.87606542
4886.93668200
4886.99542029
4887.05389111
4887.11268132
4887.17115434
4887.22999917
4887.28884643
4887.34925773
4887.40727702
4887.46857165
4887.53556702
4887.59623090
4887.65541146
4887.71525931
4887.77369015
4887.83249938
4887.89292409
4887.95145294
4888.00938617
4888.06908872
4888.12757636
4888.18656894
4888.24625393
4888.30499343
4888.36418642
4888.43300329
4888.49332731
4888.55105280
4888.60979694
4888.66962456
4888.72840112
4888.78814804
4888.84615733
4888.90453063
4888.96534178
4889.02396377
4889.08326988
4889.14369240
4889.20124918
4889.26054286
4889.32994634
4889.38880360
4889.44986026
4889.50809386
4889.56599173
4889.62480218
4889.68541389
4889.74377061
4889.80324812
4889.86219096
4889.92087634
4889.98059668
4890.03757101
4890.09878249
4890.15616641
4890.22710198
4890.28436644
4890.34452150
4890.40266659
4890.46151020
4890.52211338
4890.58005611
4890.67193514
4890.73246883
4890.79040962
4890.85066488
4890.90822605
4890.97930523
4891.03816931
4891.09861304
4891.15486447
4891.21952854
4891.28437741
4891.34364134
4891.40434449
4891.46223846
4891.52072830
4891.58028870
4891.63954094
4891.69829092
4891.75630021
4891.81508311
4891.87369925
4891.93369242
4891.99295367
4892.05115411
4892.11047802
4892.18051345
4892.25168259
4892.31143780
4892.36963824
4892.43051765
4892.48774676
4892.54660743
4892.60483225
4892.66333379
4892.72325309
4892.79346869
4892.85217967
4892.91367373
4892.97125367
4893.02838720
4893.09902386
4893.15781944
4893.21857305
4893.27563904
4893.33654967
4893.39288350
4893.45376535
4893.51183219
4893.57307171
4893.63258311
4893.69010112
4893.74890816
4893.80903713
4893.86834861
4893.94907605
4894.00914358
4894.07853754
4894.13765422
4894.19743162
4894.25475654
4894.31384005
4894.37197905
4894.43048059
4894.49054886
4894.54856327
4894.60880390
4894.70062344
4894.77029218
4894.81820363
4894.87710185
4894.93619487
4894.99588450
4895.06557664
4895.12493323
4895.18256998
4895.24238273
4895.30189120
4895.36072067
4895.41977322
4895.47983051
4895.53776203
4895.59638889
4895.65615898
4895.71619115
4895.77499819
4895.83284315
4895.89406780
4895.95165262
4896.02093054
4896.08151470
4896.14038391
4896.19849511
4896.27986523
4896.32797416
4896.38573306
4896.44436358
4896.51415422
4896.57362345
4896.63281229
4896.69291371
4896.75157178
4896.81128554
4896.86923705
4896.92814966
4897.00094622
4897.05794980
4897.10719318
4897.16678942
4897.22609286
4897.28463731
4897.34482577
4897.40299183
4897.46218506
4897.52001979
4897.57943781
4897.63994980
4897.69839966
4897.75684659
4897.81501777
4897.87488733
4897.94524410
4898.00350451
4898.06343868
4898.12145334
4898.18190048
4898.23922028
4898.29955990
4898.35915785
4898.41933193
4898.47720444
4898.53560920
4898.59506476
4898.65563040
4898.71335273
4898.77251304
4898.83144857
4898.89924412
4898.95976075
4899.01941356
4899.07755670
4899.13726705
4899.19543214
4899.25534558
4899.31435351
4899.37290918
4899.43297159
4899.49062273
4899.54947097
4899.60822486
4899.66789254
4899.72851303
4899.79691274
4899.86838225
4899.92581226
4899.98558258
4900.04447154
4900.10292578
4900.17546172
4900.23234803
4900.29205545
4900.35035488
4900.41045240
4900.46902976
4900.52819788
4900.58685814
4900.64476528
4900.70569078
4900.77368138
4900.83307063
4900.89207539
4900.95152024
4901.00947272
4901.06836216
4901.12837459
4901.18785064
4901.24639485
4901.30538085
4901.36361444
4901.42655551
4901.48313657
4901.54318996
4901.60273695
4901.67088262
4901.73038402
4901.79111471
4901.84721620
4901.90760946
4901.96509700
4902.02428243
4902.08406958
4902.14388257
4902.22507178
4902.27418984
4902.33111808
4902.39108370
4902.44931705
4902.51013869
4902.56687383
4902.63765068
4902.69670494
4902.75548735
4902.81433389
4902.87326600
4902.94503808
4903.00287549
4903.06155257
4903.12121855
4903.18014139
4903.23927855
4903.29771231
4903.35569698
4903.41528445
4903.47490654
4903.55707562
4903.61355623
4903.67453025
4903.73371958
4903.81374216
4903.87306412
4903.93127919
4903.99076792
4904.05037489
4904.10876965
4904.16729484
4904.22612406
4904.28502984
4904.34388198
4904.40408117
4904.46279142
4904.53431237
4904.59227169
4904.64981140
4904.70914312
4904.76932133
4904.82875521
4904.88708559
4904.94769170
4905.00461311
4905.06384097
4905.13356164
4905.19338146
4905.25121691
4905.31062616
4905.39253973
4905.45110978
4905.50998484
4905.56755552
4905.62829597
4905.68830913
4905.75797762
4905.81482931
4905.87424782
4905.93326282
4905.99228417
4906.05129381
4906.11292416
4906.17030735
4906.22746721
4906.28570910
4906.34451052
4906.41243481
4906.47043435
4906.52814083
4906.59892987
4906.66547810
4906.72421418
4906.78252263
4906.83949061
4906.89772958
4906.95722635
4907.01432989
4907.07332076
4907.12992035
4907.19895299
4907.26757993
4907.32551705
4907.39294835
4907.45216401
4907.50968837
4907.56785370
4907.62546851
4907.68456568
4907.74183769
4907.79919431
4907.85825613
4907.91638537
4907.97404748
4908.03069193
4908.08979812
4908.14804049
4908.20607148
4908.28503131
4908.34511493
4908.41209981
4908.47074472
4908.52712146
4908.58537700
4908.64405994
4908.70188394
4908.75938806
4908.81836186
4908.87611150
4908.93373776
4908.99144595
4909.05026640
4909.10717660
4909.17768819
4909.23494655
4909.29366898
4909.35052506
4909.40854069
4909.47511792
4909.53299312
4909.59124281
4909.65119112
4909.72150059
4909.77739654
4909.83446083
4909.89642349
4909.95124961
4910.03271993
4910.09095353
4910.14698285
4910.20809973
4910.26302825
4910.32480562
4910.38110508
4910.43778683
4910.52757080
4910.59622749
4910.66498706
4910.72162493
4910.78221129
4910.84102052
4910.89734241
4910.95500622
4911.01275659
4911.08138597
4911.16161433
4911.20812972
4911.26839230
4911.33507267
4911.39819050
4911.46139658
4911.52008220
4911.58710732
4911.64557278
4911.70433471
4911.76331217
4911.82958416
4911.88799061
4911.94667526
4912.01458028
4912.07314912
4912.13059204
4912.18980892
4912.24681225
4912.30478985
4912.36200457
4912.43347774
4912.50069620
4912.55818935
4912.61646098
4912.67546891
4912.73470920
4912.79050543
4912.84821801
4912.91721871
4912.98601120
4913.04503596
4913.10191641
4913.16007297
4913.22826642
4913.28609700
4913.34417602
4913.40289894
4913.46106720
4913.51974623
4913.58732675
4913.64393950
4913.70269046
4913.76039645
4913.81959358
4913.87706455
4913.94664966
4914.00434761
4914.07192519
4914.13018366
4914.18855403
4914.24575510
4914.30514459
4914.36127070
4914.42071091
4914.47843178
4914.53592761
4914.59460421
4914.66296101
4914.72186776
4914.77888695
4914.83661830
4914.90570506
4914.97496420
4915.04265589
4915.10133907
4915.15873348
4915.22599314
4915.28480578
4915.34295722
4915.40202635
4915.45895240
4915.51624806
4915.57505534
4915.63342596
4915.69117486
4915.75028910
4915.81935416
4915.87507945
4915.95585955
4916.01310816
4916.07118060
4916.12976333
4916.18771216
4916.24572194
4916.31299379
4916.37338071
4916.42934639
4916.48759096
4916.54618296
4916.61496545
4916.67298986
4916.72997735
4916.79872400
4916.85764075
4916.92726926
4916.98474095
4917.04338561
4917.09987914
4917.17971692
4917.23888894
4917.29672879
4917.35414782
4917.41138521
4917.46889421
4917.53825526
4917.59552459
4917.65406051
4917.71078103
4917.78129213
4917.83824207
4917.89728267
4917.95499135
4918.03447219
4918.08153469
4918.14086494
4918.19702592
4918.25479945
4918.31370571
4918.37261783
4918.43051619
4918.48672056
4918.54470767
4918.61369204
4918.71432601
4918.77228094
4918.83025341
4918.88790040
4918.96783303
4919.02709477
4919.08486269
4919.14301802
4919.19991823
4919.25861628
4919.31560011
4919.37506275
4919.43340801
4919.49115326
4919.55394999
4919.61747595
4919.67651607
4919.74244990
4919.81118533
4919.86912685
4919.92858851
4919.98748015
4920.04445911
4920.10133883
4920.16107649
4920.21774312
4920.27487275
4920.33408134
4920.39227227
4920.45034349
4920.50827623
4920.57582114
4920.64572345
4920.70365985
4920.76105523
4920.82248394
4920.87797932
4920.94539307
4921.00436370
4921.06239445
4921.11956260
4921.18004923
4921.23475125
4921.29243287
4921.35130817
4921.43019899
4921.48870932
4921.54751562
4921.60652697
4921.66287714
4921.73087408
4921.78990493
4921.84766749
4921.90591888
4921.96413517
4922.03143116
4922.09080603
4922.14801026
4922.20618607
4922.26450232
4922.32197085
4922.37970610
4922.44837668
4922.50615752
4922.56495603
4922.62152270
4922.68071130
4922.73822346
4922.79641171
4922.85448147
4922.91278675
4922.97047982
4923.02932026
4923.09639048
4923.16563669
4923.22324029
4923.28184082
4923.34971268
4923.40760543
4923.46701736
4923.52414870
4923.58158162
4923.64114325
4923.69848792
4923.75602252
4923.81416761
4923.87220908
4923.92930336
4923.98719758
4924.04624208
4924.10444837
4924.16243743
4924.22976609
4924.29950772
4924.35648156
4924.41488850
4924.47303555
4924.53108531
4924.58869939
4924.64627861
4924.70475357
4924.76273970
4924.82030502
4924.88003951
4924.93697677
4924.99554804
4925.05233975
4925.11056091
4925.17943874
4925.23876996
4925.29542733
4925.35500700
4925.42160423
4925.47893671
4925.53830548
4925.59708546
4925.65388814
4925.71204469
4925.76929525
4925.82695443
4925.90731225
4925.95483872
4926.01336782
4926.07160020
4926.13945646
4926.19886424
4926.25448128
4926.31321029
4926.37150655
4926.42868738
4926.49744329
4926.55588315
4926.61335826
4926.67288380
4926.73012022
4926.78650014
4926.84529010
4926.90277570
4926.96106415
4927.02924419
4927.08754703
4927.14548683
4927.20494972
4927.26283320
4927.31983483
4927.38079300
4927.43783339
4927.49473433
4927.55136366
4927.63047050
4927.68953378
4927.74649884
4927.80600658
4927.86196154
4927.92194471
4927.98959739
4928.04661267
4928.10437645
4928.16328467
4928.22223872
4928.27926839
4928.33838360
4928.39584237
4928.45270625
4928.51223593
4928.57104175
4928.62929436
4928.69568143
4928.78511335
4928.84526085
4928.90168245
4928.95970004
4929.01828301
4929.07668484
4929.13449031
4929.19163603
4929.27265140
4929.31893079
4929.37656023
4929.43403265
4929.49308008
4929.55051252
4929.61954395
4929.67874351
4929.73611037
4929.79376931
4929.86174187
4929.96216519
4930.02053045
4930.07802457
4930.13720488
4930.19601240
4930.25221507
4930.32169461
4930.39072140
4930.44933193
4930.50780665
4930.56390180
4930.62209760
4930.68132667
4930.73962854
4930.79659871
4930.86474901
4930.92399905
4930.99105293
4931.06060318
4931.11827309
4931.17770477
4931.23514232
4931.29265571
4931.35114555
4931.40919483
4931.46699322
4931.52419770
4931.58151287
4931.64001124
4931.69888630
4931.76740109
4931.82731917
4931.88826173
4931.94944932
4932.00997643
4932.07067713
4932.13371865
4932.19322322
4932.25465828
4932.31413018
4932.37644637
4932.43703931
4932.49659118
4932.55779047
4932.61912606
4932.67937547
4932.74155219
4932.80231482
4932.86315035
4932.92481288
4932.98483458
4933.04590611
4933.10699008
4933.16795776
4933.22855094
4933.28984776
4933.35111824
4933.41191964
4933.47179310
4933.53233484
4933.59409392
4933.65581472
4933.71648982
4933.77580374
4933.83658977
4933.89833081
4933.96065894
4934.02092981
4934.08184140
4934.14325086
4934.20323623
4934.26497019
4934.32500847
4934.38614998
4934.44729563
4934.50899863
4934.56977589
4934.63086157
4934.69090643
4934.75065896
4934.81246314
4934.87431852
4934.93456038
4934.99689850
4935.05633676
4935.11606393
4935.18007264
4935.23985418
4935.30216476
4935.36264774
4935.42191070
4935.51667375
4935.57582017
4935.63770847
4935.69763776
4935.75866346
4935.85451731
4935.91421035
4935.97513804
4936.03799450
4936.09722309
4936.16036408
4936.21948246
4936.28079658
4936.34132491
4936.40307790
4936.46452417
4936.52359257
4936.59419485
4936.65578765
4936.71741410
4936.77749163
4936.83763157
4936.89924485
4936.99188115
4937.04219607
4937.10501523
4937.16745673
4937.22593950
4937.32001086
4937.36927496
4937.43181691
4937.49241839
4937.55431546
4937.61347870
4937.67599652
4937.73672672
4937.79699905
4937.85804450
4937.91907166
4937.97908068
4938.04166261
4938.10224775
4938.16328808
4938.22561743
4938.28364184
4938.34585074
4938.40621304
4938.46695763
4938.52692666
4938.58777609
4938.65032218
4938.71070203
4938.77195155
4938.83220803
4938.89470268
4938.95411412
4939.01658049
4939.07760254
4939.13750598
4939.19765738
4939.25840441
4939.32190989
4939.38276152
4939.44377673
4939.50181626
4939.56366384
4939.62454252
4939.68638669
4939.74550336
4939.80732437
4939.86831740
4939.92995604
4939.99253163
4940.05193600
4940.11300340
4940.17351880
4940.23520498
4940.29657177
4940.35581596
4940.41566601
4940.47670659
4940.53961498
4940.60041272
4940.66187216
4940.72167003
4940.78401426
4940.84444652
4940.90521671
4940.96534325
4941.02579331
4941.08580745
4941.14934755
4941.21060780
4941.27014748
4941.33202749
4941.39294445
4941.45358445
4941.51441876
4941.57509508
4941.63630169
4941.69687927
4941.75690730
4941.81940951
4941.87828237
4941.94142921
4942.00245955
4942.06324339
4942.12381658
4942.18512095
4942.24506926
4942.30612910
4942.36776456
4942.42820707
4942.48895678
4942.58322807
4942.63337915
4942.69489783
4942.75663350
4942.81595083
4942.87647063
4942.93740149
4943.00001122
4943.05992636
4943.12104057
4943.18285962
4943.24162643
4943.30513045
4943.36585895
4943.42509704
4943.48648675
4943.54562829
4943.60861227
4943.66941220
4943.73016069
4943.79140850
4943.85181322
4943.91444977
4943.97340748
4944.03426300
4944.09564150
4944.15681056
4944.21811834
4944.27925742
4944.33948879
4944.40045987
4944.46025336
4944.52196929
4944.58377883
4944.64494887
4944.70467434
4944.76589045
4944.82677864
4944.88667892
4944.94772193
4945.00962973
4945.06961632
4945.13109039
4945.19344533
4945.25410288
4945.31423112
4945.37457464
4945.43726971
4945.49751985
4945.55827907
4945.61945495
4945.68025172
4945.74154951
4945.80187085
4945.86249353
4945.92343487
4945.99677904
4946.05677001
4946.11749461
4946.17887871
4946.23845472
4946.29990026
4946.36158254
4946.42402623
4946.48473791
4946.54403427
4946.60463964
4946.66614004
4946.72748294
4946.78797640
4946.84897870
4946.90995515
4946.97145798
4947.03319731
4947.09316098
4947.15329483
4947.21400406
4947.27435100
4947.33643288
4947.39869079
4947.45754001
4947.51836896
4947.57880366
4947.64170255
4947.70160112
4947.76267973
4947.89994653
4947.97179761
4948.03277625
4948.09408550
4948.15396774
4948.21483960
4948.27620127
4948.33863911
4948.39939808
4948.45942075
4948.52020971
4948.58188078
4948.64279140
4948.70352185
4948.76505662
4948.82478794
4948.88624811
4948.94684495
4949.00809934
4949.06821052
4949.12892731
4949.19086998
4949.25251008
4949.31300939
4949.37322516
4949.43509347
4949.49489012
4949.55752960
4949.61649218
4949.67849020
4949.73774706
4949.79877910
4949.86109772
4949.92195081
4949.98418678
4950.04452396
4950.10520881
4950.16392857
4950.22700470
4950.28823301
4950.34886179
4950.40946448
4950.47073545
4950.53131571
4950.59252354
4950.65307235
4950.71419728
4950.77413754
4950.83679994
4950.89715809
4950.95804018
4951.01694035
4951.07967296
4951.14171949
4951.20158442
4951.26180555
4951.32300314
4951.38462349
4951.44640012
4951.50583765
4951.56732293
4951.62717615
4951.68917733
4951.75090203
4951.81091300
4951.87217983
4951.93320553
4951.99386893
4952.06975919
4952.12885417
4952.19095043
4952.25077245
4952.31162797
4952.37465364
4952.43546966
4952.52617061
4952.57843600
4952.63926348
4952.69996443
4952.75998832
4952.82038450
4952.88104961
4952.99888994
4953.06024673
4953.11827675
4953.18158231
4953.24033692
4953.30308441
4953.36395383
4953.42374439
4953.48624367
4953.54680345
4953.60561854
4953.66855302
4953.72815000
4953.79043205
4953.84954970
4953.91172106
4953.97261144
4954.03333921
4954.09441465
4954.15515924
4954.21586189
4954.27877053
4954.33733010
4954.39973478
4954.45963457
4954.52010975
4954.58231330
4954.64338093
4954.70319783
4954.76378760
4954.82553960
4954.88731624
4954.94780141
4955.00840289
4955.06918088
4955.13069298
4955.19088704
4955.25208268
4955.31291114
4955.37401291
4955.43550672
4955.52838001
4955.58898855
4955.64996671
4955.71139250
4955.77273930
4955.86527881
4955.92797265
4955.98660049
4956.04913732
4956.10995846
4956.17120700
4956.23188698
4956.29199328
4956.36348108
4956.42451507
4956.48653185
4956.54798227
4956.60954143
4956.67074218
4956.72925592
4956.79111301
4956.85236252
4956.91357596
4957.00473575
4957.05692093
4957.11767356
4957.17838670
4957.23839084
4957.29922637
4957.36086403
4957.42191362
4957.48453823
4957.54379119
4957.61489085
4957.68366285
4957.74687650
4957.80738045
4957.86727487
4957.92780174
4957.99159809
4958.05484514
4958.11537225
4958.17504432
4958.23641647
4958.29644767
4958.35867633
4958.41874069
4958.48077503
4958.54021475
4958.67838902
4958.73979335
4958.79967364
4958.85995743
4958.92150025
4958.98265005
4959.04254228
4959.10559867
4959.16519199
4959.22522416
4959.28698397
4959.34885399
4959.41029441
4959.47044069
4959.53111701
