10349.71976457
10349.78246434
10349.84485715
10349.90996967
10349.97412620
10350.03680427
10350.10109734
10350.16396997
10350.22758305
10350.29054004
10350.35613798
10350.42879079
10350.49261818
10350.55576071
10350.62086127
10350.68396138
10350.74653998
10350.80936141
10350.87479989
10350.93779175
10351.01381522
10351.07501532
10351.13816712
10351.20071451
10351.26449923
10351.39438438
10351.46682752
10351.53338070
10351.59675485
10351.69075586
10351.74419575
10351.80577960
10351.87216602
10351.93409681
10351.99752875
10352.06367842
10352.12436628
10352.18922596
10352.25167290
10352.31540228
10352.37986235
10352.45342750
10352.51766620
10352.58156551
10352.64362260
10352.70689898
10352.80335175
10352.85537632
10352.91978202
10352.98372937
10353.04653276
10353.12049361
10353.18333016
10353.24718120
10353.31320068
10353.37433446
10353.43804043
10353.50291645
10353.56603240
10353.63098278
10353.69238183
10353.75395325
10353.81844844
10353.91462740
10353.96810605
10354.03108864
10354.09648641
10354.15925811
10354.22173406
10354.28660301
10354.35068542
10354.41315431
10354.48837589
10354.55007873
10354.61334243
10354.67821235
10354.74133806
10354.80428968
10354.86855666
10354.93151999
10355.02619929
10355.08150748
10355.14265419
10355.20844351
10355.26997105
10355.33284466
10355.39752294
10355.47101738
10355.53520512
10355.59846127
10355.66106449
10355.72515227
10355.78810390
10355.85304208
10355.91470445
10355.97876248
10356.04499310
10356.13859330
10356.19234696
10356.25450036
10356.31866226
10356.38395762
10356.45594776
10356.52051877
10356.58529775
10356.64835494
10356.71014531
10356.77403316
10356.85308109
10356.91641916
10356.98206561
10357.04925538
10357.12383941
10357.19040527
10357.28808293
10357.34468819
10357.40943109
10357.48538313
10357.55216500
10357.61573908
10357.68294591
10357.75860050
10357.82297866
10357.90222042
10357.96564504
10358.03255662
10358.09714202
10358.16310932
10358.22891401
10358.29486669
10358.36095809
10358.42727917
10358.49121188
10358.56718635
10358.63432200
10358.70992076
10358.77495769
10358.84052003
10358.91743048
10358.98447494
10359.04924075
10359.11377105
10359.17918881
10359.25431750
10359.32249153
10359.38865705
10359.45200487
10359.52878537
10359.60623904
10359.67040630
10359.74733601
10359.81427003
10359.88998265
10359.95613500
10360.02093276
10360.08558154
10360.15167295
10360.21785993
10360.28259965
10360.34976138
10360.44623439
10360.50332800
10360.56814160
10360.63397432
10360.70965013
10360.77363356
10360.84143870
10360.91677975
10360.98321322
10361.05928181
10361.12376382
10361.19050157
10361.25662492
10361.32175864
10361.39879734
10361.46221610
10361.52810832
10361.59295629
10361.65879438
10361.72607875
10361.80199812
10361.87982456
10361.94461915
10362.00920040
10362.07590913
10362.14093655
10362.20765699
10362.27168869
10362.33827454
10362.40297623
10362.46767354
10362.53428377
10362.59914589
10362.66681474
10362.73062628
10362.79691322
10362.87499372
10362.93921633
10363.00527214
10363.06928287
10363.13640608
10363.20011961
10363.26609155
10363.34369613
10363.40759447
10363.48528829
10363.55088769
10363.61668676
10363.68386751
10363.74645562
10363.81408083
10363.87743596
10363.95629275
10364.02191287
10364.08682692
10364.15171025
10364.21642340
10364.28517136
10364.34686200
10364.41451818
10364.47968384
10364.54453157
10364.61156457
10364.67525835
10364.74129441
10364.80699914
10364.87289135
10364.93953962
10365.01693111
10365.08008047
10365.14673385
10365.21157037
10365.28864711
10365.35319495
10365.41917908
10365.48448152
10365.56325224
10365.63778239
10365.70260623
10365.77075100
10365.83449379
10365.90022655
10365.96569136
10366.04174190
10366.10756463
10366.17355705
10366.23926129
10366.30424970
10366.37124637
10366.44800859
10366.51150293
10366.58840656
10366.65511627
10366.71994572
10366.78700651
10366.85136663
10366.91723105
10366.98186886
10367.04912055
10367.12526277
10367.19189982
10367.25553045
10367.32113717
10367.38778397
10367.45292330
10367.51762987
10367.58501761
10367.65986763
10367.72593344
10367.79040960
10367.85731826
10367.93404464
10367.99838476
10368.06407144
10368.12993976
10368.19583880
10368.26189827
10368.32565228
10368.39319898
10368.45734186
10368.52416348
10368.58939936
10368.65509311
10368.73129066
10368.79648388
10368.86187628
10368.92788699
10368.99414248
10369.06012709
10369.12446868
10369.20123797
10369.26620980
10369.33181749
10369.39793596
10369.46412342
10369.53098307
10369.59572695
10369.66139997
10369.72522639
10369.79218771
10369.85850293
10369.92334603
10369.98825033
10370.05426567
10370.12023176
10370.18615371
10370.26081698
10370.32650098
10370.39351983
10370.45843852
10370.52300246
10370.58907923
10370.65555732
10370.71970435
10370.78669273
10370.85121620
10370.91818020
10370.98354237
10371.04739414
10371.11298964
10371.17988927
10371.27687671
10371.35593537
10371.41859272
10371.48646150
10371.55054952
10371.61677844
10371.68226008
10371.74769490
10371.81321336
10371.87771269
10371.94521307
10372.00893708
10372.07721132
10372.14069591
10372.20622460
10372.27195883
10372.34779920
10372.41412296
10372.47961143
10372.54670806
10372.61054666
10372.67655444
10372.75296753
10372.81776796
10372.88579375
10372.95021189
10373.01440719
10373.08215480
10373.14700400
10373.21289450
10373.27866725
10373.35339415
10373.41943265
10373.48535265
10373.55059316
10373.61453953
10373.68149646
10373.74868574
10373.81237148
10373.88141932
10373.94409593
10374.01078053
10374.07698214
10374.14198639
10374.20736173
10374.27454126
10374.34895657
10374.41494679
10374.47965994
10374.55749736
10374.62147982
10374.68784965
10374.78486269
10374.85139198
10374.91607417
10374.98328539
10375.04852322
10375.11300280
10375.18117488
10375.24728384
10375.31210914
10375.37614133
10375.49690069
10375.56298527
10375.62792736
10375.69274706
10375.75955209
10375.82412432
10375.89101884
10375.95467483
10376.02124166
10376.08679523
10376.15117143
10376.21709144
10376.28206474
10376.34977918
10376.41536176
10376.49127552
10376.55624540
10376.62125990
10376.68929179
10376.75182187
10376.82062005
10376.88460664
10376.95018629
10377.01515935
10377.08092624
10377.14543289
10377.21364519
10377.27767787
10377.34452411
10377.40968246
10377.50664162
10377.58307591
10377.64792950
10377.71585825
10377.77992482
10377.84587823
10377.94401084
10377.99987054
10378.06667606
10378.12996268
10378.19631033
10378.26198824
10378.32737333
10378.39298955
10378.45837781
10378.52328406
10378.59983489
10378.66549500
10378.73017450
10378.79715216
10378.86280641
10378.92807569
10378.99429705
10379.05975211
10379.12557094
10379.19059617
10379.25713277
10379.32193516
10379.38783395
10379.45275312
10379.51840933
10379.58448123
10379.66039402
10379.72578130
10379.79176104
10379.85666388
10379.92345380
10380.00002706
10380.06521857
10380.13170226
10380.20549659
10380.27103406
10380.33799343
10380.40441056
10380.46970739
10380.53472750
10380.60149889
10380.67536173
10380.74230403
10380.80872458
10380.87332704
10380.93897642
10381.00294912
10381.07058774
10381.13695221
10381.20127551
10381.26692587
10381.33123332
10381.39768605
10381.46434310
10381.52897213
10381.59504915
10381.66065782
10381.73755486
10381.80184939
10381.86956993
10381.93439573
10381.99757702
10382.07615172
10382.14034604
10382.20574162
10382.27301404
10382.33678023
10382.40285823
10382.46868413
10382.53828493
10382.59886819
10382.65770065
10382.71958317
10382.78080912
10382.84504757
10382.90590950
10382.96836571
10383.02994810
10383.09271322
10383.15209937
10383.21562785
10383.27675725
10383.33830819
10383.40053424
10383.46256548
10383.52457698
10383.58585412
10383.64792755
10383.70951676
10383.77120156
10383.83329814
10383.89432709
10383.96856442
10384.02830531
10384.09295190
10384.15330842
10384.21509293
10384.27666777
10384.34061609
10384.40182862
10384.46230168
10384.52524794
10384.58832001
10384.64888304
10384.71031695
10384.78405885
10384.84492762
10384.90708028
10384.96898133
10385.03086093
10385.09371503
10385.15466400
10385.21490032
10385.27913146
10385.33922296
10385.40182935
10385.46390595
10385.52560902
10385.58883177
10385.64884451
10385.71187196
10385.77300599
10385.83629481
10385.89728377
10385.95949324
10386.01977149
10386.08327291
10386.14597853
10386.20766015
10386.26739983
10386.32927894
10386.39365222
10386.45484452
10386.51624381
10386.57894870
10386.64268125
10386.70131184
10386.76398845
10386.82631202
10386.88745166
10386.94913231
10387.01064838
10387.07243801
10387.13452265
10387.19629522
10387.26092718
10387.32286505
10387.38370699
10387.44408716
10387.50724480
10387.57057555
10387.66385782
10387.71349793
10387.77528707
10387.83865952
10387.90062371
10387.96256036
10388.02470327
10388.08516097
10388.14921852
10388.21087186
10388.27136345
10388.33191989
10388.39592111
10388.45708464
10388.51910638
10388.58055395
10388.64567158
10388.70370849
10388.76578070
10388.82767468
10388.88981222
10388.95243836
10389.01438550
10389.07578722
10389.13897559
10389.19897566
10389.26096277
10389.32445517
10389.38539951
10389.44718207
10389.50809326
10389.57283030
10389.63310880
10389.70481807
10389.76819173
10389.82877231
10389.89081696
10389.95143289
10390.04788200
10390.11048474
10390.17215588
10390.23328308
10390.29640001
10390.35670093
10390.41862466
10390.48024411
10390.54232217
10390.60489687
10390.66625032
10390.72793584
10390.78970426
10390.85360797
10390.91396985
10390.97705167
10391.03768759
10391.10048513
10391.16089212
10391.22215683
10391.28493901
10391.34534477
10391.40922410
10391.47049173
10391.53181300
10391.59468637
10391.66739281
10391.72782784
10391.78985884
10391.88564844
10391.94668763
10392.04121210
10392.09430188
10392.15421564
10392.21590360
10392.27688671
10392.34018308
10392.40166551
10392.46387913
10392.52476471
10392.58769098
10392.64864093
10392.75501285
10392.81687781
10392.87860600
10392.94148985
10393.00239738
10393.06471193
10393.12710085
10393.18863862
10393.24861894
10393.31227810
10393.37402141
10393.43504865
10393.49665932
10393.55814980
10393.62016861
10393.68321995
10393.74451611
10393.80659880
10393.89990009
10393.95291989
10394.01313548
10394.07527230
10394.13699586
10394.20142278
10394.26160594
10394.32369497
10394.38425385
10394.44778453
10394.50826002
10394.57078840
10394.63384657
10394.69530535
10394.75554508
10394.81809832
10394.88001059
10394.94303414
10395.00342382
10395.06453029
10395.12843351
10395.18917963
10395.25256354
10395.31497854
10395.37569077
10395.43650590
10395.49859346
10395.56171722
10395.62286465
10395.69501180
10395.75654421
10395.81971966
10395.88189500
10395.94241389
10396.00613912
10396.06602558
10396.12939753
10396.18983304
10396.25138179
10396.31429611
10396.37589874
10396.43752088
10396.49987907
10396.56049232
10396.62237313
10396.68453141
10396.74853800
10396.80902008
10396.87034525
10396.93376621
10396.99392085
10397.05642484
10397.11856068
10397.18050757
10397.24070756
10397.30335833
10397.36649720
10397.42859160
10397.48849731
10397.55132947
10397.61396097
10397.67482145
10397.73659108
10397.79938887
10397.86128334
10397.92367542
10397.98322590
10398.04624506
10398.10875491
10398.20130087
10398.26293958
10398.32660338
10398.38856928
10398.44946291
10398.51259764
10398.57366486
10398.63771046
10398.69744819
10398.75948846
10398.82191809
10398.88236823
10398.94670104
10399.00749202
10399.06847513
10399.13130144
10399.19276705
10399.25438479
10399.31488906
10399.38876945
10399.45145094
10399.51266737
10399.57397962
10399.64795948
10399.70892870
10399.77097116
10399.83329107
10399.89553687
10399.95621692
10400.01739045
10400.07924127
10400.14120425
10400.20416758
10400.26519116
10400.32820716
10400.39080575
10400.45203047
10400.51349730
10400.57539079
10400.63857721
10400.70032612
10400.76223765
10400.82296769
10400.88497699
10400.94762556
10401.00862793
10401.06964834
10401.13153574
10401.19375423
10401.25644864
10401.31847745
10401.38055307
10401.44116997
10401.50374638
10401.57568092
10401.63797670
10401.70047631
10401.76138286
10401.82421989
10401.88493359
10401.94686415
10402.00826758
10402.07009013
10402.13386656
10402.19406314
10402.25684044
10402.31893776
10402.38358435
10402.44316946
10402.50353987
10402.56676359
10402.62838548
10402.69046622
10402.75121210
10402.81379435
10402.87653240
10402.93665803
10402.99888018
10403.06141294
10403.12263499
10403.18321118
10403.24725093
10403.30964252
10403.37106619
10403.43231774
10403.49476785
10403.55687321
10403.61797115
10403.68022402
10403.74186420
10403.80417972
10403.86585476
10403.92759953
10403.99035368
10404.05124365
10404.11405996
10404.17541195
10404.23551978
10404.32975608
10404.38088782
10404.44380556
10404.50554789
10404.56666533
10404.63023648
10404.69314861
10404.75270348
10404.81517163
10404.87718752
10404.93951646
10405.00080335
10405.07442921
10405.13527383
10405.19677211
10405.25869120
10405.32139487
10405.38294191
10405.44571263
10405.50761198
10405.56931725
10405.63021356
10405.69306547
10405.75459544
10405.81596767
10405.87790286
10405.93935749
10406.00224524
10406.06433305
10406.12607173
10406.18649163
10406.25061818
10406.31090375
10406.37264632
10406.43557284
10406.49601640
10406.55749834
10406.61971220
10406.71535308
10406.77657634
10406.83823212
10406.90132345
10406.96165388
10407.02336939
10407.08433665
10407.14804872
10407.20984883
10407.27343778
10407.33222709
10407.39334380
10407.45445101
10407.51650810
10407.57600543
10407.63782993
10407.69686232
10407.75876117
10407.82025677
10407.88053137
10407.94094104
10407.99967208
10408.06187131
10408.12293438
10408.18325921
10408.25344564
10408.31460234
10408.37435714
10408.43441011
10408.49765650
10408.55827390
10408.61916241
10408.67801974
10408.73917985
10408.79969826
10408.86202110
10408.92124561
10408.98146511
10409.04238580
10409.10291908
10409.16229671
10409.22338733
10409.28517916
10409.34659405
10409.40611577
10409.46621043
10409.52902382
10409.58974215
10409.64863264
10409.70947800
10409.77034213
10409.82993967
10409.89252631
10409.95273484
10410.01257082
10410.07328720
10410.13372783
10410.19441837
10410.25547121
10410.31591818
10410.37796308
10410.43603534
10410.49728664
10410.55723941
10410.61990408
10410.68080039
10410.73971721
10410.80065253
10410.85209098
10410.91423194
10410.97502415
10411.03473482
10411.09478291
10411.15752633
10411.21690541
10411.27724828
10411.33886675
10411.39799545
10411.45986578
10411.51898740
10411.58015824
10411.64247499
10411.70217151
10411.76337308
10411.82484770
10411.88356582
10411.97629172
10412.03834344
10412.09932094
10412.16028893
10412.21980626
10412.38808898
10412.44977645
10412.50963389
10412.56975294
10412.66366618
10412.72540047
10412.78425415
10412.84654675
10412.90619427
10412.96577743
10413.02679174
10413.08781923
10413.14975709
10413.21167204
10413.27061861
10413.33097708
10413.39022524
10413.45274532
10413.51210563
10413.57343861
10413.63462895
10413.69482383
10413.75581986
10413.81668228
10413.87779046
10413.93782491
10413.99946923
10414.05983086
10414.11925725
10414.17941969
10414.26249951
10414.32570031
10414.38349463
10414.44401426
10414.50534918
10414.57481199
10414.63915650
10414.69695155
10414.75883164
10414.81794375
10414.87813813
10414.94027934
10415.00039326
10415.06173160
10415.12197256
10415.18251339
10415.24336289
10415.30345512
10415.36442238
10415.42605086
10415.48538410
10415.54622946
10415.60695121
10415.66797430
10415.72967908
10415.78955261
10415.85054840
10415.90947595
10415.97022256
10416.04315941
10416.10295907
10416.16309543
10416.22314133
10416.28460377
10416.34521336
10416.40701299
10416.46705743
10416.52692828
10416.58723676
10416.64819769
10416.71034499
10416.77032067
10416.83021054
10416.89189387
10416.95168743
10417.01147709
10417.07332426
10417.13634757
10417.19499205
10417.25494677
10417.31566803
10417.37662383
10417.43709470
10417.49843352
10417.55889829
10417.62062429
10417.67913346
10417.73969405
10417.80153585
10417.86095809
10417.93400563
10417.99389818
10418.05335236
10418.11447249
10418.17575036
10418.23662424
10418.29739646
10418.35780832
10418.41981786
10418.47869300
10418.53943741
10418.60110538
10418.66134414
10418.72103238
10418.78102464
10418.84531235
10418.90363525
10418.96420071
10419.02405303
10419.08367934
10419.14560063
10419.23959555
10419.29962049
10419.36090299
10419.41999170
10419.48098529
10419.54268130
10419.60483274
10419.66340141
10419.72422775
10419.78506408
10419.84505171
10419.90563546
10419.96789882
10420.02729789
10420.08748106
10420.14933408
10420.20996562
10420.26997544
10420.33150761
10420.39168370
10420.45179129
10420.51172675
10420.57162881
10420.63620640
10420.69567228
10420.75665734
10420.81651210
10420.87666821
10420.93733461
10420.99680902
10421.05901581
10421.11864699
10421.18020452
10421.24077583
10421.30109797
10421.36296733
10421.42158500
10421.49460498
10421.55367272
10421.61554135
10421.67629235
10421.73706993
10421.79814081
10421.85768373
10421.91785276
10421.97933275
10422.03945131
10422.11187543
10422.17180601
10422.23169783
10422.29230230
10422.35408852
10422.41538906
10422.47537036
10422.53518538
10422.59577351
10422.65624267
10422.72858145
10422.79018579
10422.85100311
10422.91105632
10422.97232713
10423.03185250
10423.09212003
10423.15206036
10423.21418523
10423.27464049
10423.33356731
10423.39524942
10423.45611355
10423.51733462
10423.57732274
10423.63834705
10423.70078399
10423.75850591
10423.82066418
10423.88044360
10423.95277994
10424.01211295
10424.07256723
10424.13280575
10424.19544066
10424.25532760
10424.31669447
10424.37677475
10424.43722977
10424.49806147
10424.55894974
10424.61940451
10424.67976371
10424.73975646
10424.80104604
10424.86065650
10424.92317317
10424.98513566
10425.04483146
10425.10700801
10425.16370909
10425.22432137
10425.28560583
10425.34660503
10425.40735481
10425.46818115
10425.52769725
10425.59036606
10425.64988631
10425.71143774
10425.77150217
10425.83350538
10425.89171296
10425.95380126
10426.01360530
10426.07565776
10426.13453484
10426.19514956
10426.25589934
10426.31761729
10426.37759688
10426.43853439
10426.49816265
10426.56216242
10426.63123537
10426.69290358
10426.75299752
10426.81390456
10426.87356500
10426.93555431
10426.99473493
10427.05681713
10427.11579393
10427.17784273
10427.24841755
10427.31066238
10427.37150725
10427.42951295
10427.49178508
10427.55137019
10427.61229941
10427.67260985
10427.73275645
10427.79364423
10427.85347924
10427.91528008
10427.97507657
10428.03718023
10428.09733024
10428.15846036
10428.21873935
10428.27859435
10428.33943288
10428.40062615
10428.47331651
10428.53175107
10428.59382669
10428.65520721
10428.71479914
10428.77449030
10428.83533590
10428.89681785
10428.95705734
10429.01736899
10429.07744830
10429.14137321
10429.19927993
10429.26080893
10429.32155237
10429.38215855
10429.44290785
10429.50447025
10429.56414507
10429.62445478
10429.68425541
10429.74487573
10429.80671681
10429.86732152
10429.92772363
10429.98873502
10430.04778472
10430.10917085
10430.16855798
10430.23088204
10430.29176860
10430.35249717
10430.41378090
10430.47225106
10430.53496863
10430.59518130
10430.65695654
10430.71657578
10430.77537387
10430.83809656
10430.89728791
10430.95977825
10431.01923779
10431.07895455
10431.13926889
10431.20035172
10431.26090621
10431.32178814
10431.39393626
10431.45343579
10431.51528710
10431.57409226
10431.64796802
10431.70808170
10431.76856939
10431.82709173
10431.91035903
10431.97083989
10432.03330585
10432.09395226
10432.15363757
10432.21566272
10432.27453955
10432.33655983
10432.39620442
10432.45681426
10432.52006309
10432.58548304
10432.64754672
10432.71110396
10432.77601094
10432.83827332
10432.90277948
10432.96787468
10433.03032771
10433.09378037
10433.15575749
10433.22084147
10433.28414614
10433.34894218
10433.42382634
10433.49729566
10433.55982769
10433.62654106
10433.68906114
10433.75142080
10433.81569192
10433.87897001
10433.94212717
10434.00637513
10434.10260140
10434.15661009
10434.22045699
10434.28300706
10434.34612887
10434.42059196
10434.48447640
10434.54762137
10434.61222139
10434.67553581
10434.74112155
10434.80237334
10434.86509871
10434.93097556
10434.99320454
10435.05797499
10435.12168681
10435.18476302
10435.24882106
10435.31170954
10435.37747058
10435.45032649
10435.51384570
10435.57787204
10435.64223289
10435.70548464
10435.76885391
10435.83321354
10435.89756634
10435.95985676
10436.02268892
10436.08834317
10436.15141817
10436.21502515
10436.27887376
10436.34275478
10436.41656349
10436.48065371
10436.54524959
10436.60707189
10436.67040045
10436.73444873
10436.79902705
10436.86229807
10436.92589165
10436.98803797
10437.05301785
10437.11616160
10437.17971202
10437.24345579
10437.30908298
10437.37158331
10437.44431829
10437.50952686
10437.57334620
10437.64715662
10437.71182832
10437.77592000
10437.83928245
10437.90158579
10437.96538953
10438.02928055
10438.09282098
10438.15673931
10438.22089804
10438.28373605
10438.34748883
10438.41292488
10438.48463780
10438.55073214
10438.61368206
10438.67768670
10438.74059883
10438.80273150
10438.86895066
10438.93121108
10438.99703089
10439.05716408
10439.12319575
10439.18687417
10439.24999500
10439.31414642
10439.37830929
10439.45120103
10439.51518909
10439.57941048
10439.64448203
10439.70583743
10439.80251060
10439.86570702
10439.93032216
10439.99324989
10440.05796011
10440.12054676
10440.18634462
10440.24813449
10440.31187850
10440.37628664
10440.43927118
10440.51366431
10440.57739954
10440.67364506
10440.72838055
10440.79040960
10440.85426235
10440.91893722
10440.98176207
10441.04530128
10441.10805761
10441.17362142
10441.23549004
10441.29948420
10441.36372216
10441.42681179
10441.50114322
10441.56495915
10441.62961550
10441.69264490
10441.75789980
10441.82057665
10441.88303456
10441.94695874
10442.00932352
10442.07525986
10442.13930571
10442.20187846
10442.26493711
10442.32895785
10442.39336063
10442.45568956
10442.53056470
10442.59431480
10442.66057687
10442.72094680
10442.78614343
10442.84961217
10442.91177703
10442.97671619
10443.08307030
10443.14825864
10443.21040252
10443.27394124
10443.33796198
10443.40243302
10443.46519667
10443.54067158
10443.60469792
10443.66751618
10443.73102004
10443.79493447
10443.85911416
10443.92387656
10443.98671092
10444.04849372
10444.11336681
10444.17697672
10444.24237815
10444.30325666
10444.36710112
10444.43128301
10444.50768610
10444.57011646
10444.63382389
10444.69808356
10444.76745298
10444.82440470
10444.88857513
10444.95107084
10445.01491334
10445.07781645
10445.14393297
10445.20552243
10445.26926400
10445.33317624
10445.39734789
10445.46097974
10445.53518221
10445.60074430
10445.66314151
10445.72804312
10445.79012922
10445.85282461
10445.91753117
10445.98157677
10446.04529177
10446.11000199
10446.17435845
10446.23579090
10446.29941959
10446.36297001
10446.42621738
10446.49119214
10446.56488479
10446.63017748
10446.69387077
10446.75513865
10446.81979548
10446.88377916
10446.94772845
10447.00990086
10447.07400229
10447.13837362
10447.20209886
10447.26593527
10447.32915874
10447.39301564
10447.45634468
10447.53137610
10447.59494237
10447.65795519
10447.72163312
10447.78511479
10447.84787332
10447.91319502
10447.97721210
10448.03997355
10448.10289129
10448.16683522
10448.23281009
10448.29435639
10448.35827765
10448.42146748
10448.49775476
10448.56053986
10448.62592276
10448.68765046
10448.75143275
10448.81495172
10448.87747083
10448.94244802
10449.00599430
10449.06884377
10449.13392069
10449.19819474
10449.26086184
10449.32389977
10449.38927877
10449.45127369
10449.52704969
10449.59111480
10449.65498534
10449.71680496
10449.77941355
10449.84507683
10449.90935795
10449.97188218
10450.03482576
10450.09951209
10450.16367106
10450.25882115
10450.31348667
10450.37605795
10450.43965470
10450.51477974
10450.57659448
10450.64208294
10450.70398570
10450.76786892
10450.83091905
10450.89622856
10450.95946617
10451.02228931
10451.08701075
10451.14993897
10451.21335481
10451.27638885
10451.34186781
10451.40357186
10451.46747361
10451.53137951
10451.59449302
10451.65852522
10451.72254131
10451.78695751
10451.85090046
10451.91494289
10451.97754831
10452.04156514
10452.10532573
10452.16906242
10452.23160786
10452.29565419
10452.35977513
10452.42366567
10452.49736149
10452.56459539
10452.62651692
10452.68971504
10452.75289951
10452.81655550
10452.87891320
10452.94266891
10453.00644023
10453.06948914
10453.13460506
10453.19935576
10453.26119610
10453.32516563
10453.38979345
10453.46495043
10453.53959101
10453.60199066
10453.66731845
10453.76260142
10453.81540057
10453.87759298
10453.94342668
10454.00479500
10454.06858704
10454.13172079
10454.19583759
10454.25936948
10454.32450588
10454.38929047
10454.45138779
10454.51493041
10454.59074397
10454.65336377
10454.71644047
10454.77956934
10454.84525603
10454.90741771
10454.97100397
10455.03453465
10455.09824745
10455.16179129
10455.22646860
10455.29023382
10455.35471340
10455.41664541
10455.47997763
10455.54509818
10455.62005743
10455.68417008
10455.74557035
10455.80987292
10455.87481745
10455.93721099
10456.00070485
10456.06555503
10456.12992611
10456.19242230
10456.25611121
10456.31864226
10456.38318792
10456.44588428
10456.51108407
10456.58537333
10456.64769910
10456.71400432
10456.80869142
10456.86228027
10456.92594017
10456.98961054
10457.05162472
10457.11490842
10457.17880529
10457.24249640
10457.30716907
10457.36921056
10457.43426090
10457.49808926
10457.56120034
10457.62462862
10457.73195285
10457.79631394
10457.85942648
10457.92310661
10457.98585563
10458.05064900
10458.11547747
10458.18387995
10458.24896320
10458.31269819
10458.37639124
10458.44021497
10458.51959741
10458.58270288
10458.64602022
10458.72078808
10458.78596886
10458.84963972
10458.91326914
10458.97723770
10459.04090417
10459.10618442
10459.16985675
10459.23244388
10459.29721433
10459.36053606
10459.42598771
10459.48816280
10459.56485066
10459.62877801
10459.69148559
10459.76601865
10459.83101901
10459.89556857
10459.95966878
10460.02260627
10460.08655239
10460.15058239
10460.21385706
10460.27831129
10460.34330262
10460.40627229
10460.47037129
10460.53324368
10460.59858683
10460.66194806
10460.73845428
10460.80198373
10460.86492097
10460.92949272
10460.99402301
10461.05797596
10461.12285100
10461.18494491
10461.24894028
10461.31400281
10461.37750667
10461.44309558
10461.50445123
10461.58099524
10461.64427113
10461.71009508
10461.78411371
10461.84865936
10461.91216395
10461.97354130
10462.03913558
10462.10192093
10462.16850702
10462.23111732
10462.29515731
10462.35923338
10462.42414646
10462.48711564
10462.55177369
10462.61589097
10462.67927219
10462.74408360
10462.81735885
10462.89294323
10462.95664505
10463.02113731
10463.08555570
10463.14943331
10463.21210846
10463.27692986
10463.34089891
10463.40468558
10463.46829647
10463.53247568
10463.59670194
10463.66047374
10463.72525443
10463.80141322
10463.86676881
10463.92921770
10463.99200987
10464.05683128
10464.11961979
10464.18473182
10464.24737795
10464.31509532
10464.37639441
10464.44015914
10464.50448293
10464.56807772
10464.63266897
10464.69673285
10464.76028913
10464.83571381
10464.89888828
10464.96223366
10465.02718233
10465.09210686
10465.15510213
10465.21901827
10465.28329085
10465.34719675
10465.41124113
10465.47509022
10465.55008214
10465.61427427
10465.67716129
10465.74211483
10465.81539082
10465.88197204
10465.94378434
10466.01085513
10466.07262453
10466.13770876
10466.20018349
10466.26416058
10466.32846803
10466.39323726
10466.45672746
10466.52165273
10466.58452024
10466.65021594
10466.71204995
10466.77611993
10466.85271904
10466.91590618
10466.97824219
10467.04372968
10467.10687319
10467.17082687
10467.23542933
10467.30024951
10467.36336523
10467.42848944
10467.49225515
10467.55611057
10467.61984873
10467.68367588
10467.74719997
10467.82289552
10467.88812360
10467.94970940
10468.01381279
10468.07747146
10468.14241404
10468.20681609
10468.27090752
10468.33476490
10468.39822146
10468.46358387
10468.52746051
10468.62387720
10468.68829144
10468.75099706
10468.81467621
10468.88976663
10468.95376274
10469.01777494
10469.08178908
10469.14560185
10469.20967012
10469.27436913
10469.33730223
10469.40195174
10469.46591079
10469.53940523
10469.60454627
10469.66874327
10469.73291761
10469.79681302
10469.87057004
10469.93593880
10470.03137488
10470.08562226
10470.14830935
10470.21509001
10470.27703056
10470.34165398
10470.40417041
10470.46968326
10470.53403167
10470.59792294
10470.66395876
10470.75673487
10470.81021084
10470.87528312
10470.94890117
10471.01484459
10471.07803100
10471.14174770
10471.20677635
10471.27056156
10471.33414782
10471.39808176
10471.46173653
10471.53666774
10471.60058753
10471.66544307
10471.72983512
10471.79366641
10471.85629938
10471.92289986
10471.99582744
10472.05880491
10472.12420488
10472.18914648
10472.25279589
10472.31671227
10472.38116552
10472.44326552
10472.50893611
10472.57183922
10472.63798572
10472.69954666
10472.76244319
10472.82863382
10472.89147403
10472.95624521
10473.03142291
10473.09396591
10473.15840039
10473.22395955
10473.28737052
10473.35168187
10473.41586181
10473.47840774
10473.55336674
10473.61851899
10473.68290032
10473.74551598
10473.80949258
10473.87268436
10473.93830253
10474.01314133
10474.07780841
10474.14180963
10474.20333619
10474.26765242
10474.33161708
10474.39609568
10474.46078592
10474.52548736
10474.58773292
10474.65327746
10474.71688445
10474.78108072
10474.84531722
10474.90863066
10474.97249877
10475.03530216
10475.10096154
10475.16507613
10475.22901763
10475.29269483
10475.35737580
10475.42021527
10475.48498158
10475.54780325
10475.61127517
10475.67747287
10475.74011413
10475.80390129
10475.86700067
10475.93364504
10476.02915353
10476.08242470
10476.14551091
10476.20923395
10476.27353750
10476.32907122
10476.39286033
10476.45621278
10476.52323188
10476.58574880
10476.65032712
10476.71366445
10476.77866579
10476.84292521
10476.90795312
10476.98119424
10477.04493410
10477.10775163
10477.17169191
10477.23578529
10477.29939155
10477.36401839
10477.42910238
10477.50471430
10477.56871602
10477.63203799
10477.69581028
10477.75850956
10477.82369253
10477.88635890
10477.95258806
10478.02625244
10478.10120437
10478.16499592
10478.22919220
10478.29352452
10478.35620234
10478.42133997
10478.48564181
10478.55078260
10478.61182569
10478.67772936
10478.74049643
10478.80590224
10478.86973256
10478.93387349
10478.99630629
10479.07232684
10479.13530382
10479.20004428
10479.26390214
10479.32789069
10479.39312803
10479.45544795
10479.51995630
10479.58433787
10479.64935724
10479.71212016
10479.77656732
10479.84047638
10479.90388028
10479.96783738
10480.03144753
10480.10751879
10480.17106580
10480.23468937
10480.29926501
10480.36380043
10480.42732695
10480.49186920
10480.55498247
10480.61999965
10480.68255655
10480.74654583
10480.81025058
10480.87445856
10480.93864801
10481.00207019
10481.06711663
10481.14224849
10481.20599640
10481.26973358
10481.33563847
10481.39878124
10481.46229485
10481.52561512
10481.58998962
10481.65373997
10481.71808131
10481.78278373
10481.84610887
10481.90984142
10481.97346718
10482.02619904
