3452.77248744
3452.86866288
3452.97567905
3453.07047038
3453.16648003
3453.26253771
3453.35847275
3453.46294916
3453.55796480
3453.65499917
3453.74824793
3453.84599374
3453.94170448
3454.03664161
3454.13400732
3454.22737237
3454.32114458
3454.41755261
3454.51224300
3454.60834335
3454.70252564
3454.79928866
3454.89367137
3454.98970954
3455.09659601
3455.19128567
3455.28595461
3455.38168680
3455.47947260
3455.58540090
3455.68032340
3455.77571426
3455.87033858
3455.96740685
3456.07257885
3456.16921289
3456.26315503
3456.35821309
3456.45389335
3456.54975915
3456.65729659
3456.76283747
3456.86956473
3456.96470861
3457.06041325
3457.15587311
3457.25075587
3457.34642004
3457.44038315
3457.53691869
3457.64519097
3457.73951492
3457.83629574
3457.93199282
3458.06599502
3458.16275975
3458.26791907
3458.37517978
3458.50188916
3458.59753406
3458.69413690
3458.78848596
3458.89581080
3458.99098052
3459.08585036
3459.18072629
3459.33261093
3459.42657477
3459.53412098
3459.62900984
3459.72382019
3459.81950411
3459.92716394
3460.06567100
3460.16146439
3460.25562425
3460.35099171
3460.45919450
3460.55471506
3460.64949908
3460.74502379
3460.84048584
3460.93530351
3461.03193877
3461.12656967
3461.22264466
3461.31741893
3461.41232753
3461.51973087
3461.62637499
3461.72145109
3461.81594352
3461.91273896
3462.00870228
3462.10306817
3462.21007898
3462.30406379
3462.40098553
3462.49747792
3462.60307853
3462.69802078
3462.79292305
3462.88945347
3462.98441669
3463.08081424
3463.17494289
3463.26968546
3463.37735505
3463.47272518
3463.56835205
3463.66532279
3463.77027390
3463.86590930
3463.96107293
3464.05587450
3464.16324931
3464.25943012
3464.35470126
3464.44874654
3464.54344425
3464.65115528
3464.74744774
3464.85358840
3464.94811739
3465.04438231
3465.13972587
3465.24702632
3465.34290041
3465.43738844
3465.53327740
3465.62719687
3465.72294516
3465.83057646
3465.92536023
3466.02083740
3466.11673295
3466.21230179
3466.30794791
3466.40244351
3466.49924358
3466.59294704
3466.68895498
3466.78526987
3466.89200420
3466.99802222
3467.09235031
3467.18802619
3467.28473971
3467.38010253
3467.48593745
3467.58161113
3467.67649803
3467.77270785
3467.86872261
3467.99605224
3468.08087007
3468.17606295
3468.27175516
3468.36681127
3468.46293039
3468.55838756
3468.65385717
3468.74842761
3468.84390819
3468.99419758
3469.12321998
3469.19690694
3469.29218808
3469.38641134
3469.48286326
3469.57891191
3469.68504403
3469.81251458
3469.90714890
3470.00497054
3470.16543994
3470.25939281
3470.35599004
3470.45077796
3470.54557344
3470.64222138
3470.73776998
3470.84346763
3470.93878315
3471.03392484
3471.13009613
3471.22667215
3471.32149054
3471.41702964
3471.51188924
3471.60850402
3471.70327414
3471.84165296
3471.91594603
3472.01083366
3472.10676066
3472.20280249
3472.29856248
3472.39485665
3472.48970503
3472.58451831
3472.67859552
3472.78623292
3472.88243859
3472.97648923
3473.12712166
3473.22277925
3473.31733701
3473.41299801
3473.51993494
3473.61484867
3473.71106580
3473.80659392
3473.91343260
3474.00902143
3474.10383690
3474.19960152
3474.29444649
3474.39030156
3474.49696518
3474.59233629
3474.68747481
3474.78304926
3474.87921519
3474.97416792
3475.07999723
3475.17712694
3475.27124682
3475.36694098
3475.46430645
3475.59033511
3475.66312412
3475.76010754
3475.85563664
3475.95107309
3476.04672824
3476.15333530
3476.24854623
3476.39714114
3476.49266366
3476.58864185
3476.68345074
3476.77896155
3476.87452283
3476.97185490
3477.06642291
3477.17287271
3477.26781886
3477.39735326
3477.49137269
3477.58748571
3477.69299490
3477.79075680
3477.88514999
3477.98013857
3478.07575056
3478.17276665
3478.26804828
3478.37299232
3478.46776878
3478.56503307
3478.65970421
3478.77722344
3478.87210937
3478.96763847
3479.06337797
3479.16017781
3479.25556281
3479.36275355
3479.45774822
3479.55327269
3479.65044506
3479.74671900
3479.84245119
3479.94752810
3480.04341828
3480.13928286
3480.23571650
3480.33103446
3480.42660135
3480.53459861
3480.63014477
3480.72693973
3480.82192196
3480.93927223
3481.03536234
3481.13101017
3481.22651733
3481.32335008
3481.41829013
3481.51479105
3481.64340604
3481.71626430
3481.81140501
3481.90773478
3482.00454777
3482.09956122
3482.19616893
3482.29140838
3482.38854175
3482.53726344
3482.64469945
3482.75035956
3482.87845085
3482.97665356
3483.10347167
3483.18826414
3483.28398146
3483.38092319
3483.47546730
3483.58230330
3483.67796357
3483.77525980
3483.87130382
3484.03110787
3484.12675448
3484.22232722
3484.31806795
3484.41391985
3484.51002215
3484.60631339
3484.70178227
3484.79811423
3484.89363748
3485.00109763
3485.09565125
3485.19116499
3485.28760764
3485.38268886
3485.49054057
3485.58521902
3485.68123841
3485.77769350
3485.87430658
3485.98046478
3486.07611896
3486.17116970
3486.26899134
3486.36361079
3486.47027319
3486.56694502
3486.66104979
3486.75792398
3486.86489773
3486.96079060
3487.05532251
3487.15181637
3487.24710921
3487.34301085
3487.47262936
3487.56741119
3487.66445849
3487.75903527
3487.85571734
3487.95161166
3488.04695181
3488.14338179
3488.23877947
3488.33522578
3488.42991935
3488.52492304
3488.62265178
3488.71735729
3488.81314337
3488.90875634
3489.00569855
3489.10106406
3489.19668702
3489.29151663
3489.38737414
3489.48541009
3489.59200935
3489.69697581
3489.79342895
3489.88911067
3489.98525734
3490.09167764
3490.18831583
3490.29444600
3490.39115879
3490.48687416
3490.58159845
3490.67721312
3490.78361075
3490.88134486
3490.97680716
3491.07184400
3491.17925125
3491.27464089
3491.37048499
3491.46650536
3491.56229241
3491.65752016
3491.75312996
3491.84983227
3491.94564443
3492.04123375
3492.14725201
3492.24370929
3492.34011684
3492.43590706
3492.53155562
3492.62756527
3492.72344960
3492.81806002
3492.92476290
3493.02030029
3493.11602834
3493.21304638
3493.30924035
3493.40475018
3493.49948154
3493.59580985
3493.69294126
3493.78766993
3493.88286843
3493.97821101
3494.07617991
3494.17127039
3494.26761674
3494.36313804
3494.45873809
3494.55606113
3494.68344879
3494.75657206
3494.85187637
3494.94821833
3495.04608239
3495.14061991
3495.23688922
3495.33172931
3495.42798764
3495.52421258
3495.61983993
3495.71569817
3495.80994337
3495.90727958
3496.00287792
3496.10959153
3496.21686882
3496.31113036
3496.40756082
3496.50324474
3496.59902618
3496.69507800
3496.78913620
3496.88745106
3496.98248864
3497.07766276
3497.17392816
3497.27132728
3497.36597476
3497.46171866
3497.55815643
3497.65377964
3497.75057606
3497.87859299
3497.96304437
3498.05739124
3498.15317633
3498.25085632
3498.34642248
3498.44161000
3498.53696209
3498.63442436
3498.72948071
3498.82633491
3498.92023926
3499.01547043
3499.11282639
3499.20827333
3499.30429175
3499.44304287
3499.53830816
3499.63496317
3499.73157430
3499.82696321
3499.92283876
3500.01850439
3500.12478792
3500.22088631
3500.31597631
3500.41239677
3500.50906178
3500.61579416
3500.72197285
3500.81828189
3500.91355718
3501.00933692
3501.10516030
3501.20194014
3501.29701331
3501.39192801
3501.48886023
3501.59553654
3501.69042051
3501.78636921
3501.88417378
3501.97852772
3502.08600713
3502.18055368
3502.27647506
3502.37284262
3502.46846291
3502.57577116
3502.68097071
3502.77693867
3502.87463231
3502.97270677
3503.06728550
3503.17176582
3503.26567261
3503.36098228
3503.45583603
3503.56276467
3503.65819942
3503.75237537
3503.84646624
3503.94065122
3504.03465285
3504.13007078
3504.22795580
3504.32144739
3504.41516352
3504.51120657
3504.60486955
3504.70030259
3504.79404384
3504.88904850
3504.98476704
3505.07975245
3505.17431655
3505.26841327
3505.36340867
3505.45781454
3505.55189151
3505.64871743
3505.74338710
3505.83845564
3505.93297927
3506.02782424
3506.12257900
3506.21650457
3506.31254347
3506.40716902
3506.50210249
3506.59639304
3506.69281106
3506.78651428
3506.88216747
3506.97721286
3507.06989134
3507.16688524
3507.26201961
3507.35627505
3507.45156473
3507.54466159
3507.64003904
3507.73546696
3507.82951345
3507.92494576
3508.02064016
3508.12623931
3508.22068054
3508.34726606
3508.44214223
3508.53608657
3508.63307828
3508.72745587
3508.82245639
3508.98186912
3509.06645631
3509.16014587
3509.25376667
3509.34870136
3509.44475758
3509.54003506
3509.63487906
3509.72987665
3509.82475844
3509.91894829
3510.01445326
3510.10896616
3510.20415612
3510.29948066
3510.40447468
3510.49929673
3510.59363921
3510.68925169
3510.78320359
3510.87723180
3510.97447683
3511.06884856
3511.16300453
3511.26903206
3511.37394391
3511.46884032
3511.56451790
3511.65924097
3511.75482736
3511.84975474
3511.94317733
3512.03959974
3512.13281899
3512.22799628
3512.32270837
3512.42011553
3512.51303782
3512.64028236
3512.72385700
3512.81953897
3512.91341943
3513.00815420
3513.10513665
3513.20163781
3513.29522351
3513.39175003
3513.48589941
3513.58006294
3513.67441858
3513.77214343
3513.91969240
3514.01475046
3514.12035620
3514.22516224
3514.32066574
3514.41508745
3514.50925317
3514.60581310
3514.69985886
3514.79535334
3514.89093266
3514.98405244
3515.07972148
3515.17464715
3515.27071605
3515.36419398
3515.49265756
3515.57549005
3515.67220991
3515.76502225
3515.85952418
3515.95374938
3516.05001503
3516.14554706
3516.28196857
3516.35567699
3516.45082379
3516.54537181
3516.64007780
3516.73531726
3516.83173114
3516.92556772
3517.02007428
3517.11483855
3517.20957795
3517.30445949
3517.39925936
3517.49350724
3517.65355972
3517.74898423
3517.84340473
3517.93858152
3518.03326704
3518.12786479
3518.22291041
3518.31855020
3518.41274542
3518.51854815
3518.62536148
3518.71888110
3518.81397939
3518.90824336
3519.00302933
3519.09869667
3519.19429720
3519.28815060
3519.38330789
3519.47821576
3519.57233150
3519.66787157
3519.76274702
3519.85718946
3519.96261575
3520.06784626
3520.16347923
3520.25858897
3520.35280467
3520.44805851
3520.54348692
3520.63827874
3520.77640277
3520.84915594
3520.94303762
3521.03928791
3521.13220703
3521.22724095
3521.32318794
3521.41870534
3521.54709212
3521.60768799
3521.70375030
3521.79680717
3521.89163288
3521.98670801
3522.08296610
3522.17650864
3522.34717999
3522.44271909
3522.56933704
3522.66397672
3522.75915595
3522.85364472
3522.95053500
3523.04432379
3523.13883669
3523.23470737
3523.32865195
3523.42298395
3523.51772969
3523.61410359
3523.70763052
3523.81376630
3523.91927061
3524.01599998
3524.10916145
3524.20393815
3524.30883392
3524.40471678
3524.49978850
3524.59417754
3524.68982172
3524.78441459
3524.87833918
3524.97343820
3525.06865742
3525.16268270
3525.25851559
3525.35339225
3525.44766817
3525.54223813
3525.63733641
3525.73160551
3525.82659579
3525.93397499
3526.02882167
3526.12363250
3526.21781358
3526.31321639
3526.40653170
3526.50113725
3526.59715031
3526.69225786
3526.78598277
3526.88120126
3526.97593968
3527.07171064
3527.16532511
3527.26106632
3527.35686507
3527.45158546
3527.54643676
3527.65146175
3527.73596945
3527.83075468
3527.92423189
3528.03086503
3528.14690044
3528.25353091
3528.34776952
3528.44212175
3528.54731082
3528.64150945
3528.73615913
3528.83000546
3528.93590157
3529.05126041
3529.14737904
3529.25197809
3529.35821504
3529.45194507
3529.55705368
3529.65206834
3529.74675923
3529.84110195
3529.93570823
3530.02909839
3530.12498589
3530.23050702
3530.33584359
3530.44078787
3530.54617491
3530.64159113
3530.73541868
3530.82920503
3530.93394208
3531.02887019
3531.12437490
3531.23021470
3531.36813394
3531.45145404
3531.54573337
3531.64023969
3531.73446856
3531.83955547
3531.93378848
3532.02878290
3532.13641274
3532.22917924
3532.33350083
3532.43928089
3532.54492515
3532.64049301
3532.73405311
3532.82964755
3532.94487058
3533.04990654
3533.14548123
3533.25178962
3533.34516979
3533.45088207
3533.54494685
3533.65043165
3533.75499023
3533.87155324
3533.99745244
3534.08311726
3534.18886903
3534.29450915
3534.39950682
3534.50420242
3534.66265600
3534.75874806
3534.85137388
3534.94614132
3535.04091875
3535.14759091
3535.24187292
3535.36888828
3535.44064330
3535.53528469
3535.63012380
3535.72578261
3535.81967989
3535.91345186
3536.00729526
3536.11473493
3536.22093629
3536.32579816
3536.43067662
3536.52452246
3536.61822542
3536.72470448
3536.81848425
3536.92465806
3537.02963282
3537.13561012
3537.23102487
3537.32409028
3537.42951194
3537.52523950
3537.61822738
3537.71254913
3537.80666633
3537.91108545
3538.00790966
3538.11305752
3538.21890438
3538.32367190
3538.43015633
3538.52405946
3538.61910996
3538.71210710
3538.80674557
3538.90070966
3539.00836217
3539.11282493
3539.25120009
3539.33491297
3539.43931990
3539.53365994
3539.62781152
3539.72249021
3539.82820688
3539.94393996
3540.04994798
3540.15619811
3540.26110582
3540.36555712
3540.46014706
3540.56650178
3540.67078582
3540.82002147
3540.91470114
3541.01951352
3541.12714263
3541.23250797
3541.33778334
3541.44232851
3541.53526786
3541.62998459
3541.72474666
3541.81872343
3541.94718311
3542.03127658
3542.13650831
3542.24076944
3542.34748646
3542.45200115
3542.54726108
3542.64039207
3542.73574685
3542.83038336
3542.93536227
3543.04183206
3543.14772671
3543.27457408
3543.38997339
3543.46263075
3543.55680329
3543.65202641
3543.75777038
3543.86172675
3543.95713785
3544.06231082
3544.16865871
3544.27399991
3544.36711725
3544.52785582
3544.62139738
3544.72594304
3544.82078142
3544.91470065
3545.01986607
3545.12638365
3545.23278883
3545.32816043
3545.43252298
3545.52622230
3545.64365522
3545.73759054
3545.83145612
3545.93730933
3546.04339366
3546.13744771
3546.24269749
3546.34766932
3546.45334771
3546.54720062
3546.64186712
3546.73579171
3546.83128985
3546.93731250
3547.04174648
3547.14747705
3547.24224571
3547.34724046
3547.45281328
3547.54749807
3547.65328544
3547.74687284
3547.84115681
3547.94645973
3548.05357952
3548.14746193
3548.25213681
3548.35750288
3548.45257020
3548.58976167
3548.68502697
3548.77885013
3548.87348055
3548.96867709
3549.06336944
3549.16903808
3549.27389800
3549.37867332
3549.47344271
3549.56754967
3549.67316589
3549.76872108
3549.87337571
3549.97903582
3550.07472729
3550.16897542
3550.27243295
3550.37827859
3550.48473449
3550.58847314
3550.68277393
3550.79861160
3550.92542094
3551.01085122
3551.11587254
3551.21198483
3551.31706223
3551.42134043
3551.51627171
3551.61005123
3551.68585299
3551.79172009
3551.95119402
3552.05609539
3552.16124447
3552.25629546
3552.35059625
3552.44527104
3552.54007188
3552.64455487
3552.74031388
3552.84525231
3552.95177550
3553.05614171
3553.16196395
3553.25607920
3553.34968196
3553.44379502
3553.53861146
3553.65591200
3553.75200283
3553.85599187
3553.98325737
3554.05473567
3554.17395059
3554.31339681
3554.40644393
3554.50189745
3554.59586226
3554.69190702
3554.79664163
3554.90281275
3555.00686128
3555.11172218
3555.20752044
3555.30271406
3555.39542302
3555.48974599
3555.59458909
3555.70052104
3555.79607721
3555.90172098
3556.00736182
3556.10015245
3556.19480750
3556.29037024
3556.38313308
3556.47904642
3556.57291957
3556.66925543
3556.76308348
3556.86883623
3556.97313051
3557.07889156
3557.17376042
3557.26742560
3557.37253567
3557.47766671
3557.58448222
3557.68916807
3557.78433633
3557.88862086
3557.99515234
3558.09954244
3558.20636747
3558.30028816
3558.39424566
3558.49972340
3558.59365286
3558.70022287
3558.80467124
3558.91134852
3559.01605630
3559.11090347
3559.24809445
3559.34332561
3559.44760088
3559.55315566
3559.66882852
3559.77710080
3559.88027039
3559.98617772
3560.09256755
3560.18539036
3560.28013562
3560.37486039
3560.46848607
3560.56356656
3560.67014412
3560.76417135
3560.85882420
3560.95267931
3561.05912472
3561.15266775
3561.24747932
3561.34277875
3561.43524658
3561.55178862
3561.65868996
3561.76344895
3561.85802768
3561.96373508
3562.06936910
3562.15329044
3562.24889390
3562.34258541
3562.43619280
3562.54187851
3562.64768855
3562.75412544
3562.85977506
3562.96419905
3563.05780669
3563.16327345
3563.25914778
3563.37373497
3563.47929803
3563.58436324
3563.69063921
3563.78541323
3563.88999643
3563.99550343
3564.09091940
3564.18428420
3564.28018608
3564.37373375
3564.46688302
3564.57290860
3564.66847598
3564.77501111
3564.87989005
3564.98435305
3565.07903248
3565.17299266
3565.26715546
3565.36219108
3565.45503438
3565.55262757
3565.65814797
3565.76219382
3565.86731144
3565.97265484
3566.06833998
3566.16200711
3566.25686329
3566.36151013
3566.46645831
3566.56324107
3566.65597222
3566.79486938
3566.88901608
3566.98264395
3567.07740334
3567.17205936
3567.26686605
3567.37148680
3567.53193206
3567.62772155
3567.72148133
3567.82646486
3567.93206694
3568.02675709
3568.12098035
3568.21498539
3568.31945303
3568.41441113
3568.51024401
3568.61602090
3568.72170563
3568.81516138
3568.92013101
3569.01396881
3569.11031564
3569.20440822
3569.29841058
3569.40224919
3569.50958524
3569.61538115
3569.72117193
3569.81446164
3569.91996644
3570.01471291
3570.10862288
3570.20333229
3570.29752482
3570.40395634
3570.51012333
3570.60451310
3570.74217415
3570.82601357
3570.93084545
3571.02455184
3571.11858151
3571.21409939
3571.30906139
3571.40227771
3571.50907738
3571.61388099
3571.72037102
3571.82455998
3571.91813836
3572.05700114
3572.15084698
3572.24541669
3572.33973918
3572.44593566
3572.54189850
3572.63535010
3572.74108749
3572.84614978
3572.94066219
3573.04586979
3573.13981461
3573.24560906
3573.37150850
3573.44611633
3573.60596426
3573.71035338
3573.81586038
3573.91068877
3574.00455265
3574.11036197
3574.20494216
3574.31049255
3574.40459366
3574.50998216
3574.61635443
3574.75277424
3574.83723416
3574.94235301
3575.03722943
3575.13184936
3575.23602248
3575.33050198
3575.43697811
3575.53095951
3575.69158495
3575.79636490
3575.90236683
3575.99674027
3576.10114232
3576.19551089
3576.28937867
3576.39586943
3576.50098609
3576.60731374
3576.71373843
3576.81717402
3576.91261194
3577.00656578
3577.10043235
3577.19521466
3577.30215671
3577.39487201
3577.50207177
3577.59664050
3577.70236961
3577.79615108
3577.89082441
3577.98428552
3578.07979146
3578.17331498
3578.26698308
3578.36127558
3578.46805892
3578.57349764
3578.67836780
3578.77409317
3578.87871977
3578.97246613
3579.06817492
3579.16201149
3579.25583076
3579.37256566
3579.47792612
3579.58431180
3579.67969315
3579.78451358
3579.87727276
3580.00513170
3580.09943297
3580.20529178
3580.30980330
3580.42559149
3580.52146289
3580.63121192
3580.72999417
3580.83956034
3580.94592993
3581.04024706
3581.13691109
3581.24498661
3581.35086517
3581.45624684
3581.55294111
3581.64932086
3581.75566704
3581.86215244
3581.96906914
3582.07586149
3582.17094515
3582.27897265
3582.37362062
3582.46964514
3582.56544633
3582.67193075
3582.76890832
3582.87418053
3582.96940950
3583.07616333
3583.18379366
3583.29195720
3583.39801349
3583.49313323
3583.60022279
3583.70664114
3583.84632800
3583.93029567
3584.02693946
3584.14500507
3584.25109330
3584.35781422
3584.45271551
3584.57144964
3584.67806134
3584.78414640
3584.89053062
3584.98671800
3585.09350573
3585.20047411
3585.29576769
3585.40390539
3585.49837367
3585.59320231
3585.70270631
3585.80734948
3585.90328623
3585.99793835
3586.10552894
3586.21333993
3586.32013326
3586.41464567
3586.53170849
3586.69451749
3586.80007543
3586.90750706
3587.00226304
3587.09907774
3587.20610976
3587.31278558
3587.40852777
3587.52411846
3587.63168882
3587.72844964
3587.83514398
3587.93042440
3588.02639186
3588.13286946
3588.23946019
3588.34647807
3588.45365125
3588.54775309
3588.65552629
3588.76338141
3588.85896585
3588.96386284
3589.07130153
3589.17864026
3589.28537776
3589.38085980
3589.47620897
3589.58216969
3589.67961586
3589.78669616
3589.88132658
3589.97623006
3590.07384690
3590.18010239
3590.28709637
3590.39164471
3590.48767215
3590.58532361
3590.69133334
3590.79888979
3590.90395207
3591.01208538
3591.12017748
3591.22450907
3591.32012155
3591.41734732
3591.52283335
3591.62015152
3591.72485784
3591.82061393
3591.91665039
3592.02433606
3592.13082902
3592.23761991
3592.33302296
3592.42893362
3592.52551695
3592.63219326
3592.72713112
3592.82353281
3592.91856259
3593.02651499
3593.12134752
3593.22765153
3593.32506869
3593.42026523
3593.52748986
3593.63375461
3593.74045871
3593.83637010
3593.93267597
3594.03871520
3594.14404812
3594.23967011
3594.34743282
3594.45524089
3594.59305626
3594.67776194
3594.77494211
3594.88010534
3594.98779150
3595.09538476
3595.19016683
3595.28528999
3595.38205252
3595.48942758
3595.59513206
3595.70097648
3595.86185694
3595.95960739
3596.06537258
3596.16105186
3596.25673651
3596.35409613
3596.44928853
3596.55519342
3596.65191962
3596.74663220
3596.84397695
3596.94929889
3597.05719278
3597.15224255
3597.26808388
3597.37468436
3597.48187510
3597.57725840
3597.68460615
3597.77972711
3597.87499046
3597.97153795
3598.07824985
3598.18532527
3598.28069004
3598.37554939
3598.48393480
3598.58985505
3598.69581382
3598.80254010
3598.89865629
3598.99475932
3599.10129689
3599.19714904
3599.30357032
3599.42048027
3599.52887299
3599.63446653
3599.73140290
3599.82587045
3599.92249206
3600.01801385
3600.12559834
3600.22111037
3600.32687483
3600.43479894
3600.57306561
3600.65905860
3600.75454479
3600.85990111
3600.96806952
3601.06373637
3601.15841921
3601.26679145
3601.36251730
3601.46854922
3601.57395722
3601.67049057
3601.77638741
3601.87321797
3601.97985550
3602.08710646
3602.18126950
3602.28849535
3602.38598662
3602.49217092
3602.58719582
3602.69350812
3602.79947859
3602.90895016
3603.01362504
3603.11028760
3603.21730890
3603.32301606
3603.43141828
3603.53747019
3603.63229614
3603.72786279
3603.82428838
3603.93102002
3604.03753078
3604.13276243
3604.23864318
3604.34794165
3604.45391944
3604.54877441
3604.64450075
3604.75233100
3604.85999668
3604.95469975
3605.08233585
3605.17762992
3605.28553940
3605.39263018
3605.48751148
3605.59502649
3605.69060752
3605.79736818
3605.90349518
3605.99924760
3606.10553430
3606.21355155
3606.30902165
3606.42667741
3606.52835465
3606.63945268
3606.73750788
3606.83788318
3606.92674166
3607.05908035
3607.13784390
3607.22552576
3607.33711018
3607.42601669
3607.51610177
3607.61346407
3607.70315760
3607.80283950
3607.90201013
3608.00220769
3608.10100603
3608.19972123
3608.31180327
3608.40297672
3608.51119121
3608.59994168
3608.71098900
3608.80054964
3608.89864362
3608.98807090
3609.08688606
3609.17640892
3609.26578183
3609.36418910
3609.46392830
3609.56382817
3609.65283659
3609.75216984
3609.84164394
3609.94160939
3610.04126667
3610.15078359
3610.26229122
3610.36016722
3610.46102624
3610.55955541
3610.67215457
3610.77203566
3610.85973556
3610.95882598
3611.07059643
3611.17084885
3611.25890373
3611.34789850
3611.45747662
3611.54654185
3611.65749115
3611.74674484
3611.85562396
3611.95781905
3612.05468032
3612.16634301
3612.26606417
3612.38774839
3612.46554670
3612.57618539
3612.69642993
3612.79629151
3612.89650346
3612.99542248
3613.11738099
3613.20497190
3613.29424827
3613.41602709
3613.51403305
3613.59486777
3613.69357394
3613.80318059
3613.90495584
3614.01270319
3614.11432996
3614.21334285
3614.31408435
3614.41197255
3614.52274411
3614.62156342
3614.72367220
3614.81239146
3614.91189050
3615.00008338
3615.09924451
3615.19940159
3615.30939980
3615.40944424
3615.51909478
3615.60991348
3615.70780192
3615.80834861
3615.90759215
3615.99665738
3616.09595381
3616.19564986
3616.29635210
3616.39605717
3616.48616053
3616.58389172
3616.68414267
3616.78287737
3616.88358230
3616.99229026
3617.08220639
3617.18187634
3617.28200441
3617.41426777
3617.50342832
3617.60207379
3617.70317320
3617.80233238
3617.90173292
3618.00137630
3618.10134151
3618.20080155
3618.30008287
3618.38979371
3618.48926666
3618.57908307
3618.67754592
3618.77847296
3618.87617830
3618.96581136
3619.06416084
3619.16530194
3619.25414921
3619.40820325
3619.48557685
3619.57478203
3619.66416323
3619.77367309
3619.86385350
3619.95169383
3620.05136988
3620.15082601
3620.25072929
3620.36070580
3620.45039762
3620.56010032
3620.66087839
3620.74996702
3620.84820728
3620.93771112
3621.03756564
3621.13805138
3621.24787380
3621.33645092
3621.43589730
3621.52571663
3621.62380232
3621.72407375
3621.81340717
3621.90135234
3622.00031061
3622.11217347
3622.20068744
3622.28896176
3622.38988026
3622.48843844
3622.58835903
3622.68841933
3622.79876886
3622.88773754
3622.97627224
3623.07548213
3623.17671027
3623.26373969
3623.36528015
3623.45474474
3623.55214361
3623.64168597
3623.74033046
3623.83011615
3623.94019432
3624.03936130
3624.15110298
3624.26371384
3624.35973105
3624.46072635
3624.56010325
3624.66085084
3624.75993980
3624.87053899
3624.97022796
3625.07009126
3625.16997138
3625.28029117
3625.36834166
3625.47786151
3625.56703133
3625.67784776
3625.77759281
3625.87789082
3625.98901444
3626.08755995
3626.17730492
3626.27609180
3626.37683183
3626.46644270
3626.59715982
3626.68605609
3626.78492878
3626.87401035
3627.09343892
3627.18353741
3627.28211510
3627.38158050
3627.48074724
3627.58229842
3627.68054892
3627.79175618
3627.89033484
3627.99038416
3628.07975293
3628.18984110
3628.29021518
3628.44386523
3628.54365466
3628.65318865
3628.74277441
3628.84287956
3628.94215674
3629.04131007
3629.14173217
3629.24143090
3629.35228268
3629.46150703
3629.56248819
3629.66192336
3629.77201299
3629.87194333
3629.98233675
3630.08148690
3630.19277583
3630.29180774
3630.40318005
3630.50791149
3630.61294988
3630.71989388
3630.82432641
3630.93102661
3631.03630466
3631.14146301
3631.25836564
3631.36467404
3631.48037811
3631.58704027
3631.69244535
3631.79854114
3631.90309265
3631.99867514
3632.10424918
3632.20998194
3632.32559556
3632.43249105
3632.53826233
3632.64336655
3632.73894587
3632.85399556
3632.97158037
3633.08837622
3633.21399431
3633.31864188
3633.43621865
3633.54237320
3633.64770830
3633.75234514
3633.85933327
3633.96531253
3634.07046283
3634.17549244
3634.29072620
3634.39764119
3634.50297655
3634.60893532
3634.71468271
3634.82068536
3634.91599845
3635.02006965
3635.13678967
3635.24422276
3635.35025223
3635.45529648
3635.55023629
3635.65557822
3635.77180990
3635.88745911
3635.99424196
3636.09938397
3636.23824333
3636.32190331
3636.41586106
3636.53306797
3636.63850914
3636.75611126
3636.86194374
3636.96757556
3637.07270636
3637.17871999
3637.27353034
3637.43379811
3637.53839691
3637.65550922
3637.76224697
3637.86865922
3637.97245004
3638.07930554
3638.18454069
3638.30049808
3638.41826990
3638.52264683
3638.62912833
3638.73490888
3638.84074428
3638.94591921
3639.06226669
3639.17792956
3639.28475922
3639.39137456
3639.49705734
3639.59176968
3639.69761630
3639.79196609
3639.88600674
3639.98129934
3640.09836387
3640.20367045
3640.29828453
3640.40434741
3640.49810377
3640.60455870
3640.72117778
3640.82616156
3640.94361667
3641.04947987
3641.15571000
3641.26068720
3641.35589130
3641.47239506
3641.57754829
3641.67214652
3641.77703985
3641.88458387
3641.98950694
3642.09546205
3642.20097246
3642.31763080
3642.42254753
3642.53832352
3642.64508175
3642.75126092
3642.85626250
3642.95314132
3643.05700602
3643.16167089
3643.27829998
3643.40580393
3643.50185063
3643.60765995
3643.71435210
3643.81928834
3643.93506506
3644.03034036
3644.14649669
3644.26318332
3644.35827478
3644.46454099
3644.61330023
3644.70746571
3644.81263771
3644.91865158
3645.03564272
3645.14203718
3645.24777652
3645.38733830
3645.45913818
3645.56463639
3645.68028683
3645.79766440
3645.91299667
3646.01958617
3646.12541158
3646.23099074
3646.32583230
3646.43132100
3646.54921595
3646.65338272
3646.77030706
3646.87790983
3646.98230018
3647.08858907
3647.19416750
3647.29854346
3647.41571234
3647.53232557
3647.64761956
3647.74397663
3647.84858909
3647.95412071
3648.06127877
3648.15498004
3648.26041949
3648.37670724
3648.47296265
3648.57851109
3648.68437795
3648.79029966
3648.89576740
3649.01171479
3649.11642185
3649.23403958
3649.32936461
3649.43430328
3649.52996940
3649.63588965
3649.74072300
3649.83539681
3649.95126887
3650.06826659
3650.17453744
3650.28062470
3650.38747386
3650.48084574
3650.59740680
3650.71440818
3650.81793105
3650.92400465
3651.03120076
3651.13658999
3651.23183237
3651.33718406
3651.45358006
3651.55935183
3651.66555514
3651.77183403
3651.87911645
3651.98167895
3652.08709427
3652.18307735
3652.28781488
3652.40607821
3652.51040712
3652.61778657
3652.72330526
3652.82825418
3652.92284802
3653.02805147
3653.14552414
3653.25145975
3653.36625002
3653.47323060
3653.57924813
3653.68453740
3653.77864777
3653.89442352
3654.00110226
3654.11777109
3654.22409533
3654.32984345
3654.46713098
3654.54043881
3654.63550004
3654.74128181
3654.83593319
3654.94119808
3655.03810982
3655.14360755
3655.24871567
3655.35320428
3655.45965676
3655.64068733
3655.73598066
3655.84126701
3655.94702659
3656.05382674
3656.15885928
3656.26450939
3656.35927342
3656.47506648
3656.58062931
3656.68598148
3656.79324634
3656.90014572
3657.00680886
3657.11279786
3657.18500271
3657.29343931
3657.39845991
3657.50303360
3657.61249591
3657.70823493
3657.81692826
3657.95743042
3658.05468081
3658.15211869
3658.24847918
3658.35647888
3658.45384557
3658.55165672
3658.64739330
3658.81956677
3658.89747382
3659.05839232
3659.18807812
3659.28533753
3659.39378145
3659.48963677
3659.61760444
3659.69755413
3659.82292792
3659.93183678
3660.04040748
3660.13783805
3660.24398480
3660.34104283
3660.44989951
3660.55732967
3660.67488889
3660.75281862
3660.84863224
3660.95709957
3661.06569319
3661.16287434
3661.25901076
3661.35778179
3661.46647952
3661.57284033
3661.67183420
3661.76776071
3661.88715362
3661.97382342
3662.05968524
3662.15644606
3662.25337658
3662.36091645
3662.46868234
3662.57809028
3662.68581886
3662.79263925
3662.89068251
3662.99909327
3663.10704835
3663.20456743
3663.33486348
3663.43092213
3663.52836318
3663.63813538
3663.73435177
3663.83039263
3663.93892091
3664.04641860
3664.15615690
3664.25205074
3664.35972227
3664.45703605
3664.56627089
3664.66152839
3664.76962171
3664.87945120
3664.96435874
3665.08288905
3665.19159019
3665.29959574
3665.40693618
3665.50495920
3665.60175904
3665.70933207
3665.80773129
3665.90412835
3666.02311458
3666.13135492
3666.22887740
3666.33591454
3666.44577109
3666.55287796
3666.65010397
3666.74928631
3666.84454819
3666.95185986
3667.05099880
3667.14685534
3667.24387313
3667.35355804
3667.45982011
3667.56857781
3667.66610420
3667.79468701
3667.90317676
3668.00097085
3668.10875331
3668.20518938
3668.31442885
3668.41068304
3668.51811832
3668.61707148
3668.71356216
3668.79167035
