3452.70231670
3452.80692672
3452.90477786
3453.00267703
3453.09436418
3453.19719927
3453.28733287
3453.38859124
3453.48655526
3453.58195197
3453.69049853
3453.77428066
3453.87506434
3453.97374808
3454.05962087
3454.15525578
3454.25400585
3454.35571307
3454.44290097
3454.54919937
3454.63306000
3454.72953776
3454.82432519
3454.92079174
3455.01483409
3455.12328508
3455.21942102
3455.32577695
3455.40851460
3455.50435626
3455.60931346
3455.70482501
3455.80148880
3455.89719003
3455.99203036
3456.11123358
3456.19402024
3456.29078618
3456.38597980
3456.48071993
3456.57643115
3456.68223121
3456.78810001
3456.90687803
3456.99151836
3457.08542979
3457.18103959
3457.27573949
3457.37346434
3457.46845535
3457.56295582
3457.68315768
3457.76551864
3457.85968143
3457.95638691
3458.09296447
3458.18768046
3458.29436774
3458.40009318
3458.52792189
3458.62684140
3458.71828279
3458.81414152
3458.92109455
3459.01562695
3459.11240314
3459.26190941
3459.35685215
3459.45137749
3459.56139227
3459.65575352
3459.75184046
3459.84635628
3459.96496242
3460.09170812
3460.18661794
3460.28216679
3460.37787290
3460.48437390
3460.57949901
3460.67417331
3460.78361733
3460.86563964
3460.96134185
3461.05691947
3461.15277429
3461.24844114
3461.34411214
3461.43919312
3461.55755276
3461.65046749
3461.74619993
3461.84200087
3461.93860444
3462.03435687
3462.12806081
3462.23480709
3462.34093799
3462.42770361
3462.52251152
3462.62814359
3462.72311485
3462.81868369
3462.91435322
3463.01030533
3463.11979422
3463.20167219
3463.30663988
3463.40328709
3463.49911144
3463.59516424
3463.68995947
3463.79519486
3463.90493243
3463.98699692
3464.08277154
3464.18828170
3464.28490111
3464.37961564
3464.47634672
3464.56995412
3464.68968860
3464.77340953
3464.87918886
3464.97533260
3465.07062788
3465.16581419
3465.27204700
3465.36776213
3465.47660297
3465.55840877
3465.65400273
3465.74983390
3465.85577390
3465.95147635
3466.04799434
3466.14185627
3466.25050572
3466.33255046
3466.42830118
3466.52394024
3466.61970145
3466.71549654
3466.81019279
3466.91791503
3467.03552764
3467.11955455
3467.21418814
3467.30976673
3467.40658144
3467.51087645
3467.60852108
3467.70298206
3467.81476348
3467.89287192
3468.02210375
3468.10587514
3468.20366996
3468.29835621
3468.39212233
3468.48882659
3468.59563284
3468.67943642
3468.77605437
3468.92469390
3469.02012694
3469.14875022
3469.22160603
3469.32932828
3469.41400982
3469.50925220
3469.60494782
3469.71072154
3469.83929654
3469.93416760
3470.09472575
3470.19046428
3470.28430549
3470.38089686
3470.47780300
3470.57299027
3470.66783134
3470.76259878
3470.88250954
3470.96560315
3471.06091745
3471.15582581
3471.25147852
3471.34650123
3471.44215930
3471.53866388
3471.63348350
3471.74393080
3471.86767496
3471.94126221
3472.03791868
3472.13399976
3472.22786364
3472.32306384
3472.41880359
3472.52643295
3472.61129466
3472.70601236
3472.81177901
3472.90752095
3473.05704868
3473.15482887
3473.26061625
3473.34352724
3473.43816156
3473.54518627
3473.64199512
3473.73773853
3473.83253205
3473.93838428
3474.04705372
3474.12972115
3474.22651465
3474.32027637
3474.41695625
3474.52176278
3474.61650218
3474.71416632
3474.81994028
3474.90416516
3474.99998123
3475.10483115
3475.20263012
3475.29731442
3475.39401502
3475.48969747
3475.63030544
3475.69028691
3475.78503362
3475.88068487
3475.97653092
3476.07265443
3476.17792200
3476.27425518
3476.43576614
3476.51959970
3476.61533214
3476.70919553
3476.80494869
3476.90147180
3476.99757044
3477.09205921
3477.21065095
3477.29454255
3477.42327286
3477.51786500
3477.61239448
3477.71960375
3477.81630509
3477.91104010
3478.01882378
3478.10076417
3478.19731898
3478.29301899
3478.39811760
3478.49467216
3478.59018931
3478.68553945
3478.81335426
3478.90019936
3478.99459012
3479.09046152
3479.18526163
3479.28099992
3479.38757309
3479.48439926
3479.59127670
3479.67586876
3479.77074884
3479.86653247
3479.97422839
3480.06999447
3480.16576884
3480.26140107
3480.36869982
3480.45361346
3480.55936987
3480.65543803
3480.75090057
3480.84768334
3480.96418052
3481.06005729
3481.16868845
3481.25166040
3481.34921580
3481.44409198
3481.53959913
3481.66927811
3481.74328592
3481.83803044
3481.94566979
3482.02944801
3482.12617202
3482.22218996
3482.31773466
3482.46830565
3482.56212955
3482.68366359
3482.77750114
3482.90487075
3483.00059416
3483.13020585
3483.21294447
3483.31079244
3483.41949455
3483.50136204
3483.60889484
3483.70565859
3483.80040068
3483.96029737
3484.05679854
3484.16543263
3484.24836410
3484.34500156
3484.44068791
3484.53639889
3484.63120656
3484.72895749
3484.82382343
3484.93193016
3485.02649963
3485.12224279
3485.21721869
3485.31470996
3485.40869575
3485.51624562
3485.61289283
3485.71887891
3485.80445522
3485.89919828
3486.00490837
3486.10185936
3486.19840637
3486.29365289
3486.38859733
3486.51003946
3486.59205055
3486.68783882
3486.78337791
3486.89004568
3486.98683454
3487.08257527
3487.17830283
3487.28621207
3487.36775530
3487.49760031
3487.59331470
3487.69004164
3487.78474105
3487.88050055
3487.97629345
3488.08394377
3488.16752427
3488.26338007
3488.36011115
3488.45679151
3488.55251639
3488.64825175
3488.74228021
3488.83991899
3488.94760685
3489.03128804
3489.12713507
3489.22199174
3489.31954348
3489.41523983
3489.50904203
3489.61504469
3489.73647243
3489.82029356
3489.91595676
3490.00978090
3490.11750948
3490.21338454
3490.32001867
3490.41581035
3490.52536360
3490.60682564
3490.70436202
3490.81113804
3490.90710307
3491.00080872
3491.09740643
3491.20522278
3491.31184813
3491.39557979
3491.49157968
3491.58802843
3491.68530296
3491.77890865
3491.87471642
3491.97071851
3492.06813518
3492.17384307
3492.26826040
3492.36588406
3492.46161723
3492.55654802
3492.65412317
3492.74885233
3492.85754883
3492.95137883
3493.04610360
3493.14289075
3493.23869341
3493.33401697
3493.43058641
3493.52537725
3493.63405937
3493.71880503
3493.81359661
3493.91029721
3494.00702805
3494.10094605
3494.19759594
3494.29337422
3494.39001703
3494.49477578
3494.58060322
3494.70916555
3494.78302854
3494.88163329
3494.97516071
3495.06953123
3495.16525635
3495.27281963
3495.35865390
3495.45343914
3495.54909843
3495.64475724
3495.74060963
3495.83748918
3495.93218958
3496.04109429
3496.13367379
3496.24326873
3496.33858303
3496.43360818
3496.53013714
3496.62408831
3496.72178560
3496.82752909
3496.91418280
3497.00793185
3497.10471925
3497.19956714
3497.29628895
3497.39210453
3497.48726621
3497.59485679
3497.67872962
3497.77562575
3497.90257065
3497.98842345
3498.08415101
3498.17996317
3498.27662647
3498.38556654
3498.46904122
3498.56375502
3498.65948405
3498.75528085
3498.85099183
3498.94687908
3499.04246670
3499.13882865
3499.24940005
3499.33080040
3499.47002646
3499.56662856
3499.66238660
3499.75743003
3499.85196048
3499.94958902
3500.05626728
3500.15201336
3500.24787307
3500.34361696
3500.43951153
3500.53617337
3500.64179373
3500.74859999
3500.85582145
3500.94122198
3501.03610571
3501.13110623
3501.22763446
3501.32356219
3501.41928609
3501.51485030
3501.63469376
3501.71736436
3501.81416883
3501.90898942
3502.00562931
3502.11234267
3502.20920102
3502.30456530
3502.41350025
3502.49548160
3502.60237051
3502.71171482
3502.80549775
3502.90217519
3503.00208969
3503.09277527
3503.21135581
3503.29929878
3503.38890161
3503.48467305
3503.58933964
3503.68413609
3503.77832497
3503.87270280
3503.98269442
3504.06319390
3504.15876786
3504.25257176
3504.35325474
3504.44216588
3504.53678338
3504.63172295
3504.72745490
3504.83517348
3504.91785822
3505.01157850
3505.10837614
3505.20126478
3505.29659859
3505.39042883
3505.48700436
3505.58089530
3505.68770472
3505.77124645
3505.86603218
3505.95978001
3506.05576698
3506.15133094
3506.24423860
3506.34194443
3506.43508761
3506.54412594
3506.62240968
3506.71866533
3506.81251605
3506.90921519
3507.00407186
3507.09767877
3507.19350848
3507.29319575
3507.39879563
3507.47757382
3507.57089108
3507.66863031
3507.76248200
3507.85809862
3507.95101506
3508.04718392
3508.16689914
3508.24663988
3508.37440495
3508.46905195
3508.56253793
3508.65958401
3508.75326601
3508.84785693
3509.02036173
3509.09220866
3509.18799790
3509.28166747
3509.37751303
3509.47235508
3509.56583837
3509.66232784
3509.75667617
3509.86256960
3509.94964461
3510.04298382
3510.13597193
3510.23135694
3510.32614096
3510.43183861
3510.52865210
3510.63450164
3510.71715518
3510.81112950
3510.90550685
3510.99946094
3511.09577876
3511.19240622
3511.29562409
3511.41355024
3511.49844169
3511.59180016
3511.68558968
3511.78128896
3511.87813365
3511.97078312
3512.06516217
3512.16789486
3512.26769305
3512.34934307
3512.44438479
3512.54460161
3512.66685635
3512.75049755
3512.84615392
3512.94119369
3513.04781636
3513.13245937
3513.22756327
3513.32652715
3513.41786468
3513.51364856
3513.60938246
3513.70400654
3513.85160769
3513.94648557
3514.04207806
3514.14596641
3514.25342412
3514.34743892
3514.44214735
3514.54175124
3514.64545136
3514.72642066
3514.82197780
3514.91578438
3515.01149561
3515.11119360
3515.20052117
3515.29648693
3515.39074993
3515.53119405
3515.60118779
3515.69778331
3515.79446295
3515.88633466
3515.98394565
3516.07670776
3516.17242313
3516.32284929
3516.38244017
3516.47726369
3516.57211719
3516.66667544
3516.76239910
3516.86030997
3516.95111966
3517.04668265
3517.15366225
3517.23624702
3517.33197483
3517.42670643
3517.52143949
3517.68206859
3517.77487750
3517.87004089
3517.97870229
3518.06151698
3518.15404722
3518.24974504
3518.34640078
3518.44003377
3518.54780600
3518.65046310
3518.75917619
3518.84107367
3518.93599129
3519.03051809
3519.12521531
3519.21997227
3519.31576810
3519.41310821
3519.50387279
3519.61167256
3519.69456795
3519.79021091
3519.88409625
3519.98949792
3520.10026144
3520.18906823
3520.28678990
3520.39169517
3520.47455082
3520.57102444
3520.66725839
3520.80297360
3520.87573774
3520.97072192
3521.06626541
3521.17387428
3521.25469631
3521.35753238
3521.44437138
3521.56385230
3521.63371268
3521.72862104
3521.82532847
3521.92094704
3522.02621120
3522.10940672
3522.26812435
3522.37384005
3522.46859139
3522.59803534
3522.69278693
3522.80257399
3522.88234814
3522.97706267
3523.07179768
3523.16558476
3523.25943109
3523.35804706
3523.45224764
3523.54907478
3523.65279587
3523.73366594
3523.84221055
3523.94598650
3524.04177111
3524.13761692
3524.23475077
3524.34120569
3524.44338737
3524.52620937
3524.62067156
3524.71626040
3524.81033542
3524.90460061
3524.99954359
3525.09599477
3525.18969457
3525.29754165
3525.38012130
3525.47498115
3525.57064507
3525.66538911
3525.76407407
3525.85590434
3525.95977367
3526.06655798
3526.14841937
3526.24408305
3526.33884440
3526.43511614
3526.52910973
3526.62381231
3526.71937116
3526.81327259
3526.92492845
3527.00360033
3527.09842019
3527.19414580
3527.28883522
3527.38366824
3527.47732903
3527.57216157
3527.69011039
3527.76296937
3527.86352411
3527.95238917
3528.05900184
3528.17464252
3528.28050231
3528.37534167
3528.48301003
3528.57318288
3528.66803395
3528.76366813
3528.86030705
3528.96306046
3529.08001357
3529.17468494
3529.29147031
3529.38524203
3529.47885308
3529.58366619
3529.68049650
3529.77817649
3529.86815332
3529.96256455
3530.06935325
3530.15310027
3530.26014301
3530.36247561
3530.47254281
3530.57186144
3530.66673493
3530.76342871
3530.87196259
3530.96267475
3531.05760091
3531.15219988
3531.25690254
3531.39354666
3531.48196945
3531.57275037
3531.67861356
3531.76139680
3531.86740799
3531.96093444
3532.05513624
3532.16187228
3532.25662314
3532.36021282
3532.47910957
3532.57082720
3532.66638970
3532.76211141
3532.85813251
3532.97355133
3533.07639592
3533.17210154
3533.29031538
3533.37215752
3533.47682947
3533.57157155
3533.67820860
3533.78794397
3533.89865800
3534.03826342
3534.10944939
3534.21479352
3534.32051457
3534.42529160
3534.53099559
3534.69162225
3534.79829904
3534.88024601
3534.97481353
3535.06866400
3535.17443114
3535.27097546
3535.39570072
3535.46842341
3535.57614248
3535.65692088
3535.75275108
3535.84743928
3535.94216820
3536.04001690
3536.14171315
3536.24557907
3536.36461821
3536.45730595
3536.55114301
3536.64505712
3536.75167125
3536.85036865
3536.95136517
3537.05674612
3537.17661981
3537.25677698
3537.35069670
3537.45620271
3537.55162746
3537.64916262
3537.74127766
3537.83467099
3537.95227726
3538.03317756
3538.13977000
3538.24640802
3538.35027735
3538.45589186
3538.55493083
3538.64521950
3538.75280813
3538.83363870
3538.92743456
3539.03414597
3539.14003282
3539.27794840
3539.36004264
3539.46501764
3539.57372682
3539.65548265
3539.75018206
3539.85703757
3539.97466310
3540.07738043
3540.18218281
3540.28774832
3540.40548941
3540.48725499
3540.59323376
3540.75312362
3540.84790545
3540.94182955
3541.04647980
3541.16506545
3541.25786120
3541.36445875
3541.46737503
3541.56200057
3541.65883576
3541.75260821
3541.84725960
3541.98485749
3542.05763578
3542.16253447
3542.27277355
3542.37275315
3542.47855978
3542.57240684
3542.66903844
3542.77855732
3542.85750470
3542.96317188
3543.06881321
3543.17259696
3543.30028304
3543.41691383
3543.49026336
3543.59744166
3543.67842169
3543.78474666
3543.88937569
3543.98410705
3544.09068753
3544.19552113
3544.29939728
3544.45973063
3544.55365766
3544.64843827
3544.75426880
3544.85298375
3544.94326778
3545.04823912
3545.16701446
3545.25887399
3545.35271471
3545.45856425
3545.55299426
3545.67180422
3545.76630858
3545.85916163
3545.97583826
3546.06968044
3546.16339877
3546.26938509
3546.37465291
3546.47815237
3546.57405572
3546.66959140
3546.77830327
3546.85845117
3546.96387600
3547.06874178
3547.17764162
3547.27406233
3547.37582660
3547.47947480
3547.58696347
3547.67978068
3547.77397882
3547.86907321
3547.97483303
3548.07961689
3548.17344639
3548.28100919
3548.39783015
3548.47945944
3548.61715315
3548.71288144
3548.80765059
3548.90045292
3548.99551708
3549.09027769
3549.20796101
3549.29993585
3549.40455953
3549.50136107
3549.59326862
3549.70085263
3549.80043944
3549.90007770
3550.02086520
3550.09973968
3550.19491014
3550.30010335
3550.40479675
3550.51073163
3550.61616499
3550.71085539
3550.83843053
3550.95407292
3551.03686323
3551.14361389
3551.23938656
3551.34302304
3551.44699306
3551.54156326
3551.65117478
3551.71303797
3551.81829774
3551.97794355
3552.08316675
3552.18809397
3552.28459513
3552.38940044
3552.47310308
3552.56695916
3552.67256563
3552.76730650
3552.87212863
3552.97703536
3553.08673222
3553.20077668
3553.28243547
3553.37818717
3553.47253623
3553.56741996
3553.68267031
3553.77782053
3553.88275700
3554.02226369
3554.08411907
3554.20404031
3554.34027970
3554.43429085
3554.52890956
3554.62522689
3554.71793463
3554.83694963
3554.92868555
3555.03388997
3555.13790876
3555.23355318
3555.32820993
3555.42294128
3555.51692170
3555.63539082
3555.72898675
3555.82193976
3555.92857437
3556.03319487
3556.12710849
3556.22176890
3556.31853996
3556.42815929
3556.50614265
3556.60039224
3556.69609152
3556.78935392
3556.89560917
3557.00001999
3557.10762740
3557.21333212
3557.29620972
3557.40003711
3557.50465273
3557.61149897
3557.71712031
3557.81576163
3557.91638025
3558.03477183
3558.12607864
3558.23042047
3558.32730003
3558.42201505
3558.52770782
3558.62151978
3558.72796568
3558.84762555
3558.93939828
3559.04124789
3559.13618722
3559.27378048
3559.36942076
3559.47420193
3559.59533076
3559.69755730
3559.80175918
3559.90705089
3560.01273733
3560.11837183
3560.21210674
3560.30785356
3560.41462007
3560.49735479
3560.59011885
3560.69700093
3560.79071974
3560.88526458
3560.97877104
3561.08447503
3561.19264247
3561.27351376
3561.37042062
3561.46308399
3561.58464972
3561.68534270
3561.79109423
3561.88486839
3562.00248198
3562.09629442
3562.17921833
3562.27605084
3562.36878247
3562.46430815
3562.56870021
3562.67532263
3562.79202193
3562.88568759
3562.99040513
3563.08526985
3563.19014708
3563.28664094
3563.40226309
3563.50709180
3563.62296508
3563.71752040
3563.81228711
3563.91712314
3564.02242338
3564.11675172
3564.21125292
3564.30821659
3564.41371481
3564.49651194
3564.60037639
3564.69594987
3564.80384838
3564.90563119
3565.01057986
3565.10583687
3565.21428298
3565.29642524
3565.39024524
3565.48404841
3565.57870980
3565.68427457
3565.79010778
3565.89486311
3566.01350752
3566.09440246
3566.18906579
3566.28395708
3566.39055463
3566.49431790
3566.58949031
3566.68328422
3566.83478022
3566.91556300
3567.00942201
3567.10705762
3567.20087396
3567.29568821
3567.45416740
3567.57483079
3567.65354193
3567.74751723
3567.85332557
3567.95939528
3568.05318601
3568.14791201
3568.24260606
3568.35938240
3568.44312747
3568.53598710
3568.64174302
3568.75153399
3568.84214716
3568.94691614
3569.04167554
3569.14924832
3569.23262036
3569.32548633
3569.43106330
3569.53689212
3569.64169012
3569.74651834
3569.84300171
3569.95899250
3570.04145513
3570.13634033
3570.23056773
3570.32524716
3570.43090263
3570.53667001
3570.63044100
3570.78300879
3570.85101597
3570.95664974
3571.05035539
3571.14715815
3571.24173273
3571.33559661
3571.43010830
3571.54701996
3571.63975744
3571.74635962
3571.85109228
3571.94924476
3572.08385454
3572.17881629
3572.28637811
3572.36801227
3572.47284416
3572.56658711
3572.66235173
3572.76803597
3572.87287932
3572.96571140
3573.08397937
3573.16808235
3573.27344939
3573.39987205
3573.47289902
3573.63243146
3573.73732161
3573.85700173
3573.93769016
3574.03129097
3574.13805699
3574.23482513
3574.33766119
3574.43150045
3574.53650763
3574.65619457
3574.78553904
3574.86368990
3574.96845962
3575.06405235
3575.16003786
3575.26442333
3575.35919930
3575.47397178
3575.62453423
3575.71928607
3575.82204289
3575.92779199
3576.02259649
3576.12911894
3576.23734514
3576.31721754
3576.42294591
3576.52882935
3576.63351836
3576.74002131
3576.84408447
3576.93945826
3577.04535876
3577.12894998
3577.22252203
3577.32848836
3577.42302418
3577.52720558
3577.62255596
3577.72812805
3577.83738337
3577.91726552
3578.01065520
3578.10690378
3578.20149957
3578.29627018
3578.39012797
3578.49479211
3578.61352576
3578.70717387
3578.79999595
3578.90485807
3578.99859541
3579.09520264
3579.19087485
3579.28412165
3579.41147786
3579.50474270
3579.61195758
3579.70560642
3579.80942064
3579.90435168
3580.03188854
3580.12850454
3580.23333424
3580.33802886
3580.45460796
3580.54837700
3580.65921244
3580.75877512
3580.87891140
3580.97245882
3581.06839800
3581.16494696
3581.27488762
3581.37759666
3581.48314729
3581.58186664
3581.69171929
3581.78257017
3581.88926427
3581.99402399
3582.10283289
3582.19848877
3582.30366809
3582.40100479
3582.50954525
3582.59247795
3582.69909817
3582.79506296
3582.90155860
3582.99828431
3583.10701178
3583.21098448
3583.33112028
3583.42457602
3583.52351552
3583.62795756
3583.73445686
3583.87314653
3583.95702837
3584.06562492
3584.17450136
3584.27807397
3584.38471565
3584.48257020
3584.60127849
3584.70504566
3584.82466506
3584.91760612
3585.01575374
3585.12149747
3585.22691523
3585.32262450
3585.42836506
3585.52607894
3585.63198504
3585.72762361
3585.83524906
3585.92916244
3586.02680805
3586.13257128
3586.23932292
3586.34711855
3586.45859570
3586.56035827
3586.72012989
3586.82587777
3586.93354101
3587.03022772
3587.12700292
3587.24479327
3587.34346702
3587.43518733
3587.55279190
3587.66364294
3587.75526329
3587.86605071
3587.95940113
3588.06471965
3588.16041040
3588.26633943
3588.37511566
3588.48083745
3588.57548981
3588.68298994
3588.80290582
3588.88453316
3588.99325502
3589.09894462
3589.20535932
3589.31392246
3589.40790849
3589.50418291
3589.62279441
3589.70661018
3589.81241657
3589.90917179
3590.00471430
3590.10053572
3590.20730223
3590.31308595
3590.43177473
3590.51655233
3590.61230062
3590.71918269
3590.82482305
3590.93173682
3591.03882736
3591.14552560
3591.26519718
3591.34896541
3591.44371017
3591.55152214
3591.64643854
3591.75316922
3591.84878097
3591.94453266
3592.06606061
3592.15881516
3592.26425803
3592.35991391
3592.45667985
3592.55334754
3592.65902300
3592.75412056
3592.86463539
3592.94743253
3593.05321698
3593.14881093
3593.25653610
3593.35236703
3593.44800853
3593.55513125
3593.67636199
3593.76725578
3593.86292361
3593.95970638
3594.06531723
3594.17299730
3594.27375171
3594.37940938
3594.49607065
3594.61997061
3594.70700247
3594.80219853
3594.90892359
3595.01463343
3595.12066827
3595.22915437
3595.31382177
3595.40960662
3595.51634534
3595.62313087
3595.78260236
3595.89053306
3596.00039302
3596.09295325
3596.18866497
3596.28453759
3596.37975120
3596.47646034
3596.58245617
3596.67892393
3596.78558658
3596.87240876
3596.97708876
3597.08282639
3597.17968523
3597.20004208
3597.29478099
3597.40162406
3597.50736901
3597.61693616
3597.70918066
3597.80912076
3597.90484710
3597.99955310
3598.10530804
3598.21019698
3598.30791988
3598.41457180
3598.50934557
3598.61612745
3598.72292638
3598.83336271
3598.92561550
3599.02216446
3599.12790136
3599.23428729
3599.33140602
3599.44814945
3599.55578856
3599.66249021
3599.75734225
3599.85311370
3599.94968630
3600.05751070
3600.15321413
3600.24787063
3600.35575574
3600.46132929
3600.59915418
3600.68487068
3600.79252905
3600.88876593
3600.99551830
3601.09132144
3601.18695001
3601.29371506
3601.38860172
3601.49614062
3601.61576710
3601.69777112
3601.80454812
3601.90112291
3602.00694588
3602.11316748
3602.20995439
3602.31645808
3602.42922863
3602.51884926
3602.61562934
3602.72130700
3602.82815348
3602.93572603
3603.04538363
3603.13746649
3603.25493671
3603.35034415
3603.45789987
3603.56427921
3603.66001579
3603.75447530
3603.85134438
3603.95764351
3604.07697692
3604.16154753
3604.26826601
3604.37613941
3604.47975445
3604.57848305
3604.67253613
3604.78011599
3604.89765156
3604.98135859
3605.11511454
3605.21091549
3605.31449858
3605.41872460
3605.51411863
3605.63364660
3605.71761305
3605.82415672
3605.93009355
3606.02769819
3606.13441082
3606.24004435
3606.33585066
3606.46746914
3606.55725531
3606.66649868
3606.76662407
3606.86598195
3606.95573814
3607.08874023
3607.16573714
3607.26937875
3607.36506560
3607.45501122
3607.54150548
3607.64225405
3607.73020433
3607.83081929
3607.92904736
3608.03984258
3608.12956487
3608.22838978
3608.34068906
3608.42746931
3608.54595061
3608.62877432
3608.74339125
3608.83934116
3608.92699400
3609.01584565
3609.11555852
3609.20468202
3609.29358926
3609.39214110
3609.49295598
3609.59265666
3609.69223641
3609.78044001
3609.86919487
3609.96880899
3610.06777800
3610.17940314
3610.29016422
3610.38980273
3610.50374211
3610.59132863
3610.69915011
3610.80091341
3610.88756809
3610.98946915
3611.09804619
3611.19590342
3611.30106274
3611.37498229
3611.48626757
3611.57393772
3611.68453301
3611.77345073
3611.88502687
3611.98569376
3612.09642510
3612.19327930
3612.29495849
3612.31567130
3612.49333218
3612.60336769
3612.62916710
3612.72449481
3612.82539820
3612.93510529
3613.02247092
3613.04738921
3613.14477930
3613.32318819
3613.34337681
3613.44299557
3613.62438453
3613.72211840
3613.84379360
3613.93274205
3614.04436548
3614.14214860
3614.24187902
3614.34266294
3614.44187380
3614.55056689
3614.66239537
3614.75419590
3614.84087716
3614.94058027
3615.02836672
3615.12806910
3615.22703445
3615.33847917
3615.44837205
3615.55195075
3615.63875514
3615.73761857
3615.83722831
3615.93653962
3616.02467081
3616.12839800
3616.23615950
3616.32396521
3616.42466843
3616.51344474
3616.61315761
3616.71196179
3616.81084742
3616.91073412
3617.03822905
3617.11087153
3617.21807178
3617.30928057
3617.44216881
3617.53069693
3617.63140112
3617.73027284
3617.84074745
3617.93029371
3618.03002511
3618.12975407
3618.22959371
3618.32998559
3618.41674389
3618.51781965
3618.61779339
3618.70539089
3618.80518202
3618.90486855
3618.99369241
3619.09234471
3619.19405998
3619.28223481
3619.44592835
3619.51464818
3619.60350861
3619.69147426
3619.80325885
3619.88970947
3619.97954562
3620.07827521
3620.17791468
3620.28961273
3620.38850030
3620.47808655
3620.58786386
3620.68772179
3620.77888890
3620.87586232
3620.96446480
3621.07704226
3621.16355773
3621.27863643
3621.36288302
3621.46259686
3621.55153287
3621.65215953
3621.75117681
3621.85152089
3621.92949012
3622.02918860
3622.14093711
3622.22852778
3622.31666361
3622.41709376
3622.51605862
3622.62747555
3622.71617604
3622.82640878
3622.91622348
3623.00310930
3623.10382617
3623.20339226
3623.29212225
3623.40290699
3623.47985441
3623.58142510
3623.67026505
3623.76905680
3623.85673768
3623.96850033
3624.06812957
3624.19437303
3624.28799261
3624.38944945
3624.49228478
3624.58811718
3624.68770472
3624.78840672
3624.89731705
3625.00817273
3625.09798255
3625.19743186
3625.30914672
3625.39581750
3625.50765208
3625.59688626
3625.70652997
3625.81777087
3625.90518477
3626.02071647
3626.11649767
3626.20521718
3626.30495515
3626.40558328
3626.49266610
3626.63752658
3626.71344440
3626.81511578
3627.01162556
3627.12162742
3627.21128461
3627.30991375
3627.42057560
3627.50931754
3627.61404605
3627.70886444
3627.81847426
3627.91910116
3628.02198647
3628.10969807
3628.22953471
3628.31820570
3628.47188355
3628.57168931
3628.68295678
3628.77571328
3628.87121337
3628.98302917
3629.07074638
3629.16961493
3629.27115198
3629.38086492
3629.49359330
3629.59737851
3629.69096738
3629.81170562
3629.90055874
3630.01116549
3630.10995529
3630.22163846
3630.32049556
3630.42928495
3630.53593761
3630.65461469
3630.74523981
3630.85299765
3630.95773542
3631.06536770
3631.16828983
3631.28745745
3631.40458805
3631.50799341
3631.61878667
3631.71941334
3631.82733819
3631.92993556
3632.02650865
3632.14333595
3632.24041592
3632.35281125
3632.45859400
3632.56523300
3632.67294841
3632.76562397
3632.89906004
3632.99951409
3633.11636967
3633.13717660
3633.23976324
3633.34562498
3633.46313641
3633.57008285
3633.67364424
3633.79231864
3633.88505052
3633.99095541
3634.10102724
3634.20247969
3634.31875671
3634.42436049
3634.54491076
3634.63567924
3634.74445084
3634.84822679
3634.94210505
3635.04780783
3635.16530341
3635.28838905
3635.37631837
3635.48118073
3635.57656184
3635.68182843
3635.79947152
3635.91612767
3636.02106975
3636.14066380
3636.26432093
3636.34902514
3636.44299630
3636.56143908
3636.66728911
3636.78791837
3636.90166636
3636.99433582
3637.09873909
3637.20525936
3637.35696845
3637.46155360
3637.56636720
3637.69316849
3637.78879341
3637.89368112
3637.99934513
3638.10601460
3638.21140554
3638.32905326
3638.45663158
3638.55038940
3638.65607291
3638.76181737
3638.86758378
3638.97242737
3639.09005826
3639.22159214
3639.31449102
3639.41813580
3639.52282067
3639.61670430
3639.72334988
3639.81778501
3639.91444660
3640.02268426
3640.12686249
3640.22969441
3640.32430313
3640.43106939
3640.52493718
3640.63148572
3640.76119834
3640.85814422
3640.97075435
3641.07642835
3641.18076043
3641.28628692
3641.38258378
3641.51091059
3641.60452700
3641.69941610
3641.80537122
3641.91659261
3642.01644737
3642.12308613
3642.22699105
3642.34467461
3642.45044857
3642.56709277
3642.67273288
3642.77710226
3642.88368129
3642.99248775
3643.08387770
3643.19062519
3643.31720047
3643.43378445
3643.52865795
3643.63434609
3643.75395477
3643.84671736
3643.96196259
3644.05774086
3644.17453720
3644.29010108
3644.38587252
3644.50370261
3644.64030552
3644.73699320
3644.83987071
3644.94553935
3645.06319487
3645.16875014
3645.28644174
3645.41207812
3645.48588844
3645.59069936
3645.71299433
3645.82564786
3645.94148115
3646.06028915
3646.15297397
3646.25768395
3646.35162439
3646.45817001
3646.57472132
3646.68151928
3646.80921950
3646.90298318
3647.00868595
3647.11439311
3647.22122520
3647.32687873
3647.44254452
3647.57117170
3647.67582756
3647.77064254
3647.87630020
3647.98306452
3648.08650157
3648.18226936
3648.28761495
3648.40569056
3648.49925455
3648.60511141
3648.71127035
3648.81707455
3648.92495063
3649.05264378
3649.14440505
3649.26091101
3649.35653154
3649.46123445
3649.55508419
3649.66073601
3649.76665674
3649.87836112
3649.97995742
3650.09520191
3650.20123650
3650.30635974
3650.41293169
3650.50696551
3650.63737372
3650.74122037
3650.85174642
3650.95245183
3651.05726324
3651.16340657
3651.25679356
3651.37648099
3651.48084110
3651.58600871
3651.69407253
3651.79693395
3651.90439630
3652.00922111
3652.12709094
3652.20968157
3652.31642784
3652.43226016
3652.53783907
3652.64267364
3652.74930728
3652.86708616
3652.94978431
3653.05555218
3653.17214006
3653.27895339
3653.39558930
3653.49936402
3653.61804525
3653.70999913
3653.80459517
3653.92323373
3654.02828626
3654.14571553
3654.25327881
3654.36879393
3654.49379518
3654.56821746
3654.66185850
3654.76881470
3654.86750991
3654.97015360
3655.06391021
3655.18279697
3655.27433052
3655.38098317
3655.48530696
3655.66877147
3655.76410162
3655.86829863
3655.98599072
3656.08561825
3656.18450241
3656.29115384
3656.38598443
3656.50361679
3656.60906844
3656.72769700
3656.81952824
3656.92699595
3657.03298325
3657.13979681
3657.21256705
3657.31838417
3657.42309098
3657.54285326
3657.63763898
3657.73513757
3657.84301927
3657.98258227
3658.08131624
3658.17905205
3658.28743332
3658.38371774
3658.48166518
3658.58243349
3658.67629177
3658.70108498
3658.98834811
3659.10309084
3659.13204344
3659.21495809
3659.31315129
3659.41895012
3659.51782916
3659.54348033
3659.72259139
3659.74206102
3659.85048178
3659.96980593
3660.06739010
3660.16467852
3660.27297323
3660.36988961
3660.47745094
3660.58937255
3660.60713283
3660.78465060
3660.87830724
3660.98515080
3661.10574910
3661.19104113
3661.28786730
3661.38427606
3661.49347822
3661.60112416
3661.69840381
3661.79620594
3661.92595489
3662.00072875
3662.08646939
3662.18325996
3662.28131395
3662.38864488
3662.49730188
3662.60604642
3662.72582601
3662.82141069
3662.91791893
3663.02585402
3663.13502035
3663.23150591
3663.36037690
3663.45820829
3663.60264138
3663.66347715
3663.76220308
3663.85911921
3663.96483344
3664.07452493
3664.18215770
3664.27894241
3664.40047913
3664.48430856
3664.59399517
3664.69021523
3664.79837072
3664.90618415
3664.99211033
3665.11173803
3665.23329498
3665.32802170
3665.43495108
3665.53253695
3665.63040321
3665.73703538
3665.83475364
3665.93244411
3666.06123148
3666.15853794
3666.25492793
3666.36454384
3666.47265179
3666.58338484
3666.67800160
3666.77490627
3666.88444319
3666.97933058
3667.07600510
3667.17287978
3667.27238906
3667.37843146
3667.48701118
3667.59759112
3667.70451342
3667.82243957
3667.93030079
3668.02800101
3668.13571837
3668.23246896
3668.34214484
3668.44979711
3668.54955777
3668.64238351
3668.74018223
