3689.14251139
3689.25056107
3689.35904814
3689.49812645
3689.58759030
3689.68531515
3689.79161501
3689.88856942
3689.99638480
3690.10562207
3690.21285840
3690.32188795
3690.42616517
3690.53458081
3690.64247762
3690.74119428
3690.83740336
3691.01113940
3691.11883214
3691.21597185
3691.32262255
3691.42138090
3691.51793424
3691.63679394
3691.73435836
3691.84207499
3691.96169659
3692.06922842
3692.16640055
3692.27476182
3692.37151289
3692.47934728
3692.58679305
3692.68483021
3692.79419695
3692.88971922
3692.97594041
3693.07389005
3693.18175029
3693.28986629
3693.39767533
3693.50465151
3693.61396705
3693.72230467
3693.82037524
3693.92739141
3694.06807228
3694.16506984
3694.27286425
3694.38035341
3694.47724150
3694.58677110
3694.68396810
3694.78025008
3694.87838526
3694.98573155
3695.08349419
3695.19075173
3695.29943921
3695.39521846
3695.50400079
3695.59113529
3695.69844086
3695.80634840
3695.90484393
3696.01142124
3696.12025648
3696.21714725
3696.31481212
3696.42276964
3696.53108385
3696.62675436
3696.72508507
3696.83245574
3696.92946964
3697.03737328
3697.13605776
3697.23387183
3697.33937176
3697.43707100
3697.54705945
3697.65457909
3697.75075599
3697.84748707
3697.94422107
3698.04299479
3698.18270749
3698.26919614
3698.37798919
3698.48547104
3698.58237157
3698.67015192
3698.77659002
3698.87466132
3698.97153088
3699.06845603
3699.23066087
3699.32742315
3699.42634608
3699.52307691
3699.63974988
3699.73743547
3699.83657466
3699.94270799
3700.05145619
3700.16073223
3700.26817824
3700.37612990
3700.48542716
3700.59103021
3700.68512205
3700.80074689
3700.91599064
3701.01295188
3701.11846399
3701.22392783
3701.32861684
3701.43263124
3701.53927804
3701.65474439
3701.77044261
3701.87529985
3701.99232781
3702.09955268
3702.20430704
3702.30939468
3702.41425582
3702.50859586
3702.62442623
3702.73024139
3702.82383026
3702.94140093
3703.05610929
3703.16302233
3703.26853517
3703.37398609
3703.47877531
3703.57327968
3703.67966243
3703.78463231
3703.88928865
3704.00614448
3704.11222638
3704.21713799
3704.32206154
3704.42744176
3704.52135708
3704.62701841
3704.74282195
3704.84836625
3704.95351216
3705.06981551
3705.17642135
3705.28272926
3705.38726662
3705.49194905
3705.58617036
3705.69173318
3705.78571556
3705.89218096
3706.00717701
3706.13159068
3706.23723567
3706.34371668
3706.42664035
3706.53360850
3706.63835554
3706.75499145
3706.87164954
3706.98649175
3707.10436572
3707.20954528
3707.31713708
3707.42221644
3707.52706831
3707.63168516
3707.73769172
3707.85381660
3707.97036230
3708.07586418
3708.19152412
3708.29563506
3708.40318981
3708.50711765
3708.61261489
3708.71864534
3708.82455608
3708.92830131
3709.04588612
3709.13972660
3709.25524464
3709.36210039
3709.46787216
3709.57263407
3709.67750716
3709.78366707
3709.87702237
3709.98214682
3710.09772046
3710.21440074
3710.33102348
3710.43786241
3710.56102217
3710.65650982
3710.76131293
3710.86774859
3710.97303713
3711.06754589
3711.17319600
3711.26706890
3711.37248398
3711.47826965
3711.59490361
3711.70952785
3711.81599740
3711.92140735
3712.02771892
3712.13109282
3712.23684948
3712.34137733
3712.44662125
3712.56341198
3712.67969608
3712.78585160
3712.89218974
3712.99617536
3713.10265686
3713.19701714
3713.30202554
3713.40691545
3713.51167420
3713.61825736
3713.73425303
3713.85163890
3713.95633547
3714.06125610
3714.16631692
3714.27128241
3714.37790313
3714.47073033
3714.58840365
3714.70375615
3714.80857024
3714.92534756
3715.03180833
3715.13761521
3715.24322485
3715.34725362
3715.45291251
3715.55762566
3715.67485841
3715.78024984
3715.89519737
3716.00259194
3716.10719537
3716.21307174
3716.31776709
3716.42260824
3716.52821422
3716.63381605
3716.75056948
3716.84432218
3716.95947963
3717.06577657
3717.17106974
3717.27752393
3717.38280272
3717.48720916
3717.59283001
3717.70848312
3717.81449334
3717.93022472
3718.03563857
3718.13131030
3718.23702331
3718.34291431
3718.44708327
3718.54124363
3718.64687301
3718.76367081
3718.87850546
3718.97467383
3719.08891650
3719.19580273
3719.30048516
3719.40626400
3719.51115342
3719.61703466
3719.72109635
3719.82734501
3719.93239316
3720.04900664
3720.15423300
3720.26042388
3720.36611154
3720.47100803
3720.57578262
3720.66970355
3720.77512838
3720.88078849
3720.98595951
3721.10213877
3721.20845765
3721.31375277
3721.41902400
3721.53693454
3721.64114106
3721.74582349
3721.85144117
3721.96847619
3722.08398497
3722.19952155
3722.29440626
3722.40111011
3722.50496579
3722.61069026
3722.70585388
3722.79968120
3722.89425724
3723.01090583
3723.11566409
3723.23140351
3723.33887244
3723.44398373
3723.54926617
3723.65451594
3723.75920691
3723.85416744
3723.96981081
3724.08542272
3724.20265913
3724.30788672
3724.41372017
3724.52935402
3724.63502169
3724.73995841
3724.85642877
3724.97224597
3725.08850130
3725.20441602
3725.31032091
3725.41584424
3725.52061907
3725.62575182
3725.73332656
3725.83709665
3725.94283112
3726.03732500
3726.15239103
3726.26885383
3726.37371424
3726.48089108
3726.58537457
3726.69032860
3726.79613377
3726.89085074
3727.00648728
3727.12350572
3727.23842912
3727.35585887
3727.47160366
3727.57774431
3727.68298531
3727.78766018
3727.89709445
3728.00322901
3728.12100887
3728.23015643
3728.33547227
3728.45375975
3728.55996598
3728.66732885
3728.77503232
3728.92512593
3729.03170057
3729.14034027
3729.24627685
3729.34141854
3729.44911055
3729.55670406
3729.68557505
3729.77030657
3729.87652963
3729.98531415
3730.09207310
3730.21028841
3730.30882392
3730.46132344
3730.55910509
3730.66774991
3730.77369552
3730.92564183
3731.03134656
3731.13886059
3731.24581166
3731.35181700
3731.45925057
3731.56718396
3731.72971160
3731.83555651
3731.95141613
3732.06100376
3732.16782415
3732.26225928
3732.38093051
3732.47697721
3732.58525266
3732.69086425
3732.79759833
3732.91487985
3733.02239827
3733.12910066
3733.22682111
3733.33246830
3733.44100633
3733.54671471
3733.67639490
3733.79383489
3733.90086326
3734.00758198
3734.11462692
3734.23289782
3734.34066590
3734.44652788
3734.54221106
3734.63924154
3734.74616433
3734.85352598
3734.96111876
3735.06766463
3735.18490494
3735.29334691
3735.39875565
3735.51575410
3735.63410765
3735.74281537
3735.84894749
3735.95583590
3736.06183198
3736.17024030
3736.27679202
3736.37245838
3736.49004661
3736.59780347
3736.70517463
3736.82284966
3736.94057930
3737.04934894
3737.15481010
3737.26063258
3737.36912697
3737.46609430
3737.57190191
3737.67998743
3737.77459517
3737.88313686
3737.98872650
3738.09530772
3738.20383088
3738.31962296
3738.42948732
3738.54691804
3738.65200203
3738.77068082
3738.87839891
3738.98489260
3739.09098279
3739.19720414
3739.29505674
3739.40230258
3739.50956135
3739.62653103
3739.73416867
3739.84073867
3739.93779499
3740.04360455
3740.14136426
3740.24805276
3740.35377138
3740.46179302
3740.56856416
3740.67517317
3740.78289298
3740.88872716
3741.00754126
3741.10428892
3741.21027988
3741.32846934
3741.44520009
3741.55303400
3741.66204453
3741.76754592
3741.88433153
3741.99279519
3742.09869228
3742.20541783
3742.31211803
3742.42167225
3742.52740891
3742.62325228
3742.73003318
3742.83729633
3742.94385755
3743.05244532
3743.16957080
3743.27479376
3743.38348709
3743.49043670
3743.58565300
3743.70417843
3743.81145060
3743.91917626
3744.02490243
3744.12063706
3744.23044095
3744.33561490
3744.44308895
3744.53852052
3744.64678646
3744.75261357
3744.85942958
3744.95706275
3745.06467431
3745.17010206
3745.26606831
3745.37381859
3745.48084549
3745.58823932
3745.69438071
3745.81117778
3745.91869815
3746.02604078
3746.13383056
3746.25184789
3746.36811346
3746.47588982
3746.58291014
3746.73279286
3746.84443433
3746.95757207
3747.06434029
3747.17284028
3747.28998673
3747.39726573
3747.50344710
3747.61061297
3747.72978791
3747.83610045
3747.94441563
3748.05115679
3748.15686834
3748.26481635
3748.37134954
3748.47777642
3748.58522901
3748.70277360
3748.81056216
3748.91699051
3749.03443781
3749.15187951
3749.25979071
3749.36709775
3749.46277240
3749.58144485
3749.68906006
3749.82808790
3749.91352329
3750.01941624
3750.12699244
3750.25580979
3750.32953869
3750.43729384
3750.54414496
3750.65158950
3750.75741223
3750.86495722
3750.97368030
3751.07935187
3751.18543206
3751.35764087
3751.46502959
3751.57207258
3751.67878423
3751.78605689
3751.89226776
3752.00106764
3752.10865262
3752.25737749
3752.37608212
3752.48293811
3752.58966756
3752.68552044
3752.79320245
3752.90087057
3753.00757759
3753.11406738
3753.23103853
3753.33922328
3753.44615314
3753.55162941
3753.65343733
3753.75621122
3753.86480045
3753.97030720
3754.07664558
3754.19372328
3754.30143601
3754.40908560
3754.51710042
3754.61972729
3754.72780330
3754.83447546
3754.94195804
3755.04067299
3755.14824944
3755.25601679
3755.36373293
3755.47074862
3755.55671698
3755.66572995
3755.77370795
3755.87869880
3755.98734996
3756.08520426
3756.19187398
3756.29897622
3756.40784705
3756.51513166
3756.62737973
3756.74060426
3756.84842598
3756.95617577
3757.06459897
3757.17299730
3757.28081267
3757.37660631
3757.48322751
3757.59270762
3757.70077241
3757.80713932
3757.91620008
3758.02148764
3758.13038895
3758.23902645
3758.33419203
3758.43086069
3758.53876457
3758.64778925
3758.75461525
3758.86271637
3758.97049372
3759.07770737
3759.18549642
3759.29410832
3759.40230697
3759.49737113
3759.59529224
3759.70242983
3759.81012476
3759.91796794
3760.02588425
3760.12384486
3760.20782325
3760.31706028
3760.42348522
3760.52021557
3760.61769026
3760.72573409
3760.83237919
3760.92983560
3761.03744349
3761.14509820
3761.24185391
3761.33718698
3761.44781543
3761.55356087
3761.65070472
3761.74899715
3761.84408983
3761.94161865
3762.05131502
3762.15670133
3762.25338706
3762.36023842
3762.46925870
3762.56618653
3762.67313517
3762.78156495
3762.88925208
3762.98578690
3763.08341446
3763.19142294
3763.28749890
3763.40504958
3763.50394203
3763.61004879
3763.71860974
3763.82717654
3763.96697847
3764.04074394
3764.14831868
3764.25638640
3764.36466770
3764.45966310
3764.55821031
3764.66539276
3764.77202372
3764.88128513
3764.98794583
3765.09637707
3765.20366094
3765.31239890
3765.41927902
3765.51566145
3765.61349187
3765.72085303
3765.81791813
3765.92654539
3766.03295423
3766.12910334
3766.23761967
3766.34522415
3766.44191793
3766.57025815
3766.66781818
3766.76414551
3766.90385943
3766.99042634
3767.09630588
3767.20529349
3767.31170867
3767.41928463
3767.52797406
3767.63576214
3767.74468734
3767.85124539
3767.94915675
3768.04483847
3768.15258290
3768.26213079
3768.36829436
3768.46480187
3768.57329089
3768.67996817
3768.78677320
3768.89556552
3769.00374125
3769.11193868
3769.21839799
3769.32644426
3769.43389197
3769.53090977
3769.63918546
3769.78079817
3769.86468391
3769.97267727
3770.07102237
3770.17787007
3770.30532063
3770.40262002
3770.51040395
3770.61694006
3770.72446531
3770.82305104
3770.93105074
3771.02674295
3771.19799945
3771.30684126
3771.41579328
3771.51120389
3771.60934492
3771.71684700
3771.82343261
3771.93157249
3772.02831723
3772.12477036
3772.23223856
3772.33069410
3772.43718852
3772.53833303
3772.65351950
3772.79279041
3772.87882509
3772.98640056
3773.08430412
3773.20193160
3773.30881051
3773.39639460
3773.50394447
3773.60071358
3773.76235790
3773.87011452
3773.97715434
3774.08534738
3774.18372173
3774.29016666
3774.39769459
3774.50542122
3774.61340629
3774.70887078
3774.79626299
3774.90353540
3774.99957577
3775.09605524
3775.20556534
3775.31193273
3775.41901303
3775.52911070
3775.62468418
3775.73236010
3775.83982293
3775.94835267
3776.05502580
3776.16354335
3776.27147502
3776.37972731
3776.47439210
3776.58304302
3776.68222974
3776.77761865
3776.88483402
3776.99296708
3777.08969206
3777.20757798
3777.31320883
3777.42114172
3777.52762907
3777.63408278
3777.73990429
3777.85616205
3777.96429365
3778.06989889
3778.18703437
3778.29310822
3778.38896866
3778.50655176
3778.62338979
3778.74038410
3778.85956709
3778.96648598
3779.07256007
3779.17864782
3779.27369003
3779.39064484
3779.50680484
3779.61440908
3779.72082962
3779.82759419
3779.94448268
3780.06097767
3780.16921191
3780.27542035
3780.38117554
3780.47653811
3780.58300962
3780.69733373
3780.80353314
3780.91106862
3781.01859996
3781.12260192
3781.22987556
3781.33613226
3781.44205812
3781.54957947
3781.65574084
3781.75038565
3781.86878552
3781.97475770
3782.08090225
3782.18766169
3782.29275201
3782.40098967
3782.51650406
3782.63337622
3782.74174553
3782.84707479
3782.95363699
3783.07030532
3783.17682656
3783.28322346
3783.39030327
3783.49635859
3783.60193653
3783.69820851
3783.81436144
3783.92234090
3784.02901623
3784.13462611
3784.25228114
3784.36817441
3784.47502772
3784.58078266
3784.68826110
3784.82631760
3784.93191651
3785.04019317
3785.14585645
3785.25225920
3785.35858466
3785.47540586
3785.59187525
3785.69892921
3785.80517690
3785.91269434
3786.06221061
3786.17857151
3786.28675723
3786.39146551
3786.49813986
3786.59244503
3786.69888167
3786.81607810
3786.92362626
3787.02916715
3787.13568765
3787.24235737
3787.35900864
3787.45504438
3787.56080664
3787.65691356
3787.76287234
3787.87947168
3787.98712931
3788.09295813
3788.20042486
3788.30517458
3788.41278736
3788.52910412
3788.63624707
3788.74317694
3788.84792617
3788.96470568
3789.08240826
3789.18946369
3789.29671879
3789.40184934
3789.49757178
3789.60328479
3789.72090301
3789.82854845
3789.93449065
3790.04096532
3790.14680999
3790.25377691
3790.35971179
3790.46451588
3790.57236880
3790.67772707
3790.79618229
3790.90245752
3791.00816737
3791.11482563
3791.22005687
3791.32636868
3791.44318135
3791.55107524
3791.65685725
3791.76293304
3791.86891522
3791.98748893
3792.10354872
3792.21115369
3792.31599557
3792.41167022
3792.52899197
3792.64690568
3792.74186744
3792.84853326
3792.95460515
3793.06052175
3793.17912739
3793.28470850
3793.39149159
3793.49805647
3793.60412764
3793.72175854
3793.82678596
3793.93342666
3794.04026022
3794.14610977
3794.25314666
3794.35905302
3794.46572883
3794.57192800
3794.67837536
3794.78517016
3794.89037946
3794.99692947
3795.10465000
3795.24281744
3795.32679876
3795.43311276
3795.53864779
3795.64936426
3795.75440630
3795.85096135
3795.92339318
3796.03217892
3796.13887912
3796.23250772
3796.39481788
3796.49915240
3796.61666553
3796.72383604
3796.81929199
3796.92589808
3797.04272148
3797.16035042
3797.26612463
3797.37270048
3797.47841788
3797.57459405
3797.69189727
3797.80770618
3797.91633710
3798.02132917
3798.11643501
3798.21316999
3798.31760934
3798.42684808
3798.53131693
3798.63830434
3798.74361506
3798.86080247
3798.96796810
3799.07449007
3799.18077944
3799.27546155
3799.40202927
3799.50866218
3799.62514424
3799.74195789
3799.84932929
3799.95605606
3800.06318390
3800.16779172
3800.28442032
3800.39288667
3800.52788654
3800.63537155
3800.74214782
3800.84792788
3800.95400441
3801.06142823
3801.16803529
3801.27620346
3801.37257297
3801.48143307
3801.59028757
3801.68706009
3801.79482817
3801.88151187
3801.98741359
3802.09722528
3802.19469364
3802.29158441
3802.39837165
3802.49602408
3802.58257978
3802.67886956
3802.78835626
3802.88589678
3802.98151804
3803.09104155
3803.23120481
3803.32870608
3803.43654169
3803.54327163
3803.64060711
3803.73868597
3803.84726545
3803.95402757
3804.05049338
3804.15947929
3804.26983589
3804.36497027
3804.47476318
3804.58104305
3804.67782899
3804.78576286
3804.88330046
3804.99136281
3805.08994367
3805.18550715
3805.29465787
3805.40189713
3805.50953111
3805.60618734
3805.70571418
3805.80138688
3805.90928711
3806.00807691
3806.11584597
3806.22346435
3806.32030587
3806.41789638
3806.51436244
3806.62285536
3806.73115275
3806.83890523
3806.93635237
3807.03348842
3807.14170413
3807.23923564
3807.33518019
3807.44202106
3807.55190297
3807.65970616
3807.76639002
3807.87510993
3808.01704690
3808.14541101
3808.24318194
3808.34056228
3808.44812702
3808.54727230
3808.64367302
3808.72843794
3808.82656994
3808.92243745
3809.07313400
3809.19268026
3809.29058162
3809.39802032
3809.50603123
3809.61565763
3809.71236481
3809.82005560
3809.91710900
3810.01552358
3810.12146431
3810.21988547
3810.32772426
3810.43544114
3810.52188493
3810.61921090
3810.71645837
3810.80345804
3810.91208141
3811.01903736
3811.11609904
3811.22542360
3811.33303589
3811.44008034
3811.53759234
3811.64525071
3811.74344732
3811.84003894
3811.93604688
3812.04543946
3812.17553876
3812.26010864
3812.34855337
3812.45635583
3812.59688553
3812.70446125
3812.81250605
3812.91949735
3813.01826204
3813.12557835
3813.22261662
3813.32088858
3813.41786273
3813.52458414
3813.62208712
3813.72069919
3813.81530961
3813.97850309
3814.07691061
3814.17399253
3814.28061665
3814.38011570
3814.49694422
3814.61664700
3814.71344074
3814.81029202
3814.91797184
3815.01670288
3815.12284159
3815.23149567
3815.32957331
3815.42558734
3815.53451620
3815.63271428
3815.72913011
3815.83676653
3815.92356897
3816.02094224
3816.12854867
3816.22563401
3816.32225050
3816.43079511
3816.53917052
3816.66822461
3816.79807498
3816.90751145
3817.00281234
3817.11080521
3817.20887505
3817.30607229
3817.40132783
3817.51203260
3817.60999467
3817.70570102
3817.81549076
3817.91128171
3818.02996855
3818.12865254
3818.22487674
3818.33218792
3818.43082095
3818.52781388
3818.63475082
3818.73355403
3818.84117095
3818.93726739
3819.04629279
3819.14414540
3819.24076091
3819.33829900
3819.44544609
3819.55297280
3819.66272549
3819.77044822
3819.86639814
3819.96345909
3820.07227384
3820.17983615
3820.27712701
3820.41965888
3820.50478317
3820.60169004
3820.69851474
3820.80698840
3820.91583558
3821.02447601
3821.13070931
3821.22872429
3821.33577484
3821.44341004
3821.54304391
3821.63971550
3821.74616872
3821.85482622
3821.95334003
3822.04809259
3822.21152915
3822.32021444
3822.41645327
3822.51377291
3822.62149539
3822.73013485
3822.83684626
3822.93519745
3823.04227579
3823.15127365
3823.24979794
3823.35629114
3823.46368693
3823.56343198
3823.66862470
3823.77368357
3823.87987274
3823.99562728
3824.11299169
3824.22019828
3824.32686215
3824.43256029
3824.53820235
3824.65590688
3824.76075924
3824.87841208
3824.97365129
3825.07926288
3825.17466178
3825.28098919
3825.39769361
3825.50205202
3825.60913085
3825.71559797
3825.81001139
3825.90487831
3826.02179728
3826.11617682
3826.23402690
3826.34051254
3826.44651739
3826.55191394
3826.65860975
3826.77562405
3826.89078686
3826.98854828
3827.09405381
3827.19898176
3827.29462447
3827.39059657
3827.50464713
3827.60167273
3827.70811546
3827.81505434
3827.91971239
3828.03580290
3828.15242857
3828.25820180
3828.36691269
3828.47299752
3828.57782014
3828.67428400
3828.78941366
3828.90613807
3829.01338147
3829.11799222
3829.22440253
3829.33118781
3829.44775643
3829.55267438
3829.65965301
3829.75653086
3829.86104506
3829.96672955
3830.08316407
3830.19045916
3830.30642459
3830.41277955
3830.51888656
3830.62403077
3830.73069000
3830.84821094
3830.96425366
3831.07132152
3831.17732247
3831.28297526
3831.37776464
3831.49394634
3831.60024791
3831.70596823
3831.81187580
3831.91852407
3832.02392330
3832.13061910
3832.24745372
3832.36319680
3832.45993373
3832.56584691
3832.67166402
3832.76629786
3832.87331915
3832.98946890
3833.08697554
3833.19100968
3833.29663833
3833.40227113
3833.50906861
3833.62501015
3833.74168263
3833.83822646
3833.94480378
3834.06210504
3834.16742942
3834.28312545
3834.39978379
3834.50741046
3834.61359744
3834.71968470
3834.82508344
3834.94163938
3835.05876364
3835.17455889
3835.28123276
3835.38920125
3835.49328854
3835.60028033
3835.70683449
3835.82171180
3835.92883964
3836.03395507
3836.13984484
3836.24579264
3836.36353764
3836.47988001
3836.58642002
3836.69299100
3836.79771902
3836.89353508
3836.99906450
3837.11542223
3837.22171770
3837.32884334
3837.43442397
3837.53991243
3837.64621424
3837.76273263
3837.87926858
3837.98686746
3838.09185124
3838.19945377
3838.29341493
3838.39794254
3838.50421534
3838.61167086
3838.71849003
3838.81341741
3838.91864621
3839.02615537
3839.14123090
3839.25815743
3839.36623222
3839.47194353
3839.57708237
3839.68220536
3839.79883688
3839.90534398
3840.01134883
3840.11775183
3840.22220946
3840.31821618
3840.41344320
3840.53172751
3840.64769684
3840.74350852
3840.88126660
3840.96499655
3841.07105382
3841.17666419
3841.29517792
3841.40153166
3841.50753675
3841.61315224
3841.71935994
3841.85698954
3841.97420913
3842.08106999
3842.18686346
3842.29185943
3842.39915964
3842.49426548
3842.60994883
3842.71636231
3842.81108976
3842.91759832
3843.02336034
3843.12909846
3843.24710751
3843.35196792
3843.46012244
3843.56514839
3843.67195489
3843.76471773
3843.87128115
3843.98923607
3844.09394848
3844.20176557
3844.30669303
3844.40242181
3844.51912111
3844.63755511
3844.74178454
3844.84804442
3844.95467220
3845.06038448
3845.15565734
3845.27179563
3845.38689969
3845.49465460
3845.60072406
3845.70647365
3845.80220852
3845.91787115
3846.03630003
3846.15200386
3846.25965905
3846.39884512
3846.48128630
3846.57684904
3846.68288852
3846.79977677
3846.90610613
3847.01190594
3847.10913439
3847.20984955
3847.31017852
3847.40899052
3847.51954704
3847.62043312
3847.73100549
3847.83018515
3847.93011476
3848.01879794
3848.11645013
3848.21765949
3848.31649172
3848.41718056
3848.50668147
3848.61551353
3848.70682839
3848.80484410
3848.89476485
3849.00360009
3849.11610221
3849.23515086
3849.32469127
3849.42554151
3849.52552549
3849.62405417
3849.72345009
3849.82274384
3849.93346567
3850.03521654
3850.17583987
3850.26555387
3850.35449281
3850.45403428
3850.56408977
3850.69462110
3850.79623666
3850.88517462
3850.98336197
3851.07390712
3851.16183595
3851.25123495
3851.36050514
3851.45098203
3851.54927032
3851.65098169
3851.74834886
3851.84898211
3851.94674718
3852.05930953
3852.15708825
3852.26855029
3852.35834231
3852.45704898
3852.55797431
3852.65736169
3852.75625950
3852.85686861
3852.96748999
3853.06627077
3853.17760578
3853.27551519
3853.37669944
3853.48562879
3853.57643164
3853.67619034
3853.77457933
3853.87574359
3853.98519224
3854.08498459
3854.19475093
3854.28539409
3854.39415350
3854.48619564
3854.58341751
3854.68281269
3854.78196114
3854.89250206
3855.02534763
3855.12429079
3855.22303086
3855.33500635
3855.43338534
3855.54494733
3855.63364758
3855.74437648
3855.84399621
3855.95377255
3856.04423651
3856.15492006
3856.25409508
3856.36377999
3856.46367913
3856.55298231
3856.64201316
3856.74007544
3856.84135844
3856.93999927
3857.02857883
3857.12753004
3857.22880499
3857.32973983
3857.43864967
3857.52750449
3857.62615508
3857.72890361
3857.82739134
3857.92635473
3858.01427991
3858.11439213
3858.21426421
3858.31510128
3858.41319598
3858.51312364
3858.61366375
3858.70155894
3858.79207264
3858.88973385
3858.98968809
3859.11041560
3859.20925563
3859.29953064
3859.41950893
3859.52099259
3859.60945634
3859.70957222
3859.81921544
3859.92910539
3860.02982519
3860.13998406
3860.26220662
3860.37086460
3860.45988765
3860.54844819
3860.64795089
3860.75851473
3860.84782792
3860.94688493
3861.03710094
3861.13570009
3861.24646531
3861.35715642
3861.44601831
3861.55543503
3861.66752683
3861.76706391
3861.85640196
3861.95522199
3862.05381187
3862.14420269
3862.25510616
3862.34388808
3862.45298029
3862.56432505
3862.66278230
3862.76341432
3862.87349908
3862.98472316
3863.08357708
3863.19481798
3863.28372449
3863.42663450
3863.51629658
3863.61498276
3863.71501453
3863.81462183
3863.91402920
3864.01339195
3864.11379748
3864.21283695
3864.31330465
3864.41168509
3864.52218433
3864.62224584
3864.73404482
3864.83303991
3864.94442270
3865.04371597
3865.13293846
3865.23278347
3865.35269666
3865.45260653
3865.55178691
3865.65310721
3865.75136844
3865.85108667
3865.95117232
3866.06159548
3866.16112476
3866.26113702
3866.35024126
3866.45949585
3866.56135984
3866.67052592
3866.75947680
3866.86957594
3866.98303941
3867.08006598
3867.18047444
3867.27867398
3867.36823146
3867.47912274
3867.57839869
3867.67839828
3867.78865931
3867.87811171
3867.97720335
3868.06685689
3868.16573934
3868.26523911
3868.37778756
3868.48456700
3868.59322595
3868.69952679
3868.80642155
3868.92329419
3869.02157541
3869.14859077
3869.24442878
3869.35198230
3869.45939954
3869.56595467
3869.67425060
3869.76896586
3869.87630484
3869.98319789
3870.09027038
3870.19622159
3870.34753473
3870.44456107
3870.55076121
3870.65737827
3870.76523631
3870.87220860
3870.97908897
3871.11808365
3871.23424974
3871.34148802
3871.45036690
3871.55666822
3871.66323188
3871.76021555
3871.85614937
3871.96112510
3872.06961022
3872.17694847
3872.28170819
3872.38952137
3872.49689716
3872.60385409
3872.70944422
3872.82019238
3872.92505791
3872.99952920
