13788.43012906
13788.49152811
13788.55719943
13788.61875524
13788.68157692
13788.74339727
13788.89489175
13788.96990147
13789.04444502
13789.06439766
13789.14220948
13789.20363876
13789.26623491
13789.32861334
13789.39252558
13789.45485452
13789.58305909
13789.60297394
13789.67674218
13789.74063150
13789.86847669
13789.93239405
13789.95406457
13790.02873588
13790.08879690
13790.15161468
13790.21534966
13790.35701277
13790.40384736
13790.42279502
13790.48760350
13790.55068557
13790.61433083
13790.67714446
13790.74086238
13790.80383473
13790.86861225
13790.99515867
13791.07102367
13791.14391054
13791.16175862
13791.22865484
13791.29059173
13791.41916957
13791.49698334
13791.53014096
13791.57673101
13791.63959730
13791.76052660
13791.83138985
13791.85107869
13791.91485610
13791.97870055
13792.04168095
13792.10534596
13792.23246826
13792.25308163
13792.33199620
13792.40563156
13792.42652068
13792.44542933
13792.50339871
13792.63200142
13792.65184459
13792.72778736
13792.80843981
13792.88529419
13792.93913465
13793.00112664
13793.06485139
13793.12772695
13793.19075391
13793.25633186
13793.31918864
13793.44675199
13793.46582058
13793.52963871
13793.59444182
13793.65628558
13793.71821077
13793.78715182
13793.84901069
13793.92654530
13793.97335503
13794.03634640
13794.18583871
13794.20474566
13794.28163124
13794.34366200
13794.40732994
13794.53586268
13794.60884268
13794.68362126
13794.70353782
13794.76769021
13794.83228975
13794.89310097
13794.95876254
13795.03776220
13795.08452633
13795.21229644
13795.23311997
13795.30786929
13795.43460321
13795.50747423
13795.52930957
13795.59223584
13795.66708342
13795.73012209
13795.85748649
13795.96434968
13796.03899100
13796.11869746
13796.14997725
13796.19649100
13796.25957306
13796.38711057
13796.46280953
13796.48077489
13796.54563530
13796.60949292
13796.68432514
13796.75819505
13796.82089701
13796.88389692
13797.04536321
13797.06435134
13797.13999764
13797.21881274
13797.32950642
13797.40447932
13797.47835117
13797.49904914
13797.56395710
13797.68369392
13797.76468550
13797.78345494
13797.86018522
13797.92309978
13798.05063681
13798.11349627
13798.18740129
13798.26308026
13798.28109730
13798.36385845
13798.41075595
13798.47294104
13798.54727516
13798.61032358
13798.70488902
13798.83685606
13798.90836979
13798.98327588
13799.00214357
13799.09884990
13799.22656685
13799.30038849
13799.32125346
13799.40134953
13799.44790570
13799.52265771
13799.58461581
13799.64731705
13799.71324266
13799.77601338
13799.83983882
13799.90167258
13799.96543853
13800.09321473
13800.11307692
13800.18886634
13800.25271714
13800.31363027
13800.38066327
13800.51557943
13800.53009805
13800.57792080
13800.65757728
13800.70656350
13800.76936445
13800.89796009
13800.97172419
13801.04562433
13801.07231635
13801.18232615
13801.25795319
13801.32077925
13801.38454155
13801.44740930
13801.51170359
13801.57409494
13801.63617129
13801.71580461
13801.76394749
13801.82735846
13801.89367270
13801.95398948
13802.01941846
13802.14556844
13802.21948053
13802.23851255
13802.30419777
13802.37691348
13802.45104889
13802.57840940
13802.65431633
13802.72804873
13802.81381508
13802.86073452
13802.92261777
13802.98646247
13803.04968327
13803.11507665
13803.17805924
13803.30456299
13803.37943057
13803.39831411
13803.47757903
13803.54041850
13803.60320141
13803.73192530
13803.75080469
13803.82336924
13803.88626431
13804.01373867
13804.03459828
13804.09940115
13804.16235571
13804.22508108
13804.29142970
13804.41909448
13804.43460174
13804.51243014
13804.57440385
13804.63712117
13804.70186797
13804.76283621
13804.82852825
13804.95529362
13805.02905527
13805.04899353
13805.11307326
13805.19458952
13805.23971453
13805.38148223
13805.45311859
13805.47176612
13805.54757773
13805.61058299
13805.67677972
13805.80543120
13805.87816690
13805.93753550
13806.01473049
13806.07755533
13806.15223127
13806.28217884
13806.35596926
13806.42835973
13806.50814129
13806.57301730
13806.63585727
13806.69959932
13806.76069215
13806.82433839
13806.88838325
13806.95293305
13807.01583202
13807.14347875
13807.21971410
13807.23716867
13807.31696412
13807.37926575
13807.43871530
13807.56542800
13807.64111916
13807.71487667
13807.79216747
13807.80865095
13807.87256318
13807.93729901
13807.99894187
13808.13884686
13808.21263533
13808.23308071
13808.29650655
13808.42034839
13808.45307276
13808.48945182
13808.54905716
13808.61370351
13808.67567795
13808.80623943
13808.87710609
13808.89786355
13808.96186965
13809.02457820
13809.08861234
13809.15229417
13809.21427227
13809.35482604
13809.42876397
13809.50250368
13809.52164712
13809.60227469
13809.74787727
13809.82067344
13809.89457602
13809.96952015
13809.98819694
13810.05338235
13810.11584928
13810.17984148
13810.25458203
13810.38124671
13810.40204707
13810.46592469
13810.52980621
13810.59171262
13810.67238481
13810.71959414
13810.78123383
13810.91072840
13810.98460782
13811.05745470
13811.07749487
13811.14251985
13811.21701318
13811.28073134
13811.37505297
13811.42836607
13811.49224686
13811.51119427
13811.56996115
13811.63305858
13811.69672408
13811.82352333
13811.89734106
13811.97293007
13811.99185530
13812.05575534
13812.11982240
13812.13973603
13812.19968441
13812.32731847
13812.40118886
13812.41791054
13812.48268733
13812.54548267
13812.60938589
13812.73693559
13812.81114073
13812.83088589
13812.89467330
13812.96171751
13813.04718641
13813.10700631
13813.17178382
13813.23357297
13813.29662187
13813.35940308
13813.42423838
13813.48695034
13813.55084307
13813.62380674
13813.68745517
13813.75033950
13813.81412423
13813.87790456
13813.94084790
13814.00468773
13814.09532393
13814.14232895
13814.20425877
13814.31672031
13814.38357679
13814.49229099
13814.55711214
13814.61999624
13814.68199652
13814.74575784
13814.81279230
13814.87326804
13814.93520420
13814.99916471
13815.06194421
13815.17066279
13815.23474252
13815.29644901
13815.36251482
13815.42293399
13815.48513615
13815.54950431
13815.62247334
13815.68660354
13815.75016835
13815.81733301
13815.87797112
13815.89776846
13815.97887512
13816.03845876
13816.15116436
13816.19850876
13816.26293593
13816.32487672
13816.38861073
13816.45056859
13816.51525638
13816.57725788
13816.64088559
13816.70572138
13816.76853916
13816.83361973
13816.89428759
13816.95803794
13817.02188386
13817.08385805
13817.14964396
13817.24037525
13817.28550440
13817.35009101
13817.41192697
13817.47671082
13817.53952348
13817.60233175
13817.66914605
13817.73104954
13817.79189660
13817.85365283
13817.91263524
13817.97453165
13818.03544113
13818.09710398
13818.16013875
13818.21698806
13818.27954496
13818.35741140
13818.40029945
13818.46011934
13818.52392259
13818.58377881
13818.64471584
13818.70645330
13818.76856281
13818.82708514
13818.88887282
13818.94887557
13819.01070007
13819.07150934
13819.14331881
13819.20518841
13819.26605035
13819.32499131
13819.38668293
13819.46463664
13819.50941349
13819.56938820
13819.63211747
13819.69088630
13819.75082200
13819.81463160
13819.87540844
13819.93518591
13819.99506725
13820.05692782
13820.12883311
13820.18971480
13820.25135692
13820.31313631
13820.37307762
13820.43400709
13820.49467715
13820.57442360
13820.61734895
13820.67715885
13820.74006513
13820.79891417
13820.86176900
13820.92054198
13820.98241767
13821.04331325
13821.10309072
13821.16588412
13821.26002947
13821.30855464
13821.36938171
13821.43029412
13821.49197184
13821.55186219
13821.61370717
13821.69252129
13821.73433097
13821.79619716
13821.85699765
13821.91702161
13821.97874615
13822.04061038
13822.10138308
13822.16128563
13822.22113331
13822.28296464
13822.34478669
13822.40557256
13822.46546121
13822.52626317
13822.58706342
13822.65096468
13822.71083626
13822.77155703
13822.84736888
13822.89226568
13822.95427815
13823.01594661
13823.08580121
13823.14872724
13823.20853397
13823.26926815
13823.33206203
13823.39191532
13823.45285284
13823.51254571
13823.57546491
13823.63532405
13823.69608944
13823.75704792
13823.81782526
13823.87972997
13823.95639710
13824.00132754
13824.06214194
13824.12296145
13824.18483446
13824.24568030
13824.30655760
13824.36648843
13824.42738474
13824.48822254
13824.54991489
13824.60996737
13824.67071886
13824.73272792
13824.79335190
13824.85419677
13824.91509308
13824.97601694
13825.03577978
13825.11645003
13825.15850254
13825.22018294
13825.27999382
13825.34109493
13825.40372887
13825.46452595
13825.52669983
13825.58616571
13825.64708201
13825.70815094
13825.77115767
13825.82962735
13825.89042223
13825.95117397
13826.01397955
13826.07388453
13826.13481157
13826.19452882
13826.27341437
13826.31642945
13826.37811668
13826.43897569
13826.53273509
13826.58270800
13826.64545507
13826.70429753
13826.76411645
13826.85780783
13826.90878841
13826.97067020
13827.03129954
13827.09220073
13827.15225663
13827.21390314
13827.27478800
13827.35251131
13827.39640459
13827.45717071
13827.51937920
13827.57888556
13827.64075223
13827.70160002
13827.76151452
13827.82328610
13827.88309966
13827.95605625
13828.01679506
13828.07762043
13828.13845774
13828.19926384
13828.26019673
13828.32108060
13828.38179772
13828.45962343
13828.50354475
13828.56526075
13828.62533835
13828.68702753
13828.74689277
13828.80771838
13828.87059077
13828.92951758
13828.99462473
13829.05267554
13829.11312666
13829.17587056
13829.23667227
13829.29655361
13829.35971564
13829.41816264
13829.47910845
13829.53921116
13829.61862798
13829.66249956
13829.72235017
13829.78424415
13829.84420886
13829.90497547
13829.96790589
13830.02659036
13830.09043384
13830.15024812
13830.21111225
13830.27123667
13830.33279541
13830.42756516
13830.48746380
13830.50734111
13830.56132761
13830.62299485
13830.68393578
13830.77071028
13830.81647480
13830.87634223
13830.93840786
13831.00012093
13831.06009247
13831.12173289
13831.18159155
13831.24470190
13831.30320449
13831.36513309
13831.42821150
13831.48674359
13831.54763697
13831.60747588
13831.66934061
13831.73023692
13831.79209847
13831.85280023
13831.93056670
13831.97456408
13832.03442640
13832.09620701
13832.15620561
13832.21789796
13832.27871455
13832.33886919
13832.40041014
13832.46163340
13832.52218521
13832.58429667
13832.64572497
13832.71757662
13832.77751891
13832.83725078
13832.89916134
13832.96085711
13833.03771441
13833.08168937
13833.14346656
13833.20527667
13833.26566415
13833.32600580
13833.38688748
13833.44770675
13833.50952003
13833.56937406
13833.64216706
13833.70206302
13833.76283962
13833.82569104
13833.88551386
13833.94739711
13834.00728722
13834.06809064
13834.14917707
13834.18980379
13834.24972364
13834.31139844
13834.37232986
13834.43416898
13834.49399034
13834.56592635
13834.62685606
13834.68770556
13834.74928942
13834.81025156
13834.87186808
13834.93193374
13834.99265256
13835.05342452
13835.11635372
13835.17938507
13835.25489216
13835.30405855
13835.35969077
13835.42078579
13835.48173720
13835.54322621
13835.60307732
13835.66496325
13835.72686333
13835.78656643
13835.84736571
13835.90743600
13835.97011041
13836.03002320
13836.09280416
13836.15253677
13836.21338651
13836.27455881
13836.33608976
13836.42399725
13836.46780836
13836.52886169
13836.58942325
13836.65136258
13836.71126464
13836.77305353
13836.83300118
13836.89463843
13836.95473724
13837.01630988
13837.07717913
13837.13697050
13837.19791948
13837.26068581
13837.32078706
13837.38047480
13837.44556220
13837.50312564
13837.58095160
13837.62582914
13837.68662061
13837.74970072
13837.80841567
13837.87024797
13837.93316546
13837.99079497
13838.05261556
13838.11163308
13838.17529054
13838.23323626
13838.29605721
13838.35586954
13838.41666126
13838.47875297
13838.53865503
13838.60028253
13838.66114592
13838.73878464
13838.78466935
13838.84451143
13838.90540214
13838.96628894
13839.04893355
13839.11085777
13839.17162071
13839.23143329
13839.29529774
13839.35227067
13839.44787230
13839.50965754
13839.56881281
13839.63472818
13839.69128395
13839.75329960
13839.82989164
13839.87306007
13839.93468757
13839.99445845
13840.05552884
13840.11814718
13840.17898254
13840.23895994
13840.30065595
13840.36189164
13840.42327313
13840.48327759
13840.54308602
13840.60391212
13840.66627958
13840.72559479
13840.78831187
13840.84822002
13840.90821765
13840.98679796
13841.03573980
13841.09249525
13841.18526235
13841.23746417
13841.29804474
13841.35700862
13841.41889748
13841.48071466
13841.54047653
13841.60320653
13841.66396729
13841.72389690
13841.78471226
13841.84558078
13841.90748866
13841.96738535
13842.02822803
13842.10592233
13842.14991142
13842.21060318
13842.27337756
13842.33347417
13842.39503926
13842.45591972
13842.51473341
13842.57757825
13842.63738961
13842.69835516
13842.76014211
13842.81998102
13842.88275345
13842.94267355
13843.00580535
13843.06438718
13843.12817019
13843.18609934
13843.26704022
13843.32568373
13843.38851857
13843.44803468
13843.51246135
13843.56918803
13843.63192511
13843.69272048
13843.75245699
13843.81433683
13843.87615474
13843.93511862
13844.00017969
13844.06006297
13844.11992821
13844.18144916
13844.24132343
13844.30436648
13844.37885640
13844.42705340
13844.48481847
13844.54648595
13844.60631145
13844.66617889
13844.76418399
13844.82274777
13844.88260741
13844.94436120
13845.00520777
13845.06618747
13845.12684875
13845.19071539
13845.24759738
13845.30937701
13845.37035476
13845.44922593
13845.49282200
13845.55369003
13845.61452929
13845.67563870
13845.73854278
13845.79710266
13845.85707153
13845.91882093
13845.98059837
13846.04070644
13846.10236490
13846.17424167
13846.23392283
13846.29583290
13846.35779759
13846.41747607
13846.52945024
13846.56019341
13846.62191819
13846.68200871
13846.74372373
13846.76475474
13846.82144949
13846.88248428
13846.94404181
13847.00406406
13847.07478590
13847.14865483
13847.25331179
13847.31518480
13847.37412064
13847.43581348
13847.49756702
13847.55650798
13847.61931503
13847.69926140
13847.74095040
13847.80191132
13847.86173560
13847.92253927
13847.98350458
13848.04511501
13848.10596938
13848.16591557
13848.22874383
13848.28980788
13848.34966508
13848.41029101
13848.47103689
13848.53284968
13848.59394177
13848.65572774
13848.71541988
13848.77624061
13848.85705982
13848.89826973
13848.95978118
13849.02263016
13849.08056223
13849.14258690
13849.20418562
13849.26599695
13849.32375349
13849.38581253
13849.44842697
13849.50835901
13849.56843076
13849.63000827
13849.68979257
13849.75073691
13849.81352251
13849.87424328
13849.93414192
13850.01244477
13850.05787917
13850.13867327
13850.19845098
13850.26037129
13850.32230940
13850.41602711
13850.47596038
13850.53668968
13850.59760184
13850.65730787
13850.72007616
13850.78093834
13850.84184513
13850.90163918
13850.96260035
13851.02526233
13851.10315631
13851.14617577
13851.20775280
13851.26778067
13851.32948252
13851.39135432
13851.41041535
13851.46510427
13851.52823461
13851.58908289
13851.64864678
13851.70944655
13851.76956657
13851.83057308
13851.90095944
13851.96277077
13852.02380142
13852.08447611
13852.14638764
13852.20607856
13852.28599836
13852.32799407
13852.38866827
13852.45049886
13852.51433625
13852.57730104
13852.63503807
13852.69487795
13852.75666831
13852.81748587
13852.87864575
13852.93033995
13852.99027249
13853.05096302
13853.14555138
13853.20641258
13853.26723697
13853.32810890
13853.40598265
13853.45038085
13853.51087854
13853.57094565
13853.63229789
13853.69214753
13853.75499895
13853.81507094
13853.87584559
13853.93663122
13853.99740660
13854.05912772
13854.14186083
13854.20270034
13854.26271065
13854.32370570
13854.38541341
13854.44822777
13854.52511019
13854.56781246
13854.62874607
13854.69070003
13854.75141982
13854.81196993
13854.90578346
13854.95556620
13855.01947380
13855.07728470
13855.13726380
13855.21093135
13855.27074783
13855.33259987
13855.39590868
13855.45429985
13855.52164419
13855.59212783
13855.63686810
13855.70311945
13855.75848250
13855.81938028
13855.88115893
13855.94107391
13856.00189659
13856.06612456
13856.12655325
13856.18436952
13856.24516123
13856.30803533
13856.36691753
13856.42866498
13856.48970709
13856.55043566
13856.61146193
13856.67300921
13856.75327448
13856.80565453
13856.86554976
13856.93183524
13856.98917827
13857.04941898
13857.10999468
13857.17081761
13857.23258456
13857.29363716
13857.35430063
13857.41757799
13857.47600524
13857.53781876
13857.59781591
13857.65770285
13857.71858721
13857.82901855
13857.87690860
13857.93469951
13857.99464180
13858.05741105
13858.11967319
13858.17810580
13858.24334924
13858.30076834
13858.36160419
13858.42162206
13858.48673164
13858.54518157
13858.60605521
13858.66475187
13858.72663512
13858.78853690
13858.85047599
13858.91266376
13858.98899614
13859.03093090
13859.09360556
13859.15695557
13859.21532382
13859.27817549
13859.33610488
13859.39792206
13859.45881130
13859.51949599
13859.58144970
13859.64123668
13859.70553316
13859.76631147
13859.82712172
13859.88556165
13859.94552978
13860.00828562
13860.06723243
13860.14681651
13860.22283072
13860.27281972
13860.33339762
13860.39420250
13860.45527387
13860.51693623
13860.57783913
13860.63860500
13860.70038878
13860.76018892
13860.82008464
13860.89205234
13860.95575369
13861.01550019
13861.07550660
13861.13627345
13861.21508781
13861.25693602
13861.32076243
13861.38049675
13861.44045610
13861.50217868
13861.56507667
13861.62489486
13861.68467891
13861.74524827
13861.80735144
13861.86734883
13861.92934765
13861.98897371
13862.04987149
13862.11163186
13862.17054283
13862.23431171
13862.29512293
13862.37192465
13862.41571967
13862.47666206
13862.53849533
13862.60041540
13862.65913108
13862.72100995
13862.78116508
13862.84367565
13862.90443885
13862.96775204
13863.02510019
13863.08701344
13863.15127286
13863.20975448
13863.26961338
13863.33046898
13863.39112879
13863.45304374
13863.53086019
13863.58394339
13863.64651126
13863.70636870
13863.80111748
13863.86101222
13863.92521508
13863.98277827
13864.04695821
13864.10771921
13864.16708951
13864.22603998
13864.28799053
13864.34865863
13864.41392840
13864.47128557
13864.53215336
13864.61107671
13864.65384968
13864.71565516
13864.77550797
13864.83641037
13864.93081904
13864.97919597
13865.04119211
13865.10176635
13865.16397826
13865.22585152
13865.28533690
13865.34708801
13865.40932845
13865.46679119
13865.52771773
13865.59045432
13865.65028738
13865.72808213
13865.78795615
13865.84596624
13865.90468899
13865.96456960
13866.02356712
13866.08237862
13866.14117890
13866.20099343
13866.25876264
13866.31780697
13866.37751642
13866.43629281
13866.50614278
13866.57599471
13866.63377148
13866.69477945
13866.75356852
13866.83154662
13866.87133487
13866.93107772
13866.99085885
13867.04965035
13867.11083680
13867.16635760
13867.22537780
13867.28733224
13867.34314390
13867.40295478
13867.47182927
13867.53244447
13867.59523884
13867.64932555
13867.70993539
13867.77096994
13867.82559084
13867.88555628
13867.94542640
13868.02204307
13868.06313180
13868.12274568
13868.18079917
13868.23965528
13868.29848141
13868.36816657
13868.43995361
13868.49793469
13868.55779920
13868.61763226
13868.67538513
13868.73442606
13868.79643219
13868.85392711
13868.91271325
13868.97071140
13869.03046888
13869.08833391
13869.16511051
13869.20699236
13869.26816613
13869.33659811
13869.39475254
13869.45346992
13869.51314865
13869.57202110
13869.63092061
13869.68943856
13869.75275517
13869.80831473
13869.86703139
13869.92585069
13869.98564303
13870.04571039
13870.10434293
13870.17334103
13870.23548833
13870.31983888
13870.36188359
13870.41970644
13870.47944320
13870.53806769
13870.59829548
13870.65692924
13870.71490154
13870.77384787
13870.83357731
13870.89337477
13870.95418404
13871.01124181
13871.06993848
13871.12778327
13871.19853071
13871.25740852
13871.31627853
13871.42505221
13871.46691919
13871.53218774
13871.58902340
13871.64641495
13871.70666102
13871.76309391
13871.82195978
13871.88168556
13871.94059922
13872.01050039
13872.06935236
13872.12813557
13872.19689206
13872.25687238
13872.31663376
13872.37562202
13872.43672362
13872.49652254
13872.56913732
13872.61074074
13872.66978190
13872.73195992
13872.79086309
13872.84701560
13872.90607871
13872.99778475
13873.05657625
13873.12668613
13873.18677031
13873.24605236
13873.30413413
13873.36499363
13873.42205384
13873.48070735
13873.54057576
13873.59840251
13873.67614972
13873.71797062
13873.77689963
13873.85765082
13873.90465437
13873.96437528
13874.02431537
13874.09303212
13874.15202550
13874.21172373
13874.26956145
13874.33049970
13874.39058681
13874.44809148
13874.50588971
13874.56475167
13874.62366386
13874.68540741
13874.74340702
13874.82007318
13874.86006673
13874.92082553
13874.97964190
13875.04860295
13875.10725280
13875.17041337
13875.22690551
13875.28511479
13875.34372954
13875.42554983
13875.47326506
13875.53210752
13875.59209321
13875.65013110
13875.72074541
13875.77969613
13875.83741097
13875.89719941
13875.97398674
13876.02495415
13876.08463068
13876.14447715
13876.20257087
13876.26421763
13876.32208290
13876.38109530
13876.43994386
13876.49790226
13876.55849113
13876.61646904
13876.67611559
13876.73394234
13876.79477648
13876.85367648
13876.92179370
13877.00330045
13877.05212941
13877.13095767
13877.16979799
13877.22962666
13877.28848668
13877.34648458
13877.40620768
13877.46501845
13877.52386457
13877.58188393
13877.64187619
13877.70131964
13877.75918930
13877.82014901
13877.88890842
13877.94884071
13878.00857746
13878.06642811
13878.12640111
13878.18423981
13878.24314444
13878.31877733
13878.36100564
13878.42036839
13878.47931885
13878.53916508
13878.59795195
13878.65906160
13878.71795331
13878.77451590
13878.84429883
13878.90339705
13878.96209395
13879.02075624
13879.08080263
13879.13949612
13879.19849413
13879.25628968
13879.31797106
13879.37606746
13879.43679530
13879.51150781
13879.55339941
13879.61152849
13879.67215002
13879.73418761
13879.79975678
13879.86294855
13879.91761505
13879.97734132
13880.03648415
13880.09494822
13880.15592913
13880.21382342
13880.27480652
13880.33043801
13880.39020573
13880.45001173
13880.50893099
13880.56689525
13880.62675098
13880.71651751
13880.76614495
13880.83528056
13880.89789792
13880.95572711
13881.01373916
13881.07341837
13881.13153599
13881.19118863
13881.26085062
13881.31889217
13881.37883640
13881.43766619
13881.55124340
13881.61223651
13881.68286619
13881.74260806
13881.81743419
13881.86028981
13881.91915738
13881.97709287
13882.03797578
13882.09568940
13882.15460842
13882.21436321
13882.27551869
13882.33215711
13882.39091619
13882.44983887
13882.50962633
13882.57758678
13882.63941615
13882.69726729
13882.75703330
13882.81689074
13882.87563787
13882.93550238
13883.01068300
13883.05126047
13883.11097870
13883.17003376
13883.22887329
13883.28860810
13883.34650994
13883.40622743
13883.46408758
13883.53401436
13883.59303578
13883.65156811
13883.71256121
13883.77242060
13883.82927455
13883.89126947
13883.94694850
13884.00663942
13884.06476874
13884.12660250
13884.20214786
13884.24414211
13884.30623114
13884.36273327
13884.43161337
13884.49135793
13884.54943507
13884.60811320
13884.66727261
13884.72681968
13884.78671321
13884.84380926
13884.91543685
13884.97322898
13885.03302742
13885.09284609
13885.15070966
13885.20977837
13885.26834752
13885.34357423
13885.39805567
13885.45598531
13885.51569256
13885.60754415
13885.66644634
13885.72526735
13885.78521037
13885.84484935
13885.90277704
13885.96158464
13886.02242633
13886.07960870
13886.13912700
13886.19895201
13886.25682776
13886.31665131
13886.38538464
13886.46217685
13886.50412623
13886.56312790
13886.62173655
13886.68103006
13886.75145664
13886.80926803
13886.87009071
13886.93130422
13886.98716830
13887.04681972
13887.10560001
13887.16368666
13887.22324861
13887.28334669
13887.34518752
13887.40407557
13887.45970950
13887.52169174
13887.58243201
13887.65510993
13887.69518978
13887.75581083
13887.81380167
13887.87362010
13887.93472731
13887.99115166
13888.04997096
13888.10887072
13888.16674745
13888.22653857
13888.29653313
13888.35531268
13888.41503261
13888.47317168
13888.53272241
13888.59156219
13888.65175145
13888.71021723
13888.78715304
13888.82901197
13888.88687505
13888.94701677
13889.00569734
13889.06545531
13889.12530031
13889.18304782
13889.25291096
13889.31378631
13889.37068219
13889.43040676
13889.48949449
13889.54731734
13889.60804737
13889.66686740
13889.72564964
13889.78445431
13889.84241565
13889.90215191
13889.97695293
13890.01981123
13890.07962235
13890.14863435
13890.20832015
13890.26713579
13890.32711513
13890.39587333
13890.45770246
13890.51782370
13890.57359611
13890.63339772
13890.69208950
13890.75101486
13890.81199602
13890.86957237
13890.92844824
13890.98641420
13891.05702827
13891.15404034
13891.18790427
13891.24369277
13891.30296458
13891.36246045
13891.42212260
13891.48010709
13891.53881204
13891.59858756
13891.65745635
13891.71733330
13891.77532145
13891.84300688
13891.89991398
13891.96164656
13892.03085678
13892.09141225
13892.14934310
13892.20906816
13892.29506222
13892.33678243
13892.39581189
13892.45476382
13892.51434161
13892.57555390
13892.63120952
13892.69204074
13892.74888908
13892.80878309
13892.86945413
13892.92666940
13892.99710866
13893.05588237
13893.11419698
13893.17376331
13893.23347739
13893.29225841
13893.35214608
13893.40994309
13893.48694766
13893.52880683
13893.58870401
13893.64660976
13893.70616073
13893.76510339
13893.82491353
13893.88371723
13893.95158527
13894.01162484
13894.08116688
13894.14008785
13894.19980924
13894.25968009
13894.31861374
13894.37737720
13894.43753867
13894.49435532
13894.55335431
13894.63079017
13894.67166923
13894.73043245
13894.78924590
13894.84953805
13894.91795004
13894.97890560
13895.03868575
13895.09873799
13895.15555805
13895.21518119
13895.27312278
13895.33290171
13895.39267479
13895.45079192
13895.51041774
13895.56918730
13895.62817653
13895.68692562
13895.74577856
13895.83359730
13895.88453960
13895.94527719
13896.00406796
13896.06217461
13896.12171777
13896.18016624
13896.24048545
13896.29832951
13896.35815916
13896.41699650
13896.47500026
13896.53481698
13896.59348073
13896.65260649
13896.71223646
13896.78207839
13896.84104909
13896.90072489
13896.97852501
13897.01834594
13897.07950532
13897.13707485
13897.19590366
13897.25404858
13897.31277011
13897.37167425
13897.43139394
13897.48972391
13897.55002679
13897.60898238
13897.66866013
13897.73762557
13897.79641025
13897.85535218
13897.91500287
13897.97293738
13898.03197367
13898.09057232
13898.17136935
13898.21028647
13898.26932983
13898.32808623
13898.38869923
13898.44664204
13898.50444489
13898.56430184
13898.62415855
13898.69300281
13898.75099365
13898.81208549
13898.87051201
13898.92935667
13898.98818645
13899.04707938
13899.10613761
13899.16468116
13899.22453007
13899.28331597
13899.36225833
13899.40433840
13899.46052309
13899.51977271
13899.59183331
13899.64938821
13899.70654107
13899.76627197
13899.82596777
13899.88623578
13899.94473666
13900.00253513
13900.06246084
13900.12126088
13900.18019306
13900.23922935
13900.30183574
13900.35660853
13900.41644890
13900.49319308
13900.54425143
13900.60393577
13900.66275287
13900.72255667
13900.78042682
13900.83836743
13900.89838140
13900.95824201
13901.01781907
13901.07574895
13901.13368346
13901.19357479
13901.25328448
13901.31606885
13901.38293265
13901.44194139
13901.51246866
13901.57133770
13901.64815283
13901.68829461
13901.74707124
13901.80585908
13901.86568117
13901.92551009
13901.98361673
13902.06435451
13902.11216824
13902.17184478
13902.23171855
13902.28861712
13902.34755076
13902.41917762
13902.47715212
13902.53596508
13902.59476048
13902.65552660
13902.71242980
13902.79117858
13902.83212127
13902.89183292
13902.94969234
13903.00957586
13903.06862215
13903.12744535
13903.18616590
13903.25679046
13903.31468743
13903.37357816
13903.43357921
13903.49271058
13903.57234853
13903.62185285
13903.67986830
13903.73959140
13903.79747252
13903.85744529
13903.93406049
13903.97615738
13904.03380078
13904.09394299
13904.15251385
13904.21147334
13904.28111437
13904.33906278
13904.40084826
13904.45878960
13904.51847443
13904.57746585
13904.63621225
13904.69618794
13904.75482706
13904.81569631
13904.87459095
13904.93535853
13904.99252212
13905.07901843
13905.14106845
13905.21408722
13905.27069516
13905.32854337
13905.38829621
13905.44613199
13905.50530700
13905.56887815
13905.62376943
13905.68153596
13905.70236973
13905.75444867
13905.81327675
13905.87321538
13905.93284168
13905.99166756
13906.05064778
13906.12044582
13906.18008505
13906.25597394
13906.30112894
13906.35677091
13906.41574551
13906.47347523
13906.53421599
13906.59226753
13906.65187604
13906.70982128
13906.76961728
13906.82947350
13906.88740070
13906.94722352
13907.01702815
13907.07495461
13907.13561419
13907.19447688
13907.25152783
13907.31142916
13907.37103230
13907.45183006
13907.48976244
13907.55259338
13907.60829533
13907.66722556
13907.72608265
13907.78399644
13907.84281720
13907.90268659
13907.97269138
13908.03140730
13908.09004862
13908.14995287
13908.20788446
13908.27057058
13908.32571250
13908.38540805
13908.44517064
13908.50392338
13908.56197102
13908.63884540
13908.70151055
13908.76067776
13908.85406560
13908.91089419
13908.98173818
13909.04064403
13909.10145281
13909.16027552
13909.21827270
13909.27719342
13909.33593787
13909.39585285
13909.45447369
13909.51524175
13909.57319992
13909.63102057
13909.70801807
13909.74978167
13909.80969787
13909.87837073
13909.93661537
13909.99933416
13910.05415864
13910.11470045
13910.17369578
13910.23342741
13910.29161305
13910.34921623
13910.40994211
13910.46888429
13910.52870614
13910.58749033
13910.64698449
13910.70529155
13910.76401454
13910.85571375
13910.89277573
13910.95245665
13911.01138030
13911.07047632
13911.13002290
13911.18910088
13911.24694494
13911.30892377
13911.36541664
13911.42422789
13911.48239622
13911.54220100
13911.60087815
13911.66077923
13911.75176896
13911.81090058
13911.87030624
13911.92902046
13912.02077111
13912.08194098
13912.13945468
13912.20039317
13912.25723029
13912.31615199
13912.37618936
13912.43482239
13912.49367656
13912.55252779
13912.61135660
13912.67008593
13912.73996443
13912.79892929
13912.85887596
13912.91836500
13912.97536548
13913.03704540
