4338.64923869
4338.74992509
4338.85091552
4338.95150878
4339.05209716
4339.15084918
4339.25882449
4339.35232071
4339.47048335
4339.55082874
4339.64951542
4339.73950078
4339.84606176
4339.95669558
4340.05053703
4340.15928400
4340.24692904
4340.33540791
4340.44020907
4340.52993746
4340.61920676
4340.75142964
4340.85248735
4340.95188107
4341.05177655
4341.14129600
4341.26327450
4341.34082486
4341.44403883
4341.55131124
4341.64106328
4341.75183582
4341.85242786
4341.96337132
4342.07399855
4342.15164107
4342.26291342
4342.35277273
4342.45254046
4342.54013356
4342.65236018
4342.75369097
4342.86344536
4342.95215707
4343.05183409
4343.15368419
4343.24241564
4343.34229284
4343.43017339
4343.52089726
4343.60858813
4343.72051755
4343.80920243
4343.89879478
4343.98678749
4344.07745040
4344.18824976
4344.28885350
4344.39855645
4344.51042443
4344.61004611
4344.72081085
4344.81233880
4344.92113868
4345.00901582
4345.12859256
4345.21726525
4345.33807737
4345.43979460
4345.52869428
4345.62918563
4345.73002099
4345.83218316
4345.92097898
4346.01839029
4346.13884766
4346.22843148
4346.33006190
4346.41880823
4346.51846623
4346.60737421
4346.71818624
4346.80672509
4346.92945038
4347.02162637
4347.11816069
4347.22909439
4347.31859653
4347.41872119
4347.51736934
4347.61894808
4347.74068935
4347.83530124
4347.95052623
4348.03688249
4348.14753800
4348.23726493
4348.32802585
4348.42795717
4348.52764492
4348.60640628
4348.70700735
4348.80788489
4348.90820240
4349.00758856
4349.09866497
4349.19792167
4349.31253518
4349.44310431
4349.52089189
4349.62276052
4349.72235733
4349.81115169
4349.91196194
4350.01365990
4350.13246474
4350.21309027
4350.31439838
4350.41519253
4350.50305920
4350.61655070
4350.71457762
4350.81595888
4350.91580925
4350.99568336
4351.08523718
4351.18622761
4351.32878336
4351.42964433
4351.54001800
4351.66248071
4351.74129644
4351.87498632
4351.96485611
4352.05340105
4352.15522068
4352.24214477
4352.34485966
4352.46642612
4352.54427686
4352.64501031
4352.74468490
4352.84747098
4352.94720823
4353.04795240
4353.15878005
4353.26044582
4353.35264351
4353.44796026
4353.53798414
4353.65036290
4353.73832074
4353.84354224
4353.95104286
4354.05086593
4354.14074523
4354.23127137
4354.32004110
4354.42323580
4354.51295468
4354.61122956
4354.71094462
4354.82164109
4354.89968127
4354.99037880
4355.12477963
4355.20286198
4355.31431597
4355.42474839
4355.51450360
4355.62640376
4355.70369569
4355.80494479
4355.91567272
4356.00569563
4356.11709573
4356.20682583
4356.30762145
4356.41746752
4356.50803803
4356.62075080
4356.70768002
4356.81969525
4356.90955335
4357.00940762
4357.10007419
4357.20991002
4357.29987856
4357.39968651
4357.49038087
4357.59104191
4357.69078989
4357.79246420
4357.88119736
4357.99109633
4358.08268742
4358.17082666
4358.27120245
4358.37196052
4358.47184040
4358.58299426
4358.68474025
4358.80511180
4358.88394948
4358.98470463
4359.07516517
4359.17593276
4359.28682769
4359.38751799
4359.48709115
4359.60236636
4359.67659531
4359.78827555
4359.87713354
4359.97988744
4360.07815940
4360.19084365
4360.30161277
4360.40202586
4360.49263245
4360.58051423
4360.69235807
4360.83571889
4360.90372582
4361.01540167
4361.10502791
4361.22672213
4361.30653163
4361.40637517
4361.51720038
4361.61872523
4361.71900959
4361.87453917
4361.96353979
4362.04127642
4362.12988938
4362.23067671
4362.33238394
4362.42135774
4362.53490093
4362.62188841
4362.73341628
4362.82413258
4362.92405049
4363.03440856
4363.13469364
4363.23565944
4363.33621101
4363.42606326
4363.53668439
4363.62742386
4363.72642773
4363.81716817
4363.90675149
4363.99563386
4364.08442310
4364.17506675
4364.27474621
4364.37562132
4364.46631665
4364.55449003
4364.65593101
4364.75519381
4364.84547247
4364.94670305
4365.04687233
4365.16855119
4365.24551251
4365.34715342
4365.50173678
4365.57040370
4365.67115812
4365.77340295
4365.85984210
4365.98245085
4366.06119515
4366.16202807
4366.25303671
4366.35434530
4366.49506567
4366.57342572
4366.68647032
4366.79636978
4366.88494056
4366.99786838
4367.08653741
4367.17648328
4367.26592593
4367.36668473
4367.47839448
4367.57909355
4367.67782996
4367.78880925
4367.89033289
4367.99160979
4368.07942160
4368.18119685
4368.27984792
4368.39162886
4368.47136448
4368.56033267
4368.66188849
4368.76023188
4368.86281511
4368.96250457
4369.06248173
4369.18504147
4369.27466917
4369.37455514
4369.46481698
4369.56545584
4369.70927989
4369.79894538
4369.89772787
4369.99940584
4370.07719903
4370.17878191
4370.26720592
4370.35791955
4370.46858164
4370.55858042
4370.66925860
4370.76944690
4370.85938179
4370.95856827
4371.05014059
4371.14992368
4371.24858133
4371.35045191
4371.43939889
4371.56280856
4371.68791074
4371.77414656
4371.88607500
4371.98563451
4372.07559404
4372.17484049
4372.26460009
4372.38768037
4372.46644197
4372.56713105
4372.67888078
4372.77765474
4372.87929516
4372.98008980
4373.09071874
4373.21353302
4373.29073059
4373.39241880
4373.49225991
4373.59188695
4373.70713071
4373.80441695
4373.90371436
4374.00633051
4374.09431273
4374.20303801
4374.29252088
4374.39438415
4374.48202382
4374.57087645
4374.66162884
4374.77478461
4374.85084432
4374.94035792
4375.04175209
4375.15436222
4375.24128510
4375.34381396
4375.44345929
4375.56522714
4375.65741801
4375.75494000
4375.85631638
4375.96703431
4376.05592619
4376.15910797
4376.24635267
4376.36697779
4376.44656640
4376.53670707
4376.62775130
4376.71593491
4376.82117737
4376.90747853
4376.99736393
4377.08711012
4377.20219248
4377.28855045
4377.39122048
4377.47899742
4377.59080054
4377.69159860
4377.78197333
4377.87323430
4377.97303250
4378.10750306
4378.19981339
4378.28616258
4378.38783567
4378.48752343
4378.58080826
4378.68908737
4378.78887484
4378.88013386
4378.98113745
4379.08170902
4379.17164391
4379.26310773
4379.35196670
4379.46481869
4379.56441160
4379.65329739
4379.79781167
4379.87671541
4379.97929426
4380.08009524
4380.16937112
4380.28301378
4380.38267228
4380.46092920
4380.56223829
4380.65023636
4380.75339401
4380.84267598
4380.93160078
4381.04414800
4381.15381658
4381.23367020
4381.34554281
4381.43514783
4381.53585617
4381.63758997
4381.72719573
4381.82775851
4381.93939658
4382.01816379
4382.10942964
4382.21009239
4382.34209121
4382.44408320
4382.53383914
4382.63649990
4382.73652411
4382.81413689
4382.91504588
4383.01581152
4383.11730712
4383.21810396
4383.31123568
4383.40854191
4383.51939734
4383.60006017
4383.70046277
4383.79992671
4383.90215496
4384.04638593
4384.11413516
4384.21400284
4384.32545074
4384.41716081
4384.50718835
4384.59672535
4384.68554189
4384.82116298
4384.89885695
4384.98864263
4385.07951668
4385.18013944
4385.27005898
4385.38093709
4385.48289300
4385.57283862
4385.66441850
4385.80695866
4385.91874130
4385.99658472
4386.09844896
4386.19899858
4386.28873843
4386.38844178
4386.48956533
4386.63413520
4386.74614800
4386.82647730
4386.92694402
4387.01856778
4387.10626695
4387.20624581
4387.29673976
4387.38553314
4387.48731570
4387.58909900
4387.66770603
4387.77826328
4387.86892619
4387.97030623
4388.05927783
4388.15229301
4388.28446835
4388.37920848
4388.46413285
4388.55388270
4388.64452025
4388.74528296
4388.84403107
4388.93681732
4389.04113013
4389.12700024
4389.23963402
4389.33845308
4389.42722769
4389.54033373
4389.64022945
4389.72989884
4389.83402051
4389.94246419
4390.05329280
4390.14976715
4390.24653236
4390.35715350
4390.44599393
4390.53684141
4390.63801957
4390.73779534
4390.83846637
4390.93983275
4391.03030573
4391.11909521
4391.21083771
4391.29954186
4391.40133271
4391.49025385
4391.58193125
4391.69252995
4391.77535903
4391.86210807
4391.95090315
4392.04088169
4392.15249659
4392.25216021
4392.38649667
4392.50320109
4392.58031894
4392.67948543
4392.77952353
4392.87009843
4392.97083261
4393.06051468
4393.15118076
4393.29385330
4393.37394635
4393.46334413
4393.56809312
4393.65306016
4393.76665894
4393.86636449
4393.96612197
4394.08996830
4394.16768664
4394.26950285
4394.37098114
4394.47076008
4394.57245072
4394.67712340
4394.76202095
4394.86370112
4394.95295408
4395.04298211
4395.13373840
4395.22270537
4395.31431889
4395.40321614
4395.49383589
4395.58354795
4395.69524404
4395.78706260
4395.92870871
4396.00749201
4396.10034799
4396.19890910
4396.28716708
4396.40062883
4396.50106435
4396.57992543
4396.68279660
4396.77132130
4396.87322309
4396.96180411
4397.05069989
4397.15138921
4397.24212478
4397.39715796
4397.50860537
4397.61988138
4397.70959879
4397.81501460
4397.90063603
4398.01260006
4398.11407445
4398.20379455
4398.31949813
4398.40781267
4398.49423013
4398.59685871
4398.68559382
4398.78949363
4398.89818477
4398.98797362
4399.07878452
4399.17863953
4399.28010221
4399.38112702
4399.46972145
4399.56163096
4399.65236067
4399.75398988
4399.85275554
4399.94175738
4400.03327362
4400.17734051
4400.25527731
4400.34545797
4400.44672926
4400.55807768
4400.64771415
4400.73747204
4400.82730795
4400.92900128
4401.01880184
4401.10948328
4401.20921687
4401.29930707
4401.42462088
4401.51064361
4401.60027692
4401.72753950
4401.81666251
4401.90658741
4402.00826245
4402.10787365
4402.22554721
4402.31941378
4402.42605082
4402.52777000
4402.62262959
4402.75710869
4402.85714070
4402.95881964
4403.05236803
4403.14787690
4403.23909179
4403.35111995
4403.43986189
4403.54106345
4403.64277555
4403.74353582
4403.83725025
4403.93428633
4404.02383162
4404.12760026
4404.22437693
4404.31589439
4404.48158984
4404.55001857
4404.66071894
4404.76157917
4404.85171716
4404.96366998
4405.05628995
4405.14209325
4405.25583856
4405.33543911
4405.44631040
4405.54600010
4405.63577969
4405.75169295
4405.84824532
4405.93897235
4406.06562589
4406.15038326
4406.25168844
4406.35341200
4406.44261084
4406.55342263
4406.64319100
4406.73311639
4406.84472959
4406.93553708
4407.03625078
4407.12782383
4407.21659600
4407.32024321
4407.40721534
4407.49595094
4407.60225909
4407.70879374
4407.79965657
4407.91128415
4408.01093948
4408.11291977
4408.20261134
4408.29132475
4408.39411279
4408.49478187
4408.57775406
4408.72871051
4408.79555838
4408.88633100
4408.98795753
4409.07740091
4409.18887757
4409.30247659
4409.38530396
4409.48017185
4409.58104207
4409.68238359
4409.77644544
4409.86195764
4409.97386852
4410.09731793
4410.18016090
4410.27690344
4410.36470817
4410.46739697
4410.55910973
4410.64544990
4410.73743669
4410.85111154
4410.95980561
4411.03950198
4411.14428242
4411.28394124
4411.37548576
4411.46360038
4411.57639751
4411.66684050
4411.76812740
4411.85784336
4411.94464335
4412.04656196
4412.13720488
4412.23835890
4412.32732758
4412.42897970
4412.51783891
4412.63132359
4412.72009698
4412.81082255
4412.95461637
4413.03732305
4413.13493648
4413.22470900
4413.31770248
4413.42528794
4413.52451417
4413.61725604
4413.73206119
4413.81788985
4413.91847530
4414.03119661
4414.12288669
4414.22057618
4414.30953926
4414.40025044
4414.50233825
4414.60207867
4414.70293500
4414.81949655
4414.90480980
4415.02942656
4415.10825716
4415.19694424
4415.31075196
4415.39771921
4415.49834856
4415.61185981
4415.69967113
4415.82140606
4415.90352833
4415.99141791
4416.08309751
4416.19278412
4416.29449915
4416.39552444
4416.49732724
4416.59594882
4416.68689235
4416.77554042
4416.88129781
4416.97884662
4417.06779336
4417.16945767
4417.25819498
4417.37254396
4417.46040769
4417.55003710
4417.65175846
4417.76196049
4417.85270849
4417.96446066
4418.05332230
4418.15496004
4418.23391450
4418.32547512
4418.43627228
4418.53705157
4418.62585422
4418.72754413
4418.82924160
4418.98316838
4419.06259973
4419.15201361
4419.25241987
4419.36309684
4419.46480674
4419.56656590
4419.66913670
4419.76814154
4419.85772096
4419.94757687
4420.03722138
4420.13883938
4420.22749427
4420.33937371
4420.42899336
4420.52281311
4420.66787377
4420.74278952
4420.84840647
4420.94522386
4421.03896828
4421.14770526
4421.25835614
4421.34735578
4421.45975331
4421.54866201
4421.64034478
4421.74196082
4421.83140882
4421.93018961
4422.03290255
4422.14747559
4422.27015358
4422.34403729
4422.44589080
4422.54761583
4422.63627072
4422.73798039
4422.83865801
4422.92835738
4423.04013734
4423.11902036
4423.26257525
4423.36382729
4423.46532386
4423.56613314
4423.65587226
4423.74665634
4423.86833617
4423.96210692
4424.06073362
4424.17551219
4424.26022298
4424.36250657
4424.46142291
4424.55200878
4424.65370699
4424.74250524
4424.83325154
4424.96735565
4425.04515494
4425.14611513
4425.23585717
4425.32674926
4425.44130597
4425.53698087
4425.62789051
4425.72937758
4425.81813463
4425.91970752
4426.03312441
4426.12292083
4426.23339665
4426.32315478
4426.41364191
4426.51487322
4426.60307487
4426.69291932
4426.79548085
4426.88437175
4427.00610425
4427.10659901
4427.19653415
4427.29811801
4427.39795205
4427.50066767
4427.60135309
4427.69101126
4427.80490700
4427.90248069
4428.01232651
4428.12309612
4428.23272739
4428.34158164
4428.45300077
4428.57267795
4428.67371422
4428.77031388
4428.88311272
4428.98903517
4429.08851471
4429.18827633
4429.31035894
4429.39654356
4429.50516498
4429.61588681
4429.72570727
4429.82550572
4429.93324210
4430.05770868
4430.14449648
4430.25319104
4430.36290691
4430.46137537
4430.54998833
4430.70355354
4430.79163451
4430.88983186
4431.00044154
4431.10928799
4431.22383786
4431.32759943
4431.43928333
4431.54900334
4431.64696907
4431.75664886
4431.85637806
4431.95601632
4432.06873812
4432.17543880
4432.29718081
4432.38401640
4432.49398510
4432.59695112
4432.70479697
4432.80336393
4432.91131194
4433.03089673
4433.12956633
4433.22949424
4433.34002200
4433.44068596
4433.55254833
4433.65828060
4433.77894254
4433.87863760
4433.98727998
4434.09766389
4434.20685704
4434.31745014
4434.41619971
4434.53687944
4434.63482957
4434.74536854
4434.85520217
4434.96396329
4435.07646541
4435.18434369
4435.29543416
4435.39289301
4435.50498870
4435.61198610
4435.71207492
4435.82185443
4435.93145083
4436.04230115
4436.14181336
4436.25159555
4436.34942621
4436.45824364
4436.57275085
4436.67746644
4436.79899048
4436.89781271
4437.00830585
4437.12352377
4437.22702982
4437.33762950
4437.44641304
4437.56814822
4437.66774138
4437.76565152
4437.87425635
4437.98591587
4438.08333669
4438.18406965
4438.28172013
4438.40368206
4438.50175652
4438.61309324
4438.69234100
4438.79319343
4438.89985608
4439.01085097
4439.11920615
4439.24188877
4439.31671066
4439.43156043
4439.53617459
4439.64773878
4439.73558837
4439.84635896
4439.94602746
4440.06627662
4440.16356456
4440.27229934
4440.42674178
4440.52550745
4440.62540731
4440.73396168
4440.84377995
4440.94334019
4441.05308118
4441.16371962
4441.27263239
4441.38213688
4441.49201561
4441.61480405
4441.75624609
4441.84305462
4441.95668948
4442.04052110
4442.15109445
4442.25409630
4442.37070661
4442.47040607
4442.58000589
4442.68083613
4442.78842013
4442.88718141
4442.99748316
4443.11623850
4443.21660209
4443.32818847
4443.43998135
4443.54575605
4443.64643611
4443.79109643
4443.89788074
4443.99549904
4444.10727437
4444.21911625
4444.32789541
4444.43465900
4444.53480438
4444.65469661
4444.74388423
4444.83061864
4444.94087455
4445.05010695
4445.15995131
4445.26953528
4445.40328660
4445.47902155
4445.58889907
4445.69879219
4445.80760475
4445.91833658
4446.02805611
4446.13763569
4446.23563189
4446.34626083
4446.45712456
4446.55581928
4446.66944658
4446.76604625
4446.88583485
4446.98552919
4447.09753467
4447.20912471
4447.31866943
4447.42455067
4447.53470759
4447.65595515
4447.74319352
4447.85105205
4447.95077223
4448.06046006
4448.17517890
4448.27973650
4448.40274266
4448.50327326
4448.60096714
4448.70774194
4448.81846450
4448.91802450
4449.02741781
4449.14955504
4449.24688198
4449.35666588
4449.47131621
4449.57625512
4449.69185606
4449.78652988
4449.91118175
4450.00596821
4450.11568920
4450.21536598
4450.31314788
4450.42289910
4450.53263180
4450.65526785
4450.74193912
4450.84328160
4450.95055914
4451.06594577
4451.17031808
4451.28069418
4451.39066581
4451.48951486
4451.58804842
4451.74067155
4451.82938960
4451.93815559
4452.03883296
4452.16444374
4452.25697861
4452.35584327
4452.46655729
4452.56555458
4452.67502079
4452.78489441
4452.89563452
4452.99235268
4453.10401390
4453.20366655
4453.37644856
4453.47604952
4453.59766767
4453.67548988
4453.82073437
4453.90343959
4454.01319569
4454.12901142
4454.23746778
4454.35328498
4454.45304392
4454.56774326
4454.67248493
4454.78721255
4454.89287582
4455.00277187
4455.12405112
4455.22253739
4455.33246367
4455.44120649
4455.55267706
4455.70518804
4455.77023416
4455.89288509
4455.97873861
4456.08877753
4456.19996431
4456.30044468
4456.39626197
4456.49622474
4456.61417405
4456.72998271
4456.81878828
4456.92950255
4457.04009224
4457.15174542
4457.26234949
4457.40596777
4457.49491548
4457.59367773
4457.70333802
4457.81488685
4457.92391323
4458.03593236
4458.14520158
4458.25499401
4458.35555655
4458.46628667
4458.58194905
4458.68771789
4458.79946542
4458.90917496
4459.07471388
4459.15265629
4459.26554314
4459.37475116
4459.48332649
4459.57108247
4459.67179227
4459.77057866
4459.88126075
4459.98203321
4460.09181954
4460.20231219
4460.31621280
4460.42531452
4460.53408783
4460.65596271
4460.74334468
4460.85660480
4460.96473177
4461.08101952
4461.17669759
4461.27538060
4461.39735618
4461.48601961
4461.58475407
4461.68530467
4461.79614791
4461.90487782
4462.01640714
4462.13867846
4462.23814459
4462.33735789
4462.44884431
4462.54644140
4462.65721979
4462.76891222
4462.89050331
4462.97828927
4463.08826334
4463.19874624
4463.29858222
4463.40932673
4463.50995997
4463.63137650
4463.71986804
4463.81886533
4463.91894683
4464.03173616
4464.14351295
4464.25415018
4464.35097537
4464.47153295
4464.57316752
4464.68195448
4464.79122833
4464.90209864
4465.01663340
4465.11264670
4465.28017804
4465.35702135
4465.46587609
4465.57734495
4465.68909492
4465.79882347
4465.90860981
4466.03011361
4466.12980405
4466.22777221
4466.34057496
4466.45003702
4466.56073106
4466.67250322
4466.79407992
4466.93668493
4467.03553496
4467.15014554
4467.24605011
4467.35806071
4467.45593916
4467.56853515
4467.65524323
4467.75415225
4467.85842533
4467.96503434
4468.07547896
4468.18677423
4468.30817953
4468.40713440
4468.51775065
4468.60843088
4468.70716192
4468.81603202
4468.93164637
4469.02669931
4469.13903808
4469.23606734
4469.33657258
4469.44668026
4469.55823884
4469.66889581
4469.77967104
4469.90031810
4470.00021528
4470.11092614
4470.19955641
4470.31018243
4470.42092303
4470.52169573
4470.64250493
4470.74123426
4470.85019335
4470.96340886
4471.07315692
4471.17283199
4471.28262320
4471.39545886
4471.49404557
4471.60394064
4471.71361116
4471.82640245
4471.93527596
4472.04871845
4472.16830567
4472.25522367
4472.36524431
4472.47792393
4472.57678005
4472.67635004
4472.78632630
4472.91006218
4472.98592099
4473.09631075
4473.21203725
4473.31788899
4473.43204634
4473.53993583
4473.66261187
4473.75982667
4473.87050023
4473.97039936
4474.08087738
4474.19077221
4474.30043664
4474.42702947
4474.52297841
4474.63256092
4474.78803199
4474.88658871
4474.98829837
4475.08651255
4475.20816946
4475.30982646
4475.40968464
4475.51748954
4475.61902073
4475.72785304
4475.83941918
4475.96128358
4476.04904955
4476.14955601
4476.24960972
4476.36009335
4476.47092782
4476.57015843
4476.67044815
4476.79311712
4476.88077654
4476.97961560
4477.07814745
4477.18987767
4477.29858076
4477.41134474
4477.53208371
4477.63175538
4477.74141200
4477.84314336
4477.95604948
4478.06398189
4478.17450940
4478.29921540
4478.39520115
4478.50566284
4478.61632176
4478.70328048
4478.83089146
4478.93562777
4479.04524758
4479.14706550
4479.23470225
4479.34634373
4479.44528201
4479.55725775
4479.65477316
4479.75543274
4479.88150187
4479.97729551
4480.08614976
4480.19772224
4480.30830095
4480.40804405
4480.52127614
4480.63903991
4480.73886078
4480.83956498
4480.99275838
4481.09393044
4481.20273837
4481.31937135
4481.42492077
4481.52278483
4481.63533791
4481.73317491
4481.83407195
4481.93359806
4482.04337610
4482.16410387
4482.26494411
4482.48579433
4482.58459218
4482.73827710
4482.85076045
4482.95065374
4483.05914496
4483.17211861
4483.26981810
4483.38435773
4483.49120446
4483.61327390
4483.69988348
4483.80407488
4483.90977717
4484.02144278
4484.13314155
4484.23089249
4484.35154735
4484.45245244
4484.56387522
4484.66290396
4484.77338222
4484.87904184
4484.97380172
4485.09748128
4485.19484943
4485.30351449
4485.40432108
4485.51492832
4485.64374640
4485.75522380
4485.87985177
4486.01960007
4486.10730606
4486.21798961
4486.31694496
4486.44649496
4486.55618109
4486.66619807
4486.75600228
4486.86750283
4486.97839557
4487.08806878
4487.19985289
4487.30446900
4487.41535004
4487.51085670
4487.61088555
4487.72237781
4487.83705277
4487.94383293
4488.05455842
4488.17877801
4488.27559199
4488.37679721
4488.48610836
4488.59970543
4488.75320384
4488.82006706
4488.94183077
4489.04245865
4489.14119530
4489.25401462
4489.35229414
4489.46410311
4489.57476935
4489.69641993
4489.80013663
4489.89650858
4490.00652068
4490.11960673
4490.23001185
4490.33095766
4490.45138285
4490.53923196
4490.65178260
4490.76248078
4490.90607517
4491.01588369
4491.11670540
4491.28117254
4491.36005166
4491.47561310
4491.58237376
4491.68066814
4491.78549491
4491.88206654
4491.99396523
4492.10551382
4492.20423536
4492.30499660
4492.40572103
4492.51362613
4492.62624919
4492.73580366
4492.85957148
4492.95843540
4493.06891415
4493.18069582
4493.28048963
4493.39217060
4493.50189306
4493.60550151
4493.74626405
4493.81507824
4493.92871115
4494.02344689
4494.13512007
4494.24578899
4494.35402616
4494.45772067
4494.56653859
4494.68221463
4494.77806312
4494.88160696
4494.98854340
4495.11023128
4495.27652797
4495.37731384
4495.48817147
4495.58702637
4495.70953272
4495.83283730
4495.93054923
4496.04033824
4496.14199061
4496.29648888
4496.39521749
4496.50791003
4496.62960254
4496.73162647
4496.83908053
4496.94138630
4497.05405983
4497.15074726
4497.25150266
4497.36119902
4497.46299768
4497.57194189
4497.68340661
4497.79559251
4497.89445156
4498.00577950
4498.11554608
4498.21717236
4498.32646352
4498.43816229
4498.54804005
4498.64960953
4498.79429301
4498.90588792
4499.00280210
4499.11545441
4499.21516850
4499.32592397
4499.43647586
4499.54818927
4499.66841454
4499.76828393
4499.87987274
4499.97985526
4500.09041008
4500.20111801
4500.31383542
4500.41357608
4500.51325164
4500.62489995
4500.73389951
4500.83436745
4500.94510440
4501.05584451
4501.17049923
4501.31216216
4501.39912429
4501.51161227
4501.60052731
4501.70019897
4501.81075623
4501.93360464
4502.03346355
4502.14450428
4502.25434011
4502.36543277
4502.53067718
4502.65249184
4502.75239707
4502.86407780
4502.97396775
4503.08548586
4503.19530852
4503.30994544
4503.41853760
4503.50726734
4503.61800819
4503.71672315
4503.87331525
4503.95036653
4504.06147772
4504.18428883
4504.28294162
4504.39471378
4504.49438032
4504.59908932
4504.70491010
4504.80645373
4504.90512090
4505.01449178
4505.10417945
4505.20690799
4505.31967855
4505.41619069
4505.52759689
4505.63844184
4505.76019799
4505.84800687
4505.95967687
4506.07023145
4506.17004355
4506.32953064
4506.41427923
4506.53602026
4506.62558871
4506.73638075
4506.84658059
4506.94702951
4507.06228644
4507.15792574
4507.27968725
4507.36925034
4507.46920336
4507.57907161
4507.68957669
4507.80614312
4507.89101799
4507.99169391
4508.10148707
4508.20257111
4508.31348531
4508.41507185
4508.52293599
4508.62997679
4508.77768253
4508.88027283
4508.97826099
4509.08190333
4509.18967629
4509.30442682
4509.41113506
4509.52183665
4509.64532141
4509.74417143
4509.85603746
4509.95551066
4510.05453647
4510.17096929
4510.26481123
4510.38829160
4510.48716283
4510.59806776
4510.70970241
4510.82441467
4510.93192821
4511.03974408
4511.15287304
4511.29757895
4511.38530713
4511.49794725
4511.60757462
4511.72230906
4511.83399540
4511.95084635
4512.05645160
4512.16131396
4512.27884782
4512.38265643
4512.48346035
4512.59703157
4512.70475772
4512.80737874
4512.90531692
4513.00584167
4513.09571683
4513.20643183
4513.31729117
4513.43773124
4513.53767523
4513.63821315
4513.79535236
4513.88274628
4513.99248068
4514.09238055
4514.21576363
4514.31570909
4514.41627407
4514.52617792
4514.62680629
4514.72575530
4514.83932531
4514.93690777
4515.04959153
4515.14742414
4515.26804219
4515.38073595
4515.49134831
4515.58506054
4515.67780144
4515.80369405
4515.95032143
4516.04302721
4516.15968141
4516.27430833
4516.37809281
4516.50475684
4516.63906819
4516.75516772
4516.87188531
4516.98355945
4517.09924792
4517.22701055
4517.33261044
4517.43325856
4517.53528542
4517.64478966
4517.74778298
4517.86210465
4517.98261347
4518.08713670
4518.20414271
4518.31863017
4518.42644701
4518.52525364
4518.63900139
4518.75464280
4518.84940926
4518.96402643
4519.08184652
4519.19264491
4519.30916623
4519.42601572
4519.53755747
4519.65135740
4519.74411073
4519.83736801
4519.95301576
4520.08267889
4520.18429103
4520.30811444
4520.41267813
4520.51647724
4520.61922504
4520.76690275
4520.87165442
4520.98622210
4521.11297536
4521.21661258
4521.33422519
4521.45694975
4521.57160641
4521.68663148
4521.79013582
4521.90589280
4522.00776581
4522.11523279
4522.22706492
4522.34173500
4522.44630528
4522.55044133
4522.67614500
4522.78097347
4522.88257659
4522.97549278
4523.13520613
4523.24985646
4523.36440268
4523.47712277
4523.58283846
4523.69669738
4523.81150814
4523.90509676
4523.99854714
4524.11371386
4524.28710832
4524.36588894
4524.47965326
4524.58346164
4524.68805191
4524.80677751
4524.90638724
4525.00007412
4525.12777507
4525.23013448
4525.34614063
4525.46239254
4525.57581797
4525.68872848
4525.79215285
4525.91890563
4526.01084585
4526.12544303
4526.24125023
4526.35714838
4526.47080543
4526.58656411
4526.71117283
4526.80381864
4526.90756313
4527.01220265
4527.11701333
4527.22983801
4527.34432840
4527.44818090
4527.55290332
4527.65652079
4527.76022798
4527.87881120
4527.97866498
4528.07148512
4528.19126446
4528.33854281
4528.42763973
4528.54331089
4528.65817113
4528.76091796
4528.88676377
4529.02324136
4529.12098571
4529.22068687
4529.33536743
4529.45104810
4529.55535409
4529.66793886
4529.77273540
4529.88828392
4530.00189489
4530.09537769
4530.21038130
4530.33594794
4530.46138391
4530.56622774
4530.66993249
4530.77378353
4530.86650395
4530.98211196
4531.08491169
4531.20057407
4531.30615031
4531.42027766
4531.53311771
4531.64873059
4531.77644130
4531.87820679
4532.00281722
4532.09956682
4532.20024127
4532.32094417
4532.43022557
4532.54695949
4532.66064433
4532.77443914
4532.87803125
4532.99219420
4533.09690979
4533.18977527
4533.30523359
4533.42006994
4533.54556295
4533.63849719
4533.75317336
4533.86188449
4533.97251880
4534.07852511
4534.16911024
4534.29311700
4534.39893241
4534.51376389
4534.63240732
4534.74386253
4534.84786302
4534.95058815
4535.07527026
4535.19079415
4535.28551576
4535.39918182
4535.51414057
4535.63362100
4535.74341343
4535.85992207
4535.95092875
4536.06741423
4536.15934349
4536.26308628
4536.38262596
4536.49255760
4536.61787312
4536.72369950
4536.83732291
4536.96276228
4537.08855810
4537.18181515
4537.28701811
4537.41354585
4537.51530744
4537.61993209
4537.73558740
4537.84955799
4537.95313986
4538.07201321
4538.19396952
4538.28582076
4538.40257321
4538.51718014
4538.63105320
4538.74577838
4538.85151041
4538.96323430
4539.07177111
4539.17164854
4539.27531648
4539.38387694
4539.49473335
4539.60955313
4539.73496325
4539.83933238
4539.94401993
4540.05853543
4540.17250212
4540.27704802
4540.39160594
4540.51737202
4540.62199033
4540.73781606
4540.85045472
4540.95611897
4541.07043259
4541.17562410
4541.28726509
4541.37342118
4541.48528404
4541.64377810
4541.73978019
4541.85197072
4541.96981568
4542.08030394
4542.19604166
4542.30995885
4542.41450963
4542.53012690
4542.64484330
4542.75874830
4542.88734574
4542.97703756
4543.09307735
4543.20753702
4543.33308465
4543.43504178
4543.54471376
4543.66621172
4543.76309469
4543.87768041
4543.97336481
4544.08409786
4544.19782269
4544.30678543
4544.42516385
4544.52291527
4544.63264894
4544.74169043
4544.85209872
4544.96283932
4545.06073094
4545.18227351
4545.27900044
4545.38995023
4545.50059916
4545.60936247
4545.76295889
4545.78594474
4545.88169424
4546.00325973
4546.09016408
4546.19980900
4546.31125957
4546.42842845
4546.51986716
4546.62944626
4546.79509295
4546.89278025
4546.99116191
4547.10079830
4547.21153306
4547.32040193
4547.43084826
4547.55258100
4547.64962513
4547.74898667
4547.86090292
4547.97195511
4548.12296886
4548.20885871
4548.32962329
4548.42891753
4548.53899034
4548.63819877
4548.73692372
4548.84670981
4548.95635132
4549.07829032
4549.17683363
4549.27561978
4549.38628968
4549.49589657
4549.60468377
4549.71779981
4549.83615725
4549.93557145
4550.04411777
4550.19762081
