4338.72520746
4338.81458257
4338.92523345
4339.02517160
4339.12608084
4339.22731190
4339.32707841
4339.43756496
4339.52680597
4339.61336923
4339.71583714
4339.81510725
4339.92853658
4340.02413760
4340.12642388
4340.21595697
4340.30500294
4340.40517002
4340.50265520
4340.59369261
4340.72333525
4340.82559300
4340.92488676
4341.02453062
4341.11380577
4341.22481749
4341.31340680
4341.41411782
4341.52448906
4341.61466069
4341.72440460
4341.82525703
4341.93589304
4342.03527359
4342.12506318
4342.23633285
4342.32511428
4342.42486591
4342.51616346
4342.62553434
4342.72752463
4342.82578683
4342.92649005
4343.02530618
4343.12519118
4343.21469185
4343.31536581
4343.40544138
4343.49219676
4343.58273216
4343.68321400
4343.78241852
4343.87118314
4343.96195552
4344.04999894
4344.16145268
4344.26383112
4344.37181789
4344.47162901
4344.58247470
4344.69375119
4344.78393770
4344.89437476
4344.98436914
4345.09374442
4345.19021486
4345.30117636
4345.41252746
4345.50280442
4345.60156667
4345.70338044
4345.80109383
4345.89107651
4345.99140962
4346.10238209
4346.20348247
4346.30145722
4346.39332748
4346.49169500
4346.58177887
4346.69119827
4346.78087741
4346.89157388
4346.99239949
4347.09240639
4347.20324939
4347.29278566
4347.39209892
4347.49158480
4347.59219513
4347.70402020
4347.81006211
4347.92065642
4348.01029070
4348.12082431
4348.21165130
4348.30000948
4348.40101234
4348.49099893
4348.57901821
4348.68045213
4348.78211620
4348.88056857
4348.98163019
4349.07126081
4349.17209301
4349.27274356
4349.41659395
4349.49400583
4349.59492238
4349.69549857
4349.78559316
4349.88435225
4349.98581225
4350.09701024
4350.18671596
4350.28572592
4350.38753798
4350.47761551
4350.58805695
4350.68844542
4350.78825946
4350.87885337
4350.96904427
4351.05759628
4351.15971262
4351.30197093
4351.40371253
4351.51499342
4351.62521519
4351.71490335
4351.84808392
4351.93832040
4352.02738441
4352.12782383
4352.21631367
4352.31704322
4352.42800934
4352.51834067
4352.61742305
4352.72011209
4352.81903087
4352.92050233
4353.02126797
4353.13011637
4353.22178036
4353.32091393
4353.42156351
4353.51204674
4353.62265812
4353.71343733
4353.81319798
4353.92357945
4354.01400611
4354.11365266
4354.20370849
4354.29331302
4354.39313316
4354.48264090
4354.58456024
4354.68418729
4354.78514504
4354.87481248
4354.96443774
4355.09630978
4355.17616974
4355.28570763
4355.39726402
4355.48806493
4355.58805281
4355.67840364
4355.77808116
4355.88905850
4355.97788967
4356.08970035
4356.17981957
4356.28004126
4356.38058381
4356.48057243
4356.59235019
4356.68272931
4356.79233815
4356.88410771
4356.98173162
4357.07243573
4357.17402471
4357.27298713
4357.37479968
4357.46252396
4357.56331348
4357.66472229
4357.76401946
4357.85506637
4357.95347729
4358.05419904
4358.14575307
4358.24462334
4358.34563570
4358.44744484
4358.55721143
4358.65808897
4358.76814398
4358.85817469
4358.95782222
4359.04985485
4359.15011507
4359.26063990
4359.36020087
4359.45950365
4359.56208176
4359.65179333
4359.76093186
4359.85145458
4359.95142369
4360.05156419
4360.16435206
4360.27617274
4360.36485397
4360.46412920
4360.55396047
4360.66668495
4360.80918512
4360.87790618
4360.98862508
4361.07845879
4361.18850917
4361.27828657
4361.38053993
4361.49038843
4361.59236531
4361.69172392
4361.84535154
4361.92527929
4362.01425675
4362.10431598
4362.20330035
4362.30479839
4362.39549007
4362.50620994
4362.59606316
4362.69498316
4362.79640684
4362.89759938
4363.00681325
4363.10799141
4363.20839304
4363.30874395
4363.39940345
4363.49830540
4363.59983831
4363.70068245
4363.78979668
4363.88015507
4363.96853837
4364.05888091
4364.14780302
4364.24859986
4364.33808713
4364.43894809
4364.52913728
4364.62732585
4364.72850157
4364.81787205
4364.91814421
4365.01983803
4365.13053596
4365.21975357
4365.32135425
4365.47416292
4365.54314875
4365.64352600
4365.74489262
4365.83425725
4365.94492154
4366.03574195
4366.13490283
4366.22504496
4366.32505650
4366.46931551
4366.54772968
4366.65774130
4366.75924836
4366.85934863
4366.97107081
4367.06001316
4367.14920907
4367.23907351
4367.33901287
4367.45217864
4367.54179659
4367.65153416
4367.76342603
4367.86417801
4367.96322479
4368.05312165
4368.15290936
4368.25481822
4368.35402055
4368.44442453
4368.53431286
4368.63431586
4368.73599237
4368.83548751
4368.93542395
4369.03670865
4369.14645646
4369.24821903
4369.34812280
4369.43744671
4369.53814554
4369.68137958
4369.77217780
4369.87108195
4369.96087666
4370.05252212
4370.15226473
4370.24108103
4370.32986125
4370.44303970
4370.53194425
4370.64257270
4370.73224916
4370.83193789
4370.93354637
4371.02274009
4371.12245296
4371.22328661
4371.32489778
4371.41358486
4371.52623595
4371.65719785
4371.74762621
4371.85933181
4371.95870139
4372.04958910
4372.14852202
4372.23908228
4372.34989603
4372.43908194
4372.53888745
4372.65065498
4372.75204087
4372.85234302
4372.95169773
4373.06312904
4373.17348004
4373.26573575
4373.36403989
4373.46487525
4373.56463152
4373.67806402
4373.77802484
4373.87749658
4373.96684121
4374.06663843
4374.17616462
4374.26591130
4374.36596891
4374.45528477
4374.54474595
4374.63412130
4374.73432081
4374.82416988
4374.91513731
4375.01428552
4375.12666964
4375.21557078
4375.31600118
4375.41680265
4375.52744744
4375.62758965
4375.72935100
4375.82800208
4375.94066317
4376.02841597
4376.13007053
4376.21975820
4376.32999046
4376.42078576
4376.51101908
4376.60056047
4376.69101005
4376.79039938
4376.88093770
4376.97076654
4377.06137313
4377.16191836
4377.26116872
4377.36319899
4377.45419300
4377.56396982
4377.66599327
4377.75627559
4377.84649306
4377.93638821
4378.07794362
4378.17068160
4378.26079008
4378.36045370
4378.46197758
4378.55028359
4378.66224762
4378.75198040
4378.85338067
4378.95326810
4379.05495851
4379.14469884
4379.23486901
4379.32450086
4379.43716560
4379.52673381
4379.62742484
4379.77116600
4379.85216431
4379.95151999
4380.05194576
4380.14258112
4380.25354797
4380.34423648
4380.43374179
4380.53401298
4380.62299263
4380.72312314
4380.81537056
4380.90585793
4381.01736848
4381.11731151
4381.20890601
4381.31865382
4381.40931673
4381.51023548
4381.60969551
4381.70060613
4381.80125035
4381.90261259
4381.99346591
4382.08284931
4382.18258144
4382.31560669
4382.41681192
4382.50724443
4382.60734202
4382.69791350
4382.78875220
4382.88818371
4382.98990191
4383.08958600
4383.19024997
4383.28130029
4383.37974828
4383.48262896
4383.57250046
4383.67367228
4383.77409268
4383.87550539
4384.01955692
4384.08743122
4384.18768437
4384.28833078
4384.39107980
4384.47921636
4384.56966325
4384.66048001
4384.79229134
4384.87190384
4384.96133795
4385.05090713
4385.14250968
4385.24176175
4385.35430190
4385.45592038
4385.54499585
4385.63486565
4385.77868897
4385.88005852
4385.96967062
4386.06986647
4386.17230073
4386.26132720
4386.36087159
4386.46253054
4386.60634338
4386.70744620
4386.79898512
4386.89806189
4386.98743310
4387.07865360
4387.17811851
4387.26894940
4387.35794905
4387.45875101
4387.55115204
4387.63915913
4387.75095080
4387.84236634
4387.94208750
4388.03217892
4388.12217867
4388.25581028
4388.33442584
4388.43530777
4388.52522438
4388.61555206
4388.71660782
4388.81731494
4388.90749633
4389.00730745
4389.09843921
4389.19722974
4389.31070686
4389.39977501
4389.51180147
4389.61269144
4389.70413454
4389.80203761
4389.91559055
4390.01642226
4390.11640600
4390.21715262
4390.32787810
4390.41851858
4390.50929852
4390.60826972
4390.71096608
4390.79968046
4390.91111324
4391.00177493
4391.09147821
4391.18174907
4391.27205797
4391.37251592
4391.46249763
4391.55136488
4391.65207420
4391.74367480
4391.83117964
4391.92309281
4392.01394638
4392.12426958
4392.22670921
4392.35975519
4392.45944050
4392.55011048
4392.65028683
4392.75008283
4392.84162078
4392.94107228
4393.03077775
4393.12234300
4393.25413141
4393.34658534
4393.43475969
4393.53684214
4393.62565088
4393.73113544
4393.83782198
4393.94089869
4394.05039659
4394.14096734
4394.24150745
4394.34218702
4394.44209250
4394.54278596
4394.64450319
4394.73450172
4394.82321878
4394.92577617
4395.01478703
4395.10632692
4395.19612602
4395.28417115
4395.37359941
4395.46550184
4395.55431351
4395.65490921
4395.75423832
4395.90002187
4395.98062326
4396.06846456
4396.17132671
4396.26073157
4396.37184642
4396.46122787
4396.55211923
4396.65187939
4396.74261008
4396.84271865
4396.93298196
4397.02320284
4397.12469844
4397.21443512
4397.30412620
4397.48112002
4397.59326204
4397.68301627
4397.78260260
4397.87415078
4397.98388738
4398.07395515
4398.17594763
4398.28693277
4398.37649172
4398.46738551
4398.56715494
4398.65792537
4398.75795251
4398.85860331
4398.96112510
4399.04889229
4399.15075677
4399.25127494
4399.35326669
4399.44262937
4399.53167533
4399.62334981
4399.71242869
4399.82261975
4399.91567589
4400.00462872
4400.14787105
4400.22798872
4400.31652073
4400.41763672
4400.51815318
4400.61897465
4400.70995549
4400.79979554
4400.89913026
4400.98993580
4401.07888668
4401.18013091
4401.27029986
4401.38262084
4401.48350252
4401.57459698
4401.69816000
4401.78811610
4401.87767431
4401.97894585
4402.08051191
4402.18056440
4402.29240873
4402.39421324
4402.49320345
4402.59515522
4402.72774991
4402.82834512
4402.91896146
4403.01952961
4403.12090501
4403.21030255
4403.32137059
4403.41210225
4403.51225446
4403.61355282
4403.70322562
4403.80433332
4403.90389941
4403.99568775
4404.09500418
4404.19696496
4404.28834638
4404.44066426
4404.52031431
4404.63173099
4404.73245055
4404.82433494
4404.93384163
4405.02463400
4405.11446966
4405.21484325
4405.30579191
4405.40636859
4405.51735203
4405.60885413
4405.71923024
4405.82038767
4405.91100011
4406.02082960
4406.12284061
4406.22206342
4406.32435993
4406.41486998
4406.52570127
4406.61521511
4406.70697589
4406.80699962
4406.90854105
4407.00819735
4407.09796110
4407.18766998
4407.28840587
4407.37808208
4407.46839342
4407.56946357
4407.67009487
4407.77102069
4407.88339627
4407.98338220
4408.08389989
4408.17383746
4408.26466884
4408.36512801
4408.45588284
4408.54455626
4408.69998076
4408.76832708
4408.85811862
4408.95917902
4409.04949913
4409.16125276
4409.26185772
4409.35182480
4409.45135506
4409.55224845
4409.65246453
4409.74341977
4409.83330883
4409.94480646
4410.05741952
4410.14880459
4410.24710336
4410.33893461
4410.43849144
4410.52880009
4410.61849459
4410.70825175
4410.81993126
4410.92199128
4411.01054329
4411.11146203
4411.25480432
4411.34462414
4411.43535068
4411.53608487
4411.63815147
4411.72683879
4411.82811033
4411.91739864
4412.01711273
4412.10844368
4412.20951188
4412.29856004
4412.40022533
4412.49073025
4412.59048091
4412.69220252
4412.78202599
4412.92557601
4413.00483279
4413.10543044
4413.19547505
4413.28643297
4413.38641305
4413.49776073
4413.58779169
4413.69840917
4413.78948972
4413.89076711
4414.00145042
4414.09247929
4414.18121220
4414.28231259
4414.37239938
4414.47339566
4414.57278913
4414.67472310
4414.78650891
4414.87793007
4414.98861362
4415.07827862
4415.16902125
4415.27996568
4415.36960654
4415.47035560
4415.58127686
4415.67315248
4415.78259187
4415.87424172
4415.96466204
4416.05354173
4416.16544238
4416.26470493
4416.36634706
4416.46751034
4416.55665481
4416.65792830
4416.74833594
4416.84843354
4416.94933790
4417.04128251
4417.13920875
4417.23136596
4417.32940995
4417.43215215
4417.52208485
4417.62269079
4417.73503420
4417.82482817
4417.93558657
4418.02573943
4418.11502701
4418.20583084
4418.29579524
4418.40739039
4418.50823624
4418.59801291
4418.69912865
4418.79934864
4418.94252758
4419.03409916
4419.12280014
4419.22427355
4419.33699632
4419.43698591
4419.53760551
4419.63955849
4419.72964918
4419.82895342
4419.91875739
4420.00843385
4420.11016643
4420.20145252
4420.31147486
4420.40066687
4420.48962262
4420.62393568
4420.71482704
4420.81676710
4420.91669111
4421.00739985
4421.11860296
4421.23071231
4421.31926310
4421.42060632
4421.52270632
4421.61057883
4421.71126182
4421.80182160
4421.90210546
4422.00311930
4422.11586474
4422.22764787
4422.31713318
4422.41725614
4422.51856717
4422.60842966
4422.70897050
4422.81099273
4422.90007551
4422.99980544
4423.09008776
4423.23450208
4423.33471086
4423.43669017
4423.53617215
4423.62653493
4423.71716298
4423.82899389
4423.93037539
4424.02914008
4424.14173339
4424.23188650
4424.33311464
4424.43238182
4424.52394365
4424.61374665
4424.71456885
4424.80559406
4424.93701700
4425.01763253
4425.11707647
4425.20703356
4425.29702770
4425.39862058
4425.49865210
4425.60086182
4425.69947754
4425.78931150
4425.88958537
4426.00212163
4426.09406161
4426.19225993
4426.29424656
4426.38488924
4426.48603790
4426.57505607
4426.66462281
4426.76680010
4426.85562615
4426.96713793
4427.08001869
4427.16888594
4427.26929610
4427.37013585
4427.47012788
4427.57150572
4427.66227469
4427.76482915
4427.87473129
4427.98380546
4428.09307175
4428.20387159
4428.31478311
4428.42409377
4428.53310137
4428.64209167
4428.74234555
4428.85250393
4428.96034540
4429.06163352
4429.15854770
4429.26929854
4429.36744883
4429.47997192
4429.58794602
4429.69836504
4429.79763466
4429.90641674
4430.01696888
4430.11505432
4430.22434791
4430.33546301
4430.43443884
4430.52216458
4430.67535578
4430.75308705
4430.86263396
4430.97154015
4431.08229294
4431.19177987
4431.30062657
4431.41029075
4431.51018769
4431.61988260
4431.72995272
4431.82956733
4431.92742530
4432.03712605
4432.14781253
4432.25577322
4432.35709084
4432.46474799
4432.56592785
4432.67403702
4432.77299700
4432.88373175
4432.99318968
4433.10205148
4433.20159100
4433.31174622
4433.41096366
4433.51988764
4433.63048805
4433.74118843
4433.84886215
4433.96000699
4434.06862962
4434.17977739
4434.28859092
4434.38852590
4434.49713073
4434.60721792
4434.71784369
4434.82764612
4434.93697848
4435.04593781
4435.15726989
4435.25564888
4435.36571974
4435.47525495
4435.58480966
4435.68368748
4435.79413990
4435.90305949
4436.00246516
4436.11226270
4436.22236306
4436.32003793
4436.43037600
4436.54106223
4436.65198716
4436.76023749
4436.86987754
4436.98078734
4437.08811120
4437.19946108
4437.30922889
4437.41892038
4437.52830881
4437.63909355
4437.73709975
4437.84852033
4437.95711810
4438.05595520
4438.15508244
4438.25469168
4438.36272259
4438.47394350
4438.58312152
4438.66323188
4438.76333728
4438.87191334
4438.98248084
4439.09326045
4439.20301948
4439.29212055
4439.40099967
4439.51058973
4439.61926990
4439.70773560
4439.81693875
4439.91474795
4440.02585012
4440.13485261
4440.24639632
4440.39792426
4440.49772587
4440.59732488
4440.70625251
4440.80398443
4440.91551912
4441.02536396
4441.13502864
4441.24449095
4441.35509721
4441.46391733
4441.57455626
4441.72771163
4441.81467522
4441.92520932
4442.01372500
4442.12427397
4442.22170185
4442.33180953
4442.44054163
4442.55228550
4442.64890443
4442.75958481
4442.85806376
4442.96902696
4443.07903077
4443.18877614
4443.29838133
4443.40833564
4443.51872760
4443.61673404
4443.75949631
4443.85725041
4443.96782888
4444.07631693
4444.18799888
4444.29668368
4444.40680403
4444.50572866
4444.61585145
4444.71487995
4444.80277928
4444.91204679
4445.02342495
4445.13192763
4445.24270358
4445.36345450
4445.45099909
4445.55977874
4445.67038500
4445.78059191
4445.89041944
4446.00111933
4446.09896949
4446.20862685
4446.31746793
4446.43032797
4446.52772587
4446.63882438
4446.73630493
4446.84647429
4446.95626891
4447.06721529
4447.17629262
4447.28602727
4447.39647676
4447.50520204
4447.61624667
4447.71457226
4447.82403043
4447.92298139
4448.03256243
4448.14226465
4448.25294601
4448.36263165
4448.47223171
4448.57011918
4448.68173335
4448.79000465
4448.89015320
4448.99850886
4449.11062211
4449.21907871
4449.32958696
4449.43875548
4449.54916913
4449.65830157
4449.75901235
4449.86834325
4449.97634538
4450.08797662
4450.18582654
4450.28542555
4450.39416911
4450.50475221
4450.61433959
4450.71293630
4450.81221080
4450.92339684
4451.03232838
4451.14344396
4451.25193127
4451.35181944
4451.46034772
4451.56025197
4451.71257717
4451.80040945
4451.91011972
4452.00987476
4452.11967012
4452.23019568
4452.32934218
4452.43776147
4452.53860732
4452.64821640
4452.75710917
4452.85457582
4452.96517697
4453.07388493
4453.17405616
4453.27279257
4453.44819309
4453.55791677
4453.64589534
4453.78837600
4453.87602836
4453.98545483
4454.09740570
4454.20675976
4454.31455076
4454.42618248
4454.53419071
4454.64480624
4454.75432024
4454.86426407
4454.97385487
4455.08502677
4455.19487381
4455.30538085
4455.41461129
4455.52257735
4455.67722556
4455.74440598
4455.85346210
4455.95167237
4456.06248344
4456.17103146
4456.27010213
4456.36932787
4456.46822666
4456.58149117
4456.69356273
4456.79077704
4456.90118021
4457.01115135
4457.12271871
4457.23362193
4457.37640907
4457.45511191
4457.56573427
4457.67649023
4457.78609078
4457.89621479
4458.00633538
4458.11737100
4458.21798864
4458.32813264
4458.43763371
4458.55028871
4458.65895400
4458.76957758
4458.88047788
4459.03490422
4459.12388631
4459.23257258
4459.34494767
4459.45390896
4459.54423078
4459.64294159
4459.74261106
4459.84249825
4459.95437402
4460.06231326
4460.17479173
4460.28453125
4460.39699437
4460.50741656
4460.61510296
4460.71750480
4460.82599772
4460.93745634
4461.04742480
4461.14807365
4461.24658210
4461.35745460
4461.45692561
4461.55791774
4461.65589664
4461.76734331
4461.87797176
4461.98816599
4462.09862743
4462.20804829
4462.30991033
4462.41995120
4462.51952705
4462.62923195
4462.74001790
4462.85095745
4462.95045113
4463.06095158
4463.17160563
4463.26927465
4463.38031391
4463.48124144
4463.59130644
4463.69120582
4463.79041010
4463.89057962
4464.00211139
4464.11230318
4464.22329856
4464.32122455
4464.43253591
4464.54348545
4464.65354534
4464.76526923
4464.87326015
4464.98513251
4465.08546929
4465.23866049
4465.32742169
4465.43871501
4465.54961336
4465.65916246
4465.77013444
4465.87966258
4465.99004673
4466.10090802
4466.20033197
4466.31145901
4466.42213476
4466.53198863
4466.64352941
4466.75515480
4466.90887312
4467.00764196
4467.11761407
4467.21924596
4467.32803780
4467.42717015
4467.52802917
4467.62695818
4467.72672493
4467.82607208
4467.93531545
4468.04779125
4468.15691052
4468.26939265
4468.37926432
4468.48898555
4468.57906624
4468.67841096
4468.79035354
4468.90007502
4468.99987590
4469.09757051
4469.20895648
4469.30780065
4469.41846982
4469.53043044
4469.64081679
4469.75077720
4469.86036849
4469.97297667
4470.08267279
4470.17259989
4470.28135515
4470.39304807
4470.49092188
4470.60275768
4470.71358239
4470.82411478
4470.93370387
4471.04437012
4471.14313749
4471.25362867
4471.35554192
4471.46441226
4471.57647090
4471.68602049
4471.79670794
4471.90714037
4472.01889668
4472.12778555
4472.22759789
4472.33785429
4472.44912859
4472.54793180
4472.64964512
4472.75700360
4472.86797412
4472.95892692
4473.06757539
4473.17945556
4473.28930967
4473.40058860
4473.51025937
4473.62168630
4473.73187613
4473.84268476
4473.94328412
4474.05221248
4474.16404852
4474.27429468
4474.38341444
4474.49471629
4474.60571557
4474.76056907
4474.86095290
4474.95802409
4475.05943680
4475.16967491
4475.28019486
4475.37853581
4475.49032358
4475.59016834
4475.70182128
4475.81086131
4475.92329468
4476.02106146
4476.12111127
4476.22249691
4476.33042957
4476.44282344
4476.54234077
4476.64249054
4476.75111439
4476.85120541
4476.95051672
4477.05019691
4477.15996081
4477.27160985
4477.38292511
4477.49308935
4477.60212085
4477.71364530
4477.81394038
4477.92420482
4478.03501345
4478.14549805
4478.25638738
4478.36667693
4478.47770986
4478.58698931
4478.67513294
4478.79705439
4478.90870684
4479.00684885
4479.11821311
4479.20716668
4479.31752230
4479.41859172
4479.52829833
4479.62780737
4479.72733592
4479.83805653
4479.94777850
4480.05932928
4480.16889009
4480.28011075
4480.37899710
4480.48984254
4480.60027838
4480.71086538
4480.81080767
4480.96566897
4481.06529407
4481.17475614
4481.28673285
4481.38430995
4481.49630568
4481.60689561
4481.70598676
4481.80480070
4481.90485027
4482.01465635
4482.12634123
4482.23797636
4482.34803601
4482.55781900
4482.71066741
4482.81011721
4482.92089414
4483.03231521
4483.14193770
4483.24070678
4483.35182822
4483.46246934
4483.57284058
4483.67403312
4483.77357166
4483.88283478
4483.99466058
4484.10451713
4484.20402154
4484.31351652
4484.42512240
4484.53479731
4484.63572873
4484.74573815
4484.84541664
4484.94515413
4485.05692751
4485.16584028
4485.27779310
4485.37641272
4485.48704385
4485.61457219
4485.72612614
4485.83726122
4485.99008330
4486.08045949
4486.18938762
4486.29024590
4486.41195938
4486.52852410
4486.62765962
4486.72846988
4486.83931605
4486.94958878
4487.06003681
4487.17171242
4487.27186049
4487.37130272
4487.48314071
4487.58201219
4487.69462086
4487.80554627
4487.91654824
4488.02697628
4488.13735360
4488.24781748
4488.34768102
4488.45879855
4488.57086938
4488.72370974
4488.79291354
4488.90276107
4489.01447934
4489.11336521
4489.22423210
4489.32346710
4489.43586805
4489.54700484
4489.65688845
4489.76939301
4489.86813454
4489.97968581
4490.08992880
4490.20061235
4490.30091353
4490.41156392
4490.51341280
4490.62294728
4490.73382685
4490.87662325
4490.98908880
4491.08958162
4491.24207797
4491.33175442
4491.44287513
4491.55344287
4491.65291802
4491.75350202
4491.85338287
4491.96447724
4492.06500711
4492.17449721
4492.27736960
4492.37585196
4492.48646066
4492.59726636
4492.70822322
4492.81961723
4492.92974344
4493.04151170
4493.15211016
4493.25250959
4493.36222351
4493.47398641
4493.56432481
4493.71836618
4493.78629314
4493.89626623
4493.99621145
4494.10549139
4494.21774922
4494.31705248
4494.42871615
4494.54071042
4494.64970388
4494.75042490
4494.84999514
4494.96153446
4495.07177184
4495.18279111
4495.34804356
4495.46022337
4495.55995989
4495.68035875
4495.79193659
4495.90388551
4496.01519712
4496.11326427
4496.26771597
4496.36759414
4496.47886308
4496.58974753
4496.70154797
4496.81177682
4496.91109154
4497.02255967
4497.12298178
4497.22180547
4497.32234241
4497.43309179
4497.54432611
4497.65468734
4497.76569589
4497.86543070
4497.97609792
4498.07767324
4498.18875518
4498.29892112
4498.40956347
4498.52101307
4498.62170726
4498.76553668
4498.86533732
4498.97480134
4499.08725129
4499.18626588
4499.29716350
4499.40679867
4499.51867445
4499.62924512
4499.74041848
4499.85146555
4499.95170212
4500.06348257
4500.17334546
4500.28447567
4500.37459805
4500.48445899
4500.59634915
4500.70572954
4500.80674996
4500.91758955
4501.02839598
4501.12871154
4501.28234038
4501.37294892
4501.48201919
4501.57160251
4501.67219845
4501.78313996
4501.89362188
4502.00339382
4502.11465325
4502.22644370
4502.33617517
4502.50173263
4502.61527850
4502.72342132
4502.83523029
4502.94695759
4503.05670467
4503.16741626
4503.27924742
4503.37978460
4503.47755480
4503.59026977
4503.68951915
4503.84334768
4503.92303917
4504.03283184
4504.14492997
4504.25500815
4504.36684565
4504.46652926
4504.56633136
4504.67695786
4504.77577594
4504.87699335
4504.97669915
4505.07804017
4505.17709305
4505.28805893
4505.38872875
4505.49877035
4505.61077925
4505.72020279
4505.82088382
4505.93162881
4506.04336586
4506.14307044
4506.29698357
4506.38722396
4506.49611892
4506.59649666
4506.70741865
4506.81792983
4506.91924184
4507.03043861
4507.13003640
4507.24067875
4507.34050718
4507.44008473
4507.55321905
4507.66259578
4507.77365066
4507.86413754
4507.96384723
4508.06366713
4508.17376383
4508.28492110
4508.38413465
4508.49515197
4508.59616556
4508.75011526
4508.83941698
4508.95033191
4509.05020740
4509.15985208
4509.27179734
4509.38236240
4509.49448028
4509.60560147
4509.71442451
4509.82669770
4509.92581689
4510.02735881
4510.13663802
4510.23786909
4510.34823032
4510.45800008
4510.57011601
4510.68007618
4510.79259293
4510.90244143
4511.01403732
4511.11449453
4511.26761674
4511.35854540
4511.46828639
4511.57881707
4511.68995679
4511.80035216
4511.91085895
4512.02246800
4512.13412240
4512.24416571
4512.35693748
4512.45552371
4512.56724198
4512.66592719
4512.77779907
4512.87819411
4512.97598113
4513.06658163
4513.17746120
4513.28940524
4513.39910527
4513.50965424
4513.61139998
4513.76508149
4513.85434274
4513.96435265
4514.06515437
4514.17488950
4514.28699080
4514.38531444
4514.48999907
4514.59847761
4514.69678735
4514.80820623
4514.90817705
4515.00825465
4515.11876412
4515.23010401
4515.34821277
4515.46370351
4515.55546795
4515.64807109
4515.76238350
4515.92073103
4516.01401391
4516.12883686
4516.24478352
4516.34905708
4516.46280336
4516.61113131
4516.72541665
4516.83920341
4516.95386227
4517.06915503
4517.18360202
4517.29856930
4517.40379908
4517.50629430
4517.61220797
4517.71568744
4517.82936522
4517.94306981
4518.05952189
4518.17315821
4518.28892933
4518.39294884
4518.49730286
4518.61163136
4518.71644691
4518.81931808
4518.93352687
4519.04849220
4519.16396660
4519.27831875
4519.39520530
4519.49713975
4519.62265276
4519.71624991
4519.80896594
4519.92270735
4520.04997675
4520.15353864
4520.26905692
4520.38392961
4520.48859789
4520.59168801
4520.73897196
4520.84300781
4520.95739165
4521.07010077
4521.18791720
4521.30134848
4521.42697754
4521.54285228
4521.65667000
4521.76150018
4521.86516519
4521.97863304
4522.08339642
4522.19820644
4522.31274876
4522.41851882
4522.52167793
4522.63552954
4522.75100321
4522.85517608
4522.94788553
4523.10614163
4523.22083292
4523.33572559
4523.44028587
4523.55304204
4523.66877196
4523.78349080
4523.87726008
4523.97075874
4524.08419538
4524.24315755
4524.33611471
4524.45075309
4524.55485013
4524.66030617
4524.77406538
4524.87766676
4524.97113762
4525.08458645
4525.19959372
4525.31521392
4525.43021387
4525.54415715
4525.65875164
4525.76328681
4525.87897869
4525.98266736
4526.09579339
4526.21113223
4526.32649302
4526.43953616
4526.55678720
4526.67065612
4526.77391397
4526.87948460
4526.98342755
4527.08731809
4527.20215518
4527.31543042
4527.41040656
4527.52390269
4527.62736461
4527.73106522
4527.84786595
4527.95152999
4528.04363796
4528.14733076
4528.30452654
4528.40009099
4528.51356445
4528.62776666
4528.73219114
4528.84689339
4528.99431022
4529.08656521
4529.19043502
4529.30633975
4529.42150354
4529.52485477
4529.63026887
4529.74397761
4529.85987477
4529.97306395
4530.06685835
4530.18121611
4530.30681493
4530.42120975
4530.53705279
4530.63992006
4530.74379134
4530.83885549
4530.95230920
4531.05605370
4531.16189910
4531.27535915
4531.38996681
4531.50522349
4531.61914532
4531.74375793
4531.84890043
4531.96475298
4532.06772558
4532.17235169
4532.28709613
4532.40207218
4532.51508875
4532.63078063
4532.73487865
4532.84911084
4532.96513893
4533.06929742
4533.16208976
4533.27637242
4533.39144576
4533.50590786
4533.60942098
4533.72429464
4533.82925940
4533.94345820
4534.04780222
4534.14144204
4534.25407265
4534.37002077
4534.48455017
4534.59905031
4534.71511693
4534.81767212
4534.92352654
4535.03741253
4535.16310498
4535.25663167
4535.36949366
4535.48515092
4535.60005847
4535.71450789
4535.81937830
4535.92231798
4536.03753858
4536.13036993
4536.23586595
4536.34976413
4536.46366328
4536.57998662
4536.69487515
4536.80989120
4536.93441068
4537.06151210
4537.15386144
4537.25814231
4537.37045914
4537.48634241
4537.59120380
4537.70514684
4537.81934295
4537.92415143
4538.03944541
4538.15409111
4538.25811574
4538.37251616
4538.48649309
4538.60273549
4538.71620944
4538.82088455
4538.92442449
4539.04037993
4539.14327963
4539.24818149
4539.34998794
4539.46460584
4539.58044109
4539.69635361
4539.81011916
4539.91450024
4540.03084919
4540.14360658
4540.24822610
4540.36348254
4540.47632088
4540.59210102
4540.70688593
4540.82255172
4540.92622527
4541.04104187
4541.14577282
4541.24937518
4541.34294795
4541.45551785
4541.61420745
4541.70733283
4541.82196902
4541.93799467
4542.04209733
4542.16742406
4542.28132541
4542.38716788
4542.49960783
4542.61448173
4542.73020775
4542.84481346
4542.94893732
4543.06446390
4543.17798100
4543.29440163
4543.40794335
4543.51760437
4543.62628161
4543.73696004
4543.83997433
4543.94577097
4544.05560631
4544.16656878
4544.27528040
4544.38678900
4544.49583903
4544.60609835
4544.71416729
4544.82462264
4544.93417711
4545.03321072
4545.14293683
4545.25220727
4545.36298005
4545.47173556
4545.58250420
4545.73437981
4545.85571027
4545.96421441
4546.06454509
4546.17296414
4546.28247277
4546.39280304
4546.49109889
4546.60286690
4546.75568777
4546.86509546
4546.96298098
4547.07344193
4547.18288644
4547.29492899
4547.40214923
4547.51385702
4547.62252841
4547.72182461
4547.83122451
4547.94185734
4548.09453168
4548.18211113
4548.29224587
4548.40147119
4548.51142697
4548.60935296
4548.70949274
4548.81778159
4548.92977245
4549.03943054
4549.14881922
4549.24701632
4549.35779691
4549.46724630
4549.57751952
4549.68774276
4549.79869304
4549.90717718
4550.01730607
4550.16947645
4550.25029970
