13936.80074152
13936.87145556
13936.95140022
13936.97022744
13937.02409253
13937.13579826
13937.20462448
13937.27464464
13937.34520044
13937.42521142
13937.46004912
13937.49386600
13937.54773523
13937.60758999
13937.71940470
13937.78905354
13937.85815453
13937.92687859
13937.99761335
13938.01564648
13938.07239705
13938.13209748
13938.18996056
13938.30199324
13938.32164941
13938.37658482
13938.43635864
13938.49517745
13938.55414084
13938.66580415
13938.68569682
13938.73967137
13938.81632315
13938.91125820
13938.98094604
13939.05001412
13939.06879867
13939.12463886
13939.21720822
13939.27623744
13939.38775106
13939.47868081
13939.49854129
13939.55243319
13939.66610721
13939.73686513
13939.80679873
13939.87664773
13939.89574899
13939.95135536
13940.06314838
13940.13313806
13940.20180702
13940.26355203
13940.32331877
13940.38158877
13940.43996092
13940.50902388
13940.62364485
13940.64151877
13940.69647076
13940.75442673
13940.81428929
13940.87189393
13940.93172162
13940.99047997
13941.10234467
13941.17222512
13941.25385816
13941.30371892
13941.36350273
13941.43167603
13941.49213982
13941.55103909
13941.60793595
13941.66689861
13941.72555090
13941.83845350
13941.90814938
13941.97715602
13942.04700990
13942.06763448
13942.12058089
13942.20338398
13942.27312863
13942.33213249
13942.40707955
13942.50172739
13942.52144378
13942.57673321
13942.63522385
13942.69404705
13942.71394069
13942.82978899
13942.84962192
13942.90463487
13942.96435407
13943.02151254
13943.09425117
13943.10996006
13943.16292013
13943.27585003
13943.29451658
13943.35031239
13943.42103082
13943.47799716
13943.53772514
13943.59767571
13943.71034060
13943.72921560
13943.78321942
13943.84291984
13943.93169115
13944.03745719
13944.10534036
13944.12529007
13944.18330553
13944.29377978
13944.36260161
13944.43247914
13944.50233253
13944.52116389
13944.57620316
13944.63597698
13944.69388077
13944.76453263
13944.82235378
13944.88122549
13944.94015621
13944.95896710
13945.01609533
13945.12675293
13945.18555126
13945.24530216
13945.32101185
13945.41581451
13945.48552722
13945.55447973
13945.57437167
13945.63015212
13945.70993441
13945.75797781
13945.81682735
13945.87479721
13945.93255326
13945.99240338
13946.05430200
13946.11007733
13946.16975655
13946.22763572
13946.28663421
13946.34431297
13946.41419635
13946.47398040
13946.53281969
13946.60775529
13946.65043269
13946.70843620
13946.82008757
13946.89099226
13946.96084004
13946.98070321
13947.00183564
13947.04768232
13947.15920691
13947.22927070
13947.24900026
13947.30398273
13947.36276740
13947.42258462
13947.48034188
13947.53918653
13947.59900448
13947.65791325
13947.71677083
13947.77474118
13947.83538223
13947.89325189
13947.95298498
13948.02094227
13948.08074680
13948.15456502
13948.19747111
13948.25627261
13948.31615370
13948.37404213
13948.43375426
13948.49066648
13948.60344254
13948.67313160
13948.69305109
13948.74886690
13948.81108587
13948.87988600
13948.93546873
13948.99427096
13949.05224327
13949.11308667
13949.22470683
13949.29445367
13949.31245121
13949.39018866
13949.43906565
13949.51289874
13949.55485520
13949.66872157
13949.72731535
13949.78459938
13949.84406575
13949.95772342
13950.02679784
13950.04653520
13950.10053828
13950.16042400
13950.22607972
13950.29708414
13950.31592159
13950.37072023
13950.42949564
13950.50076849
13950.55730085
13950.61807672
13950.67924927
13950.78993320
13950.87036524
13950.92628467
13950.94520502
13951.00111250
13951.05983208
13951.11979192
13951.23246071
13951.29421060
13951.36226686
13951.43435208
13951.48988556
13951.55062291
13951.56968906
13951.62344224
13951.68245659
13951.70351100
13951.75588910
13951.81470498
13951.91588497
13951.97653918
13952.03423574
13952.09311233
13952.11226577
13952.17580644
13952.25071058
13952.31852353
13952.35128129
13952.41116458
13952.47150208
13952.48716440
13952.56519614
13952.61066028
13952.72239600
13952.79135095
13952.81052682
13952.86697044
13952.92589896
13952.99466057
13953.05445121
13953.11424501
13953.17209029
13953.22910808
13953.28805245
13953.30884819
13953.36307022
13953.42288840
13953.48076391
13953.53626399
13953.59609559
13953.66487548
13953.78767943
13953.81866104
13953.86242973
13953.92225840
13953.97999665
13954.03805160
13954.09924975
13954.15578138
13954.27037090
13954.28933440
13954.34419667
13954.40309716
13954.51662659
13954.58638806
13954.65515845
13954.72438281
13954.74400996
13954.79796404
13954.85778638
13954.91755287
13954.98338511
13955.05424787
13955.07318626
13955.12791419
13955.20380626
13955.29954759
13955.36936904
13955.38732561
13955.44236293
13955.50212797
13955.55986378
13955.61971976
13955.67851809
13955.73647625
13955.84934008
13955.86808001
13955.92412208
13956.00480817
13956.14923656
13956.21938496
13956.24141900
13956.29627859
13956.35273488
13956.41065989
13956.52343497
13956.55417253
13956.59916076
13956.62102267
13956.66887225
13956.72781077
13956.87437128
13956.89326554
13956.94810148
13957.03935525
13957.09890573
13957.16002099
13957.21784310
13957.32830175
13957.39090400
13957.44877293
13957.50678522
13957.56892472
13957.62646450
13957.68422006
13957.76349693
13957.79300764
13957.87772488
13957.95194489
13958.02075551
13958.08925551
13958.10734423
13958.16397265
13958.22516568
13958.28156346
13958.34034814
13958.45205510
13958.52200284
13958.58475771
13958.64265199
13958.70146300
13958.75932608
13958.82918971
13958.88893475
13958.99977838
13959.07287711
13959.14272953
13959.15919594
13959.21445952
13959.27225238
13959.38495164
13959.45472310
13959.52454041
13959.59454618
13959.61423111
13959.66910460
13959.72794608
13959.78911571
13959.84481449
13959.93349387
13959.98582857
13960.00025039
13960.09905592
13960.16796016
13960.29255415
13960.32572493
13960.35949475
13960.42621835
13960.48498328
13960.55294056
13960.66658995
13960.73529962
13960.75428629
13960.81115243
13960.86889434
13960.98162212
13961.05265628
13961.07151739
13961.12557411
13961.18423542
13961.24395633
13961.30200641
13961.37257074
13961.48533461
13961.56508984
13961.60519236
13961.66329169
13961.72506060
13961.78150227
13961.84038715
13961.89832044
13961.95820275
13962.07100344
13962.08978482
13962.14461807
13962.20343420
13962.27254909
13962.33250308
13962.39097544
13962.44884900
13962.50980456
13962.56755548
13962.62738391
13962.74002100
13962.80982026
13962.82872306
13962.89965750
13962.94261308
13963.00034792
13963.12506796
13963.14303673
13963.19977218
13963.31144013
13963.38041385
13963.45127295
13963.47117050
13963.52604837
13963.58373737
13963.64160434
13963.70085616
13963.81341596
13963.88498991
13963.90384614
13963.95682035
13964.01655174
13964.07541249
13964.13445439
13964.24706417
13964.27591147
13964.33981273
13964.41964452
13964.46756163
13964.52628608
13964.58516097
13964.64393980
13964.75771694
13964.82557279
13964.89639313
13964.91531495
13964.97015674
13965.03009366
13965.08881811
13965.20157394
13965.22042212
13965.27524416
13965.38895865
13965.45783728
13965.47676958
13965.54874801
13965.62343102
13965.68222448
13965.74213458
13965.80000571
13965.85792145
13965.91704380
13965.97650554
13966.03358647
13966.09354948
13966.18408523
13966.29774315
13966.36664544
13966.38661515
13966.45223356
13966.51100459
13966.56988264
13966.62877289
13966.75262546
13966.81228981
13966.88226680
13966.90199124
13966.95597287
13967.01592759
13967.07255309
13967.14335124
13967.20140522
13967.26018453
13967.31999663
13967.38974469
13967.44860738
13967.50545329
13967.56623087
13967.62524082
13967.73580260
13967.80668511
13967.87547013
13967.89343304
13967.95033526
13968.06521247
13968.13299104
13968.15266769
13968.20751753
13968.33254014
13968.39941905
13968.41909814
13968.47485763
13968.53305424
13968.59081101
13968.70455085
13968.72423140
13968.78060237
13968.83605685
13968.95063417
13969.04139764
13969.11132100
13969.13043714
13969.18496173
13969.24326659
13969.30266640
13969.37849336
13969.47350546
13969.49421196
13969.55011627
13969.60703605
13969.66682669
13969.72573303
13969.83848568
13969.85640641
13969.91224685
13969.99384478
13970.05277477
13970.10959873
13970.16852019
13970.22720929
13970.28620365
13970.34599428
13970.46964352
13970.53741770
13970.60826948
13970.62730053
13970.68313438
13970.76002508
13970.81070821
13970.92446561
13970.99368753
13971.01429626
13971.06910782
13971.12805829
13971.18588114
13971.24477431
13971.35737507
13971.42013530
13971.47907626
13971.53683011
13971.59489165
13971.71879811
13971.78850667
13971.80821112
13971.86317700
13971.97482691
13972.05754734
13972.11440983
13972.13330117
13972.19023972
13972.24806939
13972.30788685
13972.41869366
13972.48245351
13972.55130192
13972.61013926
13972.66792164
13972.72774933
13972.84049491
13972.90932576
13972.92822783
13972.98412580
13973.04193085
13973.15570702
13973.17455033
13973.22959399
13973.28839891
13973.37614962
13973.44301878
13973.47595282
13973.53477017
13973.59253036
13973.70627605
13973.77422382
13973.84489714
13973.91487414
13973.93468366
13973.98853364
13974.04737439
13974.10522065
13974.16510759
13974.33167218
13974.40049498
13974.47043248
13974.49027395
13974.54503309
13974.62190575
13974.71659651
13974.73553271
13974.79040205
13974.85033848
13974.90813987
13974.96704109
13975.07954360
13975.15048755
13975.22022586
13975.28905695
13975.30700304
13975.36383236
13975.47655162
13975.54646059
13975.56435280
13975.62036731
13975.68095935
13975.73987105
13975.79791187
13975.90935185
13975.98822351
13976.03107011
13976.10105589
13976.15979863
13976.21849944
13976.27738237
13976.33547146
13976.44892312
13976.51786710
13976.58669063
13976.60675908
13976.66239740
13976.77503156
13976.84325338
13976.91279859
13976.93363723
13976.98774491
13977.04636331
13977.10529135
13977.16328194
13977.27474484
13977.33658080
13977.39444265
13977.45245933
13977.56507326
13977.63609327
13977.65588646
13977.70965574
13977.78051971
13977.83858296
13977.85926069
13977.98497670
13978.00579730
13978.11577589
13978.18438658
13978.25414732
13978.27317495
13978.32898174
13978.38788735
13978.49873146
13978.57949386
13978.63840239
13978.65841575
13978.71404260
13978.77194128
13978.83090150
13978.94345471
13979.01329250
13979.08316100
13979.15297879
13979.17192938
13979.22665682
13979.34064315
13979.40919484
13979.42824977
13979.48623866
13979.59492749
13979.61468216
13979.66949616
13979.73163614
13979.78820484
13979.90411872
13979.98268001
13980.01561673
13980.04955405
13980.10143599
13980.21402041
13980.28391696
13980.35485018
13980.37664675
13980.42959902
13980.48737895
13980.54722445
13980.60609251
13980.71606354
13980.77874454
13980.83761869
13980.89758536
13980.95610111
13981.01715785
13981.12668954
13981.19670506
13981.21752371
13981.28831723
13981.32912607
13981.39133189
13981.50082213
13981.57081351
13981.64045405
13981.71049932
13981.77915828
13981.80005227
13981.85494234
13981.91381722
13982.02476252
13982.04644109
13982.09958499
13982.15905233
13982.21804571
13982.29002512
13982.34580411
13982.40542213
13982.46322206
13982.57117459
13982.60495611
13982.63991304
13982.67169288
13982.71474648
13982.81633290
13982.87750350
13982.94416030
13983.00285111
13983.06072784
13983.17351194
13983.24421818
13983.26429809
13983.31803810
13983.38094146
13983.43483946
13983.54775766
13983.61743550
13983.63921087
13983.69314349
13983.76284401
13983.82082558
13983.90942158
13983.94839649
13984.06311571
13984.13282623
13984.20286393
13984.27244816
13984.29342919
13984.34545668
13984.40430036
13984.46292486
13984.52378338
13984.63385144
13984.65543639
13984.70951335
13984.76817174
13984.82704199
13984.88519374
13984.94375167
13985.05733206
13985.11846414
13985.19413019
13985.23517943
13985.29478160
13985.35463172
13985.41355562
13985.47035617
13985.54439991
13985.66481916
13985.72553578
13985.78544906
13985.80632671
13985.85832446
13985.96092635
13986.02087205
13986.08179884
13986.13852015
13986.19629107
13986.25438333
13986.31320019
13986.39975429
13986.46472246
13986.51546533
13986.57053971
13986.62933999
13986.74193807
13986.80377476
13986.86193699
13986.92152478
13986.97980599
13987.03926041
13987.09722979
13987.11903636
13987.17083223
13987.23075770
13987.28861907
13987.39221984
13987.44932492
13987.50803011
13987.53285456
13987.59070276
13987.64962105
13987.77421894
13987.83228048
13987.85220509
13987.90680087
13988.01866679
13988.08942934
13988.15744002
13988.22812407
13988.25015518
13988.30205931
13988.36167879
13988.42049444
13988.53150751
13988.55332408
13988.57647135
13988.62334740
13988.67990000
13988.79177396
13988.81470767
13988.86635165
13988.92432249
13988.98408679
13989.04382111
13989.09974858
13989.22363797
13989.29939594
13989.32035308
13989.38008056
13989.44335378
13989.50568003
13989.56661584
13989.62942094
13989.76617591
13989.82797846
13989.84970604
13989.90974439
13990.02531499
13990.09825257
13990.17112310
13990.19195809
13990.25192305
13990.31456040
13990.39526697
13990.43914635
13990.50004194
13990.56392394
13990.62583962
13990.68663353
13990.81352665
13990.83524106
13990.89417544
13990.95607039
13991.01883161
13991.08153479
13991.14348119
13991.20436775
13991.26721868
13991.32819789
13991.39180902
13991.46270738
13991.52543421
13991.60322506
13991.64994653
13991.71205068
13991.77474630
13991.79468602
13991.85448349
13991.97210770
13992.06603484
13992.11700859
13992.18091010
13992.24071683
13992.30162606
13992.36619415
13992.42719993
13992.48976439
13992.55165983
13992.66734820
13992.74208363
13992.77516688
13992.82104037
13992.88289803
13992.94560731
13993.00740474
13993.06926678
13993.13015090
13993.19204293
13993.30986244
13993.37143459
13993.44554294
13993.50629736
13993.53228794
13993.58796210
13993.71265996
13993.73360149
13993.79532115
13993.85952376
13993.91900671
13993.98082755
13994.06958568
13994.11552062
13994.17639548
13994.29310321
13994.31404109
13994.38590225
13994.45958223
13994.52043636
13994.64519712
13994.66620936
13994.68810248
13994.74189053
13994.80368455
13994.86661789
13994.92749908
13995.05594747
13995.12278420
13995.18460601
13995.24556645
13995.32549477
13995.36226369
13995.39519749
13995.50807570
13995.56996578
13995.62857711
13995.69048255
13995.78621072
13995.84787722
13995.91071450
13995.97165202
13996.03339703
13996.17112651
13996.19287823
13996.24385783
13996.35868969
13996.43159045
13996.45229062
13996.53107548
13996.64070932
13996.71279308
13996.73445604
13996.79442978
13996.85556088
13996.92132290
13996.98085851
13997.10553565
13997.18057364
13997.20233609
13997.26110516
13997.32295306
13997.38579449
13997.49961941
13997.57732591
13997.67606073
13997.70590936
13997.77186813
13997.87678060
13997.89834824
13997.95961539
13998.02015379
13998.13578876
13998.19990896
13998.21862671
13998.29047836
13998.40507885
13998.47717138
13998.50117809
13998.55863473
13998.62074497
13998.68345816
13998.74720411
13998.80611118
13998.93468561
13999.01063717
13999.06934480
13999.09249891
13999.14938431
13999.21208774
13999.27391345
13999.34663184
13999.46238701
13999.53531776
13999.55614690
13999.61711953
13999.74375908
13999.80950843
13999.87236984
13999.89633681
13999.94919472
14000.01104823
14000.07105878
14000.20061577
14000.27769225
14000.31055949
14000.34324630
14000.40507909
14000.46678924
14000.52782842
14000.64533024
14000.66833197
14000.72508474
14000.78599763
14000.85084292
14000.91178970
14001.02639458
14001.08913677
14001.15015328
14001.22687113
14001.29863111
14001.31874174
14001.44235172
14001.52195505
14001.57792641
14001.63891927
14001.66061783
14001.73157446
14001.79445319
14001.85612579
14001.98180449
14002.00272677
14002.06367745
14002.12544270
14002.18841090
14002.25011496
14002.37678255
14002.44768408
14002.54359949
14002.56435378
14002.62831477
14002.70600298
14002.75005717
14002.81399842
14002.93761474
14002.95825907
14003.01830863
14003.08103693
14003.14293164
14003.20566847
14003.26770460
14003.28757337
14003.39722330
14003.46442892
14003.53006830
14003.60364588
14003.66748034
14003.68847283
14003.74728579
14003.86292247
14003.95064271
14003.99387526
14004.05352254
14004.11634226
14004.21103228
14004.27401341
14004.33567626
14004.39983913
14004.45745133
14004.52330307
14004.58311614
14004.64587394
14004.77562621
14004.79750227
14004.88423922
14004.93611970
14005.00020431
14005.06180280
14005.18745541
14005.26142748
14005.32300816
14005.34428030
14005.40378787
14005.51988438
14005.58362058
14005.60224471
14005.67335713
14005.79901633
14005.87391974
14005.89472182
14005.95463143
14006.01950403
14006.07806709
14006.14106138
14006.25661272
14006.32747207
14006.34851722
14006.42623396
14006.47220035
14006.59871776
14006.61944840
14006.67951088
14006.74021141
14006.87002781
14006.93410535
14006.95561691
14007.01051868
14007.07446675
14007.13608011
14007.22989242
14007.27983144
14007.34465479
14007.47030156
14007.49117775
14007.55110370
14007.62806146
14007.67817700
14007.73676395
14007.85566182
14007.92517217
14008.00003730
14008.02115170
14008.08211652
14008.14150097
14008.20784350
14008.32030748
14008.39187193
14008.41284613
14008.47362907
14008.58957880
14008.66333899
14008.68417642
14008.74496619
14008.80540048
14008.88712617
14008.93295067
14008.99138109
14009.05316926
14009.18206503
14009.25305359
14009.27469486
14009.33478953
14009.39577483
14009.45934988
14009.58598870
14009.65102246
14009.70875218
14009.73038467
14009.85613091
14009.87710048
14009.93593758
14010.06259737
14010.14056962
14010.19729996
14010.21907922
14010.28886775
14010.35174307
14010.46737658
14010.54021029
14010.60209135
14010.62325158
14010.71576926
14010.77773419
14010.89351057
14010.91435921
14010.97521018
14011.03685840
14011.09987829
14011.22447838
14011.24631372
14011.31066774
14011.38837765
14011.49460961
14011.56269392
14011.62543002
14011.68630951
14011.74899928
14011.80993875
14011.87368495
14011.99965794
14012.02048512
14012.08226305
14012.14230213
14012.20511917
14012.32062614
14012.40341680
14012.47737984
14012.49815875
14012.57609491
14012.61225748
14012.64470097
14012.70063259
14012.77339901
14012.89120584
14012.95297767
14013.01589370
14013.07661691
14013.13942152
14013.20126454
14013.26230470
14013.39271551
14013.46182137
14013.54465421
14013.56547701
14013.63061682
14013.68818343
14013.76678397
14013.82574663
14013.88888014
14014.01608753
14014.03552256
14014.08319611
14014.14496721
14014.20906767
14014.26965800
14014.33146470
14014.45824176
14014.53102867
14014.59193790
14014.61294453
14014.67268689
14014.73573897
14014.79828343
14014.86029420
14014.92301031
14015.00108958
14015.10958459
14015.18565586
14015.20659715
14015.26438001
14015.32702273
14015.38990146
14015.45183201
14015.51345780
14015.57340935
14015.63723820
14015.69820156
14015.76076334
14015.82293161
14015.88459762
14015.94730642
14016.00816323
14016.13985989
14016.19182009
14016.25548340
14016.31452139
14016.37422353
14016.43608386
14016.49980105
14016.56088242
14016.67748092
14016.74946642
14016.76931764
14016.83031294
14016.89290056
14016.95560667
14017.01749846
14017.07929321
14017.14124156
14017.16212287
14017.21609792
14017.27780197
14017.35874479
14017.40353602
14017.46531980
14017.52628121
14017.59197277
14017.74962563
14017.81050609
14017.87228792
14017.93410559
14017.99698481
14018.05894632
14018.12052969
14018.18251486
14018.24429595
14018.32608528
14018.36899771
14018.43179696
14018.49356684
14018.55647775
14018.61821131
14018.68036372
14018.74098746
14018.80376354
14018.86567556
14018.92663185
14018.99157028
14019.05133654
14019.11312910
14019.17585886
14019.23766287
14019.29876081
14019.36127651
14019.44202379
14019.48603118
14019.54689287
14019.60973600
14019.67161389
14019.73420102
14019.79525727
14019.85813770
14019.91978446
14019.98066151
14020.04440089
14020.10617979
14020.16806987
14020.22997946
14020.29506832
14020.35368525
14020.41546416
14020.51732096
14020.56137296
14020.62283467
14020.68681346
14020.74759275
14020.81036200
14020.87044424
14020.93411217
14020.99484026
14021.05679641
14021.12155613
14021.18335307
14021.24428986
14021.30524810
14021.36796177
14021.42983771
14021.49262964
14021.55549715
14021.63426641
14021.67823502
14021.73986398
14021.80183623
14021.86354711
14021.92546035
14021.98945036
14022.05109736
14022.11292210
14022.17469881
14022.23651648
14022.29850774
14022.35927727
14022.43313182
14022.49592765
14022.55681811
14022.61959639
14022.68467793
14022.76013650
14022.80611435
14022.86889336
14022.93005104
14022.99270497
14023.05351035
14023.11535581
14023.17721249
14023.23892385
14023.30288705
14023.36362439
14023.42747665
14023.48927896
14023.54909276
14023.61205755
14023.67292461
14023.76858816
14023.84839703
14023.89222130
14023.95594873
14024.01708617
14024.07787155
14024.14057522
14024.20558826
14024.26845114
14024.32698835
14024.38885990
14024.45177593
14024.51352850
14024.57526474
14024.63716604
14024.69905636
14024.76189266
14024.82464290
14024.88558286
14024.96838083
14025.00815714
14025.07200647
14025.13382219
14025.19572421
14025.25850712
14025.31944708
14025.38113845
14025.44400524
14025.50687177
14025.56773249
14025.62865489
14025.69147705
14025.75335909
14025.81517944
14025.88017077
14025.94074867
14026.00266971
14026.08033744
14026.12539198
14026.18816978
14026.28513308
14026.33386963
14026.39568608
14026.45860991
14026.51859389
14026.58315417
14026.64396710
14026.70806707
14026.77193616
14026.83055041
14026.89159179
14026.95419647
14027.01701669
14027.07792909
14027.15584916
14027.20580696
14027.26847406
14027.33719276
14027.39895045
14027.46192646
14027.52279254
14027.58546159
14027.64788098
14027.70836257
14027.77108477
14027.83295315
14027.89892412
14027.95670186
14028.01928119
14028.08221965
14028.14392761
14028.20498703
14028.28464424
14028.32956127
14028.39050659
14028.45220016
14028.51599634
14028.57784815
14028.63887441
14028.70148056
14028.76435002
14028.82525267
14028.88795293
14028.94983131
14029.01088268
14029.10556637
14029.15825971
14029.22027096
14029.28016156
14029.35968419
14029.40755863
14029.46740193
14029.52949389
14029.59214660
14029.65323455
14029.71582046
14029.77969588
14029.84241760
14029.90237719
14029.96410465
14030.02613151
14030.09180234
14030.14968858
14030.21376539
14030.27348483
14030.33840790
14030.39794059
14030.47587626
14030.53273875
14030.59457714
14030.65665227
14030.71949516
14030.78014205
14030.84309880
14030.90465413
14030.96647082
14031.02743955
14031.09134227
14031.15499315
14031.21592262
14031.27673481
14031.33952309
14031.40074245
14031.46219904
14031.52426149
14031.60398136
14031.64886938
14031.71071363
14031.77352604
14031.83551047
14031.89705849
14031.95791896
14032.02086449
14032.08680961
14032.14549384
14032.20933074
14032.26915258
14032.33207763
14032.39479057
14032.45662019
14032.51854415
14032.57940585
14032.64108674
14032.71906313
14032.76576485
14032.82864601
14032.89475546
14032.95220236
14033.01403270
14033.07920397
14033.13785821
14033.19978340
14033.26248805
14033.32655047
14033.38514400
14033.44711624
14033.51076102
14033.57159199
14033.63343599
14033.69646637
14033.75850712
14033.83612828
14033.88201446
14033.94468034
14034.00646802
14034.06839199
14034.13025891
14034.19310814
14034.25498310
14034.32103477
14034.37957759
14034.43948696
14034.50230351
14034.56530658
14034.62798100
14034.68804543
14034.75071595
14034.81257458
14034.87636149
14034.95216554
14035.01315157
14035.07273083
14035.13257266
14035.19662509
14035.25928073
14035.31935443
14035.38108579
14035.44372242
14035.50687957
14035.56830227
14035.63037131
14035.69311765
14035.75493775
14035.81673080
14035.87854554
14035.94156616
14036.00247028
14036.08210140
14036.12716643
14036.18882635
14036.24977606
14036.31264430
14036.37525582
14036.43705642
14036.49910424
14036.55978259
14036.62157563
14036.68353422
14036.74625569
14036.80813992
14036.86992321
14036.93275318
14036.99559119
14037.05650920
14037.12061356
14037.20101610
14037.24289941
14037.30387448
14037.36761263
14037.42949369
14037.49024152
14037.55222986
14037.61600385
14037.67773668
14037.73866932
14037.80157291
14037.86325819
14037.95697785
14038.00913798
14038.07082960
14038.13688931
14038.19449005
14038.27530804
14038.31908356
14038.38096340
14038.44301025
14038.50788700
14038.56741359
14038.62929928
14038.72420385
14038.78696043
14038.84772704
14038.92077189
14038.98334391
14039.04415562
14039.11030481
14039.16978312
14039.23394624
14039.30947064
14039.35461295
14039.41718448
14039.47809152
14039.53983921
14039.60599864
14039.66463045
14039.72732949
14039.79016677
14039.85203393
14039.91293756
14039.97479789
14040.03666725
14040.09889379
14040.16026114
14040.22310647
14040.28403642
14040.37864087
14040.42149942
14040.48036041
14040.54124794
14040.59943236
14040.65885923
14040.71887125
14040.77956374
14040.84143139
14040.90324393
14040.95826883
14041.01696988
14041.07772356
14041.13578266
14041.19649904
14041.25631869
14041.31615882
14041.37696443
14041.43483239
14041.49467739
14041.57247824
14041.61424769
14041.67321498
14041.74303595
14041.80482704
14041.86200769
14041.92161060
14041.98142269
14042.05212356
14042.11110718
14042.17186745
14042.23269159
14042.29152845
14042.35035604
14042.41124893
14042.46918442
14042.52789645
14042.58872303
14042.65777379
14042.73439924
14042.78221248
14042.84132460
14042.90104648
14042.95876668
14043.01675484
14043.07656522
14043.15833699
14043.21236032
14043.27224579
14043.32583830
14043.38381573
14043.44454064
14043.50544159
14043.57535324
14043.63409745
14043.69392831
14043.75370237
14043.81354884
14043.89040590
14043.94326503
14044.00316855
14044.06217290
14044.12178336
14044.18085134
14044.24232548
14044.30234067
14044.36126871
14044.42005314
14044.48083145
14044.55179734
14044.60858107
14044.67035949
14044.72916781
14044.78990541
14044.84927303
14044.90888154
14044.96847250
14045.04625018
14045.08819616
14045.14802751
14045.20599567
14045.26596818
14045.32551818
14045.38772570
14045.44521941
14045.51406123
14045.58403969
14045.64476119
14045.70555047
14045.76535744
14045.83519815
14045.89702850
14045.95485842
14046.01474121
14046.07261819
14046.15358100
14046.19222457
14046.25123526
14046.31117340
14046.37579390
14046.43363797
