14067.74494400
14067.80801729
14067.86538251
14067.92533357
14067.98579078
14068.04733465
14068.10552273
14068.16374737
14068.22498331
14068.28319577
14068.34399309
14068.43520542
14068.48291797
14068.54341736
14068.59013737
14068.66091309
14068.72090413
14068.78097076
14068.84228935
14068.89905529
14068.95842364
14069.01610606
14069.07528888
14069.13422813
14069.19565229
14069.25541781
14069.31321555
14069.38505721
14069.44342351
14069.50450853
14069.56472242
14069.62456328
14069.68325384
14069.74229013
14069.80203249
14069.86202817
14069.92059172
14069.97968408
14070.04035146
14070.10065482
14070.15912035
14070.21901632
14070.27845513
14070.35021901
14070.40990042
14070.46918296
14070.52805151
14070.60896239
14070.65913815
14070.71732940
14070.77632790
14070.83807803
14070.89866397
14070.95746377
14071.01776518
14071.07648452
14071.13557177
14071.19507056
14071.26483764
14071.33479733
14071.39473693
14071.45405628
14071.51365431
14071.57329330
14071.63462578
14071.69394709
14071.75406004
14071.81465378
14071.87171619
14071.93161703
14071.99148251
14072.05013334
14072.10993226
14072.17078396
14072.23956068
14072.30014833
14072.36040806
14072.41894795
14072.47990887
14072.53970122
14072.59876944
14072.65772820
14072.71720432
14072.77708005
14072.83655593
14072.89692829
14072.95653558
14073.01569817
14073.07411810
14073.14546702
14073.20634188
14073.26491030
14073.32405435
14073.38474635
14073.44489855
14073.50379319
14073.56371938
14073.62211177
14073.68187217
14073.74202316
14073.80198471
14073.86177291
14073.92049541
14073.98203855
14074.05062998
14074.13186952
14074.18110417
14074.24038891
14074.30018466
14074.35894642
14074.41930903
14074.47923035
14074.53999671
14074.60012210
14074.65930663
14074.71727698
14074.77700764
14074.83728906
14074.89497026
14074.95585365
14075.04799196
14075.10785745
14075.16718899
14075.22845126
14075.28712281
14075.34644679
14075.40530486
14075.46495335
14075.52507923
14075.58425351
14075.64480825
14075.70253113
14075.76319509
14075.82359721
14075.88512791
14075.94299391
14076.00231156
14076.06320007
14076.12070816
14076.18071920
14076.24031893
14076.29968729
14076.35839809
14076.41838134
14076.47826023
14076.57265647
14076.63289498
14076.69206683
14076.74942839
14076.81191385
14076.87994184
14076.95017971
14077.00930962
14077.06902736
14077.12897867
14077.18914477
14077.24868453
14077.30908834
14077.36772990
14077.42873837
14077.48723047
14077.54595371
14077.60673056
14077.66551182
14077.72566768
14077.78427804
14077.85595878
14077.91452061
14078.00765513
14078.06750770
14078.12824383
14078.18578264
14078.24565495
14078.30568184
14078.36572457
14078.42405747
14078.48446421
14078.54232339
14078.60329114
14078.66300107
14078.72308184
14078.78305655
14078.84201141
14078.90188567
14078.96000377
14079.02124995
14079.10191264
14079.15045756
14079.21101107
14079.27034627
14079.32816595
14079.38998996
14079.45159308
14079.50938764
14079.56733898
14079.62769477
14079.68752319
14079.75727662
14079.81685514
14079.87563299
14079.93704179
14079.99561484
14080.05543205
14080.12856102
14080.18657892
14080.24571395
14080.30434844
14080.36488855
14080.42397116
14080.48330246
14080.54408199
14080.60306951
14080.67279661
14080.73197211
14080.79241250
14080.85284801
14080.91251943
14080.97176832
14081.03209582
14081.09109773
14081.15169513
14081.21022601
14081.26891999
14081.32867283
14081.38760428
14081.44803760
14081.50870766
14081.56805505
14081.63792892
14081.69839783
14081.75792856
14081.81678151
14081.87575246
14081.93590442
14081.99523084
14082.05511486
14082.11493280
14082.17488264
14082.23474154
14082.29424912
14082.35300405
14082.41321136
14082.47383728
14082.54415245
14082.61396609
14082.67414414
14082.73297222
14082.79242713
14082.85181719
14082.91304605
14082.97106712
14083.03300377
14083.09068765
14083.15088422
14083.21014896
14083.27019267
14083.32823373
14083.38803583
14083.44790863
14083.50726626
14083.57717840
14083.63716774
14083.69678454
14083.75677266
14083.81702264
14083.87725530
14083.93663170
14083.99554462
14084.05644679
14084.11455758
14084.17607755
14084.23395185
14084.29319220
14084.36607102
14084.42419473
14084.48324346
14084.54423681
14084.60315655
14084.66353623
14084.72261982
14084.78126723
14084.85923485
14084.91910277
14084.97802788
14085.04994609
14085.10872273
14085.16912947
14085.22821549
14085.28835161
14085.34702877
14085.40761300
14085.46623677
14085.53586975
14085.59599928
14085.65609102
14085.71595699
14085.77598973
14085.83715399
14085.89452799
14085.95419818
14086.01405416
14086.07392354
14086.15521331
14086.20390110
14086.26263775
14086.32233988
14086.38311624
14086.45402654
14086.51290143
14086.57229733
14086.63262191
14086.69093116
14086.75040777
14086.80960814
14086.87048349
14086.93003617
14086.98881377
14087.04901474
14087.10855498
14087.16850873
14087.22813089
14087.28761043
14087.34684835
14087.40647100
14087.46730246
14087.52610152
14087.58525362
14087.64461369
14087.70425389
14087.76404697
14087.82399998
14087.88373039
14087.94493781
14088.00390339
14088.06330125
14088.12225562
14088.18268040
14088.24179057
14088.30215318
14088.37301960
14088.43065130
14088.49028248
14088.56195762
14088.62221100
14088.68041736
14088.74117275
14088.79938448
14088.86129138
14088.91846911
14088.97885781
14089.03773562
14089.09845371
14089.15728959
14089.21685226
14089.27692377
14089.34711142
14089.40738041
14089.46620117
14089.52564584
14089.58543843
14089.64438548
14089.70352612
14089.76444998
14089.82434009
14089.88327618
14089.95514392
14090.01477998
14090.07463059
14090.13323144
14090.19233965
14090.27331465
14090.33425071
14090.39190923
14090.45222479
14090.51272613
14090.57160296
14090.63125000
14090.69076025
14090.75034536
14090.81038785
14090.87097428
14090.92977822
14090.98851267
14091.07030395
14091.11920971
14091.17990146
14091.23855034
14091.29844752
14091.35836932
14091.41846180
14091.47637388
14091.53674454
14091.59640230
14091.65571604
14091.71541964
14091.77431110
14091.83499360
14091.89381192
14091.95236400
14092.03528119
14092.10608836
14092.17604610
14092.23601959
14092.29604209
14092.35635594
14092.41449233
14092.47443901
14092.53399729
14092.59455958
14092.65290516
14092.71197656
14092.77250155
14092.83211030
14092.89228543
14092.95114495
14093.01065570
14093.07036173
14093.14022048
14093.19940354
14093.25994804
14093.31896653
14093.37956223
14093.43951499
14093.51058597
14093.56816744
14093.62939363
14093.69844050
14093.75885943
14093.81808467
14093.87983163
14093.93746773
14093.99630580
14094.06754500
14094.13030987
14094.18694317
14094.24534824
14094.30651396
14094.36670347
14094.42563784
14094.48434426
14094.54364069
14094.62469079
14094.67384377
14094.73522868
14094.79382708
14094.85345754
14094.91358731
14094.97151256
14095.03236109
14095.09257010
14095.15147449
14095.21038009
14095.27117498
14095.32941986
14095.38922367
14095.44819071
14095.50781946
14095.56772103
14095.63000876
14095.68900872
14095.74771416
14095.80743970
14095.87833879
14095.93633694
14095.99701992
14096.05687272
14096.11606066
14096.17549143
14096.23592231
14096.29421230
14096.35615334
14096.41454670
14096.47262238
14096.53244837
14096.59210028
14096.65223907
14096.71272969
14096.76983915
14096.84190998
14096.90214972
14096.96073033
14097.03237254
14097.09131277
14097.15271280
14097.21113005
14097.27010173
14097.32964783
14097.38948966
14097.45132732
14097.50829245
14097.56789389
14097.62721739
14097.68774652
14097.76032131
14097.82021874
14097.88020027
14097.93961983
14097.99887750
14098.05846968
14098.11782657
14098.17756357
14098.23821510
14098.29635636
14098.36813658
14098.42782823
14098.48613162
14098.54508404
14098.60605350
14098.66613402
14098.72643495
14098.78486123
14098.84544376
14098.90341972
14098.96231168
14099.02287446
14099.08381319
14099.14279121
14099.20190796
14099.26248439
14099.32123298
14099.38042336
14099.46281027
14099.51059109
14099.57051582
14099.64225020
14099.69978949
14099.76064997
14099.82076975
14099.87913336
14099.94027275
14099.99970109
14100.05832168
14100.11743989
14100.17729806
14100.23730398
14100.29607647
14100.35573594
14100.41585596
14100.47623515
14100.53501422
14100.59489190
14100.65472788
14100.71363910
14100.77307036
14100.83310456
14100.89275891
14100.95182396
14101.01197032
14101.07038197
14101.13040056
14101.19222287
14101.25110775
14101.31007553
14101.37107034
14101.42942152
14101.49998537
14101.55929302
14101.61859433
14101.67789418
14101.73634045
14101.79637855
14101.86945583
14101.92838436
14101.98759960
14102.04738634
14102.10696559
14102.16700906
14102.22585054
14102.28594887
14102.34652725
14102.41605978
14102.47509168
14102.53413066
14102.59564088
14102.65551100
14102.71499126
14102.77277754
14102.83280419
14102.89162787
14102.97280621
14103.02121679
14103.08222550
14103.14119816
14103.20105292
14103.26186950
14103.32159772
14103.38211052
14103.43967225
14103.50055613
14103.55897412
14103.61978120
14103.67982076
14103.73800177
14103.79746716
14103.85759450
14103.91618754
14103.97584116
14104.03683475
14104.09541731
14104.15497925
14104.21453753
14104.27407193
14104.36610126
14104.41579184
14104.47455774
14104.53466655
14104.59337296
14104.65500997
14104.71430884
14104.77290018
14104.83315283
14104.89224178
14104.95223917
14105.01082319
14105.07099612
14105.13086600
14105.19117229
14105.26095717
14105.31978354
14105.38154050
14105.44144670
14105.49998293
14105.55922451
14105.61927822
14105.67764817
14105.73815293
14105.79896098
14105.85708177
14105.91743706
14105.97695585
14106.03536360
14106.09545705
14106.15481492
14106.22605632
14106.28565044
14106.34505927
14106.40457635
14106.46356949
14106.52422345
14106.58203558
14106.64369282
14106.70280201
14106.76211356
14106.82262538
14106.88167410
14106.94129822
14107.00062952
14107.06069078
14107.11992090
14107.19074709
14107.24939718
14107.31044587
14107.36897260
14107.42869253
14107.48990872
14107.54898183
14107.60881391
14107.66811327
14107.72738679
14107.78639796
14107.86715110
14107.91715888
14107.97611422
14108.03429693
14108.09478755
14108.16592508
14108.22548434
14108.28468154
14108.35698400
14108.41549049
14108.47462601
14108.53399095
14108.59540877
14108.65413518
14108.71289109
14108.77244937
14108.83208568
14108.89266236
14108.95068830
14109.01037507
14109.07060237
14109.13130754
14109.19031871
14109.25093611
14109.31545860
14109.37373250
14109.43187669
14109.48972294
14109.54679754
14109.60623636
14109.66443175
14109.72288484
14109.78119312
14109.84019625
14109.89704825
14109.95487597
14110.02571337
14110.08407626
14110.14389615
14110.21295789
14110.27014513
14110.32818204
14110.38642863
14110.44554831
14110.50317538
14110.56234454
14110.62065525
14110.67958548
14110.73661278
14110.79572782
14110.85356359
14110.92128023
14110.98158385
14111.03890323
14111.09845420
14111.15736688
14111.21469187
14111.27188812
14111.34079651
14111.39922644
14111.49119287
14111.55021160
14111.60762778
14111.66603138
14111.72329737
14111.78224759
14111.85107332
14111.90938769
14111.96882529
14112.02657353
14112.08650192
14112.14408608
14112.20349711
14112.25880506
14112.31894751
14112.37732210
14112.43566110
14112.49487659
14112.55209698
14112.61017315
14112.67017175
14112.72702619
14112.81794058
14112.86546906
14112.92393264
14112.98216557
14113.04171777
14113.10043101
14113.15777526
14113.21465725
14113.27379545
14113.33227146
14113.39192581
14113.44997272
14113.50759174
14113.56561159
14113.62582402
14113.68340891
14113.75243895
14113.81100590
14113.86958529
14113.93830546
14113.99681926
14114.05553128
14114.11331975
14114.17334396
14114.23005431
14114.28874634
14114.34660819
14114.40345459
14114.47266383
14114.56393564
14114.62302752
14114.68177319
14114.74972120
14114.80767717
14114.86847450
14114.92427568
14114.98316983
14115.04064330
14115.09970153
14115.15910353
14115.21646802
14115.27663656
14115.33398252
14115.39188168
14115.45031527
14115.50939374
14115.56676066
14115.62609294
14115.69528706
14115.75324840
14115.82216531
14115.87970583
14115.93905273
14115.99714597
14116.05592308
14116.11539311
14116.17358509
14116.24316053
14116.29990257
14116.35845953
14116.41644695
14116.47521091
14116.53350065
14116.60393699
14116.66205558
14116.72058816
14116.77874844
14116.83663955
14116.89509533
14116.95425596
14117.01188815
14117.06949231
14117.12838743
14117.18716040
14117.24475529
14117.30397761
14117.36166075
14117.42214698
14117.47787428
14117.54692505
14117.61635006
14117.67430652
14117.73365269
14117.79085285
14117.84933399
14117.90854582
14117.96622531
14118.02400549
14118.08275091
14118.14039529
14118.19994139
14118.25761600
14118.31629755
14118.37656386
14118.44530255
14118.50306639
14118.56082658
14118.61987457
14118.67645424
14118.73653720
14118.79315588
14118.85292603
14118.91094563
14118.99064186
14119.04058820
14119.09726270
14119.15735176
14119.21348233
14119.27200784
14119.32929162
14119.39949341
14119.46913517
14119.52689707
14119.58600894
14119.64476412
14119.70206229
14119.76049052
14119.81822340
14119.87900049
14119.93644348
14119.99450161
14120.05302175
14120.11211022
14120.16804598
14120.22802045
14120.29583071
14120.35548067
14120.41380333
14120.47360591
14120.53026652
14120.58751081
14120.65747854
14120.71591165
14120.77437596
14120.83320623
14120.89152913
14120.94875416
14121.00755663
14121.08722774
14121.14575520
14121.21569636
14121.27310449
14121.34324582
14121.40014048
14121.45875376
14121.51799144
14121.57529985
14121.63409160
14121.69212802
14121.75161634
14121.81001482
14121.86809830
14121.92578462
14122.00560274
14122.05535428
14122.13345379
14122.19317689
14122.25172166
14122.30942529
14122.36795982
14122.42556933
14122.48565717
14122.54246845
14122.60020743
14122.66151164
14122.71672402
14122.77575226
14122.83522375
14122.89370976
14122.95095941
14123.00918309
14123.06784879
14123.13683665
14123.20638601
14123.26403575
14123.32188859
14123.38132107
14123.43917147
14123.49920957
14123.55707801
14123.61491183
14123.67272444
14123.74184347
14123.81002140
14123.86956945
14123.92900144
14123.98619404
14124.05634268
14124.11258150
14124.17322327
14124.23009770
14124.28950727
14124.34606645
14124.40436448
14124.46337420
14124.52192165
14124.58042204
14124.63884954
14124.69803992
14124.75539392
14124.81535547
14124.87133121
14124.94111560
14125.00009094
14125.05853502
14125.11690278
14125.17451498
14125.23445556
14125.29111690
14125.34947393
14125.40836540
14125.46623433
14125.52538813
14125.58323122
14125.64179817
14125.70206594
14125.75848640
14125.81711626
14125.88647666
14125.95546819
14126.01420020
14126.07384748
14126.13052905
14126.19012269
14126.24845388
14126.30648031
14126.36523476
14126.42200557
14126.48201051
14126.53942400
14126.59739899
14126.65558317
14126.71390875
14126.78325745
14126.84521726
14126.89940784
14126.96101339
14127.01865509
14127.07728129
14127.13606475
14127.19459269
14127.26078236
14127.32326514
14127.38948503
14127.44919399
14127.50731380
14127.57602567
14127.63503490
14127.69321712
14127.76149379
14127.81968309
14127.87822395
14127.93740604
14127.99580111
14128.05392336
14128.11162869
14128.17161438
14128.22873725
14128.28565824
14128.34582532
14128.40247130
14128.46235264
14128.52032421
14128.57913010
14128.63898534
14128.70593983
14128.76483008
14128.82287212
14128.88275369
14128.94122556
14128.99840939
14129.05621102
14129.11450638
14129.17272444
14129.23208109
14129.29089479
14129.34788478
14129.40790630
14129.46460300
14129.52400037
14129.58251369
14129.65264185
14129.71021479
14129.76810298
14129.82716682
14129.88475903
14129.94320895
14130.00374882
14130.05902849
14130.11806429
14130.17732464
14130.23637385
14130.29357157
14130.36157908
14130.43133128
14130.52266917
14130.59060061
14130.64898007
14130.70781546
14130.76551104
14130.82426768
14130.88369065
14130.94031908
14130.99897502
14131.05877858
14131.11717097
14131.17586032
14131.23241658
14131.29167766
14131.34881418
14131.40821229
14131.47690685
14131.53569396
14131.59387302
14131.65218861
14131.71084431
14131.76954804
14131.82719023
14131.90770370
14131.96531078
14132.02505680
14132.08311419
14132.14134006
14132.20039146
14132.25843764
14132.31578238
14132.37581024
14132.44506995
14132.50353890
14132.56109258
14132.61958590
14132.67847420
14132.73520820
14132.79383415
14132.85157094
14132.91056261
14132.96838010
14133.02783232
14133.08638319
14133.14476046
14133.20298462
14133.26055829
14133.31953192
14133.39080355
14133.45640344
14133.52594548
14133.59522909
14133.65313337
14133.71187367
14133.77224945
14133.82879303
14133.88610900
14133.94581869
14134.00393484
14134.06160312
14134.12105632
14134.17945285
14134.23886144
14134.30643740
14134.37645170
14134.43470146
14134.49331182
14134.56474826
14134.62324256
14134.68141503
14134.73922350
14134.79802134
14134.85601705
14134.92756101
14134.98405827
14135.03624448
14135.12397545
14135.18166469
14135.23989714
14135.29766586
14135.35673214
14135.41667857
14135.47388361
14135.53260368
14135.59005130
14135.66772732
14135.72597659
14135.78466131
14135.84199629
14135.91219930
14135.96861025
14136.03850362
14136.09845322
14136.17995461
14136.24900026
14136.30674997
14136.38818284
14136.44766896
14136.50593847
14136.56422090
14136.62255526
14136.68086110
14136.74014802
14136.79836145
14136.85627402
14136.92609230
14136.98387614
14137.04285855
14137.09969763
14137.15889117
14137.21660992
14137.27519491
14137.33362046
14137.39222179
14137.45076266
14137.50934644
14137.56694693
14137.62597225
14137.70458669
14137.76260264
14137.83330619
14137.89101835
14137.94968332
14138.01728366
14138.07609686
14138.13531772
14138.19345727
14138.25129816
14138.30984488
14138.36765920
14138.42901509
14138.48608652
14138.54420194
14138.60151450
14138.66018361
14138.73023156
14138.78849497
14138.84699146
14138.90569227
14138.96451791
14139.02112659
14139.07911352
14139.13876470
14139.19589537
14139.25583302
14139.31448921
14139.38487337
14139.45382150
14139.51202615
14139.58153260
14139.64129276
14139.69954812
14139.75619752
14139.81524624
14139.87334411
14139.93183207
14139.99078571
14140.04804804
14140.10643409
14140.16501811
14140.22271247
14140.28229294
14140.33981932
14140.39931738
14140.45608624
14140.53453831
14140.58366130
14140.64258543
14140.70251212
14140.75934095
14140.81829240
14140.87628152
14140.94438680
14141.01295970
14141.07300268
14141.13074482
14141.18918768
14141.24633640
14141.31736519
14141.37518146
14141.45537871
14141.51277733
14141.57212472
14141.63032645
14141.68941857
14141.76794597
14141.82765712
14141.88482364
14141.94397671
14142.00158988
14142.06061618
14142.11770101
14142.17739778
14142.23469766
14142.29241616
14142.35267466
14142.42131949
14142.47959826
14142.53887616
14142.59626918
14142.65491269
14142.71369981
14142.77218338
14142.83002598
14142.88812847
14142.94865737
14143.00595261
14143.06483969
14143.13200020
14143.19250715
14143.25109946
14143.30870288
14143.37890370
14143.43546117
14143.49343348
14143.55317950
14143.61002418
14143.66842705
14143.72792390
14143.78633872
14143.84464723
14143.90340973
14143.96087710
14144.01801363
14144.08768781
14144.14488407
14144.20405860
14144.26256997
14144.33252039
14144.39097958
14144.44936002
14144.50643779
14144.56497476
14144.62394156
14144.68219522
14144.74047278
14144.79911799
14144.85675725
14144.91581110
14144.97292251
14145.03200098
14145.09046358
14145.14915610
14145.21708608
14145.27556575
14145.33440431
14145.39224544
14145.47238662
14145.54230071
14145.60120071
14145.65991907
14145.71780848
14145.77631205
14145.83511282
14145.89308561
14145.95259806
14146.00959756
14146.06882037
14146.12726371
14146.19619379
14146.25465298
14146.31136114
14146.37178177
14146.42956781
14146.48780148
14146.54604270
14146.60389822
14146.66193172
14146.71998058
14146.77992311
14146.83799001
14146.89654551
14146.95420038
14147.01308014
14147.07097686
14147.13889586
14147.19700616
14147.25600856
14147.31472205
14147.37249906
14147.43165409
14147.49018057
14147.54933316
14147.60608909
14147.66467263
14147.72304868
14147.78271522
14147.84101130
14147.89799447
14147.95636077
14148.01570889
14148.08489546
14148.14128471
14148.20034489
14148.25929999
14148.31710041
14148.37697638
14148.43533781
14148.49420660
14148.57345567
14148.63195436
14148.68927253
14148.75750531
14148.82645636
14148.89767947
14148.96616216
14149.02405279
14149.08301276
14149.15279057
14149.21066438
14149.26846967
14149.35033799
14149.41070597
14149.46712838
14149.52479714
14149.58474454
14149.65568045
14149.71383926
14149.77262882
14149.84111419
14149.89981012
14149.95928210
14150.01652370
14150.07533935
14150.13345891
14150.19289651
14150.25009618
14150.30992583
14150.37784312
14150.43610776
14150.49462059
14150.55376952
14150.61189152
14150.66912435
14150.73674615
14150.80631403
14150.86524548
14150.92272871
14150.98099236
14151.04129305
14151.09959401
14151.15906964
14151.21635197
14151.27453833
14151.33226268
14151.39133481
14151.44994395
14151.50634685
14151.56608312
14151.62495386
14151.69356772
14151.75288049
14151.80960034
14151.86906379
14151.92713727
14151.98530072
14152.04423924
14152.10226909
14152.18207283
14152.24096478
14152.29881226
14152.35734532
14152.41613366
14152.47512216
14152.53352479
14152.60274208
14152.65897212
14152.71769779
14152.77654659
14152.83561238
14152.89421762
14152.95201170
14153.00979554
14153.06729461
14153.12636844
14153.18400746
14153.24443980
14153.30218024
14153.36001455
14153.41916787
14153.47754855
14153.54637014
14153.60617540
14153.66373226
14153.72158412
14153.78973913
14153.84959779
14153.91706209
14153.97628928
14154.04575184
14154.10557173
14154.16202949
14154.21979041
14154.27819231
14154.33741219
14154.39594379
14154.46422777
14154.52261992
14154.58121686
14154.64065544
14154.69921215
14154.75687092
14154.81451262
14154.87368837
14154.93140613
14154.99085032
14155.04768574
14155.10645530
14155.16555010
14155.22377085
14155.28163953
14155.34012798
14155.40962711
14155.46767914
14155.52582358
14155.58476405
14155.64403293
14155.69976438
14155.75942239
14155.81656501
14155.87667162
14155.93429723
14155.99301705
14156.05138579
14156.11125981
14156.16792090
14156.22724343
14156.28497631
14156.35422359
14156.41331815
14156.47029449
14156.52911574
14156.58649266
14156.64823865
14156.70565433
14156.76335723
14156.82024629
14156.90099772
14156.95856237
14157.01761914
14157.07564045
14157.13443147
14157.19259906
14157.25138252
14157.31999346
14157.37675866
14157.43631914
14157.49417173
14157.55200994
14157.61128906
14157.67057623
14157.72806384
14157.78776549
14157.84652189
14157.90332147
14157.96143567
14158.01948502
14158.07719620
14158.13739083
14158.21656018
14158.27461635
14158.35618772
14158.40399853
14158.46196547
14158.51857195
14158.57629484
14158.63707656
14158.69491135
14158.75256354
14158.81283082
14158.86902648
14158.92788284
14158.98583613
14159.04418756
14159.10323311
14159.16408090
14159.23046878
14159.28982105
14159.34714945
14159.40615795
14159.46520472
14159.52403036
14159.60302660
14159.66222283
14159.71961853
14159.77730094
14159.83680632
14159.89489078
14159.95326780
14160.01261788
14160.07266037
14160.14074321
14160.20089810
14160.25825088
14160.31718575
14160.37554863
14160.43406609
14160.49353222
14160.55162765
14160.60948049
14160.66833587
14160.72719149
14160.78694897
14160.84355180
14160.90454539
14160.96274785
14161.02122191
14161.09054989
14161.14794632
14161.20709037
14161.26813785
14161.32441007
14161.38271029
14161.44165906
14161.50003950
14161.55896022
14161.61861481
14161.67619507
14161.73572897
14161.79342065
14161.85186156
14161.91052896
14161.96971642
14162.03937183
14162.09769034
14162.15642699
14162.21376149
14162.27287141
14162.33092539
14162.39069847
14162.47256289
14162.53093943
14162.59103824
14162.64966371
14162.70756434
14162.76566537
14162.82371789
14162.88265032
14162.95255100
14163.01097704
14163.06870821
14163.12786787
14163.18636827
14163.24591582
14163.30422044
14163.36332451
14163.42194145
14163.48003907
14163.53795286
14163.59680678
14163.65650379
14163.71491276
14163.77326102
14163.84374124
14163.90081974
14163.95992649
14164.02007113
14164.07753144
14164.13591285
14164.19407631
14164.25304165
14164.31136114
14164.37021213
14164.42814567
14164.48746331
14164.54635185
14164.60577287
14164.66436982
14164.72094485
14164.79084968
14164.86042586
14164.91924369
14164.97826267
14165.05937080
14165.10711505
14165.18594062
14165.25573891
14165.30353875
14165.36131454
14165.42149918
14165.47974747
14165.53847412
14165.59630234
14165.65540762
14165.71560713
14165.78340520
14165.84379853
14165.90169867
14165.95964562
14166.01795999
14166.07579771
14166.13474281
14166.19361941
14166.25165218
14166.31288714
14166.37059101
14166.42939324
14166.48778782
14166.54594055
14166.60519943
14166.66451513
14166.73278839
14166.79110105
14166.85031678
14166.90849925
14166.96815213
14167.02481469
14167.08620423
14167.14317643
14167.20102244
14167.25982150
14167.31950511
14167.37779192
14167.43579470
14167.49446211
14167.55308734
14167.61202610
14167.68136798
14167.74004172
14167.79980651
14167.85742627
14167.91598591
14167.97477498
14168.03362938
14168.09119453
14168.15080767
14168.20951628
14168.26767997
14168.32611503
14168.38517643
14168.44349640
14168.51266713
14168.58293450
14168.64265004
14168.70049776
14168.75904448
14168.81884097
14168.87701076
14168.93415923
14168.99230708
14169.05001924
14169.10922570
14169.16807085
14169.22715102
14169.28613270
14169.34467990
14169.40392928
14169.47222985
14169.53102477
14169.59036118
14169.66121541
14169.71950832
14169.77826326
14169.83824187
14169.89521651
14169.95559448
14170.01368771
14170.07154957
14170.12919151
14170.19006271
14170.24696299
14170.31751001
14170.37613499
14170.43401709
14170.49299096
14170.55160863
14170.61077658
14170.66921870
14170.72723757
14170.78503263
14170.84476353
14170.90249422
14170.96191670
14171.01894985
14171.11226820
14171.17021223
14171.22981708
14171.29909142
14171.36846255
14171.42617057
14171.48501449
14171.55803643
14171.61580905
14171.67483169
14171.73317580
14171.79344698
14171.85043113
14171.90983752
14171.96769572
14172.02593792
14172.09729635
14172.16498276
14172.22300577
14172.28209448
14172.34170055
14172.40121983
14172.45883251
14172.51766035
14172.57523475
14172.63679423
14172.69324296
14172.75138203
14172.81037956
14172.86934246
14172.95246543
14173.02009600
14173.07894895
14173.13810031
14173.19657267
14173.25693285
14173.31424833
14173.37318124
14173.43026779
14173.48879256
14173.54900670
14173.60752611
14173.66592776
14173.72480338
14173.78352589
14173.84198288
14173.91105632
14173.97026377
14174.02817585
14174.08497616
14174.14491162
14174.20389183
14174.26261922
14174.32182593
14174.39463429
14174.45146971
14174.50971191
14174.56902395
14174.62861100
14174.68496831
14174.74540090
14174.81402402
14174.87188222
14174.93201346
14174.99125748
14175.05015138
14175.10648748
14175.16599261
14175.22408487
14175.28178289
14175.34079285
14175.40027092
14175.45888396
14175.51721686
14175.57543906
14175.64556796
14175.70419806
14175.77388005
14175.83252722
14175.89168541
14175.94973939
14176.00815811
14176.06766593
14176.12478856
14176.18362663
14176.24262342
14176.30063790
14176.36036369
14176.41786178
14176.47703412
14176.55703998
14176.60670496
14176.69702591
14176.74439153
14176.80345707
14176.86069575
14176.91990052
14176.97803008
14177.03658582
14177.09599952
14177.15477518
14177.21182881
14177.27078440
14177.33080641
14177.38880066
14177.44752341
14177.50728015
14177.56493380
14177.63486106
14177.69325247
14177.75325839
14177.81056437
14177.86834772
14177.92665526
14177.98666606
14178.04468639
14178.10389457
14178.16177861
14178.22103555
14178.27832567
14178.33678608
14178.39693512
14178.45564714
14178.52475910
14178.58360473
14178.64242306
14178.70007305
14178.75994658
14178.81756438
14178.87731089
14178.93487213
14178.99297414
14179.05111540
14179.11022289
14179.16849898
14179.22739239
14179.29760881
14179.35555893
14179.41543417
14179.48327320
14179.54357072
14179.60184559
14179.66097989
14179.71853089
14179.77715953
14179.83567065
14179.89460406
14179.95307739
14180.01157242
14180.07037002
14180.12934926
14180.18824389
14180.24615744
14180.30598196
14180.36334840
14180.43339269
14180.49237510
14180.55037227
14180.60954144
14180.66792651
14180.72625844
14180.78450844
14180.84388728
14180.90161065
14180.96067815
14181.01943869
14181.08890442
14181.14729535
14181.20604248
14181.26456189
14181.33304702
14181.39201626
14181.45003538
14181.50986015
14181.56964469
14181.62751849
14181.69719536
14181.75626408
14181.81480202
14181.87072754
14181.93045869
14181.98916462
14182.04901035
14182.10740103
14182.16634199
14182.22380766
14182.30485166
14182.36347275
14182.42347696
14182.48008685
14182.53836538
14182.59904958
14182.65698190
14182.71500175
14182.77312131
14182.83240336
14182.89042370
14182.95043596
14183.00839144
14183.06627938
14183.12420073
14183.18619077
14183.25315916
14183.31204600
14183.37175227
14183.42910774
14183.48870016
14183.54752433
14183.60387140
14183.66369130
14183.72076882
14183.78072232
14183.83988173
14183.93063935
14184.02316410
14184.08083628
14184.14911295
14184.21068656
14184.27764715
14184.33758870
14184.39543691
14184.45400118
14184.51372160
14184.58199608
14184.64246280
14184.70082544
14184.75878824
14184.81761071
14184.87752056
14184.93428284
14184.99264768
14185.05232348
14185.12027418
14185.18151743
14185.23882219
14185.29774778
14185.35745723
14185.41387793
14185.47354301
14185.53166891
14185.59186866
14185.64949451
14185.72649005
14185.78477931
14185.84368346
14185.90150289
14185.96024417
14186.01894668
14186.08808790
14186.14655807
14186.20549951
14186.26408963
14186.32412335
14186.38559676
