4570.06274139
4570.14084836
4570.25430037
4570.34083217
4570.44154198
4570.53133717
4570.64098892
4570.75083523
4570.85056029
4570.94123270
4571.04196152
4571.14170194
4571.22373937
4571.34514540
4571.44493385
4571.54569241
4571.64353478
4571.72515334
4571.83496356
4571.91462068
4572.01462685
4572.12514729
4572.22642078
4572.32731807
4572.41647497
4572.51741200
4572.64181933
4572.71789172
4572.81852741
4572.91915236
4573.00876689
4573.10862556
4573.20034416
4573.31100041
4573.41077715
4573.50128792
4573.61003416
4573.71213953
4573.82376784
4573.93484758
4574.04622087
4574.14689556
4574.23594226
4574.34659631
4574.43534532
4574.54675030
4574.63533084
4574.74704205
4574.86066813
4574.95949597
4575.06758417
4575.15694197
4575.25670384
4575.40132613
4575.46898490
4575.57072041
4575.67059565
4575.78124361
4575.87115047
4575.96080644
4576.07109551
4576.17170925
4576.26152858
4576.37333975
4576.46341971
4576.56385425
4576.66261651
4576.76438152
4576.86588735
4576.97559299
4577.07651758
4577.16604556
4577.26599322
4577.36658111
4577.45636314
4577.55701223
4577.64531970
4577.76024334
4577.84672175
4577.93640211
4578.05210862
4578.17884726
4578.28464146
4578.39145795
4578.49724044
4578.60374803
4578.72233734
4578.82920528
4578.93591864
4579.02964477
4579.13617332
4579.24388532
4579.36069361
4579.46733188
4579.57209866
4579.69151571
4579.77680847
4579.88008095
4579.98730412
4580.09353255
4580.19951716
4580.30529893
4580.41182382
4580.52925236
4580.63667910
4580.74248135
4580.84830042
4580.95584297
4581.06162401
4581.19126739
4581.28597802
4581.39114026
4581.49864820
4581.60439851
4581.71130205
4581.81659936
4581.94057808
4582.02888628
4582.12560638
4582.24327312
4582.34900832
4582.45472450
4582.56145346
4582.65542560
4582.77407367
4582.88000659
4582.98609483
4583.09275772
4583.20050946
4583.30571950
4583.41251844
4583.53316233
4583.62401151
4583.73200487
4583.84090056
4583.95857534
4584.06185660
4584.15602061
4584.27598452
4584.36968017
4584.48639483
4584.60305878
4584.70931939
4584.81633751
4584.92620284
4585.04154607
4585.12625516
4585.24186585
4585.34777221
4585.45528404
4585.56215807
4585.66772651
4585.77556236
4585.85821955
4585.96518014
4586.07136565
4586.16606068
4586.28311667
4586.40376105
4586.50843641
4586.60218034
4586.70807986
4586.81665471
4586.92162947
4587.02805025
4587.13478946
4587.25344630
4587.33721136
4587.44227316
4587.54968845
4587.65795122
4587.76100695
4587.86740799
4587.98611311
4588.09178907
4588.19861336
4588.30427883
4588.41349587
4588.52862357
4588.63447409
4588.75212401
4588.84685780
4588.95355799
4589.06031353
4589.17716863
4589.28230918
4589.38948480
4589.50876580
4589.60106247
4589.70875400
4589.81796738
4589.92130300
4590.02711890
4590.13282777
4590.24380950
4590.34714025
4590.46469313
4590.56953111
4590.67511758
4590.77154488
4590.88951979
4591.01661804
4591.11310775
4591.21880954
4591.32567260
4591.46521317
4591.57107759
4591.67755665
4591.79459411
4591.88954075
4591.99533081
4592.10308280
4592.22017195
4592.32617704
4592.43284847
4592.55163356
4592.63548956
4592.75404693
4592.85869059
4592.96534520
4593.07021316
4593.16699910
4593.27318461
4593.38917175
4593.48468841
4593.62423362
4593.69698386
4593.80527028
4593.92197884
4594.04175941
4594.13434329
4594.22926579
4594.33679884
4594.45364540
4594.57017818
4594.74225168
4594.84807611
4594.94277431
4595.06114541
4595.17793126
4595.28495280
4595.39174247
4595.50960791
4595.60422151
4595.71088026
4595.81674443
4595.92436330
4596.02828358
4596.12395287
4596.25264880
4596.34850290
4596.45443632
4596.56129889
4596.66606738
4596.78379946
4596.89133080
4597.01014612
4597.10388444
4597.20871096
4597.31718511
4597.42293884
4597.52881691
4597.62439916
4597.77556700
4597.84841306
4597.95401319
4598.06182149
4598.16622135
4598.27293081
4598.37880181
4598.48647334
4598.61402191
4598.72064360
4598.82741889
4598.96517429
4599.04997992
4599.15664135
4599.27329701
4599.39306514
4599.48733789
4599.59325448
4599.74263032
4599.85968850
4599.95608410
4600.06274992
4600.17054823
4600.26436408
4600.38200961
4600.49763005
4600.60431562
4600.71017565
4600.81673029
4600.94598162
4601.04099994
4601.13566059
4601.24326629
4601.34891982
4601.44472417
4601.55057421
4601.65706570
4601.77579179
4601.86932775
4601.97613132
4602.09395677
4602.21059268
4602.31702713
4602.42329139
4602.54209257
4602.62490653
4602.73162599
4602.85009290
4602.95578422
4603.06065316
4603.15722747
4603.27796254
4603.38027320
4603.48697071
4603.59257669
4603.69927811
4603.80707032
4603.92303600
4604.04015343
4604.13568790
4604.24245368
4604.34716439
4604.46784144
4604.58269559
4604.68833887
4604.80808091
4604.89095265
4605.00846335
4605.12565124
4605.23295341
4605.33788623
4605.44501967
4605.56409197
4605.66877927
4605.78651915
4605.89140077
4606.03092257
4606.11374531
4606.22142440
4606.35026979
4606.44496896
4606.55053154
4606.65622237
4606.75460086
4606.90406033
4607.01953278
4607.13977073
4607.23225002
4607.32765550
4607.44634697
4607.56408490
4607.66976573
4607.77566159
4607.89510887
4607.97886296
4608.09473550
4608.20049313
4608.30697341
4608.41289683
4608.52745353
4608.65707814
4608.76284576
4608.86769081
4608.97523361
4609.07997212
4609.19879939
4609.31631642
4609.42510387
4609.51808760
4609.62280904
4609.73031137
4609.84800638
4609.96448577
4610.07105894
4610.22278193
4610.29458302
4610.40063810
4610.51892898
4610.67969852
4610.78522062
4610.89014369
4611.00863255
4611.11545051
4611.23240508
4611.33853159
4611.44508331
4611.53930924
4611.65903666
4611.77565891
4611.87052778
4611.97633514
4612.07200784
4612.21748980
4612.31523513
4612.42306684
4612.53280076
4612.62855855
4612.72582308
4612.83594758
4612.93317968
4613.04241257
4613.14126284
4613.24890926
4613.36746248
4613.46520001
4613.55408335
4613.67265365
4613.78235172
4613.89127570
4613.99896064
4614.11156370
4614.20539223
4614.30348791
4614.41383403
4614.50994949
4614.61779705
4614.72841160
4614.84909207
4614.94590507
4615.04451762
4615.15156427
4615.25107892
4615.34881766
4615.44607415
4615.55388611
4615.67863136
4615.77188377
4615.87054509
4615.97825026
4616.13110355
4616.23977080
4616.34827031
4616.46889689
4616.56561797
4616.67442346
4616.78434559
4616.93593668
4617.03548961
4617.14227392
4617.26385598
4617.34962418
4617.45747052
4617.57118145
4617.67489230
4617.78563803
4617.89357458
4618.01414264
4618.09927230
4618.20865635
4618.32140911
4618.42665791
4618.53616776
4618.64394145
4618.77328226
4618.87187141
4618.98081733
4619.08937828
4619.18902020
4619.29678486
4619.39371416
4619.49130223
4619.60207891
4619.69778063
4619.80692916
4619.91567784
4620.02452331
4620.14411199
4620.24180197
4620.36655527
4620.44823357
4620.55695372
4620.66774552
4620.77544192
4620.88629102
4620.98287923
4621.10117694
4621.20083471
4621.31055302
4621.41830354
4621.52626959
4621.64898440
4621.75441874
4621.87510359
4621.97104594
4622.07967979
4622.16832372
4622.27701413
4622.37472654
4622.48355787
4622.59219123
4622.69032104
4622.78836259
4622.89703984
4622.99376726
4623.10353579
4623.21134362
4623.32004695
4623.42999883
4623.51560367
4623.62775885
4623.72335841
4623.83229824
4623.97290694
4624.08355709
4624.21235591
4624.30322996
4624.40682744
4624.50939556
4624.60238831
4624.71289680
4624.80981708
4624.91983137
4625.03959877
4625.13624476
4625.24795401
4625.39956631
4625.49464851
4625.60484078
4625.71256278
4625.83335394
4625.93011427
4626.03874251
4626.19131054
4626.27817637
4626.38596614
4626.47456838
4626.59319914
4626.67914946
4626.78046171
4626.88677742
4626.99581989
4627.09226791
4627.20070671
4627.30438196
4627.42218913
4627.52172523
4627.66933906
4627.77703327
4627.88801134
4628.00665160
4628.12624541
4628.21492761
4628.32152687
4628.43064931
4628.53956110
4628.64709756
4628.73461923
4628.83410852
4628.95446399
4629.05126187
4629.14904060
4629.25668019
4629.36640874
4629.47408271
4629.57489954
4629.69354493
4629.78916887
4629.88758565
4630.00127634
4630.10587441
4630.20296243
4630.30118294
4630.41134766
4630.52159138
4630.61618840
4630.73564762
4630.84440215
4630.94299033
4631.05179581
4631.13763618
4631.23652204
4631.34678478
4631.44335543
4631.55282627
4631.64948835
4631.74749309
4631.84526572
4631.94284380
4632.05162344
4632.17319405
4632.27387996
4632.36855816
4632.47544170
4632.58506566
4632.69497341
4632.80278830
4632.91263534
4633.00861719
4633.10668679
4633.21499003
4633.32561433
4633.43432498
4633.54106467
4633.66267673
4633.75961626
4633.91012386
4633.99905548
4634.10681869
4634.20444113
4634.30227057
4634.42263164
4634.51981182
4634.63173636
4634.73757493
4634.84621195
4634.95987655
4635.05276861
4635.17626190
4635.30288083
4635.39181342
4635.48836725
4635.57428271
4635.69386261
4635.80288217
4635.92869774
4636.02069160
4636.11808365
4636.21624296
4636.32696162
4636.42291300
4636.53242724
4636.62906957
4636.74182453
4636.83580885
4636.94547596
4637.05323161
4637.16267466
4637.27638120
4637.35822406
4637.48151792
4637.58671674
4637.69446385
4637.80421044
4637.90192919
4638.01172479
4638.11915373
4638.23977348
4638.33658989
4638.45555248
4638.56894011
4638.67396656
4638.78336255
4638.89058328
4639.01282802
4639.10831860
4639.22190982
4639.33157571
4639.43575882
4639.54496611
4639.64096746
4639.76838803
4639.85913164
4639.96802880
4640.06959194
4640.16333075
4640.27852696
4640.36980183
4640.47752164
4640.59925609
4640.68897204
4640.79466019
4640.93732566
4641.04409510
4641.15292497
4641.27345524
4641.41515645
4641.50378575
4641.60575799
4641.71630964
4641.82394119
4641.93273815
4642.04301283
4642.16194567
4642.25846195
4642.36830241
4642.47791100
4642.58462753
4642.69422882
4642.80193546
4642.92272539
4643.00961559
4643.16033165
4643.25978900
4643.34462341
4643.44389644
4643.56623042
4643.68563551
4643.78137405
4643.89259934
4643.99992856
4644.10055523
4644.20529812
4644.29309481
4644.39882513
4644.51856595
4644.60730911
4644.74786539
4644.85310614
4644.96051290
4645.06569611
4645.16173623
4645.29240922
4645.39747735
4645.50491166
4645.61152555
4645.71861852
4645.83511131
4645.94417670
4646.06433712
4646.15513900
4646.25437912
4646.36962458
4646.47551558
4646.58127247
4646.68976077
4646.81840355
4646.91318196
4647.02181922
4647.15959242
4647.24327678
4647.35030782
4647.46722387
4647.58822860
4647.68118746
4647.79329022
4647.89462783
4648.00183345
4648.10750355
4648.21541889
4648.33192387
4648.43867210
4648.54650137
4648.65209419
4648.75799176
4648.87666177
4648.99717352
4649.11398156
4649.20806219
4649.31446932
4649.42158936
4649.53819479
4649.64517732
4649.75375363
4649.87230173
4649.97513877
4650.08694092
4650.18944662
4650.29536297
4650.41317501
4650.53071448
4650.64929355
4650.74413340
4650.85332094
4650.96807610
4651.08590570
4651.19182742
4651.29072791
4651.40691667
4651.51380436
4651.62056039
4651.72630387
4651.83292654
4651.93992540
4652.04846514
4652.16624061
4652.25905562
4652.36679152
4652.47438211
4652.59099486
4652.69694071
4652.80547142
4652.92713005
4653.02807464
4653.15058976
4653.25326832
4653.35909715
4653.46669139
4653.58396315
4653.70419549
4653.79710925
4653.90365828
4654.02249628
4654.13820913
4654.24763731
4654.35568308
4654.47118869
4654.56581936
4654.68349219
4654.77885355
4654.88573392
4654.99195356
4655.11010548
4655.23182237
4655.32374846
4655.42859107
4655.58089335
4655.69867126
4655.79327072
4655.90001017
4656.02265524
4656.11364486
4656.23079642
4656.32755749
4656.43186299
4656.53914614
4656.65844347
4656.77786222
4656.87176389
4656.97737913
4657.07400830
4657.19574787
4657.29862172
4657.40468021
4657.52198903
4657.61772562
4657.73467580
4657.84187214
4657.94708608
4658.05435947
4658.17505822
4658.30069117
4658.39733302
4658.49235548
4658.60093642
4658.71745652
4658.82628176
4658.93007648
4659.05080961
4659.14827016
4659.25999478
4659.35701575
4659.46374495
4659.57040151
4659.66723133
4659.79590069
4659.88974263
4660.02930222
4660.11402276
4660.22622086
4660.33808786
4660.44505356
4660.56546144
4660.66018110
4660.77683627
4660.88266923
4660.98940502
4661.09798548
4661.20295877
4661.33363078
4661.42815124
4661.53799999
4661.64047424
4661.74756453
4661.86566086
4661.97675084
4662.08962550
4662.18531259
4662.30308051
4662.42063826
4662.52632616
4662.66591622
4662.77359702
4662.89137176
4662.99613684
4663.10281485
4663.20958112
4663.32983833
4663.43552501
4663.55317321
4663.67988991
4663.76663602
4663.87426952
4663.97898218
4664.07494818
4664.18149234
4664.30126535
4664.39490663
4664.50178968
4664.60944756
4664.72552149
4664.83525735
4664.94011606
4665.05862759
4665.15242175
4665.25921898
4665.43259466
4665.54928836
4665.64512807
4665.76407212
4665.85669063
4665.97623859
4666.08252163
4666.19015488
4666.29603222
4666.40259345
4666.52036551
4666.61604333
4666.72189434
4666.82763807
4666.94833097
4667.06790990
4667.15994253
4667.27925766
4667.37276217
4667.48077942
4667.59986171
4667.70451123
4667.81510213
4667.90696409
4668.03564540
4668.12048761
4668.22604141
4668.33878198
4668.42860156
4668.54778430
4668.65315183
4668.77186256
4668.86635620
4668.96319065
4669.08077644
4669.17657934
4669.27231690
4669.36715602
4669.48573777
4669.61463631
4669.70912361
4669.81546663
4669.92361212
4670.03930863
4670.13513445
4670.24228520
4670.36195508
4670.46769418
4670.57366026
4670.68016736
4670.78687999
4670.89364114
4671.01437207
4671.13100115
4671.22485723
4671.33151500
4671.42745980
4671.53453985
4671.64179056
4671.73760882
4671.84177681
4671.98133543
4672.09899850
4672.20669905
4672.31439691
4672.41918199
4672.53702085
4672.66548175
4672.76120054
4672.86896740
4672.96337497
4673.07118743
4673.17696139
4673.28458635
4673.40527511
4673.50202276
4673.61486329
4673.72252069
4673.82825052
4673.93493097
4674.05651767
4674.18031328
4674.27696610
4674.38280223
4674.49008928
4674.58622814
4674.69286787
4674.78788278
4674.89446911
4675.00230814
4675.09800230
4675.20173070
4675.30729426
4675.40396683
4675.50984709
4675.62835448
4675.75197869
4675.84052534
4675.95901956
4676.07604338
4676.18148527
4676.28908610
4676.42950341
4676.52328220
4676.63196554
4676.74776957
4676.84537251
4676.95344316
4677.05992320
4677.18970676
4677.28157409
4677.38930219
4677.49495571
4677.57194531
4677.67954687
4677.78633118
4677.93586622
4678.04359261
4678.13945548
4678.23511648
4678.34089045
4678.44910518
4678.56072521
4678.64762151
4678.76611866
4678.86211416
4678.97439369
4679.07885840
4679.17668150
4679.28333829
4679.38021761
4679.47885211
4679.58854457
4679.67239472
4679.78026301
4679.88224647
4679.98600706
4680.07581029
4680.16975829
4680.27899751
4680.39821488
4680.48399697
4680.59170434
4680.68941407
4680.79007097
4680.89303527
4681.00172056
4681.10157459
4681.22087997
4681.29285368
4681.40149923
4681.49934939
4681.59651836
4681.70310567
4681.79917773
4681.88708584
4681.99511382
4682.09149015
4682.19033555
4682.30110004
4682.39467525
4682.49044109
4682.59919684
4682.71077079
4682.82743693
4682.91335409
4683.02004063
4683.12787966
4683.24162424
4683.34534996
4683.44170094
4683.56386791
4683.65759989
4683.75918960
4683.85210043
4683.96065382
4684.10129738
4684.18805886
4684.29672513
4684.38068841
4684.49037136
4684.58798406
4684.68476902
4684.79246468
4684.89052184
4684.98671727
4685.09595869
4685.17082959
4685.27847089
4685.37720145
4685.48601961
4685.59163364
4685.74224461
4685.86600755
4685.94703512
4686.04649686
4686.15419985
4686.25202100
4686.34745696
4686.45602668
4686.55772513
4686.67459973
4686.76936815
4686.86597147
4686.96183117
4687.07163165
4687.17917079
4687.28683623
4687.40852118
4687.49562131
4687.59110311
4687.68780493
4687.77335077
4687.88140240
4687.97862597
4688.07705884
4688.19481335
4688.29146494
4688.39106054
4688.53362703
4688.62673583
4688.72409740
4688.83285437
4688.94157160
4689.02635627
4689.12412280
4689.23183115
4689.32878117
4689.42557564
4689.58902585
4689.70755640
4689.80438647
4689.89223143
4689.99876584
4690.09476695
4690.20731369
4690.32501968
4690.42061046
4690.54532597
4690.62475391
4690.72302927
4690.83372526
4690.93854690
4691.04718392
4691.16415653
4691.28568496
4691.37329416
4691.47901497
4691.58786142
4691.68443841
4691.79144898
4691.90186409
4691.99868855
4692.11787080
4692.21453410
4692.30456189
4692.40801357
4692.50790052
4692.60254020
4692.69924617
4692.81823264
4692.94075021
4693.02443432
4693.13134248
4693.23295779
4693.33662500
4693.44577548
4693.54211208
4693.63858179
4693.74865948
4693.83311646
4693.94264046
4694.03854356
4694.14627214
4694.25386639
4694.36447094
4694.47144274
4694.58194197
4694.65892524
4694.76164841
4694.85904753
4694.96859956
4695.06455947
4695.16291310
4695.27487275
4695.38944969
4695.47449133
4695.58876327
4695.72373681
4695.79944860
4695.90713159
4696.00780238
4696.12856915
4696.22443690
4696.33114076
4696.42437488
4696.53451059
4696.69626535
4696.79374468
4696.91351476
4697.00944444
4697.11795321
4697.21470404
4697.32444234
4697.42109784
4697.52906682
4697.64660970
4697.74335662
4697.85214724
4697.96000163
4698.06853722
4698.17523083
4698.28905489
4698.40470191
4698.48940344
4698.58713828
4698.69392795
4698.80154512
4698.90044732
4699.00859550
4699.11639698
4699.24094572
4699.33237687
4699.43916557
4699.53676997
4699.64541381
4699.75511628
4699.86090950
4699.97371249
4700.06948905
4700.17838719
4700.28293479
4700.38055772
4700.48646798
4700.59517521
4700.70718801
4700.80037971
4700.90874561
4701.00595602
4701.10278169
4701.21156451
4701.31915241
4701.41677608
4701.53652153
4701.63342157
4701.74119428
4701.84074672
4701.93458549
4702.04226604
4702.14107852
4702.23925344
4702.35797879
4702.45468695
4702.55066807
4702.66136260
4702.74598684
4702.85352696
4702.96122116
4703.06095426
4703.18784333
4703.27345012
4703.38318306
4703.49039696
4703.58733650
4703.69685708
4703.80475267
4703.90129699
4704.01199542
4704.10596145
4704.21454922
4704.31224700
4704.42187632
4704.51792595
4704.62493530
4704.74290485
4704.84081328
4704.93837745
4705.05062894
4705.15461310
4705.25603458
4705.35903302
4705.45867299
4705.57726644
4705.67316613
4705.76981115
4705.89954010
4705.98949670
4706.08220492
4706.17985492
4706.27763413
4706.38625847
4706.47165681
4706.56896888
4706.67764515
4706.77348560
4706.88222111
4706.96797541
4707.07757401
4707.19143610
4707.28909268
4707.38575110
4707.47366775
4707.59234020
4707.69896335
4707.80822573
4707.92658123
4708.01242428
4708.12191365
4708.22966174
4708.32740121
4708.43424086
4708.54375779
4708.64055031
4708.75223689
4708.84897016
4708.95647883
4709.06199362
4709.16888594
4709.26560678
4709.36311195
4709.48249242
4709.59334420
4709.68782273
4709.79651314
4709.89752697
4709.99137915
4710.09972652
4710.22156215
4710.31723802
4710.42596208
4710.53368847
4710.63131042
4710.73909728
4710.84775941
4710.95545264
4711.05330963
4711.16500084
4711.27073165
4711.37844926
4711.48504023
4711.58582756
4711.70352648
4711.79324951
4711.89761084
4712.00719847
4712.11525522
4712.21270968
4712.32146738
4712.42429418
4712.53995851
4712.63552052
4712.73445100
4712.83021440
4712.93784790
4713.03745568
4713.14526911
4713.24163887
4713.36500586
4713.45932542
4713.56809385
4713.67695005
4713.78939976
4713.88135656
4713.97992718
4714.09959218
4714.19743503
4714.30434173
4714.39001313
4714.50048652
4714.60839674
4714.70753836
4714.82017556
4714.93586159
4715.03289986
4715.14046071
4715.25298843
4715.35666564
4715.48038689
4715.57312559
4715.69283910
4715.78961943
4715.88732282
4716.02965671
4716.11849739
4716.22300038
4716.33176125
4716.43948813
4716.53626650
4716.63597766
4716.74576278
4716.85906338
4716.95898251
4717.05775719
4717.17954406
4717.26814825
4717.37884569
4717.49351480
4717.59932850
4717.69896408
4717.81011062
4717.93087715
4718.03203849
4718.18565587
4718.26266156
4718.37447468
4718.46120202
4718.57232346
4718.68396396
4718.77265640
4718.88334263
4718.98223996
4719.09688858
4719.19352896
4719.30220499
4719.42797887
4719.52382931
4719.63364319
4719.74701693
4719.85538990
4719.96813632
4720.08188480
4720.19910122
4720.28680794
4720.39761291
4720.50914809
4720.61899903
4720.71874335
4720.81839551
4720.91904972
4721.02977423
4721.12952123
4721.22827641
4721.33902921
4721.44875215
4721.56143030
4721.67066343
4721.79128245
4721.88011606
4722.00195974
4722.11346566
4722.22719244
4722.33206845
4722.43356551
4722.55416210
4722.65419339
4722.77212855
4722.85245688
4722.96416370
4723.07386153
4723.18651164
4723.29618192
4723.39513971
4723.50572013
4723.63239659
4723.73718849
4723.84793690
4723.95778199
4724.07978268
4724.17968035
4724.28047500
4724.43407849
4724.50086101
4724.61128710
4724.72578749
4724.84343837
4724.92043382
4725.03295375
4725.14514623
4725.26438920
4725.36242758
4725.51677932
4725.63842258
4725.73903949
4725.83731096
4725.92598049
4726.08616122
4726.16994675
4726.26890844
4726.38193378
4726.47918930
4726.58917701
4726.69305658
4726.80276148
4726.91845287
4727.02072866
4727.14057969
4727.23325646
4727.33116514
4727.44216613
4727.55172279
4727.66329527
4727.77310794
4727.89594343
4727.99384894
4728.10516127
4728.21612081
4728.31463121
4728.42879514
4728.53596906
4728.65756624
4728.78963699
4728.90384748
4729.01208246
4729.12110128
4729.22144244
4729.33224058
4729.46032577
4729.55326586
4729.66396355
4729.77710397
4729.88429788
4729.99957650
4730.10494501
4730.22655488
4730.31941402
4730.42608276
4730.53572427
4730.64673136
4730.75832042
4730.86718271
4730.99267792
4731.08979885
4731.20055871
4731.30993350
4731.42854182
4731.53942920
4731.63900431
4731.76162598
4731.84921470
4731.95895617
4732.06263728
4732.16837248
4732.28007515
4732.39398406
4732.47954331
4732.60220886
4732.70046789
4732.81214838
4732.91346649
4733.02121433
4733.12116686
4733.23330498
4733.35237825
4733.49496180
4733.60494782
4733.71646593
4733.82824930
4733.93780718
4734.10132006
4734.18034961
4734.30876589
4734.41108606
4734.51753318
4734.62798974
4734.74192912
4734.86535731
4734.95838566
4735.06709216
4735.16876282
4735.27771752
4735.38919905
4735.49794530
4735.60870443
4735.69658596
4735.80633231
4735.91688299
4736.02817630
4736.13776832
4736.25401633
4736.36868007
4736.46859920
4736.57812246
4736.68813749
4736.77667316
4736.88741474
4737.00154136
4737.11030296
4737.20697919
4737.31977144
4737.41462397
4737.52773952
4737.62404540
4737.73569638
4737.85744229
4737.95923826
4738.05398278
4738.15453143
4738.26537345
4738.36426078
4738.46272681
4738.57441266
4738.69613004
4738.78403157
4738.89206369
4738.99229173
4739.09366420
4739.20234437
4739.30337356
4739.41273981
4739.53838911
4739.63221374
4739.74122573
4739.84167417
4739.95229921
4740.06132364
4740.17186724
4740.29439456
4740.38122722
4740.49444395
4740.60325042
4740.71488824
4740.81276741
4740.92427650
4741.03714727
4741.13371572
4741.24252755
4741.35479147
4741.46342239
4741.60611883
4741.70482574
4741.85885638
4741.96916569
4742.07887498
4742.18957291
4742.28836223
4742.39797887
4742.51949755
4742.61939059
4742.72941098
4742.82791041
4742.93855885
4743.04915073
4743.15897095
4743.28054741
4743.37983068
4743.48820463
4743.59972396
4743.71045700
4743.81942389
4743.92990386
4744.05471445
4744.14907888
4744.25355139
4744.36026475
4744.46012268
4744.56932899
4744.67995744
4744.80180014
4744.89045309
4744.99842255
4745.11477589
4745.22352433
4745.32923392
4745.43915947
4745.56172580
4745.66038126
4745.76009218
4745.87082693
4745.97389949
4746.06770802
4746.16710589
4746.27814979
4746.38797513
4746.49061249
4746.58731480
4746.69785718
4746.79684374
4746.94935302
4747.03705876
4747.20265937
4747.26950236
4747.42389409
4747.50328058
4747.61094382
4747.72170612
4747.83049600
4747.95506108
4748.05770039
4748.16044234
4748.31901637
4748.41397544
4748.52458390
4748.62525103
4748.74690356
4748.84462646
4748.95539973
4749.05367558
4749.16410923
4749.26483439
4749.37848583
4749.49897393
4749.59489288
4749.70765125
4749.81428830
4749.92380327
4750.03436077
4750.14422610
4750.27205017
4750.36660842
4750.47625603
4750.57530183
4750.68494383
4750.78671225
4750.90022009
4751.00484400
4751.10354530
4751.21354229
4751.32601906
4751.42380485
4751.53549339
4751.64386538
4751.76907923
4751.86443059
4751.97708339
4752.08395230
4752.19557281
4752.30519311
4752.41602490
4752.52565983
4752.62451497
4752.73517585
4752.84627607
4752.95603510
4753.07032727
4753.16509300
4753.28776319
4753.38598077
4753.48884853
4753.59476537
4753.69527963
4753.81093860
4753.90461036
4754.02601640
4754.11370093
4754.22318958
4754.33699998
4754.44364069
4754.55363621
4754.66409716
4754.78587062
4754.87447724
4754.98374914
4755.09351402
4755.20517841
4755.31399365
4755.42465209
4755.54537107
4755.64424816
4755.75388845
4755.86562599
4755.97425301
4756.13967369
4756.26042413
4756.35917565
4756.46906731
4756.57976208
4756.67869841
4756.78968550
4756.90014889
4757.01214633
4757.11273350
4757.21934080
4757.31801480
4757.40703468
4757.50746385
4757.62723930
4757.74923170
4757.82663260
4757.93636969
4758.04591440
4758.15639462
4758.25542384
4758.36583628
4758.46562302
4758.58930501
4758.67432593
4758.78385017
4758.89466172
4759.00941567
4759.10373157
4759.21486081
4759.33584091
4759.43533484
4759.54500560
4759.65536172
4759.76815251
4759.86481484
4759.97876397
4760.09916868
4760.19510787
4760.30566488
4760.41627919
4760.52497399
4760.61789165
4760.71370137
4760.83528734
4760.93303901
4761.03448438
4761.14225734
4761.24143870
4761.35235704
4761.45302783
4761.57358858
4761.66158056
4761.77199178
4761.86084879
4761.97045422
4762.06929742
4762.17013717
4762.27976941
4762.44321012
4762.52011024
4762.63145183
4762.74201397
4762.85113909
4762.95152487
4763.06412110
4763.18199288
4763.28959298
4763.38881335
4763.49870940
4763.60738225
4763.76289916
4763.85060978
4763.97183711
4764.07289580
4764.18142286
4764.29022566
4764.40290918
4764.51251363
4764.62242431
4764.73407091
4764.83245574
4764.94205459
4765.05278348
4765.15155378
4765.26228878
4765.37205829
4765.49363694
4765.58349455
4765.69112317
4765.80177040
4765.91175202
4765.99954456
4766.12098157
4766.24264629
4766.34237646
4766.43996697
4766.55044182
4766.66609859
4766.77097729
4766.88075582
4767.00318025
4767.10188911
4767.22762008
4767.33723623
4767.48806273
4767.57702166
4767.68501404
4767.80678116
4767.90442360
4768.01419896
4768.12194900
4768.23148372
4768.34121276
4768.44813336
4768.56963814
4768.66730789
4768.77636523
4768.88572124
4768.99450576
4769.09819857
4769.20259550
4769.36717869
4769.44311674
4769.53900595
4769.70453463
4769.81336987
4769.92301650
4770.03166497
4770.15240151
4770.24926303
4770.35880921
4770.46861285
4770.57938539
4770.72891312
4770.81670079
4770.93683000
4771.02335741
4771.13463147
4771.24110614
4771.36081917
4771.47042484
4771.58036648
4771.70205436
4771.79808888
4771.90039124
4772.00507879
4772.10392418
4772.21185903
4772.32444527
4772.41971788
4772.54088084
4772.63814269
4772.74868239
4772.85654239
4772.95619211
4773.10778417
4773.22737529
4773.34901198
4773.43408361
4773.54248072
4773.65326033
4773.76156503
4773.86935530
4773.96908523
4774.08911131
4774.17558070
4774.28519929
4774.39383216
4774.50351488
4774.61130417
4774.72500144
4774.82967583
4774.92857169
4775.02912935
4775.13488869
4775.24778067
4775.35385720
4775.46285334
4775.58393097
4775.72534327
4775.81232514
4775.92098995
4776.03066901
4776.13960079
4776.24994813
4776.36772287
4776.46654705
4776.57714210
4776.67395705
4776.78410105
4776.89592441
4777.00554447
4777.12020040
4777.21904774
4777.33265993
4777.43746427
4777.55109181
4777.65691235
4777.76970412
4777.87538592
4777.96224467
4778.08239266
4778.19218265
4778.30051831
4778.45257678
4778.56534832
4778.68317182
4778.76779728
4778.87761775
4778.98726950
4779.09595381
4779.19475557
4779.30362103
4779.42717576
4779.52181349
4779.63058729
4779.74027244
4779.83840834
4779.95022146
4780.04913756
4780.16667362
4780.26327767
4780.37110914
4780.47174897
4780.56946114
4780.66644066
4780.77497381
4780.87648477
4780.99591815
4781.08619803
4781.19293772
4781.30381242
4781.40951300
4781.51928397
4781.61791432
4781.73951248
4781.83478558
4781.93349737
4782.03088673
4782.14047972
4782.23850470
4782.34852509
4782.64433374
4782.71921829
4782.83186694
4782.93765944
4783.04447325
4783.15597210
4783.26491997
4783.38334154
4783.48227446
4783.57950364
4783.69014111
4783.78788912
4783.89578398
4783.99598666
4784.10371573
4784.21228472
4784.32217028
4784.43077317
4784.55057640
4784.66110001
4784.75891799
4784.86758475
4784.96733736
4785.06326923
4785.17284857
4785.28182765
4785.39115197
4785.50495628
4785.62155269
4785.71750309
4785.82706049
4785.93684901
4786.03557908
4786.14415174
4786.25399293
4786.37326076
4786.45992349
4786.58062345
4786.66839332
4786.77806970
4786.87483320
4786.98271807
4787.08225880
4787.17699942
4787.27071288
4787.37938963
4787.49006294
4787.58666651
4787.69621196
4787.79511465
4787.91563566
4788.01373061
4788.12250928
4788.23204985
4788.33996885
4788.44745971
4788.54770311
4788.66798836
4788.76968217
4788.87493682
4788.98586906
4789.09546595
4789.20132110
4789.31054278
4789.42416033
4789.51830044
4789.61711682
4789.72525744
4789.82357621
4789.93278715
4790.03258218
4790.14132087
4790.25992675
4790.34763104
4790.45861740
4790.56606536
4790.66409570
4790.77262983
4790.87127383
4790.97911018
4791.10233186
4791.19904929
4791.30865057
4791.41655811
4791.52536579
4791.63475813
4791.74365017
4791.85248272
4791.95219144
4792.06179760
4792.16959543
4792.27828608
4792.37712977
4792.47532272
4792.59513766
4792.68274516
4792.79060101
4792.90219665
4792.99918275
4793.10968637
4793.21736278
4793.33915867
4793.43580319
4793.54662547
4793.64536749
4793.75097591
4793.86188474
4793.97946590
4794.10090875
4794.18851551
4794.29685337
4794.41148078
4794.51527989
4794.62485704
4794.73686691
4794.85335751
4794.94027917
4795.04977975
4795.15949685
4795.26709889
4795.36663378
4795.47479634
4795.59972786
4795.69414104
4795.80286315
4795.91154942
4796.02449917
4796.12920038
4796.23904864
4796.36435806
4796.50199473
4796.58478455
4796.69253044
4796.80337881
4796.91171106
4797.02214690
4797.13090899
4797.22774978
4797.38121576
4797.49201049
4797.59963741
4797.69734153
4797.80615896
4797.92972808
4798.02349517
4798.13421846
4798.23185212
4798.33998762
4798.43959199
4798.54823681
4798.66699752
4798.77067179
4798.87543273
4798.99499484
4799.10472851
4799.19555404
4799.28938720
4799.41098146
4799.48579116
4799.59563260
4799.70581975
4799.81808904
4799.92239015
4800.03077336
4800.16993505
4800.25265563
4800.34922287
4800.44696673
4800.54864397
4800.64847386
4800.74823671
4800.85302422
4800.94859794
4801.05035100
4801.13805212
4801.23880336
4801.33684760
4801.43729628
4801.55212995
4801.64985651
4801.76959221
4801.85945908
4801.97491276
4802.07059058
4802.17135890
4802.27112516
4802.36087476
4802.50417755
4802.56073471
4802.67160015
4802.76124174
4802.85093941
4802.95269954
4803.03847091
4803.15063950
4803.27028621
4803.37206097
4803.47077373
4803.58343067
4803.67153578
4803.78703627
4803.89462905
4804.00534235
4804.09931058
4804.19381007
4804.30468111
4804.39322410
4804.49353381
4804.59775788
4804.68397542
4804.79275945
4804.88247077
4804.98416727
4805.08207107
4805.17361998
4805.26141277
4805.37310911
4805.46289406
4805.56361020
4805.65238603
4805.75114950
4805.85044813
4805.95088853
4806.05262574
4806.15332506
4806.25203562
4806.36407597
4806.44457521
4806.55125029
4806.65016614
4806.79480111
4806.90547856
4807.00515169
4807.12973627
4807.21077140
4807.30543448
4807.40559230
4807.50680142
4807.61687399
4807.70669332
4807.81739052
4807.91714703
4808.02185092
4808.10659950
4808.19645199
4808.29535248
4808.39494442
4808.50616362
4808.60681978
4808.72056875
4808.79636783
4808.90658570
4808.99624314
4809.14069525
4809.25520149
4809.33918085
4809.46166599
4809.53955208
4809.65127157
4809.76102841
4809.86257594
4809.96039270
4810.05115435
4810.15152794
4810.26375651
4810.36185365
4810.46218116
4810.56497748
4810.65178626
4810.76271167
4810.87316092
4810.96207742
4811.06585190
4811.13974391
4811.24131923
4811.34099480
4811.44002695
4811.53924805
4811.64025554
4811.74078663
4811.84103905
4811.94166059
4812.03956317
4812.13136979
4812.22910341
4812.34271389
4812.45743858
4812.54317460
4812.64179983
4812.73291915
4812.83314597
4812.91815787
4813.03017310
4813.13441351
4813.23015643
4813.34104551
4813.45744956
4813.54235515
4813.64097527
4813.77466637
4813.86254644
4813.96333621
4814.08001064
4814.17724250
4814.28811647
4814.36328701
4814.46368571
4814.55780266
4814.65260350
4814.76452097
4814.86521859
4814.96369144
4815.07358700
4815.16436596
4815.26209276
4815.36380608
4815.47546706
4815.58466630
4815.69673493
4815.81300342
4815.90916935
4816.00812104
4816.15170104
4816.26426558
4816.35096781
4816.45201212
4816.55457951
4816.65337833
4816.75197382
4816.85183029
4816.94443831
4817.03316050
4817.14552463
4817.24117685
4817.35104608
4817.42991203
4817.53162243
4817.62236604
4817.72124873
4817.82000001
4817.90865711
4818.02020472
4818.12091306
