4951.42634367
4951.47745469
4951.53743720
4951.59703986
4951.64698132
4951.69581857
4951.74430424
4951.79448854
4951.85368111
4951.90217337
4951.95646512
4952.01391031
4952.06135102
4952.11150362
4952.16009023
4952.22900593
4952.26379023
4952.30840275
4952.37312322
4952.42954660
4952.49376628
4952.53818862
4952.59049479
4952.65025666
4952.70009060
4952.74901830
4952.79586338
4952.84618933
4952.91744730
4952.96639085
4953.01720345
4953.06655733
4953.11794994
4953.16345943
4953.22322618
4953.27220556
4953.32333999
4953.37327877
4953.42069558
4953.47055878
4953.51849100
4953.56827179
4953.64742310
4953.68201505
4953.72708105
4953.77682478
4953.82671017
4953.87568126
4953.92539525
4953.98481359
4954.03515075
4954.08298716
4954.15379019
4954.20826236
4954.26477596
4954.31439291
4954.37064977
4954.41209422
4954.46320889
4954.51204151
4954.56100115
4954.61308911
4954.66090772
4954.70970060
4954.75956160
4954.80847297
4954.86832919
4954.91732369
4954.96702134
4955.01584957
4955.08474625
4955.11964588
4955.16455975
4955.21337456
4955.26329042
4955.31215303
4955.36298244
4955.41103389
4955.46177676
4955.51043554
4955.55959096
4955.62131013
4955.66829028
4955.71825124
4955.76796182
4955.81783087
4955.86675393
4955.91759798
4955.96451084
4956.01629233
4956.06533316
4956.11439057
4956.16388976
4956.21235690
4956.26268188
4956.31151864
4956.36055483
4956.42019991
4956.47028717
4956.51996118
4956.61067491
4956.64453445
4956.70236412
4956.75142836
4956.79924258
4956.84968263
4956.89733424
4956.94778697
4956.99768381
4957.05164471
4957.09550874
4957.14554553
4957.19410946
4957.24397315
4957.29293645
4957.34290326
4957.39169078
4957.44147815
4957.49039585
4957.54030026
4957.58906899
4957.63887880
4957.68692903
4957.73573482
4957.78686218
4957.83550828
4957.88535368
4957.93477022
4958.01805459
4958.08784580
4958.12066159
4958.16552718
4958.22542461
4958.27532267
4958.32657924
4958.37408773
4958.42289815
4958.47272893
4958.52171807
4958.57248799
4958.62130379
4958.66924089
4958.71928207
4958.76890390
4958.82879449
4958.88774277
4958.93948696
4958.98831811
4959.03847680
4959.08569564
4959.13598332
4959.18589820
4959.23475154
4959.28352637
4959.33252673
4959.38334176
4959.43210050
4959.48008100
4959.53086897
4959.61071733
4959.64465416
4959.68861326
4959.73876416
4959.80012005
4959.84997325
4959.89887194
4959.94776770
4959.99666176
4960.04551486
4960.09643302
4960.14535462
4960.19416042
4960.24297841
4960.29286501
4960.34284353
4960.40169843
4960.45137755
4960.50229498
4960.55124414
4960.60252899
4960.64990508
4960.69878597
4960.74861406
4960.79770390
4960.84997862
4960.89832727
4960.94716866
4960.99554511
4961.04382647
4961.11473653
4961.16545331
4961.21338505
4961.26324678
4961.31411448
4961.36206694
4961.41190454
4961.46172678
4961.51153634
4961.56147585
4961.61131393
4961.65828921
4961.70829894
4961.75717934
4961.80796414
4961.85775297
4961.90587537
4961.96608975
4962.02868931
4962.07563436
4962.12602028
4962.17399737
4962.22575936
4962.27464951
4962.32375495
4962.37242470
4962.42335652
4962.47127631
4962.52198650
4962.58906241
4962.62300655
4962.66881252
4962.71776094
4962.76742982
4962.81630925
4962.86529864
4962.91605881
4962.96477171
4963.01460175
4963.06458320
4963.11359697
4963.16245006
4963.23308242
4963.28301632
4963.34296275
4963.39268284
4963.44267964
4963.49063016
4963.55373538
4963.60042223
4963.65114096
4963.69909513
4963.74930283
4963.79878081
4963.84753199
4963.89839310
4963.94567728
4963.99629483
4964.06508447
4964.09984660
4964.14473388
4964.19260711
4964.24487768
4964.31049439
4964.35838590
4964.40923068
4964.46996413
4964.51891255
4964.56774443
4964.61854020
4964.66831173
4964.71823539
4964.76609716
4964.81518431
4964.86483588
4964.91385404
4964.96381817
4965.01585640
4965.06149023
4965.12323232
4965.17199082
4965.22012784
4965.26999421
4965.32067637
4965.36979448
4965.41851763
4965.46732196
4965.53820691
4965.57321162
4965.61693326
4965.66580756
4965.71566857
4965.76553981
4965.81457942
4965.87421207
4965.92310856
4965.97226886
4966.02291127
4966.07186116
4966.12159319
4966.16945008
4966.22139907
4966.26839628
4966.31811563
4966.36805271
4966.41881922
4966.46769060
4966.51660684
4966.56691621
4966.61535093
4966.66438957
4966.71614936
4966.76487519
4966.81520747
4966.86271596
4966.91063039
4966.96061232
4967.01072201
4967.08030185
4967.11312861
4967.15786669
4967.20782302
4967.25575988
4967.30676971
4967.35876332
4967.40533338
4967.46466883
4967.51417046
4967.56589197
4967.61310862
4967.66222308
4967.71145895
4967.76137384
4967.81117170
4967.86099759
4967.91138888
4967.96092025
4968.01060864
4968.05995131
4968.10650406
4968.15638237
4968.20713060
4968.25603855
4968.30399394
4968.35377790
4968.40456953
4968.45455097
4968.50239909
4968.55061950
4968.62021786
4968.65414883
4968.69990335
4968.74976753
4968.80062644
4968.84757417
4968.89824828
4968.94715745
4969.00610816
4969.05596234
4969.10472888
4969.15796323
4969.20452501
4969.25447354
4969.30336272
4969.35318325
4969.40302938
4969.45085287
4969.50181711
4969.54966961
4969.59964496
4969.64841809
4969.70129258
4969.75017274
4969.80727586
4969.85790170
4969.90764299
4969.95571321
4970.00550229
4970.05430370
4970.12429070
4970.15900211
4970.20299388
4970.25200960
4970.30107042
4970.35253716
4970.40050937
4970.44939879
4970.49835697
4970.56014904
4970.60989252
4970.65880584
4970.70755337
4970.75665027
4970.80733608
4970.85536559
4970.90502228
4970.95361060
4971.00397239
4971.05365200
4971.10583821
4971.15343472
4971.20246799
4971.25120210
4971.30108603
4971.34989962
4971.40971659
4971.45958540
4971.50858697
4971.55731841
4971.62831063
4971.66226818
4971.70790713
4971.75578548
4971.81469743
4971.86466741
4971.91450574
4971.96522447
4972.01337929
4972.06256982
4972.11295867
4972.16276141
4972.22166287
4972.27042088
4972.32120202
4972.37015240
4972.41911716
4972.46793368
4972.51771862
4972.56762814
4972.61768687
4972.66565494
4972.71563468
4972.76527577
4972.81424150
4972.86503093
4972.91371531
4972.97380144
4973.02447555
4973.07234902
4973.14036018
4973.17412098
4973.22114648
4973.27150266
4973.31981231
4973.36967233
4973.41759871
4973.46841984
4973.51740044
4973.56593342
4973.61636957
4973.66590728
4973.71388096
4973.77371816
4973.82339045
4973.87388463
4973.92413403
4973.97440439
4974.02197772
4974.07174657
4974.12067817
4974.16945471
4974.21918089
4974.26741958
4974.31812051
4974.36933125
4974.41680316
4974.46719664
4974.51594588
4974.56551870
4974.61427378
4974.68422347
4974.71716117
4974.76197605
4974.81324481
4974.85988753
4974.90951642
4974.96048091
4975.00933522
4975.05919867
4975.10737933
4975.15795958
4975.20687460
4975.25584277
4975.30662660
4975.36541444
4975.41422951
4975.46407320
4975.51295214
4975.56186741
4975.61266123
4975.66183249
4975.71075727
4975.76074310
4975.81025375
4975.86108756
4975.90888081
4975.95792213
4976.00776509
4976.05764584
4976.10647480
4976.15642358
4976.22724611
4976.26099081
4976.30400345
4976.37578245
4976.42464871
4976.47382997
4976.52264869
4976.57329793
4976.62163902
4976.67424874
4976.72177283
4976.78079254
4976.84063096
4976.90137294
4976.95115861
4976.99930295
4977.05001802
4977.09891792
4977.14968395
4977.19858215
4977.24639930
4977.29532066
4977.34431590
4977.39514092
4977.44491148
4977.49377871
4977.54363191
4977.59254523
4977.66055176
4977.70142643
4977.75413074
4977.80112333
4977.85118816
4977.89980866
4977.94861007
4977.99768381
4978.04859539
4978.09826817
4978.14706982
4978.19640761
4978.24491499
4978.29573514
4978.34529040
4978.39485542
4978.44241852
4978.49246507
4978.54216979
4978.59119257
4978.64074370
4978.68972650
4978.74052203
4978.81125508
4978.86011061
4978.92023819
4978.96910055
4979.01985244
4979.06868920
4979.13952221
4979.17239798
4979.21626907
4979.27618722
4979.33587326
4979.40875574
4979.45764882
4979.50641487
4979.55631099
4979.60628049
4979.65428195
4979.70418831
4979.75454254
4979.80270029
4979.85359212
4979.90154751
4979.96145347
4980.01107285
4980.07224979
4980.12185748
4980.17596467
4980.22186279
4980.26942248
4980.31857278
4980.36727374
4980.41698529
4980.46692382
4980.51682847
4980.58494886
4980.61770930
4980.66441200
4980.71425081
4980.76309855
4980.81113098
4980.87208556
4980.92233666
4980.97188754
4981.02164224
4981.06944525
4981.11939671
4981.16898977
4981.21809350
4981.26702729
4981.31692316
4981.36893018
4981.41640282
4981.46438649
4981.51336125
4981.56324932
4981.61395585
4981.67373893
4981.72272612
4981.77168771
4981.82337412
4981.87127563
4981.93213049
4981.98210901
4982.03093626
4982.09979856
4982.13265824
4982.17779227
4982.22727098
4982.27736506
4982.33616608
4982.38746677
4982.44978742
4982.49899112
4982.55060048
4982.60111489
4982.65224614
4982.70134744
4982.75306432
4982.80312500
4982.85386567
4982.90553014
4982.95563836
4983.00740986
4983.05719187
4983.10712699
4983.15889678
4983.22071567
4983.27163286
4983.32104647
4983.37247078
4983.42232276
4983.47406939
4983.54393375
4983.57973036
4983.62669978
4983.67566503
4983.72739410
4983.77635277
4983.82908438
4983.87902146
4983.92920063
4983.98086753
4984.03085093
4984.08149871
4984.13231837
4984.18317461
4984.23421955
4984.28482027
4984.33621874
4984.38672291
4984.43647298
4984.48738286
4984.53825689
4984.58824857
4984.64099263
4984.68996787
4984.74092821
4984.81261700
4984.86437923
4984.91342884
4984.98514151
4985.01992290
4985.06689671
4985.11671700
4985.16887908
4985.21925988
4985.26829047
4985.31926495
4985.37113105
4985.42078896
4985.47188291
4985.52273792
4985.57338302
4985.62347540
4985.68538791
4985.73814903
4985.78690411
4985.83757627
4985.88848053
4985.93864459
4985.98845099
4986.04028416
4986.09089025
4986.14280925
4986.19076391
4986.24351674
4986.29339676
4986.34676448
4986.39543642
4986.46491581
4986.51891011
4986.56869480
4986.61947278
4986.67779617
4986.72128375
4986.77136247
4986.82445176
4986.87253588
4986.92301201
4986.97275843
4987.02455357
4987.07539835
4987.12648693
4987.17735463
4987.22714907
4987.27754256
4987.33900938
4987.40085655
4987.45306032
4987.50458776
4987.55317925
4987.60312900
4987.65489660
4987.70580501
4987.75603221
4987.80758794
4987.88742752
4987.92038399
4987.96931218
4988.01913174
4988.07083643
4988.12171851
4988.18600743
4988.23445190
4988.28618000
4988.33512672
4988.38592614
4988.43682407
4988.50870034
4988.55980990
4988.61135684
4988.65954775
4988.71110567
4988.76297737
4988.81286934
4988.86469618
4988.91365728
4988.96557141
4989.02726985
4989.07745537
4989.12812290
4989.17987952
4989.22904713
4989.29960171
4989.33447501
4989.38034851
4989.43327737
4989.48456466
4989.53399437
4989.58496397
4989.63490251
4989.68657380
4989.73545371
4989.78845888
4989.84845164
4989.89911843
4989.95340263
4990.00330801
4990.05161107
4990.10154132
4990.15239341
4990.20309531
4990.25534370
4990.30514765
4990.35595390
4990.40579004
4990.45674916
4990.50894196
4990.55836654
4990.60888535
4990.66896173
4990.74101062
4990.77675115
4990.82254907
4990.87350478
4990.92327874
4990.97415131
4991.03534727
4991.10037517
4991.14776590
4991.19871332
4991.24954225
4991.30038117
4991.35136955
4991.40042208
4991.45212214
4991.50316709
4991.55289985
4991.60288934
4991.65391965
4991.70553657
4991.75678607
4991.80837398
4991.85713394
4991.90819473
4991.96008496
4992.00977018
4992.06160629
4992.11154848
4992.18126436
4992.21511122
4992.26419642
4992.32490134
4992.37587363
4992.42579486
4992.47644410
4992.52849427
4992.57934611
4992.62911666
4992.68100397
4992.73093129
4992.78111949
4992.83265229
4992.88169970
4992.93254277
4992.98521978
4993.03467069
4993.09824184
4993.14785538
4993.19762252
4993.24856165
4993.29847970
4993.34855282
4993.40023752
4993.45288746
4993.50285574
4993.55187536
4993.62262913
4993.65647380
4993.70432996
4993.75761308
4993.80510108
4993.86615368
4993.92907409
4993.97881197
4994.03063004
4994.08272946
4994.13124073
4994.18128752
4994.24493888
4994.29380538
4994.34463163
4994.39653673
4994.44548150
4994.49732492
4994.54805047
4994.59916442
4994.64986412
4994.71069461
4994.77346508
4994.83353196
4994.89629244
4994.96711546
4995.00017286
4995.04786469
4995.09785687
4995.14793876
4995.19952618
4995.25030098
4995.29949054
4995.35119498
4995.40297550
4995.45208777
4995.51474268
4995.57670809
4995.62764405
4995.67825916
4995.72813431
4995.77916194
4995.82979948
4995.88064133
4995.93259495
4995.98249228
4996.05423812
4996.10435927
4996.16521535
4996.21584484
4996.26673302
4996.34840483
4996.39029253
4996.44222981
4996.49107901
4996.54191549
4996.59297117
4996.64465050
4996.69368402
4996.74635883
4996.79623275
4996.84952903
4996.89716064
4996.94879585
4996.99777182
4997.05063461
4997.10042637
4997.16141826
4997.21221769
4997.26217670
4997.31388481
4997.36471032
4997.41450916
4997.46551216
4997.52730131
4997.57806879
4997.62706111
4997.67912956
4997.74868623
4997.78276569
4997.83298899
4997.88224023
4997.93319643
4997.99504433
4998.04787761
4998.09569525
4998.14754818
4998.19840344
4998.24829614
4998.29847580
4998.34938128
4998.39988180
4998.45392950
4998.50079506
4998.55221474
4998.60358395
4998.65422490
4998.70613537
4998.75606830
4998.80484411
4998.85590197
4998.90679161
4998.95858529
4999.00794258
4999.07025080
4999.12035317
4999.19214753
4999.22584932
4999.27177963
4999.32379786
4999.37450610
4999.42544889
4999.47622004
4999.52617564
4999.58807864
4999.63935276
4999.68876540
4999.76146892
4999.81340206
4999.86411567
4999.91392328
4999.96586861
5000.01574742
5000.06662535
5000.11749597
5000.16740622
5000.21719506
5000.26822099
5000.31998639
5000.37382441
5000.43273368
5000.48248765
5000.53362524
5000.62834915
5000.66114032
5000.71689176
5000.76983695
5000.82068295
5000.87091528
5000.92439880
5000.97056536
5001.02210475
5001.07407666
5001.12380698
5001.17378623
5001.22578715
5001.28740416
5001.33722445
5001.38735243
5001.43814576
5001.49003111
5001.54077447
5001.59366090
5001.64061692
5001.69069272
5001.74125687
5001.79208409
5001.84396164
5001.89508753
5001.94393160
5001.99583354
5002.07662739
5002.11029164
5002.15923251
5002.20817874
5002.26380218
5002.32071269
5002.36253700
5002.41452061
5002.46724955
5002.51519933
5002.56510642
5002.61691424
5002.66576587
5002.71859574
5002.76766998
5002.81933395
5002.90219994
5002.95714462
5003.00403651
5003.05473890
5003.10567633
5003.15551002
5003.20850886
5003.25734854
5003.30812432
5003.35896788
5003.40976048
5003.47969237
5003.51275660
5003.56239355
5003.61554793
5003.66320782
5003.72417313
5003.77490429
5003.83908131
5003.89768044
5003.94763361
5003.99952579
5004.04918955
5004.10106004
5004.17379233
5004.22368039
5004.27380349
5004.32639443
5004.37953297
5004.42619641
5004.47888292
5004.53970707
5004.59258887
5004.64050452
5004.68953852
5004.74131831
5004.79226768
5004.86236000
5004.89685539
5004.94472472
5004.99778304
5005.04466445
5005.09631306
5005.14740433
5005.20004476
5005.24908315
5005.29880031
5005.35979293
5005.41162903
5005.46329496
5005.51232604
5005.56429794
5005.61306327
5005.66499714
5005.71468821
5005.78850984
5005.83930634
5005.88931778
5005.93905639
5005.99090371
5006.04178896
5006.09165947
5006.14268174
5006.20390963
5006.27348849
5006.30820721
5006.35586808
5006.40585562
5006.46061208
5006.50860989
5006.56247400
5006.61328367
5006.66112983
5006.71202435
5006.76592552
5006.81272013
5006.86372216
5006.91442236
5006.97556809
5007.02619904
5007.08802793
5007.13797817
5007.19171379
5007.23887022
5007.29163304
5007.33954576
5007.39131409
5007.44134113
5007.51313207
5007.56601680
5007.61669115
5007.68764754
5007.72170919
5007.76739886
5007.82928065
5007.87999596
5007.93007274
5007.98090801
5008.03172767
5008.08253807
5008.13244881
5008.18611861
5008.23507825
5008.28512186
5008.33597298
5008.38567916
5008.43754136
5008.48967759
5008.53937378
5008.58978506
5008.64105772
5008.69097261
5008.74092041
5008.79365666
5008.84275332
5008.89561952
5008.94528524
5008.99422171
5009.04419438
5009.09706619
5009.16674525
5009.20256990
5009.24741720
5009.29834341
5009.34926352
5009.41195159
5009.47511704
5009.53495717
5009.58357621
5009.65441971
5009.70537785
5009.75721079
5009.80514594
5009.85794802
5009.90767907
5009.96089490
5010.00960463
5010.06035847
5010.10958118
5010.16126734
5010.22217560
5010.28389477
5010.33583571
5010.38471587
5010.43640057
5010.50934571
5010.54130158
5010.58904900
5010.63920136
5010.68981647
5010.74305521
5010.79250759
5010.84131436
5010.89244829
5011.03088531
5011.09083442
5011.14664535
5011.19258151
5011.24840219
5011.29421206
5011.34529211
5011.39588308
5011.44569508
5011.49758214
5011.54666320
5011.59833961
5011.64921705
5011.69918265
5011.74990845
5011.82375666
5011.87377833
5011.93546337
5011.98631765
5012.03735504
5012.08706634
5012.13888075
5012.18875614
5012.23782013
5012.28972572
5012.34047126
5012.39122388
5012.44310168
5012.49294683
5012.54385866
5012.59468905
5012.64464587
5012.69643882
5012.75627090
5012.81905138
5012.86815730
5012.91979007
5012.97079015
5013.02161689
5013.07250579
5013.12240702
5013.19439545
5013.22808140
5013.27585027
5013.32682061
5013.37661944
5013.44938587
5013.50243395
5013.56119352
5013.61114302
5013.66206777
5013.71296618
5013.76362469
5013.81778137
5013.86436387
5013.91543929
5013.96843081
5014.01697743
5014.06705494
5014.11790264
5014.17180455
5014.22143613
5014.27127372
5014.32212021
5014.38312867
5014.43300918
5014.48369621
5014.53374617
5014.60450580
5014.63967289
5014.68627586
5014.73722133
5014.78793372
5014.84107567
5014.88967520
5014.94461768
5014.99055336
5015.04226122
5015.09614215
5015.15695971
5015.21579145
5015.27671214
5015.32618524
5015.38139104
5015.42825563
5015.47822439
5015.53017216
5015.58013411
5015.62999584
5015.68353130
5015.73258383
5015.78236560
5015.83617217
5015.88404588
5015.93600243
5016.01668047
5016.05856696
5016.10764533
5016.16141168
5016.20928685
5016.26397138
5016.31205331
5016.36181167
5016.41358195
5016.46356632
5016.51336637
5016.56532755
5016.61705199
5016.66693738
5016.71804059
5016.78071281
5016.83970034
5016.89130409
5016.94331330
5016.99143497
5017.04497604
5017.09381889
5017.16571053
5017.21982430
5017.27832177
5017.32915874
5017.39839432
5017.43403269
5017.48014708
5017.53267999
5017.59463638
5017.64436866
5017.69428159
5017.74620523
5017.79517950
5017.84790648
5017.89679688
5017.94664472
5017.99953262
5018.04946433
5018.10019110
5018.15121922
5018.20497459
5018.25178042
5018.30286267
5018.36443896
5018.42546742
5018.48715953
5018.53922749
5018.58886444
5018.64074735
5018.68987181
5018.74117665
5018.81241805
5018.84425568
5018.89305416
5018.94602520
5018.99496826
5019.04575111
5019.09656565
5019.14643689
5019.19655512
5019.24916751
5019.29908362
5019.34895949
5019.40072953
5019.44962480
5019.50156623
5019.55332066
5019.60328065
5019.65305608
5019.70489194
5019.75688872
5019.80565404
5019.85753745
5019.90547479
5019.96830768
5020.01932971
5020.07240900
5020.12437749
5020.17194401
5020.22280999
5020.29166376
5020.33334837
5020.37441029
5020.42609596
5020.47491492
5020.52478860
5020.57778695
5020.62752386
5020.67745751
5020.72849076
5020.79229498
5020.84098668
5020.89292055
5020.94279253
5020.99265451
5021.04359437
5021.09439258
5021.14414899
5021.19546943
5021.24521243
5021.29591897
5021.34795597
5021.39768288
5021.44848743
5021.50433250
5021.56038163
5021.61224041
5021.66202608
5021.73175878
5021.76584335
5021.81849476
5021.86452430
5021.91458937
5021.96631381
5022.01805580
5022.06881988
5022.12271593
5022.16853506
5022.21965997
5022.27177427
5022.33330351
5022.38238505
5022.43513057
5022.48412922
5022.53492328
5022.58770293
5022.63560736
5022.68745834
5022.73831847
5022.78907499
5022.83892502
5022.89005067
5022.94073258
5022.99053653
5023.04256135
5023.09434235
5023.17420412
5023.20803367
5023.25592762
5023.30577546
5023.35756036
5023.40850388
5023.45748205
5023.50852261
5023.56242987
5023.61400023
5023.66207752
5023.71576755
5023.76170908
5023.81444923
5023.86439020
5023.91419245
5023.97695317
5024.02682880
5024.07693094
5024.12871925
5024.17865316
5024.22928314
5024.28032320
5024.33101365
5024.38290632
5024.43489724
5024.48361137
5024.53447443
5024.58546695
5024.67617069
5024.71129194
5024.75889332
5024.81890631
5024.87052201
5024.92146407
5024.97036934
5025.02216253
5025.07206084
5025.12683802
5025.17395690
5025.22563623
5025.33035463
5025.38124476
5025.43211489
5025.48110793
5025.53385418
5025.58384025
5025.63379293
5025.69741577
5025.74935037
5025.79639415
5025.84845554
5025.89881587
5025.95190418
5026.01976637
5026.05457140
5026.10042174
5026.15218251
5026.20606101
5026.25212005
5026.30489092
5026.35468536
5026.40379421
5026.45651023
5026.51830351
5026.56824595
5026.61902270
5026.66994891
5026.71892416
5026.77160848
5026.82055397
5026.87132073
5026.92439295
5026.97305124
5027.02391674
5027.07392013
5027.12574307
5027.17556604
5027.22659562
5027.27732459
5027.33823773
5027.38927072
5027.45899928
5027.49864320
5027.54355780
5027.59255669
5027.64328956
5027.69343216
5027.74505688
5027.79515268
5027.84715189
5027.89565902
5027.94663204
5027.99747560
5028.04835426
5028.10012576
5028.15020936
5028.20095393
5028.25263327
5028.30251402
5028.37556229
5028.42538989
5028.47510875
5028.52693681
5028.57780743
5028.62872242
5028.67916321
5028.73038759
5028.78024323
5028.83232632
5028.91217053
5028.94506215
5028.99290441
5029.04458326
5029.09551361
5029.14558917
5029.19723559
5029.24613574
5029.29710974
5029.34954049
5029.39942076
5029.44841916
5029.51216463
5029.56216924
5029.61192297
5029.66437469
5029.72666755
5029.77542678
5029.82642564
5029.87718094
5029.92703633
5029.97890389
5030.02797788
5030.08105083
5030.13163765
5030.18168761
5030.23161810
5030.28370362
5030.35114964
5030.38799706
5030.43685625
5030.48378423
5030.54667710
5030.59846176
5030.64749625
5030.70137865
5030.75029440
5030.80000156
5030.85412119
5030.90163455
5030.95572687
5031.00158964
5031.06615163
5031.12593519
5031.17676290
5031.22776737
5031.27745966
5031.33938046
5031.39275208
5031.44014305
5031.49103366
5031.54204423
5031.59475000
5031.64355458
5031.69434498
5031.76242173
5031.80060231
5031.84701877
5031.89581823
5031.94783256
5031.99778548
5032.05097765
5032.10137138
5032.16118274
5032.22547556
5032.28483709
5032.33499579
5032.38574914
5032.43660123
5032.48647198
5032.53721533
5032.58897927
5032.63932521
5032.69018218
5032.74094455
5032.79402262
5032.84059244
5032.89219180
5032.94557805
5033.00395825
5033.06681113
5033.15756436
5033.19024508
5033.24378005
5033.29117151
5033.34013505
5033.39299808
5033.44278765
5033.49390915
5033.54447306
5033.59260813
5033.64773616
5033.69523221
5033.74945789
5033.79687422
5033.85878941
5033.90969684
5033.95950616
5034.01043919
5034.06361698
5034.11196612
5034.16390219
5034.21284281
5034.26365638
5034.31473960
5034.36542200
5034.41628311
5034.46811654
5034.51806897
5034.56865604
5034.65005552
5034.68361834
5034.73143695
5034.78234950
5034.83144470
5034.88396664
5034.94141110
5034.98583052
5035.03562716
5035.08650948
5035.13736767
5035.18645970
5035.23811611
5035.29106570
5035.33981005
5035.39319898
5035.45163769
5035.50238495
5035.55347987
5035.60329040
5035.65534911
5035.72139224
5035.75491825
5035.81772676
5035.86948509
5035.94149229
5035.99127186
5036.07401839
5036.10704020
5036.15467839
5036.20760164
5036.25744948
5036.31930274
5036.36634214
5036.41794394
5036.46993779
5036.51974589
5036.57068063
5036.62151395
5036.67139495
5036.72312890
5036.77430672
5036.82742209
5036.87376419
5036.93287094
5036.98452151
5037.03339264
5037.09537683
5037.14709737
5037.19690035
5037.24889445
5037.29777412
5037.34885124
5037.39945806
5037.45063807
5037.52217350
5037.56295236
5037.61301597
5037.66379175
5037.71473185
5037.76657820
5037.81557611
5037.87813740
5037.92799865
5037.97902872
5038.02987837
5038.07964063
5038.13061219
5038.20328597
5038.25328789
5038.30304333
5038.35592757
5038.40825837
5038.45702662
5038.50856479
5038.55928961
5038.60923009
5038.65923031
5038.72116696
5038.77182961
5038.82194344
5038.89267967
5038.92954123
5038.97527869
5039.02860276
5039.07751437
5039.12781716
5039.17876653
5039.22871335
5039.27942720
5039.32931039
5039.38120258
5039.43337416
5039.48092995
5039.54299508
5039.60805201
5039.65841014
5039.70629531
5039.75820578
5039.80808872
5039.86137964
5039.90974268
5039.95969828
5040.01147685
5040.06133273
5040.11539092
5040.16329657
5040.21388998
5040.26380242
5040.33390572
5040.39003677
5040.43737410
5040.48925312
5040.53835734
5040.58894928
5040.64087438
5040.69065615
5040.74052032
5040.79248345
5040.84234665
5040.89313535
5040.94322066
5040.99684901
5041.04576988
5041.09917807
5041.15665520
5041.20840255
5041.25942434
5041.31128141
5041.36318773
5041.41384331
5041.46485095
5041.51246988
5041.56333855
5041.61421405
5041.66333533
5041.73397257
5041.76694220
5041.81576970
5041.88876067
5041.94483468
5041.99045242
5042.04146323
5042.09128449
5042.14205295
5042.19319835
5042.24288356
5042.29377223
5042.34567392
5042.39648748
5042.44644089
5042.49819435
5042.54720665
5042.60026936
5042.64967932
5042.69966247
5042.76191680
5042.81230614
5042.86418833
5042.91295243
5042.96385060
5043.01606900
5043.06580493
5043.13466065
5043.16753227
5043.21728941
5043.26834484
5043.31890558
5043.37389536
5043.41988418
5043.49305801
5043.54251405
5043.60749149
5043.65508189
5043.70694214
5043.75777643
5043.80684310
5043.86952044
5043.91952602
5043.97333747
5044.02259334
5044.07219298
5044.12189112
5044.17493067
5044.22262860
5044.24370715
5044.28549611
5044.34639511
5044.39819683
5044.44896969
5044.49885946
5044.54975690
5044.63975407
5044.67436845
5044.72432161
5044.77417067
5044.82700956
5044.87488108
5044.92577340
5044.97762682
5045.03064418
5045.07664860
5045.12930976
5045.18935054
5045.24016265
5045.29181249
5045.34181002
5045.40264636
5045.46827599
5045.52629169
5045.57622194
5045.62883165
5045.67871118
5045.72960472
5045.78138085
5045.83062989
5045.88215368
5045.93414363
5045.98414775
5046.06387152
5046.09694551
5046.14667510
5046.19633861
5046.25228511
5046.29734891
5046.34901386
5046.39901018
5046.45073316
5046.50062464
5046.55250707
5046.60158154
5046.65235488
5046.70327914
5046.75541245
5046.81497610
5046.87668917
5046.92760807
5046.97823366
5047.03923676
5047.10110733
5047.15101637
5047.20378553
5047.25466932
5047.30444718
5047.35548042
5047.37843704
5047.42475598
5047.46806826
5047.53905049
5047.62176044
5047.67362507
5047.73645504
5047.75638232
5047.79621642
5047.84826074
5047.89803251
5047.94899626
5047.99862565
5048.05265457
5048.10055413
5048.15032200
5048.20611123
5048.25594396
5048.30383620
5048.35508960
5048.41699162
5048.46477001
5048.51761329
5048.57824824
5048.63051028
5048.68087256
5048.73079573
5048.78070111
5048.83350294
5048.88240383
5048.95335021
5048.98629278
5049.03512077
5049.08393729
5049.15764579
5049.21944274
5049.26851209
5049.32026774
5049.37011729
5049.41997854
5049.47277915
5049.52287031
5049.57651012
5049.62459083
5049.67537611
5049.72629574
5049.77618307
5049.83022980
5049.87781874
5049.92874910
5049.97870397
5050.04057405
5050.09238944
5050.14536267
5050.20512502
5050.25387986
5050.32684158
5050.35872309
5050.40640785
5050.45636809
5050.50735744
5050.55814321
5050.60885536
5050.66080874
5050.71061196
5050.76279744
5050.82252103
5050.87439468
5050.92334603
5050.97409304
5051.02583211
5051.07563216
5051.12762309
5051.17739339
5051.22841371
5051.27937893
5051.33320306
5051.38090537
5051.43083172
5051.48665118
5051.53161747
5051.59354046
5051.64622185
5051.69437570
5051.76597647
5051.81789499
5051.86963698
5051.92047054
5051.96955111
5052.02140575
5052.07113558
5052.12203765
5052.17276004
5052.22471024
5052.27690304
5052.32457878
5052.37626738
5052.43713810
5052.48795873
5052.53989626
5052.59274662
5052.63872276
5052.68958533
5052.74137828
5052.79227865
5052.84336260
5052.89324384
5052.94380799
5052.99968597
5053.04475441
5053.09556725
5053.16735258
5053.20035123
5053.24716389
5053.29910361
5053.35075905
5053.40464950
5053.45250200
5053.50139532
5053.55425567
5053.60403305
5053.65313093
5053.70630677
5053.75483584
5053.80661636
5053.85636667
5053.90836077
5053.95744597
5054.00809716
5054.06984851
5054.13079212
5054.18268552
5054.23264820
5054.28338643
5054.33437237
5054.38518618
5054.43599950
5054.48788949
5054.53670407
5054.60764777
5054.64054719
5054.68948074
5054.74023872
5054.79090576
5054.85280681
5054.91376212
5054.96557068
5055.01459420
5055.06536339
5055.11607261
5055.16928282
5055.21679424
5055.26978502
5055.31952071
5055.36939756
5055.42039667
5055.47042322
5055.52120436
5055.57385113
5055.62288270
5055.68766387
5055.73664399
5055.79752104
5055.85080855
5055.89931275
5055.94015475
5056.00998229
5056.04495970
5056.09167312
5056.14176867
5056.19342607
5056.24337630
5056.29422669
5056.34939079
5056.40020241
5056.45819739
5056.49684827
5056.54761503
5056.59862901
5056.64838640
5056.70110217
5056.75125818
5056.80088586
5056.85185400
5056.90275900
5056.95356598
5057.00435127
5057.05532307
5057.10515189
5057.15616806
5057.20703747
5057.26778700
5057.31950267
5057.41042925
5057.45606942
5057.52118437
5057.58299838
5057.63678301
5057.70241435
5057.75435456
5057.82012121
5057.87217577
5057.94098297
5058.00065804
5058.06594317
5058.13037058
5058.18240368
5058.24705051
5058.31284350
5058.37566274
5058.43870238
5058.52144061
5058.56721951
5058.62198353
5058.68895874
5058.73977670
5058.80458104
5058.85664218
5058.92224791
5058.97409792
5059.03832832
5059.10277914
5059.15554440
5059.22371599
5059.27337658
5059.33732417
5059.39022694
5059.45582512
5059.51961765
5059.57355125
5059.65556634
5059.69028434
5059.75505795
5059.80798608
5059.87264242
5059.94059117
5060.00042594
5060.07524255
5060.12913227
5060.19385785
5060.24576174
5060.31069358
5060.36554025
5060.42835217
5060.49222516
5060.55694172
5060.61965149
5060.67452692
5060.75737390
5060.79232449
5060.85522881
5060.91894917
5060.98472436
5061.04857930
5061.11258516
5061.20060089
5061.25215077
5061.27293456
5061.32782462
5061.37976483
5061.44652793
5061.50853455
5061.57416882
5061.63610766
5061.69080219
5061.75477562
5061.80857122
5061.89225251
5061.94407789
5062.02632948
5062.08581511
5062.15073404
5062.21439003
5062.26756782
5062.33332009
5062.38509524
5062.45081240
5062.53773319
5062.62153297
5062.68625831
5062.75041996
5062.81393186
5062.86784523
5062.95166451
5062.98590001
5063.04947774
5063.11321004
5063.17804022
5063.26296006
5063.31766727
5063.38149417
5063.43831423
5063.49930807
5063.55211405
5063.61789240
5063.67985806
5063.74461291
5063.80843469
5063.86315994
5063.92704414
5063.97883879
5064.06462075
5064.12945385
5064.19433011
5064.25826015
5064.31197480
5064.39995421
5064.45164964
5064.51462565
