5067.55686205
5067.70646414
5067.82092600
5067.88979773
5067.98270880
5068.07129373
5068.15810396
5068.25483358
5068.35452865
5068.43927065
5068.54220204
5068.63781404
5068.71866167
5068.82323634
5068.90406496
5069.00890635
5069.08972961
5069.19146365
5069.27534915
5069.36789744
5069.47360509
5069.55586536
5069.64797722
5069.74042482
5069.83320789
5069.92562769
5070.01868432
5070.11327524
5070.20505821
5070.31181644
5070.39091133
5070.47425508
5070.55414162
5070.63787889
5070.65674802
5070.75056582
5070.84332525
5070.93507652
5071.02807878
5071.12148138
5071.22574080
5071.34026190
5071.41125916
5071.50375332
5071.58664262
5071.67854408
5071.77229727
5071.86505816
5071.95773518
5072.06331019
5072.14426047
5072.23800977
5072.33074262
5072.42354544
5072.51606106
5072.61092090
5072.70146434
5072.79535261
5072.90173536
5072.98060741
5073.07517785
5073.16712734
5073.26067842
5073.35345174
5073.44620824
5073.53894694
5073.64376444
5073.74836959
5073.82846215
5073.92522906
5074.01450275
5074.10871284
5074.20137499
5074.29369873
5074.38606123
5074.47920978
5074.58404580
5074.66485663
5074.74754478
5074.84120240
5074.93483271
5075.01564938
5075.10952790
5075.20209910
5075.29409467
5075.38789809
5075.46947593
5075.56140885
5075.65553165
5075.74735583
5075.84071039
5075.96685462
5076.06001999
5076.16558647
5076.24638022
5076.33914136
5076.43200562
5076.52394951
5076.61669503
5076.71035948
5076.81385968
5076.90765578
5077.01359554
5077.09494761
5077.18656089
5077.27996178
5077.37266269
5077.46499667
5077.55777926
5077.65146077
5077.78817949
5077.84706284
5077.94163328
5078.03340138
5078.12723796
5078.21990059
5078.30263507
5078.39443315
5078.48677932
5078.59270859
5078.67239326
5078.76662139
5078.84795177
5078.92990606
5079.01168236
5079.09448316
5079.18815224
5079.27028426
5079.36275428
5079.46937329
5079.56003571
5079.65199301
5079.74465271
5079.83827035
5079.93113217
5080.02415199
5080.11767015
5080.20967718
5080.31606871
5080.40722460
5080.50061355
5080.60599522
5080.69802907
5080.78981887
5080.91631320
5080.98713711
5081.09155647
5081.17240191
5081.25562742
5081.34742234
5081.44312284
5081.53479390
5081.61675330
5081.70055762
5081.79149189
5081.89706300
5081.96687144
5082.05961014
5082.14127186
5082.22399902
5082.30487787
5082.39464405
5082.47245211
5082.55032040
5082.63200723
5082.70888102
5082.80058573
5082.87725130
5082.95604143
5083.03383170
5083.11271180
5083.20158491
5083.27953853
5083.36999249
5083.44894768
5083.52595362
5083.60563365
5083.70878691
5083.77507084
5083.85413429
5083.93083351
5084.02052923
5084.11140791
5084.18901288
5084.26591105
5084.34565302
5084.42573631
5084.50420924
5084.59506940
5084.66082134
5084.73970022
5084.81662545
5084.90725276
5084.98701155
5085.06279185
5085.15367249
5085.24342721
5085.33201823
5085.41107777
5085.50309650
5085.56695600
5085.64667772
5085.72563242
5085.80536805
5085.88413501
5085.96200891
5086.04068908
5086.11744121
5086.19742845
5086.27516800
5086.35383452
5086.45754805
5086.57136480
5086.64234913
5086.72494732
5086.80593368
5086.88866231
5086.96959138
5087.05107731
5087.13287653
5087.21375391
5087.31935697
5087.39925984
5087.49298744
5087.58445150
5087.67822688
5087.77005228
5087.86278415
5087.95523857
5088.04881134
5088.15356058
5088.22241524
5088.30527113
5088.38776521
5088.47066816
5088.56238628
5088.65414462
5088.74586810
5088.82859234
5088.96725934
5089.03525555
5089.12880784
5089.22292870
5089.31340022
5089.40642710
5089.49760762
5089.59273468
5089.68483923
5089.78820778
5089.86898593
5089.95097386
5090.03247564
5090.11440189
5090.19707809
5090.27781211
5090.36065704
5090.44082835
5090.56531979
5090.67151481
5090.75124995
5090.84410080
5090.93763896
5091.03048493
5091.15506537
5091.22706054
5091.32068207
5091.41202253
5091.54862617
5091.61849093
5091.70228988
5091.78304755
5091.86389470
5091.94669720
5092.02749778
5092.10912025
5092.19016878
5092.28370401
5092.36545837
5092.47128744
5092.55223942
5092.64298913
5092.73549987
5092.82843898
5092.92025389
5093.01677237
5093.10746771
5093.20034245
5093.30498807
5093.38476977
5093.47854515
5093.55943326
5093.64011998
5093.73287721
5093.85808765
5093.95075541
5094.04447276
5094.15037692
5094.24011872
5094.33265847
5094.45843016
5094.52916263
5094.62195107
5094.71464565
5094.80749089
5094.89013955
5094.98397393
5095.05278690
5095.13458978
5095.22788729
5095.30788452
5095.39052635
5095.47180309
5095.55283408
5095.64637540
5095.75026081
5095.85684203
5095.93475640
5096.02756264
5096.12115882
5096.21399724
5096.30557175
5096.39883025
5096.48055926
5096.56245211
5096.66717745
5096.73883006
5096.81961772
5096.90049608
5096.98278122
5097.06322657
5097.14588254
5097.22678381
5097.32032733
5097.41321134
5097.51689879
5097.59760721
5097.69143891
5097.78408472
5097.87610833
5097.96871513
5098.09529017
5098.16406949
5098.25789265
5098.36194045
5098.43260369
5098.51444021
5098.59417389
5098.67618474
5098.75794520
5098.85064318
5098.94436126
5099.03711460
5099.14001527
5099.24661867
5099.32544732
5099.41823503
5099.51083817
5099.60455675
5099.69723060
5099.77834155
5099.86003106
5099.95275050
5100.04642689
5100.11635602
5100.19799067
5100.28988482
5100.37163552
5100.45754342
5100.53498651
5100.62907884
5100.72170173
5100.87983373
5100.96045048
5101.05256406
5101.14564775
5101.23858637
5101.33085404
5101.41264985
5101.49620767
5101.57613688
5101.68102606
5101.75248752
5101.84338620
5101.93620170
5102.02987249
5102.12158938
5102.21720723
5102.30956486
5102.40158578
5102.50673803
5102.58643172
5102.71271419
5102.78350445
5102.87638798
5102.96895430
5103.09468235
5103.17639697
5103.25820424
5103.36397747
5103.43173646
5103.51171418
5103.59243674
5103.68108603
5103.76094697
5103.84174390
5103.98994653
5104.08275227
5104.18939737
5104.27126876
5104.36702363
5104.46163625
5104.55547038
5104.64817008
5104.74385278
5104.83780589
5104.93246094
5105.04000569
5105.11901159
5105.21366907
5105.30681274
5105.40177327
5105.49585658
5105.59054966
5105.68515375
5105.78099541
5105.88494983
5105.96752388
5106.06230302
5106.15618592
5106.25068931
5106.34539677
5106.43925285
5106.53208542
5106.62774886
5106.73348259
5106.81570922
5106.91126903
5107.00460897
5107.09844652
5107.19317958
5107.28588074
5107.38070937
5107.47541098
5107.59301872
5107.67400825
5107.77950890
5107.87322479
5107.96711428
5108.06154696
5108.15711654
5108.25142951
5108.34421942
5108.45059023
5108.53370529
5108.62806898
5108.72185070
5108.81652646
5108.90933563
5109.00400164
5109.09806057
5109.19251203
5109.30021599
5109.38208470
5109.47573501
5109.57050878
5109.66417737
5109.75797592
5109.85281552
5109.94630442
5110.03961218
5110.14721447
5110.22792411
5110.32281077
5110.41735902
5110.51117463
5110.60603886
5110.70066538
5110.79465263
5110.89014272
5110.99390867
5111.07668728
5111.17060699
5111.26562775
5111.35942336
5111.45469695
5111.54709212
5111.64172205
5111.73651387
5111.84423612
5111.92528929
5112.01885036
5112.11261086
5112.20818653
5112.30203749
5112.39588114
5112.48965139
5112.58425914
5112.72344935
5112.79335264
5112.88760637
5112.98334710
5113.07606434
5113.17279372
5113.26657958
5113.36023842
5113.45507558
5113.56021443
5113.70783240
5113.80258618
5113.89530782
5113.99067137
5114.08446942
5114.17913519
5114.27287181
5114.38055650
5114.46239108
5114.55610307
5114.65013859
5114.74462126
5114.83852952
5114.93319212
5115.02682731
5115.12156890
5115.22829348
5115.30907187
5115.40385638
5115.49853312
5115.59230192
5115.68800412
5115.78080207
5115.87563509
5115.97019407
5116.07498476
5116.15778335
5116.25244742
5116.34529071
5116.47282441
5116.55659971
5116.64934134
5116.74390544
5116.85263705
5116.93460865
5117.02711135
5117.12082187
5117.21663281
5117.30983085
5117.40335365
5117.49880058
5117.59263569
5117.69997321
5117.83356824
5117.92893277
5118.02281811
5118.11654789
5118.21115710
5118.30553786
5118.39962531
5118.50491824
5118.59414682
5118.68446986
5118.77644227
5118.87185361
5118.96562436
5119.06035766
5119.15341429
5119.24886562
5119.35573867
5119.43581465
5119.53228608
5119.62938214
5119.71767473
5119.81407813
5119.90781328
5120.00155502
5120.09534112
5120.20501457
5120.27696780
5120.38058235
5120.47455375
5120.57028619
5120.66307487
5120.75959847
5120.85285794
5120.94687835
5121.05333669
5121.13574812
5121.22801944
5121.32294340
5121.41772108
5121.51261823
5121.60631047
5121.70190271
5121.79577001
5121.90233708
5121.98596707
5122.07939551
5122.17399057
5122.26819262
5122.36255290
5122.45827412
5122.55243642
5122.64486988
5122.75584063
5122.83669217
5122.92968565
5123.02513673
5123.11981104
5123.21277721
5123.30836727
5123.40222895
5123.49702297
5123.60603813
5123.68637157
5123.78511774
5123.87682781
5123.96968329
5124.06580948
5124.15956926
5124.25349385
5124.34814694
5124.45587747
5124.53888233
5124.63491904
5124.72652111
5124.82103767
5124.91492886
5125.01029533
5125.10321372
5125.19797312
5125.30556565
5125.38662516
5125.48218888
5125.57713259
5125.67262146
5125.76562958
5125.86410755
5125.95409437
5126.04878501
5126.15649019
5126.23829697
5126.33285498
5126.42686417
5126.52232110
5126.61679329
5126.71068838
5126.80524322
5126.90080230
5127.00858428
5127.12143993
5127.20518085
5127.30005922
5127.39450215
5127.48908307
5127.58468629
5127.67760151
5127.78538056
5127.86524931
5128.02960259
5128.12235129
5128.21570317
5128.31021973
5128.40562936
5128.50042045
5128.60711601
5128.68790513
5128.78363684
5128.87747268
5128.97224719
5129.06788966
5129.15997252
5129.25763568
5129.35158319
5129.45856913
5129.54030813
5129.63526525
5129.72918229
5129.82454145
5129.91946980
5130.01325810
5130.10784342
5130.20370995
5130.30832240
5130.39308879
5130.48651893
5130.58383808
5130.67561276
5130.76905973
5130.86354459
5130.95810138
5131.05480686
5131.16150608
5131.24334480
5131.33615762
5131.43184056
5131.52483405
5131.61960807
5131.71512863
5131.80803849
5131.90592059
5132.03007314
5132.12507025
5132.22022047
5132.31550600
5132.40857677
5132.50352414
5132.59783102
5132.69265283
5132.80109821
5132.88186247
5132.97572074
5133.07232894
5133.16613114
5133.26084397
5133.35484877
5133.44946992
5133.54416568
5133.65104849
5133.73281066
5133.82670233
5133.92231652
5134.01852170
5134.11526521
5134.20527496
5134.29904107
5134.39366881
5134.50523812
5134.58198684
5134.67792797
5134.77074933
5134.86742116
5134.96215154
5135.06029817
5135.15028573
5135.24471257
5135.35091515
5135.46747938
5135.53938921
5135.63407668
5135.76067001
5135.85640464
5135.95123717
5136.04395857
5136.15090940
5136.23292147
5136.31501156
5136.39478716
5136.47536051
5136.55618523
5136.63586307
5136.72777014
5136.81848401
5136.90170318
5136.99403155
5137.06180906
5137.14074743
5137.23348418
5137.31509226
5137.40596484
5137.48576337
5137.57658061
5137.65634525
5137.73754275
5137.84436826
5137.92112405
5138.00277699
5138.08355928
5138.16520198
5138.24362469
5138.33414692
5138.42770580
5138.52166233
5138.60029789
5138.70692811
5138.77076932
5138.85078215
5138.94242249
5139.03508854
5139.11590083
5139.19564254
5139.27544034
5139.39889608
5139.50441234
5139.58318930
5139.70780850
5139.77823329
5139.85612182
5139.93779865
5140.02066162
5140.11036831
5140.19112988
5140.27082795
5140.36670326
5140.43245569
5140.51545787
5140.60302343
5140.69664570
5140.77748236
5140.85735598
5140.93708161
5141.01689891
5141.09929668
5141.20577989
5141.27185756
5141.35269740
5141.44248186
5141.52311202
5141.60402866
5141.69468279
5141.78655304
5141.86832886
5141.94906264
5142.04282485
5142.10970905
5142.20197744
5142.28196077
5142.36362785
5142.44234240
5142.52323076
5142.60358200
5142.69452041
5142.78698946
5142.89474437
5142.95875674
5143.04033800
5143.12019455
5143.20195257
5143.29185577
5143.38318428
5143.47486948
5143.55863625
5143.63538667
5143.73105060
5143.79697223
5143.89287387
5143.98129422
5144.07125521
5144.15326923
5144.23377748
5144.31471045
5144.40557255
5144.49724947
5144.63277694
5144.69166736
5144.76956588
5144.85128391
5144.93115046
5145.02381187
5145.10465561
5145.18637365
5145.26530689
5145.34613234
5145.43838196
5145.54447654
5145.62001962
5145.70173034
5145.78163053
5145.86226849
5145.94235033
5146.02393037
5146.11552658
5146.19530072
5146.27708776
5146.35706914
5146.44980589
5146.51750173
5146.60852279
5146.70092747
5146.78277644
5146.86268273
5146.94165157
5147.02229099
5147.10392906
5147.18394774
5147.28829542
5147.35704110
5147.43665433
5147.51828143
5147.59807873
5147.69379752
5147.78755583
5147.87942730
5147.97402773
5148.06691443
5148.17350198
5148.25341680
5148.34641565
5148.43926821
5148.53317549
5148.62696404
5148.71925120
5148.81287591
5148.90659521
5149.01233724
5149.09236080
5149.18690613
5149.27888341
5149.37258126
5149.46626814
5149.59112334
5149.66281667
5149.75554831
5149.86226264
5149.95343780
5150.04681479
5150.14101050
5150.23380844
5150.35941897
5150.44319354
5150.61286869
5150.72554611
5150.79815983
5150.89102872
5150.98492771
5151.07671288
5151.17035148
5151.26415051
5151.35837669
5151.46361525
5151.59771741
5151.69277376
5151.78552539
5151.87737297
5151.97119272
5152.06393825
5152.15789161
5152.26439992
5152.34317518
5152.43693959
5152.53077836
5152.62534344
5152.71723149
5152.81082279
5152.90358563
5152.99732883
5153.10623111
5153.18308027
5153.27678665
5153.36957168
5153.46430255
5153.55716340
5153.64912800
5153.74252670
5153.83628696
5153.94305859
5154.02304461
5154.11657276
5154.20985565
5154.30628416
5154.39599548
5154.48879026
5154.58165989
5154.67532994
5154.78216057
5154.86371233
5154.95470512
5155.05024372
5155.14404568
5155.23578086
5155.32955770
5155.42335746
5155.51522406
5155.62069838
5155.70321660
5155.79460899
5155.88924843
5155.98202516
5156.07574861
5156.16761301
5156.26223660
5156.35491021
5156.46074683
5156.54157472
5156.63343839
5156.72804687
5156.82168669
5156.91357766
5157.00682739
5157.10098433
5157.19492014
5157.30126973
5157.38106192
5157.47346953
5157.56700451
5157.69361612
5157.76552742
5157.89118671
5157.96105440
5158.10050427
5158.15867789
5158.25226749
5158.34697373
5158.43975997
5158.53154051
5158.62530613
5158.70708268
5158.78957798
5158.87585525
5158.98194909
5159.03988207
5159.13312790
5159.22685720
5159.31957347
5159.41329814
5159.57175709
5159.66556977
5159.77152586
5159.85206800
5159.94386194
5160.03856453
5160.13455248
5160.22507934
5160.31730434
5160.41156490
5160.50347806
5160.61369374
5160.68979514
5160.78440703
5160.87731762
5160.97000195
5161.06461482
5161.15742642
5161.25103893
5161.34308351
5161.45256898
5161.53047725
5161.62415682
5161.71667146
5161.80836129
5161.90433534
5161.99589767
5162.09056563
5162.18244832
5162.28998649
5162.36993617
5162.46365401
5162.55633908
5162.64928185
5162.74208370
5162.83472853
5162.91441661
5162.99322283
5163.09795354
5163.16218338
5163.24052880
5163.32063892
5163.39957485
5163.47918930
5163.55725287
5163.64012096
5163.71573840
5163.79552985
5163.87515674
5163.97784310
5164.04387274
5164.12254463
5164.20249163
5164.28132102
5164.36101422
5164.44073838
5164.53057161
5164.65181527
5164.72057265
5164.81380409
5164.88972678
5164.96995734
5165.04872065
5165.12681153
5165.20648596
5165.29530689
5165.37597021
5165.46658363
5165.54455358
5165.62239066
5165.71698914
5165.78199381
5165.86262202
5165.94038961
5166.01932335
5166.09816907
5166.17771769
5166.25710442
5166.33690343
5166.41956769
5166.49343824
5166.59925950
5166.66423857
5166.74279513
5166.82159087
5166.90043976
5167.02401594
5167.09237616
5167.17011157
5167.25185740
5167.32878385
5167.40861724
5167.50172361
5167.57950510
5167.65576157
5167.73515293
5167.81599423
5167.94962535
5168.01635497
5168.09611570
5168.17590618
5168.25478482
5168.34554403
5168.41243578
5168.49313518
5168.56998386
5168.65068253
5168.73941301
5168.81924981
5168.89899129
5168.97746325
5169.05566409
5169.13632643
5169.23968644
5169.30538402
5169.42919913
5169.49597946
5169.57472010
5169.65456714
5169.73426937
5169.81412665
5169.89294360
5169.97071071
5170.04949889
5170.14283053
5170.20964256
5170.28833955
5170.36730401
5170.44599247
5170.53711179
5170.61656923
5170.69379654
5170.77262129
5170.85255830
5170.93216983
5171.02406690
5171.09061317
5171.17053019
5171.24750370
5171.32715643
5171.40889421
5171.48584114
5171.56553337
5171.64423548
5171.73402873
5171.81287810
5171.90972328
5171.97112445
5172.05178899
5172.12951465
5172.20849739
5172.28932503
5172.36783844
5172.44576524
5172.52553939
5172.60621953
5172.68303968
5172.78785962
5172.85372249
5172.94393996
5173.02274570
5173.10252618
5173.18133850
5173.25902295
5173.33805372
5173.41770792
5173.49879205
5173.57700654
5173.66988592
5173.73573100
5173.81436656
5173.90622682
5173.99496436
5174.11961087
5174.18647629
5174.27630342
5174.36711749
5174.44594420
5174.53872922
5174.60420566
5174.68405831
5174.76294450
5174.84173732
5174.92109162
5175.00074118
5175.07858850
5175.15850332
5175.24914697
5175.32886650
5175.41969203
5175.48558758
5175.57629048
5175.65415047
5175.73399142
5175.81457526
5175.89236699
5175.97041814
5176.05103976
5176.12936934
5176.20965085
5176.30554615
5176.36660013
5176.44705377
5176.52518123
5176.60476910
5176.69456259
5176.78521502
5176.86387910
5176.95471658
5177.03425276
5177.11107633
5177.20381698
5177.28170404
5177.36028645
5177.44070449
5177.51873443
5177.59723003
5177.67852701
5177.75546907
5177.83608240
5177.91489423
5177.99307387
5178.09738668
5178.17413784
5178.25395172
5178.33282133
5178.41070864
5178.50238628
5178.58111083
5178.66000214
5178.73886127
5178.86244014
5178.94196194
5179.00787967
5179.09934910
5179.17832428
5179.25708784
5179.33765363
5179.42749661
5179.50620117
5179.58419453
5179.67493058
5179.75362611
5179.84645722
5179.91313637
5179.99484490
5180.07122010
5180.14918201
5180.22991505
5180.32778131
5180.40859262
5180.48833994
5180.56711642
5180.64769587
5180.74866435
5180.81652476
5180.89506913
5180.97494250
5181.05185408
5181.13172380
5181.21229472
5181.29100707
5181.36991740
5181.44975420
5181.52849801
5181.62013104
5181.68598319
5181.76576245
5181.84423149
5181.92334905
5182.01379107
5182.09352011
5182.17158613
5182.25213022
5182.34188397
5182.42064313
5182.51232200
5182.57932176
5182.66920009
5182.74773958
5182.82684106
5182.90567629
5182.98615212
5183.06406527
5183.14299901
5183.22356529
5183.31393879
5183.40867478
5183.48750148
5183.58042768
5183.67408261
5183.75769822
5183.84955750
5183.93232977
5184.05788641
5184.14069550
5184.23819652
5184.31672944
5184.40950910
5184.49141950
5184.57354177
5184.65599050
5184.74969762
5184.84352883
5184.93548344
5185.04321007
5185.15458994
5185.28122349
5185.37450126
5185.50043045
5185.59306602
5185.68576181
5185.79148847
5185.87240267
5185.96643478
5186.06011117
5186.15301810
5186.24578362
5186.33848868
5186.43319492
5186.52585366
5186.63178683
5186.71173237
5186.80606680
5186.89899446
5186.99142157
5187.08725153
5187.17886432
5187.27208820
5187.36592332
5187.47209445
5187.55539529
5187.64474358
5187.73794308
5187.83174504
5187.92523004
5188.01727120
5188.11103610
5188.20459717
5188.31365549
5188.39047515
5188.48584797
5188.57777747
5188.67058371
5188.76508832
5188.86704204
5188.96081815
5189.08438580
5189.16917559
5189.27384509
5189.37810256
5189.48289203
5189.58582000
5189.68049309
5189.77319839
5189.88977822
5189.98076369
5190.08534372
5190.18999690
5190.29364777
5190.39986669
5190.50210834
5190.60534791
5190.71272199
5190.79493520
5190.89717271
5191.00089697
5191.09464651
5191.19839686
5191.30134629
5191.40587293
5191.52319687
5191.62432358
5191.72999271
5191.83397297
5191.93832967
5192.04259616
5192.13816963
5192.23892283
5192.35570234
5192.43634348
5192.54111148
5192.64503347
5192.74975930
5192.85237301
5192.94602916
5193.05077279
5193.16761886
5193.25923361
5193.35201156
5193.44487582
5193.54927739
5193.65393714
5193.75652135
5193.85119468
5193.95889157
5194.04960568
5194.14042633
5194.24504439
5194.33790086
5194.44255062
5194.54618808
5194.65065327
5194.76927184
5194.85913091
5194.96577771
5195.08998488
5195.16083097
5195.25374351
5195.35747606
5195.46111157
5195.58408628
5195.67043352
5195.76448513
5195.86889669
5195.96407909
5196.06533649
5196.17011937
5196.26385623
5196.37967952
5196.45946610
5196.55668455
5196.65716128
5196.74971566
5196.85454901
5196.94707535
5197.04098434
5197.14679512
5197.23838206
5197.34661167
5197.43608699
5197.53978297
5197.63428051
5197.72620367
5197.82086066
5197.92587589
5198.01724682
5198.11110217
5198.20382381
5198.30776628
5198.40126664
5198.50599320
5198.60975013
5198.72852473
5198.81720547
5198.91446001
5199.00486765
5199.09813274
5199.20239265
5199.29381844
5199.39818684
5199.50498261
5199.58557937
5199.69023083
5199.79507125
5199.88705829
5199.98065154
5200.07847537
5200.17221662
5200.27507706
5200.35662809
5200.45965481
5200.55311031
5200.64591118
5200.74057891
5200.84094201
5200.93430584
5201.02661324
5201.13193299
5201.21980794
5201.29960866
5201.37724679
5201.45704093
5201.54671714
5201.63852888
5201.72646089
5201.81659766
5201.89622722
5201.98670362
5202.05451575
5202.13469535
5202.21415084
5202.29198377
5202.38151809
5202.50641864
5202.58330146
5202.66306902
5202.75242779
5202.85007584
5202.97606695
5203.05655960
5203.13537655
5203.21337723
5203.29397472
5203.37277533
5203.45259190
5203.53094854
5203.60960335
5203.70140437
5203.76922357
5203.84615733
5203.92683894
5204.00660747
5204.08360756
5204.16329125
5204.26498458
5204.34474775
5204.42269162
5204.50225219
5204.59598295
5204.66093374
5204.73964853
5204.81950142
5204.94145286
5205.02323819
5205.09976602
5205.17967645
5205.25891056
5205.33644653
5205.43013926
5205.56066547
5205.64860893
5205.72840795
5205.80893863
5205.88880640
5205.96658204
5206.04641372
5206.13719269
5206.21505025
5206.30682810
5206.37278313
5206.45331479
5206.53309601
5206.61079461
5206.69124873
5206.76969461
5206.84894115
5206.93823775
5207.02910449
5207.10876623
5207.20042730
5207.26549780
5207.39005214
5207.45687685
5207.53565454
5207.55646976
5207.63329186
5207.71318864
5207.80290947
5207.88275822
5207.96052655
5208.04137760
5208.13269270
5208.20935706
5208.28978047
5208.37950544
5208.46979630
5208.54765191
5208.62812286
5208.70694444
5208.79673744
5208.87547540
5208.96720887
5209.04398221
5209.12378879
5209.20268839
5209.28339071
5209.36319314
5209.45735179
5209.56121014
5209.65492213
5209.74671412
5209.85425156
5209.93453795
5210.02718059
5210.12105666
5210.21375221
5210.31839880
5210.39931080
5210.49212874
5210.58782509
5210.66860324
5210.76329193
5210.84508969
5210.93785619
5211.03072070
5211.12523872
5211.21910577
5211.31173110
5211.39615323
5211.48677518
5211.59225925
5211.67300498
5211.76587046
5211.86045528
5211.95229994
5212.03500296
5212.11874364
5212.21150234
5212.30430370
5212.40995234
5212.49096138
5212.57377095
5212.65579034
5212.67927892
5212.77898447
5212.87188872
5212.96424537
5213.05788983
5213.15151624
5213.25915681
5213.34913095
5213.45277622
5213.55739550
5213.66134382
5213.76506418
5213.86949890
5213.96244143
5214.08288296
5214.15943224
5214.25368719
5214.34651000
5214.45162373
5214.54446703
5214.64808182
5214.75281252
5214.85770365
5214.95029193
5215.05403959
5215.15772606
5215.25055814
5215.34427939
5215.44777618
5215.55239473
5215.67311591
5215.76063977
5215.86448228
5215.95800044
5216.06193901
5216.16654537
5216.25941378
5216.36394602
5216.46972389
5216.56236141
5216.66612102
5216.76993842
5216.87328282
5216.96692606
5217.07113159
5217.17399448
5217.29364314
5217.38342541
5217.48714894
5217.58081996
5217.67367691
5217.77834618
5217.88305323
5217.97585362
5218.09444732
5218.18432736
5218.27799643
5218.37112474
5218.47409710
5218.57760631
5218.67154407
5218.77506816
5218.88179883
5218.96262136
5219.09829609
5219.18119368
5219.28674797
5219.42252242
5219.49382370
5219.59857562
5219.71521080
5219.80709275
5219.91070974
5220.00442368
5220.10741480
5220.27668011
5220.37059300
5220.48815002
5220.57914548
5220.67377590
5220.76565908
5220.87011769
5220.97405455
5221.06714678
5221.16087583
5221.27677300
5221.35927732
5221.46296793
5221.55903805
5221.66143403
5221.76317564
5221.85796550
5221.95260982
5222.05697871
5222.14766454
5222.24067777
5222.33525114
5222.42822999
5222.53286610
5222.63604715
5222.73974703
5222.84559438
5222.92625087
5223.01996456
5223.11373751
5223.20642940
5223.30025695
5223.40425013
5223.49772782
5223.61430912
5223.70485890
5223.80958497
5223.90218885
5223.99562338
5224.08911277
5224.19366257
5224.28615819
5224.39464795
5224.48465135
5224.57738737
5224.67115690
5224.76475064
5224.85962950
5224.94950808
5225.04721293
5225.14609733
5225.25462780
5225.33531623
5225.42833166
5225.52292868
5225.61387709
5225.70815666
5225.80077663
5225.89358823
5225.98918340
5226.09698123
5226.17576477
5226.28033432
5226.37523073
5226.46745085
5226.56013884
5226.58206607
5226.66193409
5226.74381450
5226.83740897
5226.94362057
5227.01345071
5227.10592781
5227.18780456
5227.28635348
5227.37709807
5227.46997111
5227.56364775
5227.65638426
5227.76216066
5227.87586622
5227.96854739
5228.06228814
5228.15527846
5228.24880881
5228.34231917
5228.43520927
5228.53816749
5228.61802477
5228.71171701
5228.80975905
5228.90121727
5228.99207327
5229.07267759
5229.15154964
5229.23331424
5229.31316860
5229.41795904
5229.52751863
5229.59842348
5229.67731211
5229.75789448
5229.84907841
5229.94003804
5230.02162929
5230.10053816
5230.18121806
5230.28603824
5230.36365833
5230.44443331
5230.52430352
5230.60305927
5230.68403125
5230.77557651
5230.86646226
5230.94869083
5231.02875657
5231.12143432
5231.18929399
5231.28001810
5231.35990391
5231.44062696
5231.52030870
5231.61102574
5231.69286202
5231.77269834
5231.85247029
5231.93430048
5232.02610685
5232.09385389
5232.18370418
5232.27564904
5232.35579889
5232.43625936
5232.51750051
5232.59591858
5232.68712104
5232.81171343
5232.90770259
5232.97344649
5233.05231001
5233.14480612
5233.23555534
5233.32647717
5233.41704744
5233.49738844
5233.57748246
5233.67005391
5233.76076046
5233.83037971
5233.90913692
5233.98981584
5234.08145716
5234.17379236
5234.26456132
5234.34536459
5234.42414082
5234.50399835
5234.61176424
5234.67560106
5234.75643602
5234.84722814
5234.92769471
5235.01959739
5235.09947149
5235.18413328
5235.26013277
5235.33980891
5235.41990098
5235.52530143
5235.60304927
5235.68382840
5235.76166426
5235.84452211
5235.92522175
5236.01522150
5236.14970181
5236.23038731
5236.30938249
5236.40311252
5236.48199700
5236.57353251
5236.65336955
5236.73235888
5236.81292638
5236.90471471
5236.99651255
5237.07726267
5237.15808690
5237.26267083
5237.32761211
5237.41849127
5237.51112831
5237.59178870
5237.67165452
5237.75061458
5237.83129716
5237.92308135
5238.00479280
5238.09658162
5238.16423504
5238.25489746
5238.34586440
5238.43760080
5238.51737080
5238.60994054
5238.68876773
5238.76864745
5238.86054842
5238.96406885
5239.03283623
5239.11166513
5239.20441578
5239.28417554
5239.37599556
5239.49920750
5239.57013234
5239.66299880
5239.73960757
5239.84525548
5239.92302503
5240.00199119
5240.08271375
5240.17445211
5240.27128120
5240.36587699
5240.45884634
5240.55281481
5240.67351698
5240.76242885
5240.86803726
5241.02674490
5241.13292261
5241.22619526
5241.33135336
5241.43983799
5241.52167525
5241.61548842
5241.70916579
5241.80395493
5241.89667461
5241.99057141
5242.08520085
5242.19084291
5242.30946660
5242.38933681
5242.49508663
5242.58894857
5242.68299482
5242.77712786
5242.87289833
5242.96659423
5243.06132193
5243.16527781
5243.24885050
5243.35362509
5243.45825339
5243.55120128
5243.65787466
5243.76183956
5243.86763912
5243.97416378
5244.05599860
5244.15124975
5244.24565245
5244.33856085
5244.43334828
5244.55893613
5244.63176659
5244.72650867
5244.84498412
5244.92501378
5245.03072338
5245.13513981
5245.22855606
5245.32729808
5245.41754139
5245.51274159
5245.61924406
5245.70213604
5245.79585412
5245.90063164
5246.06023332
5246.15282330
5246.25877329
5246.36354935
5246.48321946
5246.57274354
5246.66859178
5246.76229231
5246.85761027
5246.95177209
5247.04552187
5247.14036245
5247.23411540
5247.33988132
5247.42477521
5247.52624082
5247.62108994
5247.71479461
5247.80913782
5247.90485051
5247.99666201
5248.09332165
5248.19791680
5248.28074880
5248.37614453
5248.47001378
5248.57348350
5248.67855651
5248.78406570
5248.88869010
5249.00717799
5249.08815996
5249.11207034
5249.21363615
5249.31736700
5249.42311365
5249.53213467
5249.63395697
5249.81113925
5249.86850318
5249.94733135
5250.04257348
5250.13822278
5250.23101585
5250.33576557
5250.44132645
5250.54629340
5250.65392471
5250.73367569
5250.82937326
5250.93397914
5251.02777914
5251.12079237
5251.21639388
5251.31114206
5251.40584221
5251.52246398
5251.60646553
5251.70094381
5251.80479461
5251.91045130
5252.00520801
5252.07811966
5252.17316601
5252.26761504
5252.37327295
5252.45503462
5252.58071318
5252.65439794
5252.74915758
5252.85390047
5252.95857778
5253.06242785
5253.18124000
5253.26269228
5253.35656080
5253.51701338
5253.61185079
5253.70460534
5253.80037142
5253.89319228
5254.00968922
5254.10355164
5254.20831892
5254.30209283
5254.39678250
5254.49069295
5254.59615874
5254.68983854
5254.79566663
5254.87935489
5254.97322633
5255.06789259
5255.17267157
5255.27036862
5255.36157717
5255.46543406
5255.58349602
5255.66395600
5255.76951785
5255.88833682
5255.98206295
5256.07872235
5256.17154371
5256.26635357
5256.37404192
5256.45548982
5256.55005002
5256.64699931
5256.73866256
5256.85809350
5256.94975579
5257.04554381
5257.15112249
5257.23801220
5257.32888893
5257.42358957
5257.51825022
5257.62212710
5257.72766604
5257.82241373
5257.94307176
5258.02287589
5258.10980486
5258.20703916
5258.29624629
5258.38255647
5258.46943522
5258.56599929
5258.65395616
5258.76351526
5258.83847539
5258.93626290
5259.03409185
5259.13589952
5259.23045192
5259.31806185
5259.41484511
5259.51358127
5259.61334314
5259.68904226
