11746.31303123
11746.38551020
11746.45326902
11746.53099843
11746.60750953
11746.67416267
11746.73970258
11746.81945171
11746.88515253
11746.95278555
11747.03041037
11747.09599611
11747.16268973
11747.24224600
11747.30798340
11747.37423938
11747.45305252
11747.51924681
11747.58606550
11747.66074632
11747.73739761
11747.80555920
11747.88423215
11747.95922432
11748.02670080
11748.10336355
11748.18224423
11748.24827444
11748.32592266
11748.40530534
11748.46949942
11748.53642003
11748.61443713
11748.68121901
11748.74939426
11748.82566739
11748.89294030
11748.95941790
11749.03627715
11749.10236344
11749.17239700
11749.24777731
11749.31367099
11749.38114211
11749.45865673
11749.53490231
11749.60309682
11749.68047149
11749.74619401
11749.81353714
11749.89210257
11749.96983978
11750.03551964
11750.11317493
11750.19010367
11750.25745119
11750.32373325
11750.40179644
11750.46866535
11750.54557093
11750.62495581
11750.69131711
11750.75753823
11750.83483780
11750.90175913
11750.96812507
11751.04590032
11751.11171061
11751.17980735
11751.25755261
11751.33182846
11751.40105233
11751.47885172
11751.54536686
11751.61009098
11751.68847771
11751.76739886
11751.83346467
11751.91131964
11751.98864189
11752.05465698
11752.12098854
11752.19997308
11752.26598818
11752.33279151
11752.41145325
11752.47669400
11752.54428971
11752.62057821
11752.68644019
11752.76712262
11752.84379098
11752.91057602
11752.97623369
11753.05407379
11753.13144626
11753.19716659
11753.27610335
11753.34357789
11753.40887155
11753.48806503
11753.56421651
11753.62994147
11753.70895966
11753.78684706
11753.85277024
11753.91939290
11753.99728957
11754.06447178
11754.13116271
11754.20917104
11754.27354944
11754.34243466
11754.41952871
11754.48408777
11754.55058463
11754.62943362
11754.69500693
11754.76294251
11754.84017309
11754.91871268
11754.98420992
11755.06243719
11755.12845472
11755.19581930
11755.27297503
11755.35099482
11755.41805073
11755.49513966
11755.57286273
11755.64016465
11755.71688445
11755.79569491
11755.86063822
11755.92811787
11756.00716532
11756.07182995
11756.13925695
11756.21754785
11756.28246288
11756.34923159
11756.42843897
11756.49374555
11756.56091996
11756.63902460
11756.71468870
11756.79274042
11756.86985934
11756.93651370
11757.00461775
11757.08093307
11757.15999612
11757.23650965
11757.31425735
11757.39288593
11757.45837123
11757.53618841
11757.61373350
11757.68034032
11757.74650145
11757.82505762
11757.89116171
11757.96893818
11758.04710010
11758.11370010
11758.18046661
11758.25754018
11758.32407044
11758.39070871
11758.46776521
11758.53534141
11758.60139722
11758.68124022
11758.74581025
11758.81246267
11758.88948869
11758.96728905
11759.04482609
11759.12204082
11759.21073264
11759.27865750
11759.35574081
11759.43422360
11759.51028681
11759.57690217
11759.65578528
11759.72137932
11759.78845328
11759.86652305
11759.93429723
11759.99854592
11760.07835503
11760.14245622
11760.22018563
11760.30059353
11760.36474738
11760.43354702
11760.51082393
11760.58717337
11760.65399962
11760.73092519
11760.80880016
11760.87698687
11760.95340629
11761.03098137
11761.09564454
11761.17459080
11761.25320671
11761.31941733
11761.39731376
11761.47519335
11761.54085151
11761.60849647
11761.68660501
11761.75163828
11761.81883951
11761.89817148
11761.96359753
11762.02888144
11762.10694609
11762.20600079
11762.26142504
11762.34038910
11762.40723461
11762.47543936
11762.55195313
11762.63020552
11762.69585709
11762.77253788
11762.85212122
11762.91722397
11762.99729274
11763.07361342
11763.13826147
11763.20583500
11763.28492121
11763.34998276
11763.41772647
11763.49595325
11763.56140173
11763.62848715
11763.70625947
11763.77212730
11763.83985516
11763.91675001
11764.01436818
11764.08283088
11764.16124174
11764.22713810
11764.29278333
11764.37094429
11764.45012242
11764.51385131
11764.59288973
11764.67191280
11764.73675809
11764.81541447
11764.89306879
11764.95897953
11765.02485663
11765.10261700
11765.17010836
11765.23684733
11765.31527038
11765.37951810
11765.44745636
11765.52539496
11765.59079419
11765.65892653
11765.73586453
11765.83578159
11765.89173588
11765.96893476
11766.03487720
11766.12361681
11766.20284930
11766.28017424
11766.34621030
11766.42385779
11766.50119515
11766.57828457
11766.65321236
11766.73113731
11766.79703318
11766.86337790
11766.94162663
11767.00742449
11767.08619789
11767.16334460
11767.23002481
11767.29717703
11767.37444003
11767.44053022
11767.50663918
11767.58465165
11767.64995458
11767.71865987
11767.79672769
11767.86214057
11767.92882980
11768.00728942
11768.08559373
11768.15164808
11768.22910613
11768.30739094
11768.37306519
11768.45066197
11768.52944707
11768.59415023
11768.66117494
11768.73899627
11768.80479973
11768.87162549
11768.95117348
11769.01602902
11769.08283210
11769.16129050
11769.22559722
11769.30538268
11769.38349073
11769.48085607
11769.54770573
11769.62573137
11769.69227894
11769.75777911
11769.83792321
11769.91440602
11769.98054814
11770.05875688
11770.13663453
11770.20221442
11770.28087909
11770.35771982
11770.42597186
11770.50235593
11770.57910377
11770.65755266
11770.75679144
11770.83450378
11770.89998883
11770.96647667
11771.04580791
11771.11183105
11771.17842203
11771.25633503
11771.32320443
11771.39964140
11771.47903677
11771.54354341
11771.62137254
11771.69996138
11771.77794143
11771.84351474
11771.92062902
11771.99972596
11772.06538387
11772.14449788
11772.22191960
11772.28774964
11772.35556673
11772.43269272
11772.49962453
11772.59698159
11772.67582204
11772.75136570
11772.81884633
11772.89647017
11772.97410352
11773.04113506
11773.11970171
11773.18430978
11773.25145810
11773.32911120
11773.39519871
11773.46398543
11773.54059722
11773.60635021
11773.67477147
11773.75161902
11773.82870233
11773.90534826
11773.98312106
11774.06242280
11774.12919078
11774.19517491
11774.27296552
11774.33847641
11774.40623597
11774.48314764
11774.54979566
11774.61638005
11774.69612991
11774.76117806
11774.82809086
11774.90658803
11774.98232698
11775.04901328
11775.12779765
11775.20404251
11775.27119985
11775.34998252
11775.41540637
11775.48227553
11775.56039699
11775.63809934
11775.70501068
11775.78273594
11775.85941307
11775.92588702
11775.99480369
11776.07071160
11776.14836616
11776.21400384
11776.29124953
11776.35824132
11776.42592627
11776.50371639
11776.56930652
11776.63770997
11776.71410355
11776.78125139
11776.84781968
11776.92568392
11777.00169545
11777.06917218
11777.14820939
11777.21265435
11777.29189075
11777.36870392
11777.44705432
11777.51318790
11777.59009592
11777.66895368
11777.73327869
11777.80104507
11777.87922747
11777.94588915
11778.01288826
11778.08918334
11778.15693777
11778.22197299
11778.30152781
11778.36621780
11778.44474690
11778.52247388
11778.58955417
11778.65667787
11778.73423198
11778.80966544
11778.87659872
11778.95530264
11779.02116486
11779.08824199
11779.16714803
11779.24393048
11779.31082987
11779.38737803
11779.46606390
11779.53323661
11779.60886706
11779.68767972
11779.75418828
11779.81996249
11779.89917158
11779.96473856
11780.03068075
11780.11103697
11780.17613875
11780.24309300
11780.32073854
11780.38691918
11780.45365058
11780.53040500
11780.60885390
11780.67630990
11780.75256573
11780.81881781
11780.88744117
11780.96337639
11781.04159147
11781.10687124
11781.18727451
11781.26452093
11781.32936623
11781.39614420
11781.47406135
11781.55029182
11781.61735139
11781.69544091
11781.76236005
11781.84136921
11781.91916202
11781.98476800
11782.05181489
11782.12878923
11782.19610748
11782.26226130
11782.33975739
11782.41667906
11782.49492803
11782.56191568
11782.62905864
11782.69506764
11782.77380008
11782.84952318
11782.91723812
11782.99413809
11783.07325819
11783.13784748
11783.20543271
11783.28341568
11783.34948856
11783.41708988
11783.49502214
11783.56027313
11783.62777157
11783.70457523
11783.76985256
11783.83791443
11783.91610123
11783.98135954
11784.05909602
11784.13848505
11784.21387949
11784.28182848
11784.35874479
11784.42773534
11784.49195697
11784.57095980
11784.64784733
11784.71372760
11784.79127245
11784.87006048
11784.93588443
11785.01288095
11785.09264885
11785.16234205
11785.23642627
11785.31289397
11785.37978580
11785.44579041
11785.52456113
11785.58913141
11785.65707065
11785.73575335
11785.79983870
11785.86858397
11785.95522925
11786.02316605
11786.08955027
11786.16776121
11786.23471790
11786.31228810
11786.38909152
11786.46807802
11786.53291088
11786.61306010
11786.69082706
11786.75525885
11786.82279361
11786.89961922
11786.96664783
11787.03248762
11787.11119837
11787.17707303
11787.24421452
11787.32168525
11787.38863974
11787.46625895
11787.54435530
11787.60911209
11787.67751018
11787.75403151
11787.83300801
11787.89827632
11787.97722477
11788.04166583
11788.10882196
11788.18858108
11788.26452410
11788.33430922
11788.40940890
11788.48597656
11788.56400927
11788.64267784
11788.71945737
11788.78519793
11788.85344803
11788.93214609
11788.99939925
11789.06497135
11789.14042138
11789.20579916
11789.27346728
11789.35161580
11789.41735709
11789.48408362
11789.56256226
11789.63984867
11789.72842322
11789.80662075
11789.88343002
11789.95014802
11790.02908185
11790.10567486
11790.17190963
11790.24990723
11790.32822252
11790.39448947
11790.47187194
11790.54866707
11790.61412384
11790.68145063
11790.75986393
11790.83764966
11790.91477076
11790.99448795
11791.05840068
11791.12773402
11791.20438701
11791.27114182
11791.33745778
11791.41438847
11791.49214031
11791.55811323
11791.63942518
11791.70483123
11791.77091118
11791.84885344
11791.92708241
11791.99255089
11792.07127724
11792.14874601
11792.21346453
11792.29136558
11792.37048056
11792.43484921
11792.50378271
11792.58022797
11792.64608118
11792.71280673
11792.79156575
11792.85719831
11792.92608475
11793.00235959
11793.07903647
11793.15742734
11793.23480396
11793.33471029
11793.39060924
11793.46853101
11793.53294964
11793.60154497
11793.68539254
11793.76415595
11793.84208163
11793.92908628
11793.99267304
11794.05680982
11794.12170827
11794.18642239
11794.25041606
11794.31624537
11794.37988869
11794.44469668
11794.51865143
11794.58554595
11794.64810626
11794.71434176
11794.77817865
11794.84302639
11794.90550381
11794.97173272
11795.03434984
11795.10006749
11795.16492668
11795.23957141
11795.30432308
11795.38074129
11795.44422783
11795.50918089
11795.57264086
11795.63969068
11795.70113752
11795.76596818
11795.83137156
11795.89597573
11795.95998354
11796.02536180
11796.08995353
11796.15559121
11796.21808423
11796.28299511
11796.34682519
11796.42373223
11796.48700422
11796.55283743
11796.61726069
11796.68215402
11796.74488110
11796.81065262
11796.87478965
11796.93876260
11797.00444197
11797.06906344
11797.13345891
11797.19713392
11797.25993170
11797.32489110
11797.38965155
11797.49966769
11797.56350361
11797.62832818
11797.69259151
11797.75618216
11797.82203658
11797.88679996
11797.95067781
11798.01537756
11798.07969598
11798.14406585
11798.20736368
11798.27338682
11798.33621508
11798.40361574
11798.46640451
11798.54334958
11798.60797740
11798.67085735
11798.73517406
11798.80165215
11798.86443092
11798.93005982
11798.99303826
11799.05850503
11799.12129306
11799.18718747
11799.26195922
11799.32720754
11799.39079990
11799.45697785
11799.52027862
11799.59629283
11799.66131757
11799.72630817
11799.78912619
11799.85513080
11799.91737660
11799.98352725
11800.04694797
11800.11300890
11800.17668805
11800.24113179
11800.30614337
11800.37073022
11800.43369404
11800.49961210
11800.56397855
11800.64111185
11800.70386355
11800.76840726
11800.83264717
11800.89785648
11800.96175969
11801.02617076
11801.09168507
11801.15558195
11801.21905021
11801.29581194
11801.35819451
11801.42424691
11801.48772492
11801.55339405
11801.63023136
11801.69360868
11801.75878360
11801.82257174
11801.88647569
11801.95337996
11802.01677946
11802.08159233
11802.14552992
11802.21036498
11802.27519857
11802.33786689
11802.40245862
11802.46620629
11802.53102745
11802.59486362
11802.67084369
11802.73738420
11802.80238943
11802.86425099
11802.93051111
11802.99442700
11803.05919818
11803.12390914
11803.18931007
11803.25115212
11803.32723119
11803.39213622
11803.45628397
11803.52207257
11803.58674524
11803.65068064
11803.72678019
11803.79083237
11803.85471681
11803.91983834
11803.98432500
11804.04865975
11804.11360355
11804.17653031
11804.24224235
11804.30562454
11804.37062807
11804.43616334
11804.50051468
11804.56438011
11804.62919785
11804.69264392
11804.76774044
11804.83469420
11804.89884025
11804.96303579
11805.02806321
11805.09227119
11805.15622268
11805.21974531
11805.29518974
11805.36035588
11805.42654798
11805.48911000
11805.55349279
11805.65026397
11805.70515891
11805.76848674
11805.84538768
11805.91064697
11805.97376926
11806.03735479
11806.10322628
11806.16715827
11806.23200064
11806.29624299
11806.36181070
11806.42538282
11806.52318946
11806.58633248
11806.65178583
11806.71678400
11806.81361320
11806.90926823
11806.96281880
11807.02731618
11807.09331811
11807.15602422
11807.22126010
11807.28523816
11807.35198444
11807.42695246
11807.49175192
11807.55542254
11807.61927407
11807.68508778
11807.74994014
11807.81414325
11807.87965999
11807.94127749
11808.00675669
11808.08482817
11808.13782457
11808.20124894
11808.26555834
11808.32827298
11808.39430758
11808.45937743
11808.52358467
11808.59659125
11808.65199161
11808.71640341
11808.78129869
11808.84567221
11808.91088761
11808.98605019
11809.05048052
11809.11420844
11809.18040980
11809.24325342
11809.30790099
11809.37398728
11809.43804604
11809.50288573
11809.56689330
11809.63035034
11809.69565790
11809.76075261
11809.82475189
11809.88937678
11809.95585657
11810.02772627
11810.09267713
11810.15855984
11810.22339123
11810.28604615
11810.35152218
11810.41635114
11810.48037528
11810.54494263
11810.60966139
11810.67472051
11810.73937198
11810.80298140
11810.86826604
11810.93164287
11810.99791348
11811.07365925
11811.13739229
11811.20090492
11811.26734059
11811.32935452
11811.39399868
11811.45813083
11811.52383141
11811.58788627
11811.65369657
11811.71778240
11811.78173681
11811.84764243
11811.91155882
11811.97628928
11812.04088150
11812.11635080
11812.18071213
11812.24366254
11812.30833253
11812.37386123
11812.43870043
11812.50273042
11812.56748917
11812.63224157
11812.69849048
11812.75993049
11812.82442031
11812.88934557
11812.95459949
11813.01857829
11813.09552166
11813.15789058
11813.22262689
11813.28787447
11813.35360626
11813.41630311
11813.48213217
11813.54593226
11813.61054593
11813.67469369
11813.74031698
11813.80332688
11813.86885582
11813.93180647
11813.99942290
11814.07140158
11814.13793647
11814.20135524
11814.26725428
11814.33003963
11814.39459528
11814.45968365
11814.52444678
11814.59076835
11814.65487466
11814.71671134
11814.78247409
11814.84665135
11814.91245018
11814.97623710
11815.04143373
11815.11598630
11815.18042955
11815.24481356
11815.30962107
11815.37339701
11815.45017167
11815.51386642
11815.57892676
11815.64360163
11815.70783789
11815.77151046
11815.83800806
11815.90188835
11815.96676656
11816.02963261
11816.09379451
11816.17097852
11816.23245559
11816.29847190
11816.36223761
11816.42799548
11816.49343006
11816.54820139
11816.61278801
11816.67734073
11816.74266121
11816.80549776
11816.87215846
11816.93554212
11817.00022479
11817.06393589
11817.14059327
11817.20579452
11817.26874225
11817.33255209
11817.39755244
11817.46255987
11817.52758827
11817.59140688
11817.65616002
11817.72122474
11817.78445578
11817.85077685
11817.91565823
11817.97825389
11818.04440698
11818.11769540
11818.18239929
11818.24855287
11818.31242902
11818.37617157
11818.44239951
11818.50609792
11818.56995920
11818.63546741
11818.70055286
11818.76331578
11818.82826665
11818.89364223
11818.95906413
11819.02192384
11819.08759078
11819.16114300
11819.22615652
11819.28992881
11819.35582858
11819.42681154
11819.49357294
11819.55693928
11819.62170875
11819.68595745
11819.75053967
11819.81422419
11819.88136105
11819.94311265
11820.00911726
11820.07290930
11820.14928898
11820.21347379
11820.27784390
11820.34266433
11820.40733238
11820.47031570
11820.53444931
11820.59825379
11820.66432813
11820.72893912
11820.79289085
11820.85653124
11820.92164985
11820.98665118
11821.05047760
11821.11665288
11821.19052619
11821.25509940
11821.32010488
11821.38571500
11821.44846037
11821.51309160
11821.57721692
11821.64202711
11821.70679975
11821.77163334
11821.83633357
11821.90150557
11821.96542464
11822.03003612
11822.09462371
11822.17018151
11822.23317044
11822.29869084
11822.36226491
11822.42920478
11822.49378676
11822.55769948
11822.62230072
11822.68585578
11822.75011983
11822.81576897
11822.88062182
11822.94549467
11823.00926428
11823.07418735
11823.13826172
11823.21413037
11823.31030276
11823.37499397
11823.43917610
11823.50322536
11823.56789487
11823.63375441
11823.69765299
11823.76200872
11823.82610503
11823.89098275
11823.98879744
11824.04188063
11824.13824050
11824.20301973
11824.29874618
11824.36445091
11824.42872910
11824.49426560
11824.55844286
11824.62206398
11824.68697438
11824.75196108
11824.81583333
11824.88139348
11824.94501241
11825.01050478
11825.07524670
11825.13911749
11825.20395547
11825.26700413
11825.34276161
11825.40779147
11825.47073530
11825.53709855
11825.60131530
11825.67720517
11825.74228428
11825.80635621
11825.87031916
11825.93478119
11825.99951165
11826.06591026
11826.13042275
11826.19302939
11826.25748312
11826.32240912
11826.39603839
11826.46210761
11826.52666691
11826.59132179
11826.65493585
11826.71954026
11826.78386356
11826.85078221
11826.91333668
11826.97826145
11827.04165072
11827.10772116
11827.17165582
11827.23710723
11827.30115380
11827.36591572
11827.43981439
11827.50528969
11827.56924191
11827.63554812
11827.69881572
11827.76399211
11827.82649513
11827.89180463
11827.95690374
11828.02249338
11828.08619326
11828.15205768
11828.21494397
11828.27981657
11828.34377293
11828.42041934
11828.48265783
11828.54893014
11828.61244716
11828.67684238
11828.74256344
11828.80690600
11828.87091796
11828.93607314
11829.00010264
11829.06555088
11829.12884043
11829.19546407
11829.25909690
11829.32291600
11829.38844299
11829.49554536
11829.55939835
11829.62603930
11829.69860312
11829.76370149
11829.82797407
11829.89252558
11829.95747254
11830.02287958
11830.08688641
11830.15113949
11830.21578243
11830.27953131
11830.34287840
11830.41023883
11830.47403014
11830.54917614
11830.61478383
11830.67856709
11830.74356477
11830.80828060
11830.87302057
11830.93837738
11831.00083310
11831.06498305
11831.12917445
11831.19511810
11831.25909934
11831.32585317
11831.38719639
11831.45215164
11831.51721759
11831.59281269
11831.65765335
11831.73293784
11831.79690347
11831.86181947
11831.92745764
11831.99216030
11832.05494760
11832.12116872
11832.18300101
11832.24822324
11832.31165736
11832.37755397
11832.44201039
11832.50773827
11832.58244664
11832.65837552
11832.72117208
11832.78611197
11832.85174356
11832.91670417
11832.98004151
11833.04519230
11833.10810954
11833.17425873
11833.23811660
11833.30257619
11833.36675052
11833.43161459
11833.49705600
11833.56068493
11833.63675107
11833.70155711
11833.77564645
11833.84036765
11833.90539750
11833.97130337
11834.03432522
11834.09923805
11834.16206582
11834.22900983
11834.29194097
11834.35806529
11834.42201337
11834.48713563
11834.54979103
11834.62507991
11834.69039746
11834.75392911
11834.81978354
11834.88340076
11834.94879000
11835.01144369
11835.07720059
11835.14145782
11835.20808926
11835.26966336
11835.33395009
11835.39878685
11835.46402419
11835.52752269
11835.59317645
11835.67014762
11835.74670187
11835.80770594
11835.87354110
11835.93729803
11836.00290377
11836.06515274
11836.13087477
11836.19562596
11836.26026499
11836.32459999
11836.38846005
11836.45445662
11836.51702888
11836.58184833
11836.64696425
11836.72197811
11836.78809585
11836.85129958
11836.91707769
11837.01321204
11837.06857412
11837.13232959
11837.19721584
11837.26046662
11837.32407605
11837.38783468
11837.45415088
11837.51769570
11837.58292889
11837.64767667
11837.72305234
11837.79884005
11837.87386196
11837.97026523
11838.02527964
11838.08986552
11838.15338815
11838.21698051
11838.28273277
11838.34795427
11838.41317600
11838.47658794
11838.57323381
11838.63959389
11838.70219053
11838.77777101
11838.87553083
11838.93929118
11839.00398897
11839.06780783
11839.13367420
11839.19794410
11839.26081795
11839.32560595
11839.39063874
11839.45501080
11839.52072162
11839.58481574
11839.64996165
11839.71472356
11839.78911546
11839.86245045
11839.92865523
11839.99280250
11840.05840433
11840.12369629
11840.18734570
11840.25123819
11840.31630267
11840.37897830
11840.44453625
11840.50907093
11840.57592961
11840.63967727
11840.70389671
11840.76725404
11840.84427494
11840.90840733
11840.97166616
11841.03572663
11841.10274549
11841.16657288
11841.22975393
11841.29393997
11841.36010525
11841.42288377
11841.48946767
11841.55170835
11841.61652975
11841.68158155
11841.74535433
11841.82249982
11841.88746604
11841.95172034
11842.01492163
11842.07987274
11842.14476607
11842.20911862
11842.27442886
11842.35222240
11842.41465690
11842.47686345
11842.53878498
11842.60031325
11842.66323854
11842.72361237
11842.78748852
11842.86089543
11842.92274041
11842.98477702
11843.04822017
11843.11026409
11843.17199642
11843.23377021
11843.29662967
11843.35759767
11843.42139775
11843.48325223
11843.54492484
11843.60706994
11843.66872401
11843.73275986
11843.79206775
11843.85382130
11843.91797174
11843.97881661
11844.04303117
11844.10477472
11844.16660580
11844.22843980
11844.29031525
11844.35420701
11844.41680462
11844.47680664
11844.54070961
11844.60334965
11844.66556156
11844.72926119
11844.78828456
11844.84930863
11844.91385867
11844.97519092
11845.03793628
11845.09982197
11845.16337678
11845.22385203
11845.28657984
11845.34913577
11845.41127795
11845.47306026
11845.53472921
11845.59800973
11845.66125174
11845.72062253
11845.78401546
11845.84439879
11845.90798481
11845.97138407
11846.03194856
11846.09440696
11846.15792813
11846.21911091
11846.28095979
11846.34261874
11846.40576493
11846.46711570
11846.53022605
11846.59202128
11846.65475153
11846.72767619
11846.79932596
11846.86258894
11846.92408697
11846.98634715
11847.04929732
11847.11153092
11847.17266349
11847.23567143
11847.29875350
11847.36121482
11847.42131802
11847.48381495
11847.54641354
11847.60759535
11847.67212345
11847.74036599
11847.79425375
11847.85807163
11847.91963086
11847.97995739
11848.04297241
11848.10589356
11848.16870938
11848.22983902
11848.29262705
11848.35561964
11848.41655277
11848.51225801
11848.57526157
11848.63789746
11848.69885546
11848.76148989
11848.82272364
11848.88708034
11848.94815853
11849.00993231
11849.07173804
11849.13460287
11849.19645125
11849.25771377
11849.32163210
11849.38172311
11849.44437412
11849.50835487
11849.56948670
11849.63202141
11849.69323809
11849.75572550
11849.81777967
11849.88063255
11849.94304609
11850.00534504
11850.09871629
11850.16157186
11850.22420458
11850.28516429
11850.34640388
11850.41124918
11850.47234029
11850.53410823
11850.59682043
11850.65883997
11850.73141720
11850.79414379
11850.85644737
11850.91828942
11850.98083145
11851.04383257
11851.10471474
11851.16668211
11851.22965519
11851.29196755
11851.35410461
11851.41766990
11851.47727963
11851.53952665
11851.60093813
11851.66593117
11851.72596391
11851.78926248
11851.85164530
11851.91361145
11851.97559466
11852.03917312
11852.10018500
11852.16344359
11852.22507108
11852.28652694
11852.34820783
11852.41094759
11852.47314877
11852.53627106
11852.60766362
11852.69349116
11852.75547535
11852.81620880
11852.87966999
11852.94062774
11853.00277821
11853.06502620
11853.12934511
11853.18991838
11853.25165851
11853.31446142
11853.37671112
11853.43768862
11853.50066414
11853.56256616
11853.63639682
11853.69688450
11853.76037593
11853.82150239
11853.88399566
11853.94926079
11854.01009274
11854.07231538
11854.13534088
11854.19669141
11854.25787761
11854.32010878
11854.38408465
11854.44402206
11854.50576439
11854.56876185
11854.63243052
11854.69282776
11854.75508672
11854.81708456
11854.88029609
11854.94315068
11855.00411112
11855.06517541
11855.12779717
11855.19044306
11855.25243895
11855.31408156
11855.37954394
11855.43916854
11855.50148212
11855.57484636
11855.63784895
11855.69897615
11855.76122828
11855.82314348
11855.88528761
11855.94814341
11856.01044895
11856.07205474
11856.16637735
11856.23023351
11856.29333361
11856.35313327
11856.41479149
11856.47811882
11856.54039705
11856.60341426
11856.66577636
11856.72622723
11856.78749779
11856.85082171
11856.91354074
11856.97405476
11857.03712464
11857.09861828
11857.16081410
11857.22286680
11857.28664884
11857.34738497
11857.41018690
11857.47283986
11857.53477895
11857.60770287
11857.66945910
11857.73237440
11857.79667332
11857.85640471
11857.91892089
11857.98049329
11858.04221294
11858.10517140
11858.16832124
11858.22957961
11858.29212383
11858.35399977
11858.41675489
11858.47875200
11858.54055845
11858.60332941
11858.66555961
11858.72766229
11858.79046397
11858.85005030
11858.91382917
11858.97574704
11859.03785314
11859.09996143
11859.16305130
11859.22549092
11859.28743367
11859.35016879
11859.41094515
11859.47444437
11859.55818686
11859.61900954
11859.68093814
11859.74325903
11859.80742727
11859.86834333
11859.92998692
11859.99448308
11860.05528674
11860.11774782
11860.17999216
11860.24176277
11860.30271175
11860.36567922
11860.42927402
11860.49102415
11860.55227764
11860.61430182
11860.67623262
11860.73826727
11860.80208418
11860.86438508
11860.92498199
11860.98756303
11861.05038422
11861.11277752
11861.17466029
11861.23688585
11861.29855894
11861.36046511
11861.42371979
11861.48488722
11861.54700575
11861.61044012
11861.67274858
11861.73358954
11861.79841119
11861.85732631
11861.92050321
11861.98358625
11862.04618972
11862.12766624
11862.18994251
11862.25390034
11862.31496245
11862.37770464
11862.43925290
11862.50211261
11862.56484066
11862.62646231
11862.68985231
11862.75065499
11862.81319141
11862.87610696
11862.93784612
11863.00009972
11863.06173843
11863.12454060
11863.18712261
11863.24787288
11863.31082939
11863.37258708
11863.43445400
11863.49744122
11863.55913625
11863.62172485
11863.68323336
11863.74701467
11863.80755624
11863.87040084
11863.93327859
11863.99412858
11864.05692904
11864.11919800
11864.18051172
11864.24450051
11864.30789099
11864.36685219
11864.42969752
11864.49131989
11864.55370539
11864.61684402
11864.67833937
11864.74103354
11864.80397809
11864.86352565
11864.92626858
11864.98953033
11865.08267484
11865.13415304
11865.19893055
11865.25981809
11865.32255589
11865.39518700
11865.45821348
11865.55191998
11865.60387530
11865.66550524
11865.72767229
11865.78886873
11865.85340951
11865.91486609
11865.97736594
11866.03967293
11866.10120169
11866.16193002
11866.22617968
11866.28704918
11866.36099686
11866.42267239
11866.48471972
11866.54634015
11866.61081266
11866.67290413
11866.73520527
11866.79484279
11866.85901713
11866.92046128
11866.99229050
11867.05502099
11867.11693131
11867.18028814
11867.24193246
11867.31619295
11867.37586461
11867.43919243
11867.50213821
11867.56394296
11867.62591861
11867.68844577
11867.75158440
11867.81312266
11867.87469164
11867.94452333
11868.00585972
11868.06874040
11868.13128681
11868.19427574
11868.25505746
11868.32969854
11868.39150524
11868.45345481
11868.51431089
11868.57810220
11868.63955854
11868.70096197
11868.76468721
11868.82620499
11868.88806216
11868.96081249
11869.02254361
11869.08512854
11869.14718198
11869.21124367
11869.27180182
11869.33407565
11869.39796083
11869.45784947
11869.52055680
11869.58461776
11869.64532610
11869.70776841
11869.76909480
11869.83240775
11869.89379656
11869.95687448
11870.01848808
11870.07982154
11870.14212049
11870.20585231
11870.26673716
11870.32873744
11870.40190688
11870.46436626
11870.52720963
11870.58903096
11870.65102637
11870.72784856
11870.77443813
11870.85061228
11870.91142350
11870.97353789
11871.03564935
11871.09733755
11871.15965113
11871.22008103
11871.28323575
11871.34752516
11871.40798944
11871.47194776
11871.53384637
11871.62774475
11871.67919466
11871.74132806
11871.80398955
11871.86421051
11871.92781019
11871.98872283
11872.05211283
11872.11506933
11872.17706474
11872.23911329
11872.31179780
11872.37468798
11872.43544752
11872.49751192
11872.55950635
11872.62184602
11872.68375414
11872.74742988
11872.80793781
11872.87080239
11872.93348802
11872.99475419
11873.05748200
11873.12051165
11873.18286570
11873.24544795
11873.30593662
11873.36915765
11873.43099824
11873.49268230
11873.55623882
11873.61681379
11873.67972251
11873.74162404
11873.80362725
11873.86713647
11873.92788284
11873.99033563
11874.05230836
11874.11602531
11874.18910795
11874.24968780
11874.31227786
11874.37573222
11874.43723806
11874.49890139
11874.56060789
11874.62263523
11874.68641508
11874.74855067
11874.80990584
11874.87190051
11874.96712082
11875.02967114
11875.09145491
11875.16416599
11875.23723133
11875.29904924
11875.36111681
11875.42419547
11875.48605580
11875.54812679
11875.60929934
11875.67427702
11875.73480786
11875.79613815
11875.85701423
11875.92092281
11875.98268830
11876.04634308
11876.10800836
11876.17077982
11876.23265454
11876.29441564
11876.35706104
11876.41798271
11876.48002273
11876.54217223
11876.60509606
11876.71103667
11876.77270879
11876.83586156
11876.89765680
11876.96030927
11877.02234368
11877.08280333
11877.14724317
11877.20997830
11877.27036700
11877.33239288
11877.39454944
11877.45712219
11877.52040588
11877.58296644
11877.65571409
11877.71651971
11877.77905637
11877.84074409
11877.90324125
11877.96543951
11878.02734153
11878.09049113
11878.15326381
11878.21462653
11878.27734409
11878.33810119
11878.40226236
11878.46266179
11878.52525550
11878.58791821
11878.65159298
11878.71193536
11878.77524636
11878.83681729
11878.89872078
11878.96005205
11879.02373608
11879.08451756
11879.14534195
11879.20843547
11879.27174428
11879.33448988
11879.39532207
11879.45833514
11879.52104271
11879.58195853
11879.64530123
11879.70726811
11879.77069419
11879.83098268
11879.89369708
11879.95692178
11880.01750723
11880.07943949
11880.14102749
11880.20403885
11880.26682127
11880.32969903
11880.39065580
11880.45486402
11880.51512131
11880.57693045
11880.63903971
11880.70319893
11880.76365858
11880.82542602
11880.88806094
11880.95035013
11881.04581791
11881.14043479
11881.20318552
11881.26377512
11881.32591657
11881.39011503
11881.45090383
11881.51380035
11881.57659204
11881.63734987
11881.70019032
11881.76206089
11881.82378055
11881.88891622
11881.94882169
11882.01124864
11882.07313653
11882.13458360
11882.19639372
11882.26045760
11882.32208022
11882.37532628
11882.43725732
11882.50084992
11882.56175184
11882.62531080
11882.68682419
11882.74830199
11882.81042320
11882.87435689
11882.93457639
11882.99759531
11883.05938372
11883.12160001
11883.18328383
11883.24601213
11883.30739752
11883.37005877
11883.43240843
11883.49429608
11883.55774971
11883.61831346
11883.68142064
11883.74268681
11883.83969741
11883.90028140
11883.96219806
11884.02525014
11884.08638563
11884.15960188
11884.23439192
11884.29621154
11884.35807236
11884.42032621
11884.48142366
11884.54221245
11884.60512410
11884.66819885
11884.73153984
11884.79348697
11884.85489138
11884.91898379
11884.97866081
11885.04135351
11885.10557905
11885.16532701
11885.22721709
11885.29108569
11885.35197127
11885.41571016
11885.47685248
11885.53870330
11885.60157764
11885.66366740
11885.72568304
11885.78768918
11885.84798523
11885.91178361
11885.97365882
11886.03531728
11886.09727319
11886.16029357
11886.22202054
11886.28410250
11886.34715677
11886.41039024
11886.47172272
11886.56680723
11886.62889407
11886.69154605
11886.75221684
11886.81576970
11886.87773390
11886.93858803
11887.00123758
11887.06390443
11887.12473614
11887.18779041
11887.25081640
11887.31277377
11887.37462289
11887.43722587
11887.49909352
11887.56194542
11887.62306043
11887.68550274
11887.74716925
11887.81007285
11887.87251637
11887.93486311
11887.99563118
11888.05869422
11888.13177248
11888.19408606
11888.25691602
11888.32831955
11888.38928779
11888.45326146
11888.51582787
11888.57766675
11888.64014636
11888.70387452
11888.76578923
11888.82733529
11888.88858464
11888.95103426
11889.01309647
11889.07582575
11889.13884101
11889.19894445
11889.26354106
11889.32512370
11889.38519081
11889.44914718
11889.51107968
11889.57351565
11889.63415328
11889.69806844
11889.75910909
11889.82104525
11889.91674635
11889.97880100
11890.03940328
11890.11421137
11890.17538513
11890.23782647
11890.29959440
11890.36333182
11890.42535990
11890.48730849
11890.55053392
11890.61215654
11890.67391106
11890.73666618
11890.79769366
11890.86002820
11890.92473623
11890.98554331
11891.04583766
11891.10849062
11891.17000548
11891.23665228
