14343.48284044
14343.54156709
14343.60293542
14343.65971354
14343.71789626
14343.79581925
14343.83987271
14343.89706068
14343.95979215
14344.01529149
14344.07355564
14344.13457020
14344.19186081
14344.26164349
14344.32208973
14344.39229957
14344.45081801
14344.50833073
14344.57825897
14344.63726015
14344.69689791
14344.75626725
14344.81506850
14344.87421670
14344.94806198
14344.99077888
14345.04947920
14345.10846721
14345.16816813
14345.23798031
14345.30686968
14345.36666007
14345.42744155
14345.48553258
14345.54519985
14345.60340183
14345.66388025
14345.72262080
14345.77975269
14345.84041616
14345.89990033
14345.95851434
14346.01792147
14346.09381231
14346.15648234
14346.22651127
14346.28620145
14346.34449022
14346.40310106
14346.46275907
14346.52173684
14346.58287501
14346.63883442
14346.69909391
14346.75610901
14346.81702191
14346.88558335
14346.94464792
14347.00530213
14347.06610896
14347.13493250
14347.21090307
14347.25261157
14347.31099591
14347.37129294
14347.42827245
14347.48892544
14347.54705768
14347.60666229
14347.66547037
14347.74635444
14347.79423156
14347.85349289
14347.91289733
14347.97086647
14348.03988285
14348.10976404
14348.16928356
14348.22912466
14348.28794518
14348.36396817
14348.40572543
14348.46561554
14348.52344400
14348.58364326
14348.64306476
14348.70082764
14348.75969155
14348.81957191
14348.87939839
14348.93828814
14349.00718921
14349.06696936
14349.12575941
14349.18384313
14349.24339313
14349.32444713
14349.37228865
14349.43189790
14349.50769439
14349.55205285
14349.60868445
14349.66727871
14349.72633889
14349.78630483
14349.84492420
14349.91474419
14349.97357178
14350.03241326
14350.09194034
14350.15453478
14350.21151917
14350.27021340
14350.32967903
14350.38649227
14350.44651964
14350.50729064
14350.56428746
14350.64103651
14350.68293494
14350.74193295
14350.81157496
14350.89245439
14350.91041291
14350.96438137
14351.02319141
14351.08343090
14351.10308756
14351.15384090
14351.26748687
14351.33725566
14351.40601507
14351.46791491
14351.52683344
14351.58667942
14351.65848694
14351.72718516
14351.78621486
14351.86216910
14351.90481431
14351.96256353
14352.02342790
14352.08148652
14352.14007493
14352.19803504
14352.25877848
14352.31771140
14352.37643805
14352.43630110
14352.49434411
14352.55325800
14352.62395717
14352.68189656
14352.74072341
14352.80140225
14352.85919462
14352.91818215
14352.97780407
14353.06883231
14353.12848666
14353.18729450
14353.24745573
14353.30716785
14353.36623950
14353.42380586
14353.48346240
14353.54146396
14353.61228722
14353.67016298
14353.73085425
14353.78791885
14353.84678423
14353.90648831
14353.96628797
14354.02505655
14354.08409333
14354.16002001
14354.20076522
14354.26058194
14354.31845526
14354.37925698
14354.43846125
14354.49683486
14354.56678017
14354.62562677
14354.68432490
14354.74426694
14354.80521445
14354.86394159
14354.92200825
14354.98080122
14355.03970170
14355.09923122
14355.15903722
14355.21790284
14355.29367446
14355.33476417
14355.39462649
14355.48441569
14355.53427450
14355.59392666
14355.65185215
14355.70964720
14355.76962533
14355.82924871
14355.88813676
14355.94693485
14356.00685641
14356.06570789
14356.12358438
14356.19340583
14356.25234021
14356.31148475
14356.37118152
14356.46177359
14356.50168619
14356.55960315
14356.61833882
14356.67746629
14356.73697728
14356.79578512
14356.85369549
14356.91355635
14356.97148915
14357.03118470
14357.09023465
14357.15032517
14357.21873374
14357.27865774
14357.34849577
14357.40672797
14357.46707913
14357.52501535
14357.60079672
14357.64258105
14357.70344371
14357.76129411
14357.81934346
14357.88102338
14357.93986511
14357.99872146
14358.05749371
14358.11550600
14358.17544657
14358.24527485
14358.32600263
14358.38486118
14358.44344789
14358.50561542
14358.56131030
14358.64295261
14358.70971693
14358.74965269
14358.80852295
14358.86737028
14358.92631783
14358.98599680
14359.05504464
14359.11496035
14359.17271591
14359.24254540
14359.30249793
14359.36129114
14359.41921639
14359.48072222
14359.53972682
14359.59947771
14359.65768090
14359.71712192
14359.77398123
14359.85175111
14359.89360371
14359.95347260
14360.01135957
14360.07020789
14360.12819994
14360.19980485
14360.25882237
14360.31784842
14360.37476600
14360.43560600
14360.49423976
14360.55332212
14360.61202854
14360.67166874
14360.72956449
14360.78859712
14360.84836509
14360.91037707
14360.98516419
14361.02578042
14361.09572548
14361.15647331
14361.21327972
14361.27418286
14361.33206910
14361.39287423
14361.44987788
14361.51042895
14361.56832495
14361.62818824
14361.68602547
14361.74509955
14361.80571109
14361.86358977
14361.92170154
14361.99316114
14362.05122756
14362.12791054
14362.16908534
14362.22923242
14362.28664494
14362.34730183
14362.40517515
14362.46305822
14362.52396672
14362.58380124
14362.64260177
14362.71373028
14362.77119473
14362.83112702
14362.88897864
14362.94877196
14363.00681448
14363.06587637
14363.12529129
14363.18429735
14363.25986636
14363.31373438
14363.37180079
14363.43160923
14363.49047656
14363.54931438
14363.60801690
14363.66596604
14363.72580666
14363.78462059
14363.85436329
14363.91522474
14363.97209185
14364.03200707
14364.09074397
14364.15168733
14364.20965232
14364.27031019
14364.32834686
14364.40495109
14364.44678052
14364.51567232
14364.57541858
14364.63451900
14364.69311082
14364.75199229
14364.82277508
14364.88079054
14364.93950963
14364.99839744
14365.05924792
14365.11826738
14365.17504770
14365.23476934
14365.29285209
14365.36044146
14365.42033840
14365.47925059
14365.55506609
14365.59694551
14365.65674882
14365.72643885
14365.78632482
14365.84344111
14365.90401705
14365.96282002
14366.02270964
14366.08167839
14366.14059180
14366.19824837
14366.25806437
14366.31689098
14366.38585812
14366.44562511
14366.50448049
14366.56324322
14366.62121748
14366.70917372
14366.75086418
14366.80961107
14366.86964283
14366.93059620
14366.98732288
14367.04601101
14367.10497976
14367.16278725
14367.22363139
14367.28440409
14367.34221938
14367.40104965
14367.46098950
14367.51972687
14367.58957807
14367.64765082
14367.70824920
14367.76520214
14367.82398316
14367.90092311
14367.94291931
14368.00251368
14368.06158190
14368.12021323
14368.17934558
14368.23883218
14368.29767489
14368.35649979
14368.41444991
14368.48440131
14368.54328473
14368.60342036
14368.66179470
14368.72066447
14368.78143132
14368.83949359
14368.90015584
14368.95820031
14369.03476505
14369.07588475
14369.13553081
14369.19361209
14369.25240799
14369.31201918
14369.37201973
14369.44172098
14369.49883483
14369.55942053
14369.61743209
14369.67717470
14369.73629169
14369.79578487
14369.85473169
14369.91359877
14370.00445781
14370.06424187
14370.13999642
14370.18279036
14370.24081899
14370.29947761
14370.36035540
14370.42930084
14370.48809283
14370.54827015
14370.60655428
14370.66460095
14370.72529100
14370.78317773
14370.84196655
14370.90088166
14370.95964196
14371.02049341
14371.09943968
14371.14814210
14371.20710451
14371.28688290
14371.32499375
14371.39623417
14371.45432813
14371.51422092
14371.57311141
14371.63190389
14371.68990887
14371.74968829
14371.80949209
14371.86833772
14371.92814591
14371.98693498
14372.04679437
14372.10476497
14372.16323172
14372.22350144
14372.28133404
14372.35133981
14372.42701000
14372.46887162
14372.52958751
14372.58755128
14372.66826053
14372.71613888
14372.77591878
14372.83401372
14372.90361014
14372.96243748
14373.02330380
14373.08122369
14373.14038749
14373.19989433
14373.26959388
14373.32854971
14373.38730318
14373.44512773
14373.50696247
14373.58280479
14373.62377163
14373.68345816
14373.74163038
14373.80132057
14373.86008306
14373.91800026
14373.97883416
14374.03667578
14374.09651494
14374.15463670
14374.22419386
14374.28322576
14374.34407745
14374.40187348
14374.46162267
14374.51954280
14374.57835990
14374.63923793
14374.69709564
14374.77284873
14374.81367952
14374.87457632
14374.93340927
14374.99218225
14375.05223132
14375.12095002
14375.18079356
14375.24066563
14375.30047553
14375.35829618
14375.41624752
14375.47705411
14375.53399461
14375.60560221
14375.66363571
14375.72253790
14375.78550099
14375.84127193
14375.91713450
14375.95948665
14376.01772179
14376.09063254
14376.14727438
14376.20709037
14376.26495369
14376.32472921
14376.38263252
14376.44148571
14376.50057563
14376.56003957
14376.61909121
14376.67901741
14376.73867566
14376.79678571
14376.85654660
14376.91413856
14376.98499913
14377.06087608
14377.10280888
14377.16482233
14377.22033557
14377.27944549
14377.33813557
14377.39785599
14377.46789516
14377.52464281
14377.58653801
14377.64462515
14377.70417197
14377.76204724
14377.82101794
14377.88094463
14377.94965869
14378.00942104
14378.06718514
14378.12710280
14378.20478418
14378.24671089
14378.30652664
14378.36550612
14378.42421253
14378.48305914
14378.54197498
14378.60082866
14378.65864761
14378.71743058
14378.77831811
14378.83623678
14378.90606944
14378.96582180
14379.02372828
14379.08351160
14379.14156241
14379.20212495
14379.26116416
14379.34701975
14379.38960645
14379.44946974
14379.50738231
14379.56623769
14379.64620918
14379.70600615
14379.76664622
14379.83659225
14379.89548299
14379.95419794
14380.01198129
14380.07187311
14380.13089330
14380.18964677
14380.24949714
14380.30820868
14380.36620488
14380.42592627
14380.50279064
14380.54467713
14380.60265138
14380.66124125
14380.73233197
14380.79101133
14380.85142904
14380.90890714
14380.96784420
14381.02643505
14381.08521217
14381.14498355
14381.21485302
14381.27495915
14381.33460228
14381.39334478
14381.45135000
14381.51023854
14381.57101831
14381.64696157
14381.69967466
14381.75651544
14381.81649503
14381.87524606
14381.93414948
14381.99301705
14382.05274893
14382.11074171
14382.17030366
14382.22942406
14382.28908645
14382.34880760
14382.40691254
14382.46560481
14382.52444752
14382.59519032
14382.65318189
14382.72317229
14382.80072616
14382.84361568
14382.90061542
14382.96134253
14383.02036395
14383.07808927
14383.13787918
14383.20110899
14383.25658225
14383.31450238
14383.37343651
14383.43414704
14383.50193268
14383.56277779
14383.61965563
14383.68042590
14383.73926421
14383.79821956
14383.85696644
14383.91581159
14383.99268815
14384.03268803
14384.09158828
14384.15122409
14384.21006704
14384.28081229
14384.33970083
14384.41059601
14384.46943457
14384.53025189
14384.58853066
14384.64699254
14384.70588108
14384.76381388
14384.82463535
14384.88137544
14384.94226102
14385.00019724
14385.05886197
14385.15770553
14385.19174232
14385.24747694
14385.30568452
14385.37550792
14385.43409608
14385.49375262
14385.55298762
14385.61247812
14385.67125866
14385.72934653
14385.78800906
14385.85989752
14385.91690873
14385.97749979
14386.03630495
14386.09616239
14386.15406789
14386.21391704
14386.30059914
14386.34358398
14386.40651610
14386.46721981
14386.52598522
14386.58413990
14386.64469219
14386.70275300
14386.76230275
14386.82222358
14386.88037826
14386.93998067
14386.99982056
14387.05867935
14387.11845316
14387.18917183
14387.24804770
14387.30880430
14387.36698604
14387.44379532
14387.48558476
14387.54441235
14387.60500341
14387.66407627
14387.72192618
14387.78255406
14387.84157548
14387.90036723
14387.96019516
14388.01897399
14388.07896943
14388.14884939
14388.20891602
14388.26826073
14388.32709587
14388.38528297
14388.44403669
14388.50379977
14388.58043033
14388.62441528
14388.68315169
14388.74100331
14388.80181794
14388.86066284
14388.91977008
14388.97941272
14389.05115124
14389.10909429
14389.16809206
14389.22872676
14389.28906451
14389.34644021
14389.40627254
14389.46425094
14389.54504601
14389.59392397
14389.65462475
14389.73339060
14389.77193469
14389.83213810
14389.89018696
14389.95087676
14390.01172821
14390.06956228
14390.12944946
14390.18930666
14390.24717729
14390.30705034
14390.36686170
14390.42668062
14390.48501571
14390.54436846
14390.60423224
14390.66301497
14390.72194544
14390.78170975
14390.84399212
14390.93028778
14390.97037373
14391.03108182
14391.08981920
14391.14884037
14391.20950140
14391.26737716
14391.32623913
14391.38500942
14391.44834383
14391.50476891
14391.56462294
14391.62266400
14391.68140065
14391.74123590
14391.81297686
14391.87072315
14391.93069787
14391.99048241
14392.06726242
14392.10710310
14392.16838292
14392.23839089
14392.30057207
14392.35568742
14392.41555997
14392.47617542
14392.53401923
14392.59501307
14392.65372997
14392.72353630
14392.78253578
14392.84133825
14392.90216752
14392.96187331
14393.02278473
14393.08163451
14393.13938641
14393.21625200
14393.25704988
14393.31799592
14393.37671697
14393.44107464
14393.49544222
14393.55437758
14393.61328001
14393.68288959
14393.74379736
14393.80172578
14393.86353077
14393.92241785
14393.98213242
14394.04107386
14394.09926852
14394.15907013
14394.21861842
14394.27849683
14394.35258689
14394.39646359
14394.45509126
14394.51410463
14394.58505004
14394.64402123
14394.70554364
14394.76140748
14394.82624278
14394.88297385
14394.94191042
14395.00075483
14395.05957535
14395.11859067
14395.17830939
14395.23709479
14395.29800890
14395.35684381
14395.41580793
14395.49442164
14395.54319062
14395.60410546
14395.66295109
14395.75772572
14395.81472010
14395.87544745
14395.93482385
14395.99312335
14396.05304150
14396.11197612
14396.17152465
14396.23136308
14396.29959196
14396.35913245
14396.41892186
14396.47796400
14396.56456638
14396.60843771
14396.66653265
14396.72662366
14396.78697969
14396.84597112
14396.90586196
14396.96418218
14397.02335232
14397.08426375
14397.14217705
14397.20185554
14397.26079820
14397.32066247
14397.37941423
14397.43838104
14397.50012678
14397.55690174
14397.61578833
14397.67569233
14397.75249795
14397.79450390
14397.85421847
14397.91315699
14397.97385752
14398.03263001
14398.09063181
14398.14941966
14398.20921737
14398.27892032
14398.35099018
14398.40879231
14398.46854394
14398.53029139
14398.58729187
14398.67892915
14398.73982302
14398.79811399
14398.87641611
14398.91738343
14398.97722209
14399.03518733
14399.09594759
14399.15565265
14399.21349891
14399.27631888
14399.34129656
14399.40298135
14399.46090953
14399.52088643
14399.57879998
14399.63864450
14399.70031832
14399.76923401
14399.83099439
14399.89075308
14399.94863177
14400.02270013
14400.06548432
14400.12625775
14400.20508041
14400.26807860
14400.32572152
14400.38362385
14400.44346008
14400.50037839
14400.56217851
14400.63196802
14400.69266270
14400.75072692
14400.81042417
14400.87133170
14400.92824124
14400.98887326
14401.04700916
14401.12260329
14401.16675745
14401.23546663
14401.29539332
14401.35423358
14401.41289952
14401.47283279
14401.53253614
14401.59140688
14401.66216188
14401.72197373
14401.78104464
14401.84057391
14401.90047133
14401.95939084
14402.01737314
14402.07797834
14402.16902073
14402.23651428
14402.27609286
14402.33644889
14402.39848282
14402.45803916
14402.51396273
14402.57381115
14402.59466320
14402.64686161
14402.70729810
14402.76716797
14402.82617915
14402.87489986
14402.93436525
14403.00359180
14403.06449055
14403.12323476
14403.18303320
14403.24187590
14403.30169652
14403.36165393
14403.44036394
14403.48028946
14403.53837440
14403.59800535
14403.65687243
14403.71623421
14403.77572666
14403.83445990
14403.89513093
14403.96422363
14404.02387871
14404.08287038
14404.14245938
14404.20038829
14404.26015942
14404.32011487
14404.37996134
14404.43902908
14404.49961746
14404.57529912
14404.61731287
14404.67702256
14404.73499730
14404.81691000
14404.87553059
14404.93440743
14404.99440774
14405.05216866
14405.11215508
14405.17300190
14405.19296429
14405.24475627
14405.30456372
14405.41836403
14405.48795678
14405.55778823
14405.62764942
14405.71052809
14405.76826414
14405.83162317
14405.89198262
14405.95076754
14406.00962901
14406.06848927
14406.12834696
14406.18634194
14406.24516806
14406.30794902
14406.36573091
14406.42450510
14406.48342778
14406.54319671
14406.60314534
14406.66185834
14406.73080475
14406.79092331
14406.86648769
14406.91023542
14406.96831841
14407.02991519
14407.12065355
14407.17887600
14407.23932785
14407.29728186
14407.35904736
14407.41684778
14407.47770508
14407.53557279
14407.59639913
14407.65345763
14407.72439085
14407.78297951
14407.84283792
14407.90256761
14407.98045354
14408.02138039
14408.08005999
14408.13988207
14408.19898663
14408.25815994
14408.32064296
14408.37849093
14408.43667608
14408.49598933
14408.55589188
14408.62496044
14408.68460211
14408.74338264
14408.80317401
14408.86305510
14408.92106227
14408.98241987
14409.03974803
14409.11642199
14409.15827239
14409.21812763
14409.27797312
14409.33684704
14409.39754196
14409.45559911
14409.51624722
14409.58535334
14409.64721977
14409.70393304
14409.76286717
14409.82166111
14409.88144907
14409.94110780
14410.00093379
14410.05895900
14410.11880132
14410.17866925
14410.25529908
14410.29830318
14410.35702959
14410.41528861
14410.48680064
14410.54557727
14410.60534816
14410.66518146
14410.72327299
14410.78195014
14410.84172298
14410.90061201
14410.96143372
14411.02132285
14411.07827164
14411.13693100
14411.19788461
14411.25979346
14411.31756706
14411.39230201
14411.44630728
14411.50596968
14411.56580639
14411.62398740
14411.68353861
14411.74251688
14411.80228191
14411.86107975
14411.92013579
14411.97964946
14412.03962149
14412.09942968
14412.15841038
14412.21732964
14412.28030077
14412.33789469
14412.41464715
14412.47446387
14412.55030084
14412.59213880
14412.65107049
14412.70989564
14412.76968531
14412.82887593
14412.88765524
14412.94723376
14413.00719799
14413.06497086
14413.12672392
14413.18666230
14413.24547209
14413.31438876
14413.37432715
14413.43313718
14413.49374555
14413.55199287
14413.61053764
14413.68549372
14413.73030689
14413.78814437
14413.84896778
14413.90683013
14413.96574427
14414.02548907
14414.08648144
14414.14616017
14414.20589741
14414.27877501
14414.33466884
14414.39348204
14414.45328268
14414.51328201
14414.59383133
14414.64073638
14414.69989287
14414.75961085
14414.83629627
14414.87824663
14414.93721368
14414.99681902
14415.05688833
14415.11658022
14415.18661134
14415.24642563
14415.30595880
14415.36391111
14415.42372564
14415.48265295
14415.54439187
14415.60229396
14415.66214530
14415.72006348
14415.77889448
14415.83797929
14415.89783624
14415.97632780
14416.01823110
14416.07620341
14416.14602534
14416.20595056
14416.26475499
14416.32669749
14416.38416925
14416.44401060
14416.50224451
14416.56092118
14416.62163147
14416.67961425
14416.74024750
14416.79913116
14416.85705543
14416.91674269
14416.97768484
14417.04805072
14417.12424852
14417.16622643
14417.22499892
14417.28479565
14417.34394116
14417.40462170
14417.46253988
14417.52215254
14417.58012021
14417.64002056
14417.69891934
14417.75868340
14417.81843673
14417.87733576
14417.94810489
14418.00805961
14418.06782050
14418.12661396
14418.18574826
14418.26320387
14418.30438087
14418.36311630
14418.42197460
14418.48267636
14418.54162561
14418.60033397
14418.65934612
14418.71903021
14418.77714441
14418.84790916
14418.91866757
14418.97841164
14419.03833930
14419.09629868
14419.15600398
14419.21569368
14419.27487187
14419.33447136
14419.41123260
14419.45305788
14419.51300358
14419.57097442
14419.63173469
14419.69049913
14419.74856238
14419.81834311
14419.88018467
14419.93876235
14419.99766333
14420.06853584
14420.12734197
14420.18718552
14420.24702174
14420.30520348
14420.36471691
14420.42449828
14420.48253592
14420.56331051
14420.60111831
14420.66009023
14420.72070348
14420.79054199
14420.84974212
14420.90941914
14420.96898694
14421.03807793
14421.09977394
14421.15855545
14421.21634465
14421.27719586
14421.33547463
14421.39508217
14421.45374713
14421.51257838
14421.57166611
14421.63237640
14421.70831405
14421.76194143
14421.82176790
14421.88177748
14421.93969468
14421.99854933
14422.06127690
14422.11712928
14422.17708156
14422.23578968
14422.29562567
14422.35537778
14422.41338568
14422.47223399
14422.53290454
14422.59275320
14422.66155821
14422.72067422
14422.78130576
14422.85839785
14422.90096285
14422.95810352
14423.01965495
14423.07747804
14423.13738985
14423.19613040
14423.27796093
14423.32491134
14423.38466467
14423.44363562
14423.50336213
14423.57328379
14423.63316293
14423.69280094
14423.75371261
14423.81161592
14423.87137510
14423.93123010
14424.01107797
14424.04809363
14424.10807639
14424.13177687
14424.18062582
14424.23836480
14424.29862452
14424.35810089
14424.42911774
14424.48795069
14424.54761844
14424.60641507
14424.66632907
14424.72507767
14424.78440214
14424.84474330
14424.90263904
14424.96246991
14425.02239732
14425.08132804
14425.14101628
14425.21574878
14425.25865146
14425.31850622
14425.38829012
14425.44822607
14425.50628444
14425.56504546
14425.62666516
14425.68568194
14425.74445809
14425.80338271
14425.86408081
14425.92286378
14425.98184155
14426.04060136
14426.10147280
14426.16025773
14426.22009834
14426.28989565
14426.36473568
14426.40853046
14426.46651763
14426.52832823
14426.58711852
14426.64597756
14426.70476540
14426.76480351
14426.82248275
14426.88235701
14426.94128383
14427.00011532
14427.06001031
14427.12070109
14427.18961581
14427.24835416
14427.30826305
14427.36799102
14427.43794901
14427.52558830
14427.55946027
14427.59348634
14427.64359139
14427.71408966
14427.77001420
14427.82941182
14427.88865413
14427.94755193
14428.00650411
14428.06615602
14428.13595625
14428.19577590
14428.25363922
14428.31371536
14428.37252149
14428.43238552
14428.49702113
14428.55087086
14428.61168257
14428.67149198
14428.74733626
14428.78928028
14428.84818174
14428.90794239
14428.96780641
14429.02653891
14429.09693551
14429.15519575
14429.21436906
14429.28563216
14429.34479498
14429.40254932
14429.46338834
14429.52237684
14429.58217723
14429.64104919
14429.70094271
14429.76068386
14429.81951949
14429.89632023
14429.93827595
14430.00912262
14430.06794899
14430.12674708
14430.18651480
14430.24534068
14430.30525200
14430.36403448
14430.42482864
14430.48364428
14430.54355414
14430.60154912
14430.66044302
14430.71923623
14430.77890374
14430.83788786
14430.90859239
14430.96658151
14431.04437724
14431.08611378
14431.14716979
14431.20598323
14431.26392287
14431.32351407
14431.38343026
14431.44250751
14431.50218185
14431.56196834
14431.62003256
14431.68057413
14431.73944902
14431.80148148
14431.86913717
14431.92801718
14431.98713612
14432.04606879
14432.10570168
14432.18249950
14432.22449935
14432.28434972
14432.34325386
14432.40397853
14432.46388473
14432.52263601
14432.58144580
14432.63943590
14432.70013936
14432.76999763
14432.82988481
14432.88863218
14432.94849109
14433.00646632
14433.06730923
14433.12602321
14433.18402818
14433.24370545
14433.32247373
14433.36438923
14433.42418961
14433.48317812
14433.54116334
14433.60107418
14433.65971720
14433.71863841
14433.77761984
14433.83821432
14433.89632633
14433.95690447
14434.01484459
14434.07369778
14434.13451802
14434.19423332
14434.25314892
14434.31190190
14434.37178397
14434.43090827
14434.50941251
14434.54931926
14434.60920059
14434.68000118
14434.73823143
14434.79769732
14434.85768739
14434.91550317
14434.97749418
14435.03504616
14435.09384205
14435.15275034
14435.21374077
14435.27265978
14435.29436273
14435.34441488
14435.40328880
14435.46403102
14435.52294589
14435.61554257
14435.68340232
14435.72256277
14435.78124188
14435.84187926
14435.89982914
14435.97761706
14436.03944278
14436.09942115
14436.19402681
14436.24386490
14436.30488385
14436.36661594
14436.42748129
14436.48823546
14436.55022745
14436.61194833
14436.67173555
14436.74861016
14436.79442076
14436.85633498
14436.91725031
14436.97808055
14437.04084517
14437.10085499
14437.16257611
14437.22250304
14437.28511650
14437.34528406
14437.40808087
14437.46794733
14437.52949779
14437.59338881
14437.65323747
14437.71404601
14437.77502888
14437.85276414
14437.89654283
14437.95946203
14438.02161494
14438.08115103
14438.14210976
14438.20474370
14438.26854403
14438.32749377
14438.38721955
14438.46001060
14438.52179560
14438.63674644
14438.70238436
14438.76326239
14438.82521171
14438.88608023
14438.96381110
14439.00676840
14439.07059213
14439.13139921
14439.19117131
14439.25309407
14439.31288568
14439.37583486
14439.43684626
14439.49751826
14439.55840336
14439.62110118
14439.68203699
14439.74322977
14439.80364798
14439.86463572
14439.92740059
14439.98925141
14440.06599096
14440.11082875
14440.17189598
14440.23275767
14440.29445392
14440.35731997
14440.41635577
14440.47891633
14440.53890786
14440.60051707
14440.66059735
14440.72255814
14440.78505896
14440.84603963
14440.90596948
14440.96683337
14441.03052349
14441.09034704
14441.16909387
14441.21293619
14441.27685379
14441.33558215
14441.39645896
14441.45750570
14441.51919951
14441.58105375
14441.64204125
14441.70285833
14441.76358690
14441.82665141
14441.88634720
14441.94784938
14442.00781727
14442.06954375
14442.13338772
14442.19244010
14442.27094629
14442.31398428
14442.37677841
14442.43774104
14442.49828821
14442.55935105
14442.62116262
14442.68202236
14442.74472603
14442.80481387
14442.86647526
14442.92729380
14442.98942281
14443.05090183
14443.10998346
14443.17509719
14443.23705115
14443.29465360
14443.40638103
14443.43913197
14443.50108934
14443.56270904
14443.62367678
14443.68357762
14443.74761957
14443.80628795
14443.86881242
14443.96177237
14444.01244087
14444.07340716
14444.13610059
14444.19703250
14444.25782909
14444.32106329
14444.38057062
14444.44051900
14444.51909419
14444.56305427
14444.65788546
14444.71858112
14444.78044877
14444.84046078
14444.90309350
14444.96398738
14445.02475228
14445.08660969
14445.14840663
14445.21036888
14445.27115475
14445.33190331
14445.39178659
14445.45367472
14445.51455958
14445.59433577
14445.63807276
14445.69833907
14445.75986295
14445.82409628
14445.88151197
14445.94329624
14446.00531139
14446.06634521
14446.12783276
14446.18778968
14446.25254086
14446.31145232
14446.37218821
14446.43399076
14446.49485854
14446.55691368
14446.61760227
14446.69634715
14446.73925812
14446.79903364
14446.86290126
14446.92301470
14446.98559744
14447.04653032
14447.10763022
14447.16826004
14447.23096250
14447.29077873
14447.35093874
14447.41458474
14447.47554858
14447.53859871
14447.59796707
14447.65901405
14447.72059303
14447.79845069
14447.84302883
14447.90316494
14447.96603026
14448.02508215
14448.08670697
14448.14774152
14448.21279088
14448.27215583
14448.33104437
14448.39314120
14448.45567323
14448.51562185
14448.58081604
14448.63819442
14448.70010181
14448.76285157
14448.82285676
14448.89956509
14448.94533936
14449.00528969
14449.06699350
14449.12898769
14449.18884635
14449.24973949
14449.31258262
14449.37442565
14449.43829156
14449.49605809
14449.55798230
14449.61988018
14449.68064337
14449.77429818
14449.82418186
14449.88600099
14449.94695436
14450.02763216
14450.06953180
14450.12947921
14450.19130005
14450.25220611
14450.31388432
14450.37489474
14450.43679481
14450.49843182
14450.55832924
14450.61931308
14450.68288203
14450.74202121
14450.80366407
14450.86555634
14450.92622713
14450.98911829
14451.04903522
14451.12868244
14451.17061841
14451.23568314
14451.29430861
14451.35414581
14451.41608319
14451.47789037
14451.53970365
14451.60149645
14451.66128782
14451.72160557
14451.78511626
14451.84595283
14451.90676771
14451.96651910
14452.02829776
14452.09024342
14452.15199965
14452.23004333
14452.27370036
14452.33556606
14452.39736496
14452.45734430
14452.51901129
14452.57799029
14452.64063862
14452.70262671
14452.76369125
14452.82435058
14452.88619068
14452.94795056
14453.00776607
14453.06867359
14453.13162132
14453.19330635
14453.25414830
14453.33201254
14453.37488352
14453.43674654
14453.49877730
14453.55950245
14453.62209592
14453.68210891
14453.74385832
14453.80484923
14453.86653329
14453.92839508
14453.99118726
14454.04920564
14454.11100064
14454.17193035
14454.23652257
14454.29635393
14454.35733801
14454.43495746
14454.47890974
14454.54075472
14454.60169296
14454.66248371
14454.72421043
14454.78504433
14454.84596210
14454.90786925
14454.96788321
14455.02916304
14455.09240723
14455.15236634
14455.21313344
14455.27599461
14455.33488876
14455.39853353
14455.45842438
14455.53721485
14455.58126831
14455.60308463
14455.65693363
14455.71702171
14455.73881268
14455.79273335
14455.85544458
14455.91522596
14455.97520506
14456.03695933
14456.09870337
14456.16059857
14456.22058133
14456.28238754
14456.34553421
14456.40417431
14456.46685604
14456.52700386
14456.58853066
14456.66045546
14456.74106426
14456.78314871
14456.84402576
14456.90491525
14456.96946115
14457.02755950
14457.09021319
14457.15003528
14457.21096158
14457.27282484
14457.33472467
14457.39430466
14457.45644025
14457.51899374
14457.57996027
14457.63976114
14457.70151567
14457.76152427
14457.84213648
14457.88604951
14457.94598594
14458.00682618
14458.06972124
14458.13137141
14458.19229845
14458.25221489
14458.31299563
14458.37480087
14458.43767033
14458.49851813
14458.55827341
14458.62109460
14458.68197238
14458.74272021
14458.80367260
14458.86551002
14458.94519259
14458.98738749
14459.04792589
14459.10900408
14459.17169166
14459.23259675
14459.29335799
14459.35519541
14459.41516525
14459.47684638
14459.53870647
14459.60047319
14459.66064295
14459.72241941
14459.78733931
14459.84506000
14459.90667068
14459.96674438
14460.04635283
14460.09024001
14460.15209011
14460.21290889
14460.30764182
14460.36762482
14460.42943859
14460.45051032
14460.50429568
14460.56600412
14460.58891515
14460.63988402
14460.70059309
14460.76183439
14460.82432644
14460.88438868
14460.94624804
14461.00780946
14461.07085715
14461.13046517
14461.19088459
14461.27024607
14461.31408693
14461.37587778
14461.43674629
14461.51572913
14461.57636944
14461.63908726
14461.70094491
14461.76180392
14461.82182642
14461.88460031
14461.94456332
14462.00715971
14462.06705128
14462.12792175
14462.19068857
14462.25160073
14462.31179780
14462.39117170
14462.43407682
14462.49588937
14462.55882101
14462.65054289
14462.70055481
14462.76335138
14462.82404777
14462.88588640
14462.94582674
14463.00768585
14463.06949255
14463.13122879
14463.22409853
14463.27500499
14463.33665589
14463.39645628
14463.47532672
14463.51924974
14463.57933490
14463.64295212
14463.70373360
14463.76455653
14463.82638541
14463.88828914
14463.94733348
14464.01083563
14464.07077913
14464.13258461
14464.19437448
14464.25332739
14464.31624391
14464.37488962
14464.43880697
14464.49866758
14464.57643844
14464.62219735
14464.68409255
14464.74724581
14464.80572353
14464.86690461
14464.92743106
14464.99223954
14465.05206187
14465.11398682
14465.17474416
14465.23659986
14465.29661090
14465.35932847
14465.41917469
14465.47092498
14465.53098405
14465.59270127
14465.65442995
14465.73238513
14465.77714637
14465.83721080
14465.93106748
14465.98156897
14466.04256744
14466.10427149
14466.16512977
14466.22599853
14466.28784765
14466.34971799
14466.41151859
14466.47246122
14466.53242716
14466.59425775
14466.65677491
14466.71678107
14466.77775516
14466.85832446
14466.90016096
14466.96202130
14467.02525233
14467.08504736
14467.14761206
14467.20646378
14467.26741934
14467.33004694
14467.39195214
14467.45285601
14467.51465564
14467.57349298
14467.63631929
14467.69725680
14467.75797952
14467.81986204
14467.88168703
14467.95967414
14468.00447537
14468.06455126
14468.12528520
14468.18586870
14468.24784411
14468.30874067
14468.36841867
14468.43135737
14468.49425000
