5279.52651023
5279.64619985
5279.74390300
5279.84059556
5279.92864800
5280.02539907
5280.12383048
5280.22357553
5280.31044111
5280.42603303
5280.50585983
5280.60659109
5280.70933816
5280.79006463
5280.89292044
5280.98951766
5281.09223743
5281.21219134
5281.28653512
5281.37385370
5281.51656452
5281.60316996
5281.71300262
5281.80965519
5281.89553066
5281.99617439
5282.08203645
5282.21269749
5282.29831330
5282.39663182
5282.49561302
5282.59273590
5282.69027277
5282.79993500
5282.88582803
5282.97537331
5283.12598843
5283.22364404
5283.31066468
5283.39833434
5283.53884113
5283.61480429
5283.70154407
5283.78935270
5283.88656969
5283.97444172
5284.07227433
5284.15891975
5284.25659730
5284.35354561
5284.44210079
5284.53002938
5284.61564934
5284.70190296
5284.80085343
5284.88844288
5284.98582127
5285.08345957
5285.19288750
5285.27955901
5285.37722290
5285.48508948
5285.58280067
5285.67051910
5285.76842485
5285.85608257
5285.94195511
5286.05147277
5286.13826301
5286.23596079
5286.33381169
5286.42113929
5286.51993519
5286.60618685
5286.71357118
5286.80100557
5286.91076947
5286.99839208
5287.08510503
5287.17185554
5287.27068045
5287.35658347
5287.45519871
5287.55284432
5287.63887314
5287.73968193
5287.81414225
5287.91052566
5288.02046681
5288.10696473
5288.21671790
5288.30342257
5288.40123860
5288.54090620
5288.61771269
5288.71703595
5288.81364805
5288.90052412
5288.99929344
5289.08698797
5289.17189382
5289.27240711
5289.37915289
5289.45653771
5289.54286667
5289.63986350
5289.73837975
5289.82612353
5289.93482564
5290.03253318
5290.11916982
5290.21721040
5290.29472370
5290.43439008
5290.51224812
5290.60891971
5290.70762638
5290.80545533
5290.90110780
5291.00037230
5291.09893804
5291.18385144
5291.28268440
5291.36936127
5291.46790946
5291.55501958
5291.64252931
5291.74029048
5291.83858462
5291.92544069
5292.02305070
5292.10982900
5292.20678365
5292.29449427
5292.39188876
5292.49013121
5292.58873206
5292.68673290
5292.77240942
5292.87104343
5292.96104684
5293.05953773
5293.15832217
5293.25502009
5293.35204204
5293.44051018
5293.55121274
5293.63395502
5293.73340262
5293.82007877
5293.91934132
5294.01747040
5294.11420879
5294.21204481
5294.32083421
5294.40761689
5294.50623798
5294.59208200
5294.69087205
5294.77656515
5294.88715922
5294.97397361
5295.05992441
5295.18092402
5295.25581052
5295.35457229
5295.45118366
5295.53894060
5295.63781330
5295.73366204
5295.83235895
5295.91998156
5296.02960795
5296.10349874
5296.19065128
5296.27854354
5296.37660655
5296.46302230
5296.55985432
5296.65957133
5296.74724977
5296.84409251
5296.93102514
5297.02863125
5297.12829828
5297.21405843
5297.34374935
5297.42058316
5297.50631746
5297.61600871
5297.69165273
5297.78133479
5297.87781987
5297.96464010
5298.06325534
5298.15988548
5298.24630611
5298.34526633
5298.45488322
5298.52875474
5298.62742557
5298.71508206
5298.81302658
5298.89966176
5298.99832698
5299.08510650
5299.17195647
5299.28082803
5299.36838701
5299.47369481
5299.55963197
5299.64724799
5299.74802508
5299.85185296
5299.94557007
5300.05418563
5300.13314521
5300.22675309
5300.31969537
5300.41410929
5300.50773985
5300.60360296
5300.69523453
5300.78993833
5300.89531830
5300.97671378
5301.07004689
5301.16251789
5301.25718024
5301.35096294
5301.44376576
5301.53749335
5301.63129994
5301.73695834
5301.85150334
5301.93334913
5302.02800491
5302.13165090
5302.23653496
5302.34012293
5302.48845283
5302.58223577
5302.67601700
5302.77892913
5302.88357450
5302.99025738
5303.11392621
5303.19357138
5303.29742413
5303.36231665
5303.44451426
5303.54380996
5303.63446215
5303.72426807
5303.80324252
5303.90443092
5303.99513430
5304.07405657
5304.16855241
5304.24457969
5304.34516759
5304.43591169
5304.51465501
5304.61551353
5304.71629745
5304.81809318
5304.89769398
5305.03262314
5305.10021950
5305.17891040
5305.26995975
5305.37075440
5305.47056991
5305.55219261
5305.63121266
5305.73293744
5305.84555318
5305.92238259
5306.00204532
5306.08194649
5306.18269603
5306.26359852
5306.34218142
5306.46494255
5306.55455781
5306.64786946
5306.71479388
5306.81589622
5306.90478590
5306.98547263
5307.07633863
5307.17798880
5307.27773263
5307.36843358
5307.47170338
5307.56051626
5307.64992453
5307.73977872
5307.82036353
5307.92199859
5308.00984867
5308.09125561
5308.17082227
5308.27301273
5308.34993406
5308.44074350
5308.52143754
5308.62122769
5308.70103451
5308.83377134
5308.92466026
5309.04049135
5309.10539143
5309.19513810
5309.28591073
5309.37666799
5309.46661361
5309.54717087
5309.63798056
5309.72765580
5309.80553847
5309.91029282
5309.97609109
5310.07771371
5310.16755791
5310.24828754
5310.32711547
5310.41694357
5310.50764574
5310.58546307
5310.66537545
5310.75890044
5310.84680489
5310.92597975
5311.00625517
5311.10701642
5311.18575632
5311.27653894
5311.37736504
5311.47823088
5311.58081338
5311.64954833
5311.75037394
5311.85209263
5311.93074866
5312.00951222
5312.10065836
5312.19000080
5312.28070979
5312.36045126
5312.47517644
5312.55193978
5312.64180690
5312.72069650
5312.82315417
5312.91314076
5313.01388908
5313.09236031
5313.19390345
5313.28655828
5313.35249016
5313.43221286
5313.52310373
5313.61290282
5313.70380150
5313.78328088
5313.88303007
5313.98590002
5314.08944703
5314.15437661
5314.25604190
5314.34498449
5314.43659314
5314.51564829
5314.60713917
5314.70587388
5314.78660424
5314.89106188
5315.01208294
5315.08942021
5315.16930919
5315.24894095
5315.33971723
5315.42949122
5315.53125257
5315.62199910
5315.73385416
5315.81244680
5315.89216658
5315.97193292
5316.09574633
5316.18452996
5316.26403128
5316.35514914
5316.43412067
5316.53864243
5316.60346326
5316.68333737
5316.76314321
5316.85283527
5316.93177169
5317.02338960
5317.14602687
5317.23579598
5317.31470948
5317.40824226
5317.49720948
5317.59590542
5317.67588314
5317.76581463
5317.86756647
5317.94637415
5318.04887888
5318.13873332
5318.24141749
5318.30728573
5318.38814629
5318.47792953
5318.55856457
5318.63650624
5318.71708642
5318.79605648
5318.88790650
5318.97590945
5319.08018935
5319.14624557
5319.23774767
5319.32650887
5319.41651934
5319.49716779
5319.57600376
5319.66666740
5319.75558975
5319.83623088
5319.92905663
5320.00572318
5320.09653579
5320.17630676
5320.26599395
5320.35567821
5320.43504422
5320.51528160
5320.59421801
5320.68471830
5320.78870588
5320.86551774
5320.95602900
5321.03402188
5321.12565563
5321.21881198
5321.30609082
5321.39496392
5321.47645205
5321.55443785
5321.65906567
5321.73582584
5321.81470155
5321.90552781
5321.98611823
5322.07501767
5322.15472282
5322.25537557
5322.35814336
5322.45992690
5322.53760867
5322.62742142
5322.70818787
5322.78608956
5322.86677945
5322.95714735
5323.05883800
5323.14665395
5323.22716781
5323.34367426
5323.43147119
5323.50913590
5323.58993331
5323.69062995
5323.76970412
5323.87022984
5323.95109284
5324.05181898
5324.15638194
5324.22047695
5324.29995877
5324.40214776
5324.50297703
5324.58031821
5324.67244446
5324.77413754
5324.86301284
5324.95792047
5325.02279787
5325.12428348
5325.23689483
5325.32691115
5325.40576419
5325.50633477
5325.59611168
5325.68765596
5325.78345106
5325.86820598
5325.95799922
5326.04977049
5326.12907262
5326.27272650
5326.35156051
5326.44242164
5326.53320645
5326.67160502
5326.74632500
5326.82613816
5326.91596456
5327.00958780
5327.10044161
5327.18212868
5327.26298217
5327.34372131
5327.42561026
5327.53047872
5327.60915450
5327.70178568
5327.80454568
5327.89633937
5327.98199444
5328.09076945
5328.17277909
5328.25391466
5328.35963840
5328.49159967
5328.58503884
5328.67681620
5328.75736371
5328.85031867
5328.93214715
5329.01180963
5329.09279575
5329.18844871
5329.26620362
5329.36921060
5329.46160894
5329.55360817
5329.64619522
5329.72756242
5329.80723831
5329.88918650
5329.97086162
5330.07963786
5330.15385778
5330.25673163
5330.38144348
5330.46238206
5330.54483177
5330.62817626
5330.70650022
5330.78714940
5330.88303763
5330.97174348
5331.06369175
5331.16649539
5331.25921678
5331.34259028
5331.42260556
5331.50225950
5331.58393146
5331.66558610
5331.77143029
5331.85009168
5331.94289183
5332.04580761
5332.12744519
5332.21115515
5332.30415644
5332.37984848
5332.47242164
5332.55388172
5332.65862657
5332.73697736
5332.84225761
5332.98168017
5333.06573634
5333.17237095
5333.27891998
5333.42667936
5333.52230160
5333.61803940
5333.72292273
5333.81852619
5333.92442498
5334.02104098
5334.12584873
5334.24506877
5334.33663280
5334.43220993
5334.53429677
5334.64585486
5334.76254905
5334.86835495
5335.01790925
5335.09172372
5335.21958803
5335.31423015
5335.42482154
5335.52980629
5335.63226421
5335.73901219
5335.84472764
5335.92884622
5336.04708054
5336.20456694
5336.31142610
5336.41810435
5336.52295671
5336.64561203
5336.72536448
5336.83098874
5336.93766261
5337.04337489
5337.16065592
5337.25630107
5337.34984434
5337.46557767
5337.56626601
5337.66856618
5337.77431869
5337.87992784
5337.97683203
5338.07143026
5338.17723251
5338.29687361
5338.38785445
5338.49436545
5338.60203771
5338.69505045
5338.81350104
5338.91997156
5339.03669110
5339.13098262
5339.23555509
5339.33627660
5339.45023085
5339.54405670
5339.64972241
5339.75572336
5339.86815015
5339.95969175
5340.07544775
5340.17014034
5340.27788306
5340.38008498
5340.48729181
5340.58332584
5340.69986910
5340.80559089
5340.91138460
5341.01898982
5341.11360658
5341.20743487
5341.31515467
5341.42583895
5341.50458642
5341.60953826
5341.74917806
5341.82291573
5341.91771389
5342.03530797
5342.14102951
5342.26059309
5342.35334812
5342.45909015
5342.56694624
5342.67175667
5342.78737736
5342.93631970
5343.05873292
5343.14929830
5343.24466649
5343.34046695
5343.43869843
5343.54142575
5343.64627153
5343.75276693
5343.87258065
5343.96542736
5344.06500199
5344.16668483
5344.26236826
5344.36970772
5344.47444233
5344.56932753
5344.68699134
5344.78138697
5344.87746537
5344.98818159
5345.08912447
5345.18363372
5345.28939647
5345.38523252
5345.50587983
5345.59658735
5345.69222958
5345.80004033
5345.89388885
5345.98866141
5346.09583605
5346.20149177
5346.30734814
5346.40205292
5346.49788386
5346.59248648
5346.68825598
5346.78391649
5346.88962511
5346.99487806
5347.11473615
5347.20639892
5347.30132605
5347.41958866
5347.52528241
5347.63004822
5347.73680888
5347.83143442
5347.95099556
5348.05585475
5348.16150437
5348.25545237
5348.36295079
5348.45676933
5348.55246324
5348.65932459
5348.77711640
5348.87124921
5349.00944761
5349.09414012
5349.22271756
5349.32846617
5349.43320468
5349.54089742
5349.62382548
5349.72943829
5349.89011054
5349.99083155
5350.08205937
5350.18842043
5350.29531664
5350.38833914
5350.49519952
5350.59997898
5350.69663058
5350.80144784
5350.90822898
5351.01377790
5351.13350946
5351.21473159
5351.31106233
5351.42728206
5351.53793440
5351.64051983
5351.74407245
5351.83952304
5351.95894984
5352.04180475
5352.14665492
5352.25314959
5352.36004459
5352.46560888
5352.58330901
5352.67907607
5352.78791691
5352.87872854
5352.97316928
5353.07978731
5353.17555486
5353.28229894
5353.38793783
5353.50765646
5353.60056047
5353.70522998
5353.80085904
5353.89669363
5354.00163694
5354.10834006
5354.21463065
5354.36439902
5354.42527673
5354.53337127
5354.62817723
5354.72329283
5354.83159388
5354.93460231
5355.04409168
5355.14886993
5355.23364899
5355.32922051
5355.43307521
5355.53966252
5355.65738241
5355.76188905
5355.86615701
5355.98367916
5356.07554942
5356.17763869
5356.28751694
5356.38532493
5356.49004515
5356.59404759
5356.68658637
5356.79319538
5356.88496177
5356.97761904
5357.12736620
5357.23007597
5357.33476108
5357.43751620
5357.55412505
5357.63459453
5357.72928542
5357.83216244
5357.93689778
5358.04096312
5358.14464862
5358.30531477
5358.38506186
5358.49380883
5358.58320369
5358.68732926
5358.79170644
5358.88573318
5358.98945939
5359.10557599
5359.19637373
5359.30104445
5359.39663694
5359.49958101
5359.60265967
5359.70615158
5359.81182314
5359.91760564
5360.00725942
5360.11405153
5360.21669840
5360.32063087
5360.42514897
5360.51790669
5360.61083215
5360.71834813
5360.79920455
5360.89109187
5361.01758084
5361.08752070
5361.19181230
5361.28793556
5361.37988262
5361.48762607
5361.56533539
5361.65993339
5361.75370194
5361.85551449
5361.95020245
5362.05406007
5362.15885002
5362.27531258
5362.36585627
5362.45855450
5362.55232646
5362.65734243
5362.75381775
5362.84539811
5362.93776866
5363.04470096
5363.13563523
5363.23015448
5363.33278647
5363.42661037
5363.52026311
5363.62519130
5363.71792512
5363.82427497
5363.90482759
5364.00776508
5364.10236673
5364.19432646
5364.29850713
5364.40315470
5364.49878766
5364.61675891
5364.70432325
5364.81104783
5364.90186970
5365.00571855
5365.11045071
5365.20325573
5365.30736423
5365.42919913
5365.50807362
5365.60976695
5365.71415925
5365.80627745
5365.91113201
5366.00275334
5366.10778295
5366.22318372
5366.30595233
5366.39780162
5366.49159212
5366.59722491
5366.70003489
5366.80369966
5366.89653905
5367.01499159
5367.11682901
5367.21021892
5367.31431938
5367.40680038
5367.52229453
5367.61516440
5367.70869426
5367.82649046
5367.91716678
5368.01005104
5368.10366282
5368.20657349
5368.30134068
5368.40406703
5368.50968496
5368.64598847
5368.71732267
5368.84692997
5368.92524686
5369.05063869
5369.13425284
5369.22694692
5369.32587375
5369.42558417
5369.49530972
5369.57893849
5369.67193831
5369.76553059
5369.85835024
5369.95198494
5370.03441368
5370.13122814
5370.24084210
5370.32372652
5370.41836620
5370.51018818
5370.59394105
5370.68767035
5370.78154325
5370.87724984
5370.95696133
5371.06455801
5371.14339349
5371.23615023
5371.31897565
5371.40066028
5371.50450791
5371.59739461
5371.68998897
5371.78478299
5371.89941137
5371.98193593
5372.07589026
5372.15855233
5372.25131127
5372.33797936
5372.42678835
5372.50857294
5372.60243439
5372.70634053
5372.78808051
5372.88204606
5372.97576829
5373.06849967
5373.16136150
5373.26705647
5373.35979346
5373.45265748
5373.55628081
5373.63820023
5373.73182030
5373.81374923
5373.90744099
5373.98918657
5374.08387136
5374.17574844
5374.26948359
5374.37430792
5374.45596476
5374.53966009
5374.63289884
5374.72609761
5374.81741247
5374.91124465
5375.00495664
5375.09959169
5375.20333716
5375.28435839
5375.37876548
5375.45264627
5375.58833465
5375.67205802
5375.79782995
5375.88564322
5375.98788487
5376.06681788
5376.15851941
5376.25327027
5376.34611820
5376.45065093
5376.54336867
5376.63717769
5376.72981034
5376.84705187
5376.92733850
5377.03154550
5377.12450778
5377.21729549
5377.31094018
5377.39465477
5377.49188834
5377.58124712
5377.67500787
5377.74587469
5377.88234862
5378.00720651
5378.07996554
5378.17256697
5378.26638648
5378.36014845
5378.46315420
5378.54603545
5378.63939173
5378.73321075
5378.82709023
5378.91966875
5379.01276268
5379.10514030
5379.19748525
5379.30316023
5379.38376869
5379.47767743
5379.57237978
5379.67606600
5379.78575310
5379.88455047
5379.98825693
5380.09312855
5380.17473956
5380.27070824
5380.36328262
5380.45345303
5380.54740542
5380.64195440
5380.73571906
5380.83054038
5380.93120873
5380.99996514
5381.08997049
5381.19077075
5381.28129664
5381.35717325
5381.43906829
5381.57162982
5381.64938010
5381.74307478
5381.82016459
5381.92151073
5382.01280072
5382.10044698
5382.20230561
5382.30184195
5382.40355698
5382.48332576
5382.58616061
5382.66291956
5382.75276059
5382.84541055
5382.94400725
5383.03585386
5383.12566148
5383.26884018
5383.36562416
5383.42545105
5383.51734666
5383.59798877
5383.69571166
5383.78652086
5383.89420556
5383.98705495
5384.06385023
5384.17544953
5384.26725469
5384.41458179
5384.52021045
5384.62324156
5384.71750967
5384.81074380
5384.91834926
5384.99913155
5385.09482790
5385.18957413
5385.28267367
5385.38607903
5385.47991073
5385.57368611
5385.66746344
5385.78508945
5385.87693070
5385.98078564
5386.08655034
5386.18042153
5386.28452882
5386.39235760
5386.49429474
5386.61367009
5386.69257457
5386.78824045
5386.88002634
5386.97678741
5387.07343876
5387.16340170
5387.25663704
5387.35129622
5387.46796139
5387.54980840
5387.67561934
5387.75928615
5387.86516422
5387.95690086
5388.06243346
5388.15548131
5388.27379438
5388.36549056
5388.45844259
5388.55326294
5388.64600920
5388.73975020
5388.83430894
5388.92729047
5389.02246068
5389.12858134
5389.21036643
5389.30990326
5389.39867031
5389.49257686
5389.58718436
5389.70305739
5389.80756574
5389.92406414
5390.01728486
5390.12398164
5390.22678162
5390.31960322
5390.42415813
5390.53000207
5390.62364116
5390.72957360
5390.81110878
5390.90311166
5390.99675222
5391.09336188
5391.18605865
5391.28183131
5391.38493751
5391.47909665
5391.58546453
5391.66828678
5391.75979107
5391.86552993
5391.96929491
5392.08499410
5392.19061447
5392.29549097
5392.41176336
5392.50417365
5392.60886047
5392.70360523
5392.79761369
5392.89061693
5392.98367648
5393.08072427
5393.18334968
5393.26732125
5393.36086549
5393.45370928
5393.54843259
5393.67414430
5393.75634410
5393.85201461
5393.97279893
5394.06144261
5394.15432541
5394.26481416
5394.36361712
5394.45851256
5394.55112156
5394.65686968
5394.76359523
5394.84845938
5394.93710940
5395.03189123
5395.12763927
5395.22155800
5395.31412994
5395.40893249
5395.50266764
5395.60837139
5395.69124337
5395.78295954
5395.87861834
5395.97059563
5396.06511658
5396.15888220
5396.25273438
5396.34644759
5396.46320102
5396.55588925
5396.64866330
5396.74260447
5396.83825255
5396.93052923
5397.02619072
5397.11997293
5397.21278307
5397.31947643
5397.40239279
5397.50587080
5397.60071894
5397.69337865
5397.79914603
5397.90398255
5397.99752412
5398.11325525
5398.20629774
5398.31155117
5398.41491386
5398.50946675
5398.60228664
5398.69696192
5398.82278456
5398.93140987
5399.01407170
5399.10676749
5399.20545050
5399.29541929
5399.38899694
5399.48672812
5399.60860739
5399.70415990
5399.78522672
5399.89169091
5399.98435866
5400.07912756
5400.18199654
5400.28867918
5400.39145405
5400.50808752
5400.60080574
5400.69558903
5400.78858519
5400.88402384
5400.97874788
5401.07253228
5401.16538947
5401.25924628
5401.36495442
5401.44673121
5401.54224422
5401.64664017
5401.74033558
5401.84514528
5401.94978529
5402.05331962
5402.17101513
5402.26358828
5402.36739227
5402.46207876
5402.56596564
5402.66057192
5402.75527622
5402.84811390
5402.95472560
5403.03596674
5403.13071297
5403.22444032
5403.32010863
5403.42182658
5403.51715040
5403.62383986
5403.72748245
5403.80958912
5403.90298464
5404.00782408
5404.11151177
5404.21638632
5404.32095319
5404.42614518
5404.53383938
5404.61367619
5404.70839584
5404.84466912
5404.93690680
5405.03458946
5405.12831194
5405.22123471
5405.32595006
5405.40974364
5405.50344978
5405.62999654
5405.70188272
5405.79945372
5405.88919503
5405.99600909
5406.09978333
5406.19304841
5406.29579207
5406.39158814
5406.48436634
5406.59013445
5406.68383815
5406.77850027
5406.88331533
5406.96501288
5407.05985639
5407.15206578
5407.24671498
5407.34042428
5407.43533630
5407.53000231
5407.63335574
5407.74092682
5407.83176357
5407.92458541
5408.02415808
5408.12501246
5408.22862287
5408.33441390
5408.44008936
5408.54378631
5408.62565307
5408.71952646
5408.81514431
5408.90779646
5409.00266435
5409.09714994
5409.18986573
5409.28567057
5409.38930657
5409.47027929
5409.58096918
5409.68054453
5409.78498096
5409.88915602
5409.99578795
5410.09855843
5410.21712848
5410.30891072
5410.41364118
5410.51952315
5410.61212312
5410.70685033
5410.83347316
5410.92871627
5411.04460100
5411.13695546
5411.22999795
5411.32431410
5411.43007465
5411.52267170
5411.65157999
5411.73212604
5411.85058467
5411.93134795
5412.02614513
5412.13085170
5412.22562084
5412.32126039
5412.41486193
5412.50952746
5412.60413569
5412.71005984
5412.79475162
5412.88950686
5412.99247873
5413.09786065
5413.19181011
5413.32031611
5413.41757089
5413.53430018
5413.61554474
5413.70856187
5413.80355118
5413.90083644
5414.00277528
5414.10880378
5414.20150152
5414.31132687
5414.39314730
5414.48792742
5414.58167086
5414.67634663
5414.77032290
5414.87508457
5414.98302990
5415.09848431
5415.18119977
5415.27888512
5415.37160285
5415.46649902
5415.56015006
5415.66482591
5415.76358670
5415.86545728
5415.95897641
5416.05380212
5416.14673075
5416.24374245
5416.34906366
5416.44583619
5416.53615167
5416.64578635
5416.72531986
5416.85328534
5416.93589426
5417.03338212
5417.12622151
5417.20596104
5417.28567472
5417.38846324
5417.53531662
5417.61518781
5417.69361856
5417.77341343
5417.86625039
5417.95713077
5418.06053833
5418.16020633
5418.24431028
5418.32153418
5418.42630609
5418.51609373
5418.60707237
5418.68575206
5418.76567395
5418.87908280
5419.00375027
5419.08378798
5419.17463374
5419.28199808
5419.35654032
5419.44831622
5419.55304473
5419.64066490
5419.73356208
5419.81179071
5419.90406398
5419.99586426
5420.10985338
5420.17834891
5420.27917891
5420.35985978
5420.45155717
5420.54258433
5420.63408400
5420.71405124
5420.79370031
5420.87704772
5420.97889563
5421.11154590
5421.19134272
5421.27144991
5421.35076009
5421.44355267
5421.53538611
5421.67103305
5421.75088667
5421.81850912
5421.89934164
5421.99105805
5422.08103098
5422.16128884
5422.24026476
5422.32187381
5422.41273226
5422.50522178
5422.61898879
5422.69787401
5422.78847548
5422.86917439
5423.00497785
5423.09470112
5423.17470811
5423.26622874
5423.35626286
5423.46273753
5423.54048050
5423.63126386
5423.73411869
5423.81197869
5423.89602706
5423.98456907
5424.07713223
5424.16701763
5424.24794109
5424.34057471
5424.42930958
5424.52097381
5424.61265463
5424.70856358
5424.79533408
5424.88747106
5424.97590531
5425.06771534
5425.17520645
5425.25120619
5425.32981297
5425.41080811
5425.50131718
5425.59223219
5425.68467637
5425.77456567
5425.86631695
5425.95802434
5426.06522653
5426.14046095
5426.22149900
5426.31046403
5426.39311292
5426.48398819
5426.58500739
5426.67645902
5426.76647925
5426.87109390
5426.95017782
5427.04065861
5427.14313822
5427.24509437
5427.32408662
5427.40532240
5427.49622352
5427.58672844
5427.68208809
5427.75810562
5427.84044635
5427.86130179
5427.95018221
5428.02788105
5428.12079261
5428.20060869
5428.29417927
5428.39488420
5428.49964806
5428.59891646
5428.67872742
5428.76951370
5428.86142784
5428.95297090
5429.04308817
5429.12356570
5429.21449217
5429.30510266
5429.41089467
5429.50277687
5429.57942074
5429.67018191
5429.76208020
5429.85273214
5429.95464514
5430.04634229
5430.12593016
5430.21988328
5430.29847129
5430.40019827
5430.50158025
5430.58123127
5430.66125995
5430.74180332
5430.83456372
5430.92641130
5431.02919323
5431.10805602
5431.24243368
5431.33421105
5431.43587878
5431.52672381
5431.60663181
5431.68592809
5431.76735038
5431.87338059
5431.99311605
5432.07305403
5432.16384128
5432.25551137
5432.34717341
5432.43906390
5432.52895271
5432.64458779
5432.72135089
5432.81318993
5432.90483637
5432.98612189
5433.07727876
5433.15467722
5433.24735839
5433.33941247
5433.42909113
5433.53290072
5433.61341970
5433.69217667
5433.77196764
5433.85276383
5433.93260503
5434.03533333
5434.12607620
5434.21704826
5434.30748516
5434.41432945
5434.49330219
5434.58383125
5434.66260383
5434.75246826
5434.84716354
5434.94786358
5435.04963152
5435.12853868
5435.24496759
5435.31279606
5435.40367816
5435.53920002
5435.61771708
5435.70699906
5435.79978384
5435.89211952
5435.97231546
5436.07412191
5436.15493688
5436.24356374
5436.32447818
5436.41708913
5436.50694088
5436.60059972
5436.70053445
5436.78207085
5436.88699295
5436.96359294
5437.06633416
5437.16800920
5437.25836638
5437.34012464
5437.42967944
5437.52230599
5437.61231305
5437.70396656
5437.78370706
5437.87463450
5437.96624046
5438.05688679
5438.16068127
5438.25040600
5438.32932267
5438.42207381
5438.53469296
5438.62741776
5438.71593320
5438.80738825
5438.88897170
5438.98150097
5439.11443334
5439.19146390
5439.27116904
5439.37662435
5439.45356055
5439.54523454
5439.63592256
5439.72667666
5439.80753039
5439.89921754
5439.99120556
5440.08094077
5440.18865838
5440.26434385
5440.34283775
5440.43554110
5440.52722533
5440.62894035
5440.70871742
5440.79947786
5440.88241543
5440.97016726
5441.07595853
5441.16556770
5441.25839758
5441.34713586
5441.43656973
5441.52923700
5441.63077234
5441.72143476
5441.82980480
5441.90854885
5441.99966159
5442.07891155
5442.17130477
5442.26303825
5442.36487884
5442.45643019
5442.53436821
5442.64311811
5442.71680263
5442.82049202
5442.92232164
5443.00349135
5443.08227465
5443.17382064
5443.27564928
5443.38929317
5443.49165916
5443.58282920
5443.67165671
5443.76832562
5443.88317758
5443.98771640
5444.09734402
5444.18517045
5444.29293780
5444.38466250
5444.46573419
5444.55884714
5444.65858463
5444.73463532
5444.81404058
5444.89181818
5444.98371647
5445.07398514
5445.16623135
5445.23314870
5445.32470785
5445.41559823
5445.49533288
5445.57506241
5445.66583333
5445.74585543
5445.82590093
5445.90300463
5446.04241355
5446.11729151
5446.19790363
5446.27719869
5446.35665613
5446.44832621
5446.53854441
5446.62862950
5446.70714193
5446.79797551
5446.90362123
5446.99235195
5447.07034214
5447.15036863
5447.23097855
5447.32067086
5447.40079414
5447.48056535
5447.56137691
5447.65261984
5447.75307608
5447.82065050
5447.90049754
5447.98090071
5448.06077043
5448.14037294
5448.21960680
5448.31013391
5448.40178620
5448.48156351
5448.56059647
5448.65412146
5448.72991640
5448.81070259
5448.89035995
5448.97110226
5449.06184051
5449.14056091
5449.22043965
5449.29912348
5449.38993950
5449.49270706
5449.57146232
5449.66120485
5449.74164533
5449.83277757
5449.92360627
5450.00149504
5450.09211553
5450.18301786
5450.31849705
5450.38615827
5450.46493255
5450.54560025
5450.62681141
5450.70511490
5450.78507093
5450.86481898
5450.95952035
5451.04830471
5451.12508512
5451.21773191
5451.28561767
5451.38725590
5451.46713756
5451.54505924
5451.62579692
5451.70566688
5451.79659238
5451.87501509
5451.96511382
5452.07051744
5452.14740391
5452.22713539
5452.31786851
5452.39766314
5452.48754098
5452.58025823
5452.65893157
5452.73871376
5452.82957733
5452.93147936
5452.99917592
5453.07810381
5453.16883572
5453.26039828
5453.34048597
5453.41857393
5453.49830784
5453.58990137
5453.67969583
5453.77432406
5453.83920316
5453.92999992
5454.03271506
5454.11039122
5454.19125056
5454.28110183
5454.36273112
5454.44158611
5454.53094147
5454.62742776
5454.69210134
5454.78670664
5454.80568475
5454.89154096
5454.97030306
5455.05000065
5455.12969970
5455.20949969
5455.30130850
5455.38124283
5455.46005905
5455.59457763
5455.67334216
5455.75309754
5455.83292044
5455.91255269
5456.00611279
5456.10436621
5456.18611862
5456.26372872
5456.34272925
5456.44762160
5456.51413984
5456.59396957
5456.67369252
5456.75345862
5456.88819029
5456.95686892
5457.03580022
5457.11645622
5457.20717935
5457.30313439
5457.36589796
5457.45622003
5457.54824851
5457.63100371
5457.70600285
5457.78490197
5457.86539023
5457.94664746
5458.02549465
5458.10440132
5458.19810989
5458.27580020
5458.35644621
5458.43341606
5458.51511873
5458.59491019
5458.68554531
5458.77449326
5458.85547499
5458.94600064
5459.06491129
5459.12849211
5459.20546440
5459.28659705
5459.37802064
5459.46760202
5459.54770311
5459.62557018
5459.71736753
5459.80883501
5459.91161086
5459.97772802
5460.05819142
5460.14903475
5460.22881669
5460.30667572
5460.38837815
5460.47812385
5460.55902317
5460.63926665
5460.71749724
5460.81137697
5460.89897105
5460.97796476
5461.05784204
5461.13836882
5461.22912219
5461.30894241
5461.39876515
5461.48855376
5461.58134220
5461.71432650
5461.77317157
5461.85201266
5461.92995092
5462.01171455
5462.11362316
5462.19138466
5462.27210868
5462.36385898
5462.44286318
5462.53349049
5462.63713698
5462.71406953
5462.79584388
5462.89453104
5462.97475209
5463.05378774
5463.14536566
5463.22531486
5463.30429711
5463.38340883
5463.47717031
5463.55427499
5463.63310413
5463.71369528
5463.79457120
5463.88430154
5463.96494584
5464.04493136
5464.12367761
5464.21365761
5464.31929309
5464.38314430
5464.46478943
5464.55470702
5464.65639279
5464.73697760
5464.81493951
5464.89562038
5464.98608605
5465.07880086
5465.16901662
5465.23579427
5465.32787859
5465.40677965
5465.48554345
5465.58652876
5465.67716119
5465.77886866
5465.86956302
5465.94936350
5466.04314278
5466.12281355
5466.19969758
5466.28142829
5466.37143974
5466.46099576
5466.54162226
5466.61968145
5466.70986016
5466.80161363
5466.90527693
5466.98318691
5467.06199192
5467.14167780
5467.23256014
5467.36805445
5467.43676844
5467.51567364
5467.60633826
5467.70783313
5467.78662984
5467.86703375
5467.94678351
5468.02773794
5468.10687744
5468.19574080
5468.28642151
5468.37907853
5468.45889973
5468.55462510
5468.61738696
5468.70725286
5468.79798184
5468.88888418
5468.97722895
5469.05879216
5469.14873730
5469.23138084
5469.30955023
5469.40185666
5469.47917613
5469.60261188
5469.67253320
5469.76539284
5469.84264404
5469.91314344
5469.99303266
5470.09548351
5470.17340885
5470.26901791
5470.33305149
5470.42469866
5470.52194929
5470.60090326
5470.69256799
5470.77130643
5470.86320009
5470.95282193
5471.03367859
5471.13919192
5471.20404348
5471.28303280
5471.36281499
5471.45372122
5471.57822462
5471.64603918
5471.72499462
5471.80480753
5471.89501476
5471.98754354
5472.05429998
5472.13468657
5472.22495037
5472.30439903
5472.38324913
5472.46312373
5472.55585170
5472.63551443
5472.72538008
5472.80510278
5472.89799313
5472.96389965
5473.05556340
5473.13400903
5473.21454166
5473.30529381
5473.38706231
5473.48505315
5473.56561846
5473.65595466
5473.75913498
5473.82706439
5473.90675881
5473.98648297
5474.07047185
5474.14592691
5474.22491453
5474.30557175
5474.39629073
5474.49113766
5474.57985667
5474.67163526
