12091.38076738
12091.43775542
12091.50155867
12091.56377058
12091.62176361
12091.68409840
12091.74710488
12091.80796682
12091.86834089
12091.93150488
12091.99051947
12092.05210430
12092.11312788
12092.17392569
12092.23813342
12092.29889979
12092.35887474
12092.43513398
12092.48041600
12092.54089930
12092.60221325
12092.66397314
12092.72584859
12092.78512552
12092.84795597
12092.90814743
12092.97346304
12093.03257539
12093.12543685
12093.17664660
12093.26886415
12093.33068767
12093.39053097
12093.45235888
12093.53224138
12093.57748243
12093.63930351
12093.69593755
12093.75851249
12093.82052569
12093.88268908
12093.94313532
12094.00394094
12094.06723999
12094.12590472
12094.18664304
12094.24930234
12094.31013843
12094.37202339
12094.43197397
12094.49365876
12094.55443731
12094.63224108
12094.68163032
12094.73906331
12094.79983991
12094.86169879
12094.92342503
12094.99455866
12095.05524798
12095.11700055
12095.17974786
12095.24057347
12095.29964950
12095.36146887
12095.42313075
12095.48508983
12095.54484633
12095.61008367
12095.66849946
12095.74741793
12095.79136778
12095.85201199
12095.91204083
12095.97473133
12096.03653706
12096.09658077
12096.15820509
12096.21819955
12096.28112534
12096.34271992
12096.40355528
12096.46451498
12096.52777698
12096.58812813
12096.64898763
12096.70977203
12096.77078927
12096.84842848
12096.93732046
12096.99812535
12097.05888366
12097.12074473
12097.18152792
12097.24448271
12097.30374257
12097.36544297
12097.42791795
12097.48783390
12097.54863074
12097.61045646
12097.67062524
12097.73341766
12097.79408528
12097.85507741
12097.93376255
12097.97857645
12098.03947301
12098.09951599
12098.16110082
12098.22199299
12098.28465911
12098.34567318
12098.40638445
12098.46659126
12098.53000589
12098.59086026
12098.65107830
12098.71275017
12098.77371889
12098.83572551
12098.89733058
12099.00798403
12099.04179944
12099.10270429
12099.16348406
12099.22537536
12099.28865930
12099.34696464
12099.41126478
12099.46870729
12099.56456248
12099.61576126
12099.67608657
12099.73692949
12099.79777997
12099.85677676
12099.91880045
12099.98144317
12100.04319915
12100.12190161
12100.16484598
12100.22912832
12100.28655327
12100.34854526
12100.40922410
12100.47306685
12100.53292550
12100.59371600
12100.65475251
12100.71439661
12100.77799580
12100.83813216
12100.89819781
12100.96095390
12101.02369829
12101.08360498
12101.14443010
12101.22408292
12101.26623126
12101.32898223
12101.39060412
12101.45054713
12101.51479900
12101.57327062
12101.63518533
12101.69497864
12101.75666953
12101.81766629
12101.88055648
12101.94119850
12102.00121003
12102.06637837
12102.12496581
12102.18750954
12102.24836148
12102.32543553
12102.37002903
12102.43195397
12102.49519866
12102.55363274
12102.61554622
12102.67731391
12102.73740638
12102.79884322
12102.85901591
12102.91963940
12102.98237549
12103.04349489
12103.10506705
12103.16838219
12103.22784149
12103.28881924
12103.34961095
12103.42829464
12103.47328262
12103.53645709
12103.59827402
12103.65655206
12103.71647850
12103.77850512
12103.84009897
12103.90115327
12103.97299053
12104.03454172
12104.09659247
12104.15972842
12104.21804132
12104.27810819
12104.34088720
12104.40268512
12104.46349440
12104.54126672
12104.58609305
12104.64705154
12104.70874730
12104.76885050
12104.82960223
12104.89576191
12104.95408310
12105.01496284
12105.07495998
12105.13487837
12105.19843416
12105.26026085
12105.35406145
12105.40405753
12105.46474099
12105.52585161
12105.58666625
12105.66618547
12105.76323679
12105.82577711
12105.88760648
12105.94751244
12106.00902559
12106.10326237
12106.16487377
12106.22477973
12106.28580746
12106.34849016
12106.41023810
12106.47009505
12106.53189907
12106.59275783
12106.67158634
12106.72345194
12106.78444944
12106.84437490
12106.90720852
12106.96876531
12107.02864713
12107.12341006
12107.17233361
12107.23541275
12107.29601015
12107.35699204
12107.41765284
12107.48041161
12107.54468444
12107.60243000
12107.66300790
12107.74175838
12107.82876987
12107.89131165
12107.98505106
12108.03424110
12108.09681799
12108.15678344
12108.21862890
12108.28034612
12108.34120001
12108.40395561
12108.46485510
12108.52577360
12108.58652362
12108.64944185
12108.70919055
12108.79046861
12108.87404433
12108.93560917
12108.99775110
12109.06179694
12109.12007206
12109.18094424
12109.24281700
12109.30386570
12109.36453746
12109.42645753
12109.48634301
12109.54912811
12109.61228747
12109.67064938
12109.73072990
12109.79344942
12109.87031307
12109.91605076
12109.97784746
12110.03771197
12110.09968324
12110.16056029
12110.22229726
12110.28313872
12110.34497906
12110.40818059
12110.46768499
12110.52747880
12110.58827247
12110.65018790
12110.71300885
12110.77274463
12110.83467372
12110.89650138
12110.97236321
12111.01812870
12111.07826652
12111.14075150
12111.20257599
12111.26591503
12111.32447468
12111.38763549
12111.44619855
12111.50888369
12111.57025080
12111.62966304
12111.69056472
12111.75554679
12111.81544543
12111.90912413
12111.95863015
12112.02109489
12112.09724588
12112.14306671
12112.20291050
12112.26575046
12112.32667579
12112.38740460
12112.44827970
12112.50911726
12112.57195039
12112.63199020
12112.69358966
12112.75408344
12112.81539472
12112.87822371
12112.93827059
12112.99989102
12113.05987694
12113.12383502
12113.20061528
12113.24525827
12113.30641595
12113.36892823
12113.42878640
12113.48967588
12113.55057317
12113.61030871
12113.67339443
12113.73408375
12113.79572709
12113.85672970
12113.91940900
12113.98023802
12114.04119869
12114.10300173
12114.16293061
12114.22561746
12114.30588395
12114.34733377
12114.41066062
12114.47456335
12114.53083045
12114.59276539
12114.65261771
12114.71439296
12114.77727290
12114.83700429
12114.89898190
12114.95881325
12115.02079110
12115.08152382
12115.14524710
12115.20545563
12115.26423129
12115.32776684
12115.40468314
12115.45039183
12115.51124913
12115.57318456
12115.63319974
12115.69482358
12115.75677364
12115.81640287
12115.87926234
12115.93929410
12115.99995758
12116.06097506
12116.12711279
12116.18445290
12116.24553670
12116.30815138
12116.36903428
12116.42981113
12116.50669745
12116.55173322
12116.62427802
12116.68536328
12116.74695738
12116.80800607
12116.86972037
12116.92985014
12116.99595008
12117.05344622
12117.11506397
12117.17492677
12117.23784914
12117.29775071
12117.35869530
12117.41934170
12117.48115645
12117.54391034
12117.63171592
12117.70859273
12117.75941263
12117.82127663
12117.88205786
12117.94634093
12118.00397970
12118.06502669
12118.12643086
12118.18924132
12118.28546051
12118.33193549
12118.42681593
12118.48680015
12118.55074335
12118.60939320
12118.70083519
12118.74429352
12118.80813529
12118.86552806
12118.92733719
12119.02113366
12119.08093673
12119.14367283
12119.20450843
12119.26663354
12119.32832150
12119.39152864
12119.45235961
12119.51071324
12119.57274936
12119.63689760
12119.70774988
12119.78317943
12119.82898930
12119.88908811
12119.94979035
12120.04369506
12120.09534928
12120.15546077
12120.21713362
12120.27803749
12120.33958233
12120.40149875
12120.46322499
12120.52411496
12120.58420743
12120.64577349
12120.70765991
12120.76850063
12120.82956761
12120.90622963
12120.95293866
12121.01485702
12121.07532911
12121.13650629
12121.19633886
12121.28106317
12121.34197874
12121.40283141
12121.46275809
12121.52642944
12121.58630273
12121.64814332
12121.70798613
12121.76976918
12121.83086468
12121.89277378
12121.95442322
12122.03112131
12122.07948386
12122.13790770
12122.20219053
12122.25964767
12122.32141145
12122.38263057
12122.44514504
12122.50428325
12122.57595423
12122.63914626
12122.70044802
12122.76128363
12122.82125907
12122.88300433
12122.94489246
12123.00577219
12123.06671410
12123.14525295
12123.18933323
12123.25453522
12123.31101005
12123.37374322
12123.43471585
12123.49557364
12123.55821343
12123.61905635
12123.67912664
12123.74182494
12123.80263641
12123.86266744
12123.92335920
12123.98530779
12124.04713985
12124.10805932
12124.21666404
12124.25167119
12124.31421931
12124.37516902
12124.43688673
12124.49780084
12124.55759513
12124.61956079
12124.68232469
12124.74234109
12124.80393250
12124.89673032
12124.95955078
12125.02037516
12125.08055565
12125.14415045
12125.20639771
12125.26581312
12125.34292374
12125.38746629
12125.45027650
12125.51039945
12125.57094736
12125.63277210
12125.69461634
12125.75659298
12125.81740810
12125.87817056
12125.93900031
12125.99994295
12126.06001275
12126.12282296
12126.18282230
12126.24542796
12126.30973785
12126.36724570
12126.44497316
12126.48976414
12126.55256924
12126.61247812
12126.67356607
12126.73759753
12126.79609793
12126.85782685
12126.91788519
12126.98050182
12127.04384842
12127.10311949
12127.16325634
12127.22732730
12127.28566458
12127.34858890
12127.40842611
12127.46925366
12127.54796904
12127.59194107
12127.65370656
12127.71651897
12127.77461294
12127.83626262
12127.89911990
12127.96103168
12128.02175171
12128.08271020
12128.14270051
12128.20546855
12128.26614568
12128.32942474
12128.38782152
12128.45064197
12128.51073396
12128.57248726
12128.65259967
12128.69420236
12128.75606025
12128.81873442
12128.87951127
12128.94042319
12129.00229961
12129.06298088
12129.12394839
12129.18375707
12129.24664481
12129.30844322
12129.36923494
12129.43111722
12129.49012474
12129.55377512
12129.61374155
12129.67467467
12129.75328204
12129.79612645
12129.85910612
12129.92078530
12129.98169234
12130.04247041
12130.10447995
12130.16523705
12130.22840688
12130.28708941
12130.34799376
12130.41057504
12130.47130825
12130.57847157
12130.62517597
12130.68871762
12130.74882203
12130.82870989
12130.87472456
12130.93512130
12130.99691215
12131.05873177
12131.12052408
12131.18152548
12131.24333729
12131.30505354
12131.36712648
12131.42807277
12131.49059675
12131.55389776
12131.61432303
12131.67615265
12131.73693876
12131.79724188
12131.86162638
12131.93940382
12131.98361429
12132.04522618
12132.10796033
12132.17235629
12132.22984634
12132.29399970
12132.35532658
12132.41623411
12132.47803325
12132.53984726
12132.60420372
12132.66267047
12132.72357921
12132.78724983
12132.84820880
12132.91238484
12132.97173491
12133.05150355
12133.09539610
12133.15625681
12133.21814909
12133.28103391
12133.34100033
12133.40265392
12133.46477561
12133.52651965
12133.58920601
12133.65005113
12133.71198924
12133.77467828
12133.83555826
12133.89665376
12133.96014689
12134.02097128
12134.08182980
12134.16111399
12134.20563483
12134.26753807
12134.32925724
12134.39127410
12134.45196025
12134.51369405
12134.57909328
12134.63648971
12134.69936063
12134.76009311
12134.82230136
12134.88581301
12134.94763117
12135.00746911
12135.06980780
12135.14314742
12135.20516086
12135.28207205
12135.32762348
12135.39044320
12135.45053860
12135.51321228
12135.57413517
12135.63606109
12135.69863262
12135.79239300
12135.84325630
12135.90525414
12135.96695893
12136.02689293
12136.13345306
12136.19532437
12136.25722249
12136.33746144
12136.38013396
12136.44194675
12136.50364008
12136.56449104
12136.62668320
12136.68813174
12136.75108215
12136.81184778
12136.87387927
12136.93476120
12136.99646379
12137.05931350
12137.12108485
12137.18201041
12137.24388318
12137.30563868
12137.36831651
12137.44618416
12137.49107681
12137.55289424
12137.61493865
12137.67685214
12137.73839649
12137.79934132
12137.86199355
12137.92342405
12137.98465536
12138.04761503
12138.10840309
12138.17160730
12138.23250069
12138.29393314
12138.35475875
12138.41749777
12138.47749175
12138.55748956
12138.60310974
12138.66491766
12138.72582811
12138.78658716
12138.84941347
12138.91054554
12138.97252071
12139.03750449
12139.09590883
12139.16012875
12139.22054793
12139.28380310
12139.34317097
12139.40503179
12139.46617874
12139.52866323
12139.63954513
12139.67264252
12139.73423491
12139.79696126
12139.85787634
12139.91906010
12139.98157434
12140.04338372
12140.10429807
12140.16732308
12140.22988657
12140.28972231
12140.35261322
12140.41684924
12140.47450288
12140.53726190
12140.59984074
12140.66077509
12140.73961067
12140.78683341
12140.84632562
12140.90817547
12140.96989586
12141.03104720
12141.09267957
12141.15788814
12141.21728429
12141.27816817
12141.34088501
12141.40170379
12141.46386450
12141.52461233
12141.58750812
12141.64827961
12141.71004681
12141.77197200
12141.85697571
12141.90636421
12141.96723809
12142.03257052
12142.09308819
12142.15372924
12142.21961682
12142.27890838
12142.33922442
12142.40006051
12142.46125037
12142.52383824
12142.58658969
12142.64788439
12142.70754678
12142.77113817
12142.83135742
12142.89400916
12142.97276184
12143.01764767
12143.07853569
12143.14036092
12143.20296243
12143.26386777
12143.32580490
12143.42285110
12143.47020013
12143.53310251
12143.59390008
12143.65822509
12143.71665941
12143.77968881
12143.84052783
12143.90218336
12143.96809679
12144.04305482
12144.08662115
12144.14853658
12144.21522361
12144.27217899
12144.33492679
12144.39683028
12144.45781339
12144.51949721
12144.58066975
12144.64220680
12144.70502262
12144.76718211
12144.82789801
12144.88866193
12144.95229159
12145.01312939
12145.07754338
12145.15477567
12145.19969612
12145.26072823
12145.32249177
12145.38524811
12145.44610419
12145.50796282
12145.56987338
12145.63101911
12145.69252251
12145.75437723
12145.81547908
12145.87807816
12145.94236903
12146.00184905
12146.06192446
12146.12458619
12146.18626440
12146.26511607
12146.31090204
12146.37082872
12146.43767277
12146.49552780
12146.55633488
12146.61915826
12146.68003239
12146.74019264
12146.80719224
12146.86469740
12146.92933643
12146.98743649
12147.05110760
12147.11933088
12147.20571139
12147.25647522
12147.33829965
12147.38012664
12147.44299221
12147.50488277
12147.56487553
12147.62700381
12147.69943743
12147.77352677
12147.83423413
12147.89695121
12147.95679036
12148.02312485
12148.08177153
12148.14330955
12148.21709242
12148.30995825
12148.38694844
12148.43607630
12148.49684267
12148.55739911
12148.62157149
12148.68107711
12148.75096975
12148.81382605
12148.87561275
12148.93977465
12148.99927564
12149.06031531
12149.12197987
12149.18461893
12149.24674697
12149.30934995
12149.36933539
12149.43448350
12149.51079077
12149.55570512
12149.61676137
12149.67843324
12149.74018045
12149.80125108
12149.86282836
12149.92466724
12149.98767177
12150.04841424
12150.11023849
12150.17321133
12150.23412666
12150.29571490
12150.35760888
12150.41943216
12150.48047671
12150.54221904
12150.62307848
12150.67635550
12150.73870028
12150.80034460
12150.86364049
12150.92324607
12150.98482554
12151.07892237
12151.12956722
12151.19232356
12151.25337908
12151.31616370
12151.37886591
12151.43903566
12151.49977740
12151.56142757
12151.62515549
12151.70109705
12151.75026709
12151.81070090
12151.87155503
12151.93237576
12151.99412907
12152.05508706
12152.15331110
12152.21199899
12152.27282557
12152.33534639
12152.39825754
12152.45909144
12152.52089789
12152.58415891
12152.64552992
12152.70528204
12152.78410664
12152.83015422
12152.89503219
12152.95810986
12153.00471845
12153.06746015
12153.12839279
12153.19024313
12153.25201204
12153.31301002
12153.37565713
12153.44090642
12153.50030086
12153.56105869
12153.62307774
12153.68375560
12153.74662750
12153.80990876
12153.88874775
12153.93118573
12153.99395279
12154.05380072
12154.11569348
12154.17644278
12154.24031771
12154.30029243
12154.36296660
12154.42505563
12154.48767006
12154.54765916
12154.60926496
12154.67150466
12154.73295369
12154.79577122
12154.85667436
12154.91866294
12154.99756922
12155.04457985
12155.10296736
12155.16588217
12155.22692038
12155.32059981
12155.37124539
12155.43416971
12155.49507870
12155.56020121
12155.61964734
12155.68149354
12155.74331535
12155.80418753
12155.86703383
12155.92906215
12155.98972562
12156.06650076
12156.11270023
12156.17434675
12156.24410554
12156.30512254
12156.37025016
12156.42967557
12156.49051142
12156.55257924
12156.61428646
12156.67841398
12156.73679832
12156.79874765
12156.86144986
12156.92575316
12156.98332952
12157.04641329
12157.10879514
12157.18905261
12157.23066212
12157.29332142
12157.35419043
12157.42940129
12157.48997382
12157.58389121
12157.64446277
12157.70718375
12157.76797011
12157.83008376
12157.89191289
12157.95447271
12158.01454031
12158.07718962
12158.14151097
12158.19908489
12158.28071525
12158.32696763
12158.38643424
12158.44815707
12158.50913116
12158.56993531
12158.63179759
12158.69361746
12158.75735293
12158.81743272
12158.87830783
12158.94016328
12159.00204873
12159.06378107
12159.12655154
12159.18652357
12159.24908974
12159.31437438
12159.38890842
12159.44589915
12159.50846287
12159.56843173
12159.63101448
12159.69385663
12159.75401835
12159.82763494
12159.88874653
12159.95137535
12160.01226191
12160.07410762
12160.13568709
12160.19679381
12160.25915395
12160.31927909
12160.38211808
12160.46195425
12160.50818030
12160.56763960
12160.62835647
12160.69042184
12160.75202935
12160.81394917
12160.87772951
12160.93863655
12160.99853373
12161.06122180
12161.12311261
12161.18400088
12161.24570761
12161.30762329
12161.36955019
12161.43219900
12161.49306240
12161.57425561
12161.61587268
12161.68019915
12161.73861300
12161.80134081
12161.86219713
12161.92902582
12161.98590488
12162.04875386
12162.10977793
12162.17135326
12162.23425856
12162.29600186
12162.35786805
12162.41829308
12162.48049670
12162.54139642
12162.60417690
12162.68223277
12162.72703351
12162.79067438
12162.85158069
12162.91150762
12162.97663451
12163.03531630
12163.09799072
12163.15895749
12163.22260909
12163.28247482
12163.34419155
12163.40529608
12163.46887040
12163.53068855
12163.59158145
12163.65235513
12163.71539769
12163.79428983
12163.83788518
12163.89967749
12163.96503625
12164.02646236
12164.11824300
12164.16908680
12164.23084913
12164.29167595
12164.35262688
12164.41343834
12164.47718357
12164.53902708
12164.60085889
12164.66268144
12164.72410048
12164.78536689
12164.86316652
12164.90919996
12164.97005580
12165.03276947
12165.09452740
12165.15637872
12165.21642511
12165.27825887
12165.34017260
12165.40375837
12165.46761746
12165.52543714
12165.58629639
12165.65016962
12165.71216112
12165.77290213
12165.83584254
12165.89991252
12165.97336576
12166.02009039
12166.08297668
12166.14369818
12166.20483757
12166.26468428
12166.32928553
12166.38952965
12166.45214335
12166.51298335
12166.57586354
12166.63677155
12166.69768615
12166.76033472
12166.82554646
12166.88308284
12166.94575116
12167.00673573
12167.08644682
12167.12949457
12167.19215996
12167.26587944
12167.32575906
12167.38955403
12167.44970501
12167.51571158
12167.57313043
12167.63838825
12167.69678600
12167.75960890
12167.81946195
12167.91439018
12167.96919954
12168.02697314
12168.08776193
12168.16760249
12168.21141580
12168.27350507
12168.33617315
12168.39800788
12168.45987358
12168.52414080
12168.58343407
12168.64526539
12168.70622826
12168.76797449
12168.82894761
12168.89314193
12168.95270143
12169.01345804
12169.07622486
12169.13727209
12169.20237363
12169.27768348
12169.33270593
12169.39447167
12169.45734747
12169.51910467
12169.58030404
12169.64370086
12169.70366631
12169.76644532
12169.82721388
12169.89011235
12169.95089993
12170.01276806
12170.07389794
12170.13993157
12170.19789412
12170.25909714
12170.32097820
12170.40067735
12170.44412665
12170.50636221
12170.56764789
12170.62922833
12170.69198783
12170.75222903
12170.81662864
12170.87665211
12170.93748138
12171.00232863
12171.06602387
12171.12381112
12171.18474596
12171.24565544
12171.30873409
12171.36950069
12171.43549336
12171.51008006
12171.55681616
12171.61809257
12171.71379197
12171.76466551
12171.82510078
12171.88988463
12171.94776185
12172.00952418
12172.07141084
12172.13257510
12172.19502594
12172.25690066
12172.31793839
12172.38209053
12172.44041758
12172.50326266
12172.58121491
12172.62601224
12172.69125397
12172.75174555
12172.81158349
12172.87250394
12172.93339269
12172.99715937
12173.05903117
12173.12081470
12173.19182472
12173.25534443
12173.31729595
12173.37725969
12173.44086399
12173.50091355
12173.56265052
12173.62454206
12173.70686826
12173.74735259
12173.81260237
12173.87001318
12173.93375524
12173.99562337
12174.05746323
12174.12934316
12174.19103746
12174.25293632
12174.31396014
12174.37611354
12174.43839371
12174.50525922
12174.56807260
12174.66392852
12174.74176204
12174.79062757
12174.85676774
12174.94743954
12175.01287656
12175.07686023
12175.13865205
12175.20249919
12175.26348645
12175.32825567
12175.39028082
12175.45407774
12175.52113926
12175.58053371
12175.64698303
12175.70969182
12175.78606394
12175.83317161
12175.89579263
12175.95885860
12176.02253946
12176.08867061
12176.16350698
12176.22392932
12176.28563703
12176.34945126
12176.41480270
12176.47622101
12176.53894638
12176.60085036
12176.66486719
12176.73095762
12176.79128049
12176.87113885
12176.91798881
12176.98088070
12177.04504942
12177.10761437
12177.17382890
12177.23424344
12177.29703123
12177.35982877
12177.42275601
12177.48759326
12177.54867073
12177.61226918
12177.67700232
12177.73789985
12177.80370893
12177.86556658
12177.94340741
12177.99149909
12178.05512290
12178.12893600
12178.19278972
12178.25552704
12178.31844917
12178.38213807
12178.44398744
12178.50794795
12178.57164758
12178.63356034
12178.69980339
12178.75937119
12178.82410530
12178.88931705
12178.94974744
12179.02964090
12179.08729601
12179.16133463
12179.22743652
12179.28604273
12179.35309499
12179.41376164
12179.47647433
12179.54023516
12179.60299783
12179.66685765
12179.72932141
12179.79244566
12179.85570497
12179.91819994
12179.98225847
12180.04831159
12180.13568684
12180.21534333
12180.27771152
12180.34112711
12180.40493378
12180.50307054
12180.55593844
12180.61631008
12180.67824551
12180.74294891
12180.80379719
12180.86861274
12180.93244427
12180.99447674
12181.05829486
12181.14792096
12181.20575356
12181.26947807
12181.33154101
12181.39969358
12181.46148443
12181.52433756
12181.58582243
12181.64774518
12181.71233106
12181.77523514
12181.83614218
12181.90080194
12181.96272518
12182.02751391
12182.09042043
12182.16425303
12182.24427109
12182.29085090
12182.35288507
12182.41770257
12182.48036870
12182.54420901
12182.62814923
12182.69089045
12182.75466786
12182.81675445
12182.88238652
12182.94519381
12183.00601990
12183.06992994
12183.14573180
12183.20562410
12183.28650816
12183.33424973
12183.39792182
12183.45880399
12183.52358077
12183.58653313
12183.65039587
12183.71317440
12183.77526196
12183.83792760
12183.90266781
12183.96545901
12184.02831824
12184.09233507
12184.16498202
12184.24330731
12184.30272199
12184.38448450
12184.42883175
12184.49120286
12184.55505439
12184.61809111
12184.68094521
12184.74468971
12184.80744287
12184.87352453
12184.93510960
12184.99788788
12185.06092703
12185.13547985
12185.19843977
12185.26213721
12185.32419698
12185.38791051
12185.46670098
12185.51354094
12185.57966477
12185.64028899
12185.70242020
12185.76687540
12185.83221660
12185.89350594
12185.95537212
12186.05214623
12186.10506778
12186.17887527
12186.23988958
12186.30357093
12186.36734639
12186.43109162
12186.51537024
12186.55599403
12186.62057601
12186.68364004
12186.74979971
12186.80947478
12186.87217821
12186.93591929
12186.99894528
12187.06171746
12187.12625410
12187.19154434
12187.25295192
12187.31474887
12187.37770318
12187.44255213
12187.50432006
12187.58420231
12187.63008093
12187.69678381
12187.75761381
12187.82146143
12187.88326813
12187.94709991
12188.00889393
12188.07373776
12188.13653189
12188.19864700
12188.26228910
12188.32858311
12188.38988780
12188.45281090
12188.51368089
12188.58088699
12188.66034989
12188.70332181
12188.76898850
12188.83096537
12188.89461381
12188.95740476
12189.01847443
12189.08322268
12189.14620162
12189.20982323
12189.27362088
12189.33890820
12189.40030384
12189.46126305
12189.52491295
12189.58899975
12189.65158957
12189.73348105
12189.77740992
12189.84015114
12189.90492963
12189.96776594
12190.02984692
12190.09455910
12190.16854018
12190.24302351
12190.30595588
12190.36704407
12190.43174210
12190.49468812
12190.55828853
12190.62121918
12190.68331821
12190.74699005
12190.82895102
12190.87374078
12190.93763571
12191.01033484
12191.08603430
12191.14892375
12191.22189132
12191.28571578
12191.34837069
12191.41137279
12191.47607375
12191.57088421
12191.63468381
12191.69658974
12191.76033984
12191.83916420
12191.88688748
12191.94986983
12192.01181184
12192.07450527
12192.13918892
12192.20126722
12192.27686281
12192.33904839
12192.40274437
12192.46942238
12192.52930908
12192.59111992
12192.65502630
12192.71798061
12192.78262477
12192.84355350
12192.92429445
12192.97017405
12193.03312494
12193.09695623
12193.16060784
12193.22355312
12193.29817006
12193.36063626
12193.42389948
12193.48683404
12193.55053246
12193.61437764
12193.67642157
12193.73911329
12193.80392080
12193.86580795
12193.93048014
12194.00933693
12194.05568415
12194.12003159
12194.18188485
12194.25379234
12194.32962320
12194.39332357
12194.45710756
12194.52002895
12194.58179055
12194.64721245
12194.70860931
12194.77231113
12194.83531689
12194.89818635
12194.96187501
12195.02578725
12195.10375584
12195.15242925
12195.21449219
12195.27808771
12195.35192080
12195.41478759
12195.47769947
12195.54139521
12195.60336550
12195.66716875
12195.73100882
12195.79385658
12195.85666753
12195.91954870
12195.98228017
12196.04522862
12196.10883463
12196.18874541
12196.26664061
12196.33237508
12196.40423331
12196.46696381
12196.53263805
12196.59447791
12196.65759240
12196.72119914
12196.78415589
12196.84789039
12196.91086055
12196.98559988
12197.04762649
12197.16225648
12197.19689474
12197.25893038
12197.32491987
12197.39646115
12197.45927235
12197.52307389
12197.58610793
12197.64802580
12197.71169252
12197.77534583
12197.83837328
12197.90020924
12197.96383987
12198.02870833
12198.09159462
12198.15346544
12198.23429001
12198.28102952
12198.35416263
12198.41785276
12198.48087387
12198.54547853
12198.60632876
12198.67023466
12198.73387529
12198.79580170
12198.86064431
12198.92349963
12198.98526439
12199.04944238
12199.11216849
12199.17601075
12199.23886997
12199.32952812
12199.37542648
12199.43923900
12199.50224792
12199.56591099
12199.62774743
12199.69244498
12199.75461812
12199.81808979
12199.88297800
12199.94485540
12200.00764977
12200.07151178
12200.13337407
12200.20613659
12200.26798937
12200.34174614
12200.44651720
12200.48836614
12200.55313805
12200.61693521
12200.67904545
12200.74367985
12200.80562332
12200.86933173
12200.94317653
12201.00511732
12201.07080132
12201.13175127
12201.19449956
12201.25858880
12201.32225991
12201.39604351
12201.45885348
12201.54084005
12201.58642829
12201.64748576
12201.71321657
12201.77408241
12201.86993979
12201.93362187
12201.99646427
12202.06022779
12202.12315869
12202.18599719
12202.25074008
12202.31275963
12202.37543160
12202.45031429
12202.51309842
12202.59291387
12202.63857135
12202.73437266
12202.78711720
12202.84995351
12202.91379869
12202.97679250
12203.03951738
12203.10242829
12203.16620058
12203.22816088
12203.29381831
12203.35461709
12203.43289508
12203.49252943
12203.55521872
12203.63610303
12203.68279963
12203.74556937
12203.80936555
12203.87145434
12203.93525540
12204.00098450
12204.05995740
12204.12491851
12204.18755952
12204.25241774
12204.31425735
12204.37697224
12204.45187273
12204.51364334
12204.57745805
12204.64427796
12204.72108504
12204.76769631
12204.83089101
12204.89192751
12204.95651510
12205.01943577
12205.08432787
12205.14628719
12205.20998561
12205.27708785
12205.33570528
12205.39734911
12205.46316623
12205.52493879
12205.58885469
12205.65170708
12205.71794819
12205.79326096
12205.83930756
12205.90589463
12205.96599052
12206.02882633
12206.09279367
12206.15628192
12206.21921746
12206.28304266
12206.34496150
12206.40866407
12206.47162398
12206.53877255
12206.59913760
12206.66336410
12206.72478778
12206.78860224
12206.86840014
12206.91452647
12206.97726598
12207.04092636
12207.10486371
12207.16663115
12207.23153667
12207.29228474
12207.39148744
12207.44189775
12207.51574644
12207.57851180
12207.64233407
12207.70439896
12207.77151534
12207.83440333
12207.90979583
12207.95868720
12208.02145280
12208.08529238
12208.14813600
12208.21249782
12208.27300380
12208.33661737
12208.39854451
12208.46331349
12208.53627569
12208.60006846
12208.66188052
12208.72465904
12208.78861468
12208.88441282
12208.95952859
12209.00083846
12209.06279193
12209.12684923
12209.18972260
12209.25249819
12209.31707749
12209.37898415
12209.44292272
12209.50585826
12209.57860981
12209.64239380
12209.70926784
12209.77089704
12209.83288903
12209.89581091
12209.96031390
12210.03813157
12210.08604429
12210.14984340
12210.21102424
12210.27562207
12210.33830209
12210.40121008
12210.46948602
12210.52788109
12210.59976297
12210.66455633
12210.72729341
12210.79025357
12210.85499232
12210.91931732
12210.98168746
12211.04270909
12211.12258257
12211.17041678
12211.23298636
12211.29601235
12211.35960056
12211.42352133
12211.48635349
12211.54914640
12211.62399374
12211.68489809
12211.74852849
12211.81339451
12211.87447880
12211.93909052
12212.00301446
12212.06493185
12212.12817702
12212.20932050
12212.25426801
12212.31725596
12212.38010811
12212.44379020
12212.50863622
12212.56966468
12212.63325436
12212.69621427
12212.76088817
12212.83480245
12212.93041261
12212.98580199
12213.04431409
12213.10907162
12213.28746926
12213.33240141
12213.39641385
12213.45908169
12213.52192896
12213.58573344
12213.64771738
12213.71146139
12213.77334318
12213.83614048
12213.90327880
12213.96461543
12214.02672201
12214.09284341
12214.15629777
12214.21621324
12214.27941818
12214.35874528
12214.40668896
12214.46856880
12214.53247421
12214.59512474
12214.65732275
12214.73206452
12214.79667258
12214.85764643
12214.92234983
12214.98515127
12215.04894062
12215.11180984
12215.17468589
12215.23849134
12215.30134934
12215.36445749
12215.44406668
12215.48986923
12215.55375611
12215.61751133
12215.69133077
12215.75520326
12215.81803445
12215.88101387
12215.94292345
12216.00648777
12216.06933407
12216.13327630
12216.19493915
12216.25984710
12216.32273802
12216.38651592
12216.44840649
12216.52808003
12216.57508969
12216.64892643
12216.72278049
12216.78657716
12216.84838435
12216.91553706
12216.97590845
12217.03781974
12217.10254874
12217.16538577
12217.22921097
12217.29205313
12217.35495477
12217.41980470
12217.48158994
12217.54787591
12217.62642842
12217.67350097
12217.73498243
12217.79922673
12217.85950865
12217.92345940
12217.98538215
12218.04928488
12218.11288577
12218.17576011
12218.23862299
12218.30348852
12218.35965688
12218.41928563
12218.48191640
12218.54919979
12218.61954787
12218.71043056
12218.75720640
12218.82043329
12218.88286219
12218.94578431
12219.01303601
12219.07582648
12219.13867375
12219.20730224
12219.27630083
12219.33791687
12219.40443641
12219.47036544
12219.53517245
12219.60444216
12219.67783128
12219.76062681
12219.81049537
12219.87539698
12219.94315848
12220.00598528
12220.08484670
12220.14867921
12220.21534162
12220.28113485
12220.34618762
12220.41382381
12220.47871543
12220.54367482
12220.60934468
12220.67708351
12220.76706167
12220.82016949
12220.88466467
12220.95052885
12221.01527979
12221.09301481
12221.16029137
12221.25653056
12221.33584327
12221.39918548
12221.46507477
12221.52979499
12221.59914564
12221.66162111
12221.74632811
12221.80518422
12221.87245347
12221.93591149
12222.00271823
12222.06686721
12222.13264459
12222.19736237
12222.26513046
12222.33017641
12222.39687197
12222.46167484
12222.52739420
12222.59320327
12222.66004756
12222.72494430
12222.80669730
12222.86751560
12222.93271173
12222.99945216
12223.06424309
12223.14093216
12223.20665103
12223.27347142
12223.33930122
12223.40317737
12223.47098544
12223.53481454
12223.60162592
12223.67869924
12223.74387172
12223.82687815
12223.88669731
12223.95264219
12224.02857107
12224.09429700
12224.16110618
12224.25877897
12224.31272110
12224.37947348
12224.44439045
12224.52211670
12224.58704172
12224.65285323
12224.71962486
12224.80060767
12224.85117475
12224.92725844
12225.00338871
12225.06978634
12225.13552495
12225.20129624
12225.26625564
12225.33294559
12225.40965808
12225.47452458
12225.54043752
12225.60741542
12225.67299848
12225.73885534
12225.81776504
12225.87039645
12225.94573506
12226.01216488
12226.07888897
12226.14195324
12226.20868781
12226.27570667
12226.34078456
12226.40702176
12226.47187315
12226.53870916
12226.60556027
12226.67041361
12226.73840527
12226.80008738
12226.88277637
12226.93378718
12227.01040116
12227.08526995
12227.15206743
12227.21803133
12227.28467033
12227.34889001
12227.41448916
12227.48016341
12227.54612657
12227.61217458
12227.67804071
12227.74256588
12227.80893230
12227.89113928
12227.94200600
12228.01875773
12228.08457558
12228.14837713
12228.21539599
12228.28105219
12228.34821027
12228.41373872
12228.47779090
12228.54346442
12228.61039331
12228.67437698
12228.74113252
12228.80673656
12228.87265559
12228.95546989
12229.00340651
12229.08118858
12229.14684162
12229.21277187
12229.27965760
12229.34357350
12229.41025248
12229.47414253
12229.54010716
12229.60764899
12229.67177919
12229.74938450
12229.81520162
12229.88097705
12229.96294461
12230.01258691
12230.07937561
12230.15432925
12230.22124376
12230.28693410
12230.35190837
12230.41794785
12230.51548922
12230.58152406
12230.65834431
12230.72394468
12230.78978618
12230.85543020
12230.93640203
12230.98721390
12231.05290838
12231.12984102
12231.20652888
12231.28236511
12231.36025105
12231.42810129
12231.49099441
12231.55864107
12231.62335276
12231.68846064
12231.75401006
12231.81990105
12231.88591688
12231.97050587
12232.02850548
12232.09345683
12232.16097233
12232.22910150
12232.30158413
12232.38039313
12232.44420906
12232.51104506
12232.57685218
12232.64075223
12232.70772208
12232.77343071
12232.83915737
12232.90521026
12232.98778758
12233.03668066
12233.10253874
12233.16759542
12233.23522282
12233.29996255
12233.37685277
12233.44370925
12233.50850432
12233.57421514
12233.63827366
12233.70486195
12233.77075270
12233.83660249
12233.90462024
12233.96823600
12234.05100788
12234.09891475
12234.16576026
12234.23268696
12234.29734038
12234.36228954
12234.46090026
12234.51660611
12234.58246566
12234.64753867
12234.71417182
12234.77808601
12234.84416693
12234.90993383
12234.97479156
12235.06854901
12235.11825568
12235.18515678
12235.25089978
12235.31578213
12235.38253207
12235.45829516
12235.52525111
12235.59088025
12235.65500217
12235.72259739
12235.78747414
12235.85247255
12235.93012369
12235.99482612
12236.07765432
12236.12654155
12236.19248837
12236.25836498
12236.32504397
12236.40182521
12236.46575183
12236.54336543
12236.60843284
12236.67402102
12236.74008292
12236.83876216
12236.89680566
12236.95942595
12237.02421248
12237.10807736
12237.18972650
12237.24367570
12237.32233427
12237.39739226
12237.46409075
12237.52975769
12237.60665254
12237.68336941
12237.74929088
12237.81337915
12237.88097998
12237.94491903
12238.02158032
12238.10445752
12238.15332500
12238.21930572
12238.28507432
12238.35189155
12238.41894917
12238.48254884
12238.54834914
12238.61510005
12238.69099772
12238.75580840
12238.82267292
12238.88751017
12238.95339654
12239.01923584
12239.08595603
12239.16685789
12239.23052023
12239.29246370
12239.35932408
12239.42499321
12239.50275383
12239.56772079
12239.63246661
12239.69935039
12239.77604971
12239.84102422
12239.90674285
12239.97367881
12240.03930112
12240.10418860
12240.20283370
12240.26882149
12240.33463836
12240.40136099
12240.46618313
12240.53126248
12240.59802509
12240.66282894
12240.73976475
12240.81639922
12240.88329836
12240.95896905
12241.02490271
12241.09069155
12241.17072691
12241.22146221
12241.28826944
12241.35414703
12241.41940241
12241.48395124
12241.56081781
12241.62773719
12241.69250178
12241.77238793
12241.84598014
12241.91268644
12241.97758659
12242.04346442
12242.10846161
12242.18906748
12242.24094820
12242.30773447
12242.37249906
12242.43832545
12242.50328850
12242.56906881
12242.64779686
12242.71260851
12242.77839686
12242.85341389
12242.92110006
12242.98607774
12243.05179441
12243.12940680
12243.24218993
12243.29309590
12243.36992687
12243.43466709
12243.50050005
12243.57727690
12243.64309865
12243.72017319
12243.78583062
12243.85188375
12243.92759246
12244.00520607
12244.08114226
12244.14588467
12244.22775445
12244.27942135
12244.34430127
12244.41025468
12244.47508778
12244.54175482
12244.60858351
12244.67257986
12244.75029050
12244.81507143
12244.88185379
12244.95377566
12245.02053608
12245.09825818
12245.16209605
12245.24403922
12245.29391607
12245.35959422
12245.42547595
12245.49230342
12245.55801546
12245.62502505
12245.68869835
12245.76663427
12245.83147713
12245.89626001
12245.96624042
12246.02873637
12246.09461493
12246.17367432
12246.25240189
12246.30314719
12246.36890604
12246.43476046
12246.49954846
12246.56445252
12246.63133167
12246.69712661
