5494.01179452
5494.09398554
5494.17248408
5494.26586717
5494.35627505
5494.45861423
5494.53940872
5494.61977410
5494.71106019
5494.79350039
5494.89580982
5494.98818135
5495.07952327
5495.16877013
5495.25078805
5495.34402925
5495.42558344
5495.50524763
5495.59604634
5495.68897863
5495.77934604
5495.87156543
5495.95125180
5496.04451543
5496.12555372
5496.20869560
5496.30786746
5496.39876320
5496.47994827
5496.57166663
5496.65231703
5496.73327828
5496.81426879
5496.90654011
5496.99910351
5497.09010361
5497.17033100
5497.25180425
5497.33126461
5497.42415667
5497.50477123
5497.60783281
5497.69980693
5497.79161379
5497.89289923
5497.97411380
5498.06597088
5498.14680243
5498.22831396
5498.31885545
5498.41248479
5498.51338744
5498.59408928
5498.67578684
5498.75654378
5498.84838039
5498.93017279
5499.02221200
5499.11333839
5499.19308084
5499.27502440
5499.35487461
5499.43809500
5499.52785947
5499.62070887
5499.71286438
5499.80241503
5499.88437370
5499.98798264
5500.06872227
5500.14938754
5500.24039203
5500.33237589
5500.42415765
5500.51572411
5500.60716477
5500.69973305
5500.79242616
5500.87231148
5500.95307574
5501.04600998
5501.13742333
5501.22771029
5501.33146234
5501.42331041
5501.50309747
5501.59575548
5501.68899204
5501.78024521
5501.87035613
5501.95091364
5502.03167326
5502.11316382
5502.19469120
5502.27484983
5502.36741811
5502.45877173
5502.55040257
5502.63030544
5502.71229801
5502.79250028
5502.87476543
5502.96571091
5503.05818874
5503.14921443
5503.23037951
5503.31056472
5503.39043492
5503.47303165
5503.55294988
5503.64491596
5503.73748740
5503.82748276
5503.90907012
5503.99004185
5504.08177484
5504.16335098
5504.24513485
5504.34655170
5504.43902660
5504.53073813
5504.61059931
5504.69151619
5504.78536277
5504.86522054
5504.94696320
5505.03698830
5505.12924451
5505.25320981
5505.33479131
5505.42538498
5505.50597857
5505.58760030
5505.68061890
5505.82508856
5505.90630898
5505.98762424
5506.06764415
5506.14880532
5506.22936014
5506.31126128
5506.40359233
5506.49541163
5506.58773756
5506.66618246
5506.75776526
5506.83920219
5506.92093900
5507.00227645
5507.14743292
5507.23918371
5507.36207649
5507.44377527
5507.52460974
5507.60557928
5507.73143533
5507.82229450
5507.91414330
5508.00475867
5508.08640746
5508.16656975
5508.24729646
5508.32914591
5508.41109654
5508.51413179
5508.60533060
5508.68484265
5508.77645861
5508.86848222
5508.95086366
5509.03053492
5509.11203620
5509.20304898
5509.29678633
5509.41894988
5509.49022410
5509.57031983
5509.65132253
5509.73214652
5509.83545801
5509.93762725
5510.03021406
5510.12049273
5510.20173631
5510.28259126
5510.37493865
5510.45558441
5510.54681150
5510.63881146
5510.72958969
5510.82270045
5510.90278910
5510.98320959
5511.06556543
5511.14697773
5511.23819530
5511.32927025
5511.45269308
5511.52309715
5511.60326992
5511.68647446
5511.76670599
5511.85755103
5511.94946736
5512.04212244
5512.14462643
5512.22543213
5512.30580190
5512.38766135
5512.46757008
5512.57021207
5512.66406010
5512.76313102
5512.84466961
5512.92623892
5513.00705535
5513.08896819
5513.16979852
5513.26187113
5513.35299289
5513.47744655
5513.55807939
5513.64921236
5513.73047740
5513.81067650
5513.91445733
5514.00501052
5514.09767340
5514.17789932
5514.25868089
5514.33946416
5514.42114928
5514.50194474
5514.59497870
5514.68629282
5514.77643593
5514.85745204
5514.93905914
5515.02065893
5515.10130957
5515.19353579
5515.28537215
5515.37717073
5515.46709782
5515.54776991
5515.62946503
5515.71137251
5515.80283706
5515.89466904
5515.98713565
5516.07807650
5516.16836565
5516.26076790
5516.34135368
5516.42197872
5516.51459893
5516.61826517
5516.70899854
5516.81170928
5516.89170017
5516.97370590
5517.05441237
5517.13489503
5517.21555932
5517.30898922
5517.39919523
5517.49032577
5517.58220968
5517.66346253
5517.74538829
5517.82629688
5517.92846149
5518.02014084
5518.11203523
5518.19173428
5518.27317218
5518.35414221
5518.43577272
5518.51706433
5518.60849134
5518.70008560
5518.79132975
5518.87304803
5518.95358920
5519.04476874
5519.13644371
5519.22862384
5519.32086712
5519.41318574
5519.51420908
5519.59405734
5519.67556375
5519.75712795
5519.83942454
5519.93101661
5520.02196331
5520.11314822
5520.19389199
5520.28254153
5520.36313901
5520.44490630
5520.52541114
5520.61751033
5520.70999328
5520.81149302
5520.91464311
5520.99471226
5521.07782221
5521.15720065
5521.23879410
5521.33025573
5521.42241782
5521.51245975
5521.59420168
5521.68490043
5521.76632614
5521.84788497
5521.93909182
5522.03288475
5522.12446706
5522.21334943
5522.29511843
5522.37548649
5522.45675275
5522.53805558
5522.62965374
5522.72170002
5522.81413396
5522.90518063
5522.98566962
5523.06633001
5523.14815460
5523.23903864
5523.33275672
5523.42440097
5523.52474774
5523.61760103
5523.69931419
5523.77842078
5523.86002837
5523.95329809
5524.04454931
5524.13609652
5524.21575827
5524.29596493
5524.37750060
5524.45859814
5524.53969007
5524.64235303
5524.73542941
5524.82484743
5524.92762864
5525.00890684
5525.09067413
5525.17043462
5525.25200759
5525.34529242
5525.43553403
5525.53093854
5525.61149507
5525.69080232
5525.77028267
5525.87287322
5525.96263648
5526.04249059
5526.12294886
5526.21387192
5526.33576070
5526.40638493
5526.48502999
5526.57529378
5526.65377867
5526.73423962
5526.81424222
5526.89556967
5526.98454786
5527.07495160
5527.15511267
5527.23391548
5527.32638867
5527.40606822
5527.48381875
5527.56467345
5527.65524640
5527.73488986
5527.81423856
5527.89378255
5527.97379099
5528.06511487
5528.15465236
5528.23473638
5528.31485015
5528.40556548
5528.53940701
5528.61870817
5528.69773601
5528.77845419
5528.86854731
5528.95837006
5529.04985753
5529.12950221
5529.22086949
5529.35401445
5529.42395211
5529.50253501
5529.59410879
5529.67307836
5529.76437006
5529.84388893
5529.92340854
5530.01436597
5530.10418994
5530.18413499
5530.26408322
5530.35557995
5530.44538344
5530.52413236
5530.61485110
5530.69544372
5530.79630785
5530.87696093
5530.95590783
5531.03551301
5531.11544393
5531.19450152
5531.27515216
5531.35504528
5531.43511395
5531.52350187
5531.60513238
5531.69595230
5531.77498868
5531.85653654
5531.94426715
5532.02429145
5532.11601834
5532.20769794
5532.28691327
5532.36466648
5532.44496481
5532.53491044
5532.61576588
5532.70576172
5532.78567704
5532.86664755
5532.95684576
5533.04776735
5533.12773240
5533.21675033
5533.30797522
5533.44172410
5533.52174888
5533.60180560
5533.68172945
5533.76024383
5533.86176625
5533.94113591
5534.02144888
5534.11268084
5534.20196891
5534.29150347
5534.38387792
5534.47433115
5534.57566023
5534.66592329
5534.74579959
5534.82562006
5534.91706292
5534.99594935
5535.08591253
5535.16706249
5535.25854411
5535.34796238
5535.42650626
5535.50730416
5535.59748896
5535.69752804
5535.79058589
5535.86951329
5535.94864670
5536.03960633
5536.11849959
5536.19905782
5536.27877467
5536.36982573
5536.45936151
5536.53947723
5536.61920651
5536.69939026
5536.78038467
5536.86980756
5536.94990085
5537.04038895
5537.13127885
5537.20980591
5537.29099122
5537.37050961
5537.46050449
5537.53843421
5537.61917604
5537.70099135
5537.77923047
5537.87016767
5537.95002934
5538.02919494
5538.12061732
5538.20997633
5538.30016820
5538.37922726
5538.46085874
5538.54072968
5538.63083451
5538.72064921
5538.80212831
5538.88206142
5538.97152893
5539.04997846
5539.14159198
5539.22101455
5539.31180449
5539.40123421
5539.48214426
5539.57182121
5539.65294654
5539.74393567
5539.83233359
5539.91411209
5539.99396523
5540.07351629
5540.16244377
5540.25501327
5540.33270455
5540.41270251
5540.51350179
5540.59522129
5540.67447685
5540.75387065
5540.84476640
5540.92446594
5541.00428275
5541.08401301
5541.17475784
5541.26501310
5541.35570551
5541.43501008
5541.51474863
5541.60744345
5541.69526964
5541.77524736
5541.89891888
5541.98980975
5542.06841336
5542.15005948
5542.24039958
5542.33105250
5542.42146819
5542.51101469
5542.59147004
5542.67195928
5542.76147897
5542.85142776
5542.93153032
5543.01072493
5543.09154672
5543.18251975
5543.26126210
5543.34119131
5543.42108833
5543.50033317
5543.60180633
5543.68305967
5543.76221430
5543.85317026
5543.94209408
5544.02270742
5544.10248156
5544.19330441
5544.27255364
5544.35058186
5544.43266561
5544.51067872
5544.60163494
5544.68171847
5544.77237602
5544.86394736
5544.94456094
5545.03252099
5545.12498686
5545.20480465
5545.29555143
5545.38366556
5545.46338607
5545.54504096
5545.62589713
5545.71552433
5545.80644593
5545.88423473
5545.96616098
5546.05661105
5546.14579989
5546.22540458
5546.30533135
5546.39597403
5546.48728937
5546.56593980
5546.64521145
5546.76886419
5546.86148318
5546.95026413
5547.03010289
5547.10964639
5547.20091053
5547.29096757
5547.38118748
5547.46195832
5547.55147996
5547.63161202
5547.72232832
5547.80228971
5547.88086407
5547.97227279
5548.05287296
5548.14229805
5548.22277388
5548.31350408
5548.40457318
5548.49429206
5548.57292932
5548.65302749
5548.74473049
5548.82271434
5548.91482938
5548.99364657
5549.08506334
5549.17420757
5549.25504057
5549.33394944
5549.41414220
5549.50534174
5549.58427499
5549.66563511
5549.74475999
5549.83454494
5549.92615164
5550.00457703
5550.08500946
5550.17439481
5550.26536273
5550.34507689
5550.42497002
5550.50459885
5550.59569184
5550.68586396
5550.76583413
5550.84627802
5550.93694093
5551.07034799
5551.13973172
5551.21758074
5551.29987295
5551.38607781
5551.47626578
5551.55593630
5551.63572922
5551.72609444
5551.81585721
5551.89750503
5551.97695539
5552.06711849
5552.15628734
5552.24791549
5552.38254379
5552.46144583
5552.55253590
5552.63146354
5552.71218707
5552.80255473
5552.89315498
5552.97285867
5553.05300291
5553.13187228
5553.22354091
5553.30327043
5553.39324117
5553.47307748
5553.55464924
5553.64344579
5553.73431276
5553.81373217
5553.90376020
5553.99462352
5554.08401106
5554.18569513
5554.26557533
5554.34609699
5554.42604668
5554.52718290
5554.60669495
5554.68809945
5554.77753381
5554.86897910
5554.94842898
5555.02762432
5555.11901500
5555.20794321
5555.29832842
5555.37996234
5555.45976672
5555.54962603
5555.63968649
5555.72017597
5555.79914262
5555.89073201
5556.01324031
5556.09306297
5556.17189796
5556.25264515
5556.34354114
5556.42320045
5556.50360826
5556.58202682
5556.67210995
5556.76203729
5556.84295880
5556.93451747
5557.03541598
5557.12447389
5557.22285580
5557.31943572
5557.46822763
5557.56324546
5557.65816577
5557.75313411
5557.84871465
5557.94219819
5558.03905995
5558.14564946
5558.23971326
5558.33437781
5558.43011391
5558.52452246
5558.62114650
5558.72663570
5558.82230791
5558.91707096
5559.01112745
5559.10739554
5559.21383071
5559.30926619
5559.41472418
5559.50945334
5559.60533108
5559.70152676
5559.79506320
5559.89094217
5559.98652929
5560.08169561
5560.20795077
5560.30276697
5560.39857572
5560.49460706
5560.59075812
5560.69524209
5560.79055078
5560.88615180
5560.98090510
5561.07702203
5561.17155126
5561.26704940
5561.37279825
5561.46628276
5561.56355998
5561.65688236
5561.75373607
5561.84778403
5561.95403269
5562.04909636
5562.14517768
5562.24022526
5562.33534476
5562.43163406
5562.52568445
5562.62085296
5562.71565770
5562.80942845
5562.90578576
5563.00084041
5563.12937397
5563.21341843
5563.30887926
5563.40355064
5563.49820569
5563.59528541
5563.69056729
5563.84984934
5563.94475063
5564.03966411
5564.13462830
5564.22979656
5564.32572770
5564.45319070
5564.52574126
5564.62187013
5564.71691210
5564.81125994
5564.91854796
5565.01352849
5565.11884214
5565.21428030
5565.30902165
5565.40425964
5565.50081103
5565.64945861
5565.74479827
5565.83950280
5565.94564102
5566.04082415
5566.13489820
5566.23180628
5566.32654349
5566.43220920
5566.52618743
5566.62235531
5566.71627771
5566.81330331
5566.90932539
5567.00344990
5567.09930522
5567.19331465
5567.28975804
5567.38507722
5567.48003141
5567.57525819
5567.66974281
5567.76432105
5567.85960341
5567.95507010
5568.05016839
5568.17807560
5568.26284588
5568.35828770
5568.45236174
5568.54733861
5568.64326464
5568.73854383
5568.83325324
5568.92787244
5569.02283664
5569.17308336
5569.26860783
5569.36411937
5569.45807883
5569.56470442
5569.65973663
5569.75501875
5569.85088821
5569.94651922
5570.04160044
5570.13493209
5570.23062990
5570.32465397
5570.42001971
5570.51679541
5570.61151823
5570.70625910
5570.80217171
5570.89761718
5570.99128943
5571.08917397
5571.18453533
5571.27812248
5571.37291357
5571.49959540
5571.59617556
5571.69189751
5571.78586623
5571.88143190
5571.97651068
5572.07186887
5572.16641079
5572.26239020
5572.36944051
5572.46464559
5572.55834563
5572.66436364
5572.75915327
5572.85462117
5572.94875544
5573.04478874
5573.14093004
5573.24561978
5573.34027653
5573.43618963
5573.53129816
5573.62807776
5573.72223714
5573.81762799
5573.91251466
5574.00799134
5574.10197200
5574.19751963
5574.29339543
5574.42064362
5574.49497351
5574.58946788
5574.68439136
5574.78038906
5574.87515893
5574.97103375
5575.06645143
5575.16045819
5575.25604897
5575.34999380
5575.44747337
5575.62898497
5575.73400898
5575.82868426
5575.93548076
5576.02913521
5576.12441294
5576.24139969
5576.33569853
5576.43267488
5576.54539058
5576.64066831
5576.73667430
5576.84237317
5576.93726959
5577.03307492
5577.12716847
5577.22341705
5577.31918143
5577.41408418
5577.51968626
5577.61524608
5577.71025220
5577.80336125
5577.90000822
5577.99490975
5578.10173916
5578.19648271
5578.29144520
5578.38601417
5578.48226958
5578.57848452
5578.67188955
5578.76714509
5578.86188864
5578.95672191
5579.05165928
5579.14898038
5579.25400195
5579.34859921
5579.44298898
5579.53875994
5579.63460087
5579.73158893
5579.82530213
5579.93123433
5580.02604712
5580.12159036
5580.21551885
5580.31292577
5580.40689181
5580.50229681
5580.59695575
5580.69230614
5580.78713038
5580.88164011
5580.97775241
5581.07478898
5581.18028402
5581.27464625
5581.36901165
5581.46421356
5581.56103631
5581.65593760
5581.75080768
5581.84610882
5581.94123246
5582.03503905
5582.13156118
5582.22636763
5582.32131768
5582.41581303
5582.51155546
5582.60730179
5582.70287405
5582.79702099
5582.89185816
5582.99987956
5583.09296349
5583.18842872
5583.28285775
5583.37913266
5583.49404557
5583.56985367
5583.66525501
5583.78118095
5583.88853797
5583.98277317
5584.05633188
5584.15221134
5584.24667914
5584.34324613
5584.44827867
5584.54264870
5584.63934248
5584.73420549
5584.82652142
5584.93254602
5585.05023446
5585.14363779
5585.23939655
5585.33612812
5585.43007319
5585.52508127
5585.62041044
5585.71584226
5585.81071820
5585.90613587
5586.00100596
5586.09653554
5586.19137125
5586.28600118
5586.37994308
5586.47549193
5586.57328748
5586.67893734
5586.78532327
5586.91108886
5587.00590408
5587.10073784
5587.19824691
5587.29226561
5587.43135636
5587.52518196
5587.62143347
5587.71564843
5587.81038710
5587.90773746
5588.00144189
5588.10744625
5588.20391475
5588.29868584
5588.39280865
5588.48865982
5588.58331511
5588.67875814
5588.77474073
5588.86892497
5588.96365999
5589.05928222
5589.15589993
5589.25070248
5589.34574322
5589.44108045
5589.53512401
5589.62992144
5589.72644650
5589.85432885
5589.92783368
5590.02180240
5590.11682730
5590.21159059
5590.30745542
5590.40271438
5590.49828882
5590.59309137
5590.68779079
5590.78388504
5590.88970874
5590.98506961
5591.14435556
5591.25198199
5591.34583246
5591.44258182
5591.55121981
5591.63228883
5591.71343123
5591.80286998
5591.89531391
5591.97428861
5592.05499045
5592.13485919
5592.25867577
5592.35032221
5592.44106314
5592.52096260
5592.60174368
5592.68425190
5592.76189856
5592.85466847
5592.97747812
5593.05742147
5593.14859711
5593.23951553
5593.33883172
5593.41883700
5593.49909852
5593.59136398
5593.68394250
5593.76288989
5593.84291930
5593.92338270
5594.00384292
5594.09452485
5594.17436970
5594.25504326
5594.34681111
5594.42699120
5594.50692723
5594.59941603
5594.67807548
5594.75879609
5594.83993045
5594.91927183
5595.01120962
5595.09045226
5595.17027614
5595.25097871
5595.33171810
5595.41225341
5595.50322304
5595.62558627
5595.70656142
5595.78652890
5595.86853171
5595.97817346
5596.05806171
5596.13769786
5596.22984630
5596.32073205
5596.39960922
5596.48122291
5596.56181284
5596.64227501
5596.73294377
5596.81248996
5596.90429585
5596.98592514
5597.06529797
5597.15579558
5597.24807080
5597.32720592
5597.40719584
5597.48793156
5597.56926974
5597.66034469
5597.75064823
5597.83116087
5597.91197754
5597.99219518
5598.07280413
5598.17550926
5598.26489705
5598.34586489
5598.42673227
5598.50663125
5598.59765768
5598.68978564
5598.76927964
5598.84821508
5598.92813771
5599.01019488
5599.10198809
5599.18132899
5599.26202034
5599.34236817
5599.42236321
5599.51401647
5599.63723499
5599.70792675
5599.78636653
5599.86772738
5599.94770584
5600.03963022
5600.12840458
5600.20878045
5600.28948473
5600.37059397
5600.46190249
5600.55329146
5600.63165639
5600.71310111
5600.80467880
5600.89612092
5600.98866433
5601.06649337
5601.14755068
5601.22940671
5601.31991139
5601.39935493
5601.49034040
5601.61296085
5601.69433048
5601.77490554
5601.85509928
5601.94682959
5602.03867863
5602.11854494
5602.19860580
5602.29039048
5602.36936493
5602.46078682
5602.55120762
5602.63160641
5602.71168141
5602.79254295
5602.88403895
5602.97619008
5603.05619681
5603.13515639
5603.21681323
5603.29725200
5603.38913152
5603.46801820
5603.55863552
5603.63923203
5603.71999311
5603.81057898
5603.90240949
5603.98180988
5604.06318926
5604.14253479
5604.22380617
5604.31512078
5604.40463974
5604.48517311
5604.56589616
5604.64707903
5604.72697362
5604.80829546
5604.89740068
5604.97981747
5605.06062049
5605.14092297
5605.23233194
5605.32226732
5605.40291430
5605.48170199
5605.56452619
5605.64417575
5605.73464727
5605.82498055
5605.91746276
5605.99756386
5606.07844343
5606.16880743
5606.26113751
5606.33999274
5606.41999850
5606.53083029
5606.61168353
5606.69192701
5606.77182136
5606.89487749
5606.98703349
5607.06552349
5607.14624581
5607.22701494
5607.30745908
5607.38778813
5607.48015356
5607.56960937
5607.66065555
5607.74281049
5607.82225501
5607.91412502
5608.00445830
5608.08414735
5608.16442447
5608.24607595
5608.32581864
5608.41760161
5608.49612209
5608.57724865
5608.65856952
5608.73813667
5608.83010176
5608.91994986
5608.99918129
5609.08067185
5609.16162213
5609.24151087
5609.33230275
5609.41319671
5609.49216799
5609.57299613
5609.65365530
5609.74590467
5609.83680310
5609.91570368
5609.99638748
5610.07661316
5610.15733913
5610.24981696
5610.33847649
5610.41948821
5610.50036315
5610.58037209
5610.66099615
5610.75286031
5610.83159607
5610.91340212
5611.00430323
5611.08414369
5611.17532884
5611.26699088
5611.34665385
5611.42787135
5611.50637988
5611.59921220
5611.69112537
5611.81248411
5611.89242209
5611.97426959
5612.05492901
5612.14656862
5612.23850080
5612.31620305
5612.39616883
5612.47705401
5612.55915995
5612.64917872
5612.73071536
5612.80909662
5612.89029900
5612.98013418
5613.07207148
5613.16385055
5613.25399536
5613.33539328
5613.41497042
5613.49580563
5613.58773074
5613.67866647
5613.75731446
5613.83806945
5613.91974336
5614.00053150
5614.07970344
5614.15895730
5614.24031766
5614.33142333
5614.45439926
5614.54700021
5614.62708033
5614.70575685
5614.78733128
5614.86860534
5614.94811763
5615.03876738
5615.16142830
5615.23258696
5615.31383225
5615.39274282
5615.48304099
5615.57591135
5615.65393617
5615.74577521
5615.82706268
5615.90754972
5615.99728835
5616.07681259
5616.15722844
5616.24878930
5616.32960476
5616.48724622
5616.57822218
5616.65770790
5616.73765758
5616.81912645
5616.89949817
5616.99074817
5617.08161393
5617.16187569
5617.24942028
5617.32991050
5617.42186438
5617.51197969
5617.59097852
5617.67230402
5617.75258627
5617.83284047
5617.92488432
5618.00361447
5618.08542735
5618.16461172
5618.24663622
5618.33733424
5618.42801227
5618.55038014
5618.62080712
5618.70095405
5618.78166125
5618.87425611
5618.96440653
5619.04526319
5619.12581484
5619.20485780
5619.28648051
5619.37724777
5619.45618321
5619.53783517
5619.61810108
5619.70862648
5619.80053794
5619.97792624
5620.04520443
5620.12628052
5620.20884481
5620.28876549
5620.38033805
5620.45910965
5620.53969251
5620.62062256
5620.70062418
5620.79139144
5620.88299131
5620.96217056
5621.04358359
5621.13403999
5621.21415010
5621.30572218
5621.38474734
5621.46595630
5621.54749392
5621.62693088
5621.70928769
5621.79851432
5621.87920056
5621.95868920
5622.03952367
5622.12134314
5622.21047175
5622.30253145
5622.38323572
5622.47307017
5622.55418210
5622.63374023
5622.72567972
5622.83434014
5622.91232741
5622.99316920
5623.07219290
5623.15214990
5623.23145178
5623.32377650
5623.40347750
5623.49384369
5623.57165981
5623.65187939
5623.74335224
5623.82225769
5623.92088780
5624.00091453
5624.09186465
5624.17042852
5624.25076123
5624.33032229
5624.42152353
5624.50023759
5624.58010414
5624.66054584
5624.75101102
5624.82981090
5624.90989102
5625.00053687
5625.08108755
5625.17113581
5625.25076392
5625.32987953
5625.41045044
5625.50094342
5625.58040866
5625.65918465
5625.73991331
5625.82063831
5625.90080108
5625.97874325
5626.06892780
5626.14875315
5626.28482212
5626.36250682
5626.44416195
5626.52402119
5626.61359232
5626.69200723
5626.77238772
5626.85267387
5626.93262063
5627.01291116
5627.09084699
5627.17162538
5627.25183741
5627.34093433
5627.43098991
5627.52205267
5627.60199309
5627.68272492
5627.76143654
5627.84043757
5627.92202322
5628.00174616
5628.08156297
5628.15946881
5628.23944678
5628.31929650
5628.41128622
5628.48968870
5628.57022621
5628.64932573
5628.73997767
5628.83981439
5628.92957326
5629.02033711
5629.14159588
5629.22220386
5629.30395602
5629.38369116
5629.46356990
5629.54109076
5629.62204543
5629.70311566
5629.79154455
5629.87168806
5629.95114940
5630.04156070
5630.13207586
5630.21075579
5630.29161099
5630.37252372
5630.45145502
5630.54315046
5630.62105312
5630.70201389
5630.78079744
5630.86220657
5630.94082969
5631.01873138
5631.09952123
5631.19070443
5631.26841668
5631.36061242
5631.44220514
5631.52038745
5631.60048196
5631.67901170
5631.75897407
5631.83917244
5631.93098881
5632.02060773
5632.10037213
5632.17993684
5632.25984557
5632.35001208
5632.43043915
5632.50839716
5632.59052016
5632.68015224
5632.75997613
5632.83899593
5632.91935887
5632.99836136
5633.07782294
5633.15848284
5633.23809217
5633.31784706
5633.39661939
5633.47613656
5633.55596776
5633.63601545
5633.72662351
5633.84929711
5633.92005348
5633.99978618
5634.07865579
5634.15841068
5634.23872364
5634.31848462
5634.39663451
5634.48853987
5634.56754772
5634.64703636
5634.72803053
5634.80749114
5634.88689884
5634.96617464
5635.04610848
5635.12591944
5635.21679519
5635.29522156
5635.37598313
5635.45700046
5635.53577986
5635.63358541
5635.72383652
5635.80313061
5635.88394167
5635.96254480
5636.06075897
5636.14077693
5636.22018463
5636.31285360
5636.40125762
5636.48177660
5636.56187623
5636.64128978
5636.72150839
5636.80081393
5636.88044423
5636.96075378
5637.05207668
5637.12920233
5637.21011116
5637.28956811
5637.37002492
5637.44973616
5637.54072236
5637.61943252
5637.69979839
5637.78091105
5637.85880860
5637.93872196
5638.01838761
5638.09884466
5638.18790721
5638.26773231
5638.34880888
5638.42897068
5638.50833255
5638.58684059
5638.66837772
5638.79105230
5638.88084237
5638.97090770
5639.05113095
5639.13109014
5639.21169568
5639.28887520
5639.37112791
5639.45104517
5639.52904609
5639.61051130
5639.68928388
5639.76898025
5639.84869368
5639.93875438
5640.01915097
5640.10903369
5640.18907847
5640.27993204
5640.37058397
5640.45053196
5640.53011520
5640.63174123
5640.71111163
5640.79071389
5640.87037003
5640.95007786
5641.04028680
5641.11901915
5641.19908489
5641.27893022
5641.35993414
5641.45073578
5641.52949738
5641.60849524
5641.69158056
5641.77996702
5641.85974385
5641.93936683
5642.01909197
5642.09907067
5642.17761139
5642.25810940
5642.33800350
5642.41754651
5642.49730188
5642.57690975
5642.65652030
5642.74786124
5642.84498315
5642.92659367
5643.00529968
5643.08612196
5643.16509251
5643.24464162
5643.32440553
5643.41545780
5643.49435545
5643.57433049
5643.65420533
5643.74502379
5643.82449781
5643.91532895
5644.00598479
5644.08513624
5644.17596421
5644.25553356
5644.33588041
5644.41531444
5644.49492011
5644.61720484
5644.68741459
5644.76628810
5644.84599910
5644.92677603
5645.00449731
5645.08456256
5645.16493111
5645.25555964
5645.37838197
5645.44712277
5645.52725873
5645.61939717
5645.70790749
5645.78822947
5645.86888280
5645.94841825
5646.02755240
5646.10620282
5646.18699365
5646.26653862
5646.35731831
5646.43669627
5646.51716673
5646.59596028
5646.69752414
5646.77645007
5646.85749056
5646.93817924
5647.01731777
5647.09688785
5647.17572065
5647.25543603
5647.33540474
5647.41581547
5647.50493165
5647.58706368
5647.66519260
5647.74509377
5647.83301090
5647.92256301
5648.00284355
5648.08273862
5648.17328207
5648.25337243
5648.33254095
5648.42936541
5648.51064849
5648.59061695
5648.67355623
5648.76216334
5648.84039027
5648.92008347
5648.99993368
5649.09081310
5649.18179052
5649.26016179
5649.34014244
5649.42142406
5649.50007717
5649.57880829
5649.65968275
5649.78266185
5649.87320041
5649.95214171
5650.03152600
5650.11313115
5650.20365387
5650.28241572
5650.36170444
5650.45309927
5650.53284415
5650.61350845
5650.69187191
5650.77167092
5650.85164548
5650.93174316
5651.01095508
5651.09015822
5651.16990750
5651.24981086
5651.32939313
5651.40776635
5651.48881805
5651.56887331
5651.65974907
5651.78358125
5651.85107984
5651.93062286
5652.02209448
5652.10106723
5652.18103349
5652.26116896
5652.34038893
5652.42114051
5652.50017030
5652.58059542
5652.65956962
5652.75105758
5652.82868231
5652.90925346
5652.98835908
5653.07956496
5653.15975382
5653.23835207
5653.31975218
5653.39897264
5653.49763103
5653.57763557
5653.66745198
5653.77611654
5653.85500005
5653.93559827
5654.01452323
5654.10605800
5654.18423471
5654.27601378
5654.35577110
5654.44595371
5654.52499667
5654.60449701
5654.68541023
5654.77584738
5654.85397483
5654.93514454
5655.01392078
5655.09496566
5655.18611082
5655.26298973
5655.34341802
5655.42313438
5655.51455090
5655.59380159
5655.67345407
5655.75358198
5655.84431194
5655.92497745
5656.00295911
5656.08471031
5656.16285459
5656.24313195
5656.32210031
5656.40307692
5656.48170443
5656.56128499
5656.64094869
5656.73149165
5656.81272548
5656.89252157
5656.97250124
5657.05121628
5657.13023462
5657.21177028
5657.30116660
5657.37985092
5657.46152263
5657.54023182
5657.63210061
5657.73238448
5657.81093421
5657.89152000
5657.98233504
5658.07339951
5658.15172738
5658.23181018
5658.31186349
5658.40268902
5658.49125907
5658.57221594
5658.65295605
5658.73223015
5658.81206987
5658.90264306
5658.98224971
5659.06265264
5659.15426884
5659.23245798
5659.32276688
5659.40278850
5659.49433448
5659.57216571
5659.65200520
5659.73264828
5659.81261552
5659.89274343
5659.97209944
5660.05197306
5660.13141441
5660.22249716
5660.31229601
5660.39106176
5660.47172093
5660.56184722
5660.64143143
5660.72165663
5660.80101629
5660.88087187
5660.97175787
5661.07216413
5661.15394336
5661.23202644
5661.32389133
5661.41298533
5661.49242789
5661.57357298
5661.65276174
5661.73391170
5661.81254652
5661.90344520
5661.98325469
5662.07335733
5662.15275259
5662.23276470
5662.31228626
5662.40314738
5662.48302637
5662.56292753
5662.64245421
5662.72328771
5662.81271402
5662.89280000
5662.97049445
5663.05136549
5663.14290343
5663.26501895
5663.33445607
5663.41418341
5663.49491621
5663.57262383
5663.65444695
5663.73324098
5663.83131788
5663.91108862
5663.99085325
5664.08140377
5664.16034457
5664.25257786
5664.33162838
5664.41238068
5664.50331666
5664.58139267
5664.66138356
5664.74168434
5664.83146393
5664.95508692
5665.02280762
5665.10274000
5665.18372198
5665.28173037
5665.40431279
5665.53860220
5665.63988373
5665.72023107
5665.79902437
5665.89753209
5665.97720237
5666.05744366
5666.13620965
5666.21586896
5666.30702510
5666.38749897
5666.47733488
5666.59937482
5666.66882048
5666.74870775
5666.83949549
5666.91912749
5666.99885922
5667.07825985
5667.15894608
5667.24885001
5667.32901962
5667.40869258
5667.48802324
5667.57909453
5667.66890313
5667.76835390
5667.85819371
5667.93872513
5668.01764789
5668.10926092
5668.21100960
5668.28978973
5668.36927179
5668.44959207
5668.54035738
5668.61819739
5668.69805272
5668.77832960
5668.85810277
5668.94971117
5669.02711013
5669.10872869
5669.18841774
5669.27816320
5669.36980378
5669.44931291
5669.52843511
5669.60879098
5669.68951403
5669.76772000
5669.84718011
5669.92757329
5670.00690053
5670.09962875
5670.17970936
5670.29028101
5670.36776530
5670.44811922
5670.52889420
5670.61882105
5670.70848142
5670.78867833
5670.86883476
5670.94773827
5671.03931644
5671.11832697
5671.19834907
5671.27876419
5671.36947269
5671.44724638
5671.51707530
5671.59719127
5671.67923869
5671.76818738
5671.85783604
5671.93774355
5672.01765569
5672.10955983
5672.18804301
5672.26877923
5672.34755083
5672.42874979
5672.50618849
5672.58681987
5672.66506825
5672.74565916
5672.83736582
5672.96059750
5673.03986647
5673.12038399
5673.20939826
5673.28911901
5673.36900019
5673.44873849
5673.52960905
5673.61008829
5673.68928168
5673.76827100
5673.84790398
5673.93835576
5674.01774346
5674.09719090
5674.17722154
5674.25788095
5674.34958956
5674.42715089
5674.51779357
5674.59889208
5674.67784678
5674.75660132
5674.83633109
5674.91646607
5675.00704731
5675.08615220
5675.16711589
5675.24727354
5675.32714375
5675.41693528
5675.49685206
5675.57546518
5675.65518179
5675.74626137
5675.84705406
5675.92847880
5676.00721066
5676.08812681
5676.17929781
5676.25725826
5676.34806039
5676.47264838
5676.56256792
5676.64083825
5676.72108367
5676.80173358
5676.89259251
5676.98173064
5677.06150600
5677.14136695
5677.23243872
5677.32278980
5677.40280995
5677.48220107
5677.56304139
5677.65300555
5677.73238960
5677.81214765
5677.91008290
5677.99075353
5678.06953099
5678.19326004
5678.27226570
5678.35129208
5678.43297379
5678.52263196
5678.61366644
5678.69257042
5678.77229191
5678.85263852
5678.94392070
5679.03477598
5679.12058806
5679.20107437
5679.28105258
5679.37260979
5679.45161325
5679.53090026
5679.61054592
5679.68419655
