14755.30497454
14755.36174097
14755.51249378
14755.58606989
14755.64896544
14755.71094695
14755.77560598
14755.83548999
14755.89882001
14755.96012641
14756.02087717
14756.08474601
14756.14656148
14756.22349583
14756.26920719
14756.33205740
14756.39598938
14756.45485257
14756.51759647
14756.58136144
14756.64130178
14756.70442431
14756.76610594
14756.82804575
14756.89064069
14756.95255125
14757.01624796
14757.07825848
14757.13820857
14757.20176484
14757.26465015
14757.34150892
14757.38752968
14757.44974183
14757.51202347
14757.57376482
14757.67056087
14757.73159128
14757.79418012
14757.85603704
14757.91846033
14757.97990058
14758.04255696
14758.10539034
14758.16635126
14758.22819843
14758.30314768
14758.38070374
14758.42585386
14758.48852827
14758.55146917
14758.61230721
14758.67699452
14758.73772748
14758.79986478
14758.86060725
14758.92433151
14758.98623841
14759.04701843
14759.10998200
14759.17273054
14759.23350324
14759.29850554
14759.36261063
14759.42102204
14759.50007948
14759.51981513
14759.59655273
14759.64281803
14759.70532300
14759.76822927
14759.82914997
14759.89303222
14759.95560984
14760.01747700
14760.07848278
14760.15557805
14760.21392118
14760.30796097
14760.35956618
14760.42245857
14760.48521051
14760.54704062
14760.60828314
14760.68697023
14760.73355687
14760.79539015
14760.85750039
14760.91919371
14760.98192396
14761.04378917
14761.10668326
14761.16751667
14761.23477641
14761.29234740
14761.35408730
14761.41725811
14761.47977990
14761.54150443
14761.60531256
14761.66631981
14761.72902202
14761.80678922
14761.85380911
14761.91467543
14761.97647896
14762.04017494
14762.10449117
14762.16400069
14762.22679189
14762.28781620
14762.34946125
14762.41330059
14762.47503756
14762.53677331
14762.59864291
14762.66061393
14762.72338733
14762.78547587
14762.84904166
14762.92688005
14762.97509924
14763.03379517
14763.09738412
14763.16024554
14763.22104042
14763.28381090
14763.34811323
14763.40675991
14763.47037909
14763.53130978
14763.59399273
14763.65602129
14763.71878640
14763.78047022
14763.84339844
14763.90513517
14763.96799780
14764.04582864
14764.10273915
14764.16456194
14764.22645226
14764.29015604
14764.35033775
14764.41316893
14764.47577679
14764.53794554
14764.60060509
14764.66223990
14764.72504670
14764.78618170
14764.84902703
14764.91165341
14764.97592698
14765.03459706
14765.11411628
14765.16008999
14765.22187596
14765.28476371
14765.34663282
14765.40934698
14765.47018624
14765.53296525
14765.59496797
14765.65588622
14765.71949077
14765.78234975
14765.84417693
14765.90626498
14765.96899011
14766.02971990
14766.09251378
14766.15552611
14766.23517236
14766.31346302
14766.36391404
14766.42398481
14766.48678820
14766.54976811
14766.61218043
14766.67412147
14766.73484321
14766.79773584
14766.86053874
14766.92336944
14766.99518501
14767.05899387
14767.12096050
14767.18272819
14767.24546502
14767.32055422
14767.36822581
14767.43020488
14767.49294708
14767.55473768
14767.61774782
14767.67966204
14767.74233572
14767.80329543
14767.86619854
14767.93126594
14767.98989458
14768.05345915
14768.11529022
14768.17709546
14768.23911281
14768.30193741
14768.36463669
14768.44682904
14768.48859020
14768.54919102
14768.61294136
14768.67375185
14768.73767287
14768.79953150
14768.86228612
14768.92328996
14768.98602142
14769.05121049
14769.11067686
14769.17146468
14769.23334622
14769.29646388
14769.35905589
14769.42329703
14769.48363014
14769.56143416
14769.63936812
14769.69207219
14769.75318159
14769.81487077
14769.87763491
14769.94076111
14770.00234520
14770.06416434
14770.12724762
14770.21080335
14770.27363795
14770.33562140
14770.39745541
14770.45832271
14770.52093836
14770.60171418
14770.64667022
14770.70850739
14770.77052206
14770.83237240
14770.91617437
14770.97967433
14771.04053700
14771.10340646
14771.16629348
14771.22711860
14771.28890432
14771.35076588
14771.44765214
14771.50948541
14771.57036197
14771.65004942
14771.69503911
14771.75778496
14771.83170875
14771.89339379
14771.95535067
14771.97409938
14772.03191662
14772.09405904
14772.15575944
14772.21661187
14772.28032003
14772.34211990
14772.40395830
14772.49776987
14772.56157191
14772.62148518
14772.68627416
14772.76402015
14772.81084450
14772.88088611
14772.94561804
14773.00758955
14773.06931847
14773.13210601
14773.19230649
14773.25518132
14773.31873832
14773.38392105
14773.44186459
14773.50515706
14773.56696156
14773.62884213
14773.68999347
14773.75352512
14773.83346345
14773.88814091
14773.95102427
14774.01185305
14774.10578555
14774.16047301
14774.22226947
14774.28231245
14774.34595430
14774.40874184
14774.46977054
14774.53241448
14774.59524640
14774.65630655
14774.71895317
14774.78187603
14774.84277819
14774.92148552
14774.96656591
14775.03022117
14775.09187963
14775.15397597
14775.21681642
14775.27842563
14775.33932414
14775.40304499
14775.46505209
14775.52672470
14775.58857723
14775.65249654
14775.71327972
14775.77610847
14775.83891430
14775.90074172
14775.96259157
14776.02461136
14776.10429880
14776.14913684
14776.21000097
14776.27383836
14776.33665467
14776.39852134
14776.45960856
14776.52236636
14776.58402604
14776.64835007
14776.70885555
14776.78245069
14776.84442537
14776.90712709
14776.96901546
14777.02981718
14777.14156753
14777.18750027
14777.24821519
14777.31214815
14777.37504102
14777.43497965
14777.49864515
14777.56057765
14777.62227732
14777.68516336
14777.74794529
14777.80975272
14777.87170034
14777.93361163
14777.99554974
14778.05821002
14778.11991115
14778.18174491
14778.26155767
14778.30545777
14778.36943023
14778.43127521
14778.49225612
14778.55689905
14778.61769077
14778.67966740
14778.75336079
14778.81516773
14778.87607112
14778.93815015
14779.00083115
14779.06383178
14779.12469152
14779.18929130
14779.25011764
14779.32802869
14779.37400337
14779.43679652
14779.49949434
14779.56149682
14779.62412198
14779.68590113
14779.74782412
14779.81068456
14779.87161184
14779.93426870
14779.99610417
14780.05917477
14780.12184456
14780.19072417
14780.25584277
14780.32167233
14780.40002345
14780.44041465
14780.49871512
14780.55768461
14780.62850056
14780.68627733
14780.74612599
14780.80598001
14780.86582453
14780.92389607
14780.99368558
14781.05256656
14781.11223407
14781.17212442
14781.23208207
14781.28986103
14781.35067543
14781.40759740
14781.46748288
14781.56608263
14781.59993607
14781.65583795
14781.71669159
14781.77549919
14781.83433677
14781.89317923
14781.95130782
14782.01093437
14782.08080361
14782.14053817
14782.20140181
14782.26035935
14782.31820536
14782.37715095
14782.39786793
14782.44979132
14782.50866328
14782.56762107
14782.64841346
14782.69710003
14782.77417408
14782.81589282
14782.87468945
14782.93453909
14782.99339203
14783.05259728
14783.11043354
14783.20293927
14783.26175686
14783.33181651
14783.39253362
14783.45237132
14783.51114844
14783.56914634
14783.62881897
14783.64783953
14783.70060601
14783.78201378
14783.82857311
14783.88839886
14783.96505819
14784.00605404
14784.06683381
14784.12557411
14784.18365832
14784.20849740
14784.26920988
14784.32818546
14784.39711749
14784.45581391
14784.51474658
14784.58636490
14784.64426382
14784.70306337
14784.76530380
14784.82172572
14784.88174603
14784.94050340
14784.99924395
14785.05909334
14785.13409647
14785.18791914
14785.24662970
14785.30559480
14785.36452430
14785.45706270
14785.51699743
14785.57681439
14785.63561053
14785.69446274
14785.75353024
14785.81231102
14785.83217126
14785.88504428
14785.94483297
14786.00266996
14786.07341959
14786.13142578
14786.19139879
14786.24998403
14786.36280568
14786.43266321
14786.50325461
14786.57312190
14786.63587897
14786.72784295
14786.78550221
14786.84677959
14786.90624474
14786.96503795
14787.02404474
14787.09422483
14787.15268598
14787.21335896
14787.27227651
14787.33011716
14787.40685232
14787.44972964
14787.50867840
14787.56660853
14787.62736343
14787.68509192
14787.74398290
14787.80577326
14787.86283470
14787.92264752
14787.99328817
14788.05230422
14788.11120958
14788.17095609
14788.23068748
14788.29957514
14788.35843710
14788.41822433
14788.47703899
14788.55386801
14788.59510230
14788.65375898
14788.71540745
14788.77226749
14788.83219491
14788.89016014
14788.96182381
14789.02060410
14789.07947826
14789.13760855
14789.22106822
14789.27914390
14789.33870389
14789.39781966
14789.45669674
14789.51443133
14789.57425025
14789.63403820
14789.70879801
14789.75078519
14789.81054779
14789.88234336
14789.94132162
14790.00153795
14790.05886660
14790.11691107
14790.18862741
14790.24643197
14790.30633037
14790.36623779
14790.42566076
14790.48500718
14790.54280516
14790.60272379
14790.66161136
14790.72117720
14790.78008378
14790.86897772
14790.90872355
14790.96962352
14791.02738542
14791.08730869
14791.10614883
14791.15815853
14791.21793307
14791.27776637
14791.33761650
14791.42744106
14791.48734921
14791.54728174
14791.60516042
14791.66585876
14791.72395322
14791.79543330
14791.85438426
14791.91314919
14791.97098520
14792.04781178
14792.09414779
14792.14955668
14792.20960454
14792.26842652
14792.32542090
14792.38521105
14792.44587087
14792.50469821
14792.56372085
14792.62580451
14792.69251080
14792.75651935
14792.77294089
14792.82481040
14792.88472026
14792.94357516
14793.00247735
14793.06143708
14793.12023127
14793.17984344
14793.25573769
14793.29685886
14793.35661414
14793.41733588
14793.47517824
14793.54501383
14793.60480617
14793.66275141
14793.72343293
14793.78139743
14793.84133069
14793.90102161
14793.96147078
14794.01974857
14794.07769479
14794.13826464
14794.19718293
14794.25597711
14794.31585381
14794.39084207
14794.43261348
14794.50350793
14794.56217168
14794.62105973
14794.68030936
14794.73867541
14794.79851457
14794.85752989
14794.92742253
14794.98709077
14795.04597492
14795.10719940
14795.16455780
14795.22469391
14795.28322429
14795.34324777
14795.40188665
14795.47086451
14795.54867097
14795.61142535
14795.65944950
14795.72010371
14795.77888546
14795.83769549
14795.89675616
14795.95770416
14796.01640351
14796.07334572
14796.14312303
14796.20284248
14796.26274039
14796.32341045
14796.39247121
14796.45121273
14796.50996718
14796.57081327
14796.62884018
14796.70542857
14796.75931438
14796.81817805
14796.87598359
14796.93518152
14796.99487732
14797.10767508
14797.12756555
14797.18317680
14797.25231534
14797.31534425
14797.33279931
14797.38566453
14797.44371900
14797.50320439
14797.52226079
14797.57620219
14797.59420972
14797.64910807
14797.70691922
14797.81968065
14797.88938312
14797.95926040
14798.04303263
14798.09904154
14798.16962099
14798.23161347
14798.29135461
14798.35028411
14798.42102862
14798.47983183
14798.54067792
14798.59863803
14798.65846719
14798.71721042
14798.77708517
14798.83521961
14798.89488175
14798.95374421
14799.02264406
14799.12032197
14799.16404555
14799.22539584
14799.28195917
14799.34072897
14799.40147046
14799.46035876
14799.52159884
14799.57798907
14799.63924598
14799.69580735
14799.75664003
14799.81555978
14799.87525240
14799.94425660
14800.00383586
14800.06293749
14800.12069109
14800.18061558
14800.29340359
14800.36413469
14800.38301286
14800.44678369
14800.51661733
14800.57951166
14800.63835485
14800.69643858
14800.75702696
14800.81599766
14800.88503892
14800.95645074
14801.01535415
14801.07433095
14801.13316732
14801.19392027
14801.25190818
14801.31158617
14801.37142362
14801.44628388
14801.48837687
14801.54806169
14801.60711480
14801.66707001
14801.72657197
14801.78443286
14801.85436305
14801.91420634
14801.97201237
14802.03192052
14802.09258083
14802.15162662
14802.21059928
14802.27036870
14802.32894419
14802.38882114
14802.44787205
14802.50670354
14802.58350453
14802.62769355
14802.68716577
14802.80773008
14802.87683838
14802.94044586
14803.00026770
14803.05722064
14803.11797140
14803.17677704
14803.23909038
14803.29542769
14803.35340512
14803.41331010
14803.47391555
14803.53182617
14803.59162436
14803.65155519
14803.72730365
14803.77934992
14803.83902425
14803.89941320
14803.95865185
14804.03752058
14804.08727114
14804.14620552
14804.20484562
14804.26402966
14804.32371033
14804.38362482
14804.44244315
14804.50053077
14804.56016781
14804.61896980
14804.68976990
14804.74960856
14804.80944991
14804.88524372
14804.92814689
14804.98692279
14805.04607245
14805.06574715
14805.13961852
14805.18947562
14805.24660434
14805.30535342
14805.36424489
14805.42285793
14805.48265807
14805.55244660
14805.61127175
14805.68461406
14805.74107620
14805.80096461
14805.85875454
14805.91952164
14805.97838750
14806.05421349
14806.09519471
14806.15508433
14806.21579120
14806.27380764
14806.35448544
14806.40245472
14806.46113188
14806.54288976
14806.60270746
14806.71434956
14806.77131834
14806.83110581
14806.89091619
14806.94976816
14807.00862428
14807.06878916
14807.14535926
14807.18722306
14807.24513051
14807.30580520
14807.36610589
14807.42366445
14807.49676001
14807.55223351
14807.61200538
14807.67232215
14807.73082109
14807.78961162
14807.84747445
14807.90635543
14807.96707571
14808.02496976
14808.08494227
14808.14372719
14808.20352124
14808.28031784
14808.32224674
14808.38216465
14808.45186492
14808.50968728
14808.56960714
14808.62945288
14808.68740275
14808.74721411
14808.80612679
14808.86490147
14808.92398896
14808.98264978
14809.04239556
14809.10230956
14809.16029137
14809.21900388
14809.27977902
14809.34895242
14809.42642071
14809.46825185
14809.52708383
14809.58593580
14809.64613555
14809.70568140
14809.76366784
14809.82329122
14809.88317207
14809.94203428
14810.00092331
14810.05986524
14810.11964734
14810.17840545
14810.24833734
14810.30805873
14810.36603640
14810.42494591
14810.48455345
14810.56335562
14810.60525332
14810.66348601
14810.72195349
14810.78188090
14810.83964670
14810.89952316
14810.95958808
14811.01966348
14811.07632556
14811.13611083
14811.20569456
14811.26554713
14811.32339850
14811.38352169
14811.44446774
14811.50114786
14811.56183303
14811.61966661
14811.70038488
14811.73819852
14811.79713972
14811.85797167
14811.91780912
14811.97661037
14812.03458951
14812.09430285
14812.16513782
14812.22304917
14812.28528327
14812.36360928
14812.41147226
14812.47054366
14812.52844380
14812.58911922
14812.65226979
14812.70671807
14812.76663110
14812.84475622
14812.88440770
14812.94206329
14813.00388072
14813.07277520
14813.13273480
14813.19241450
14813.25372139
14813.31111391
14813.36997978
14813.42888270
14813.48687061
14813.54750142
14813.60538863
14813.66443272
14813.72615969
14813.78312921
14813.84269798
14813.90163942
14813.98932358
14814.03018533
14814.09006301
14814.15089861
14814.20880216
14814.26883222
14814.32670236
14814.38737778
14814.44950802
14814.50592652
14814.56284021
14814.62380771
14814.68341695
14814.74232987
14814.80017076
14814.87098793
14814.93077613
14814.98768811
14815.04945677
14815.12452768
14815.16534262
14815.22420483
14815.28731639
14815.34495029
14815.40356454
14815.46346660
14815.52225299
14815.58029234
14815.63999715
14815.70906816
14815.73085059
14815.78266207
14815.80260301
14815.85638520
14815.91444723
14815.97333040
14816.03390343
14816.05380731
14816.10569876
14816.16453975
14816.22441597
14816.28433143
14816.34316634
14816.40093360
14816.47788330
14816.51357800
14816.56942989
14816.58969973
14816.69432694
14816.75698844
14816.81599352
14816.87481794
14816.93755013
14816.99334083
14817.05217915
14817.11447639
14817.17223146
14817.23073673
14817.29061392
14817.35134078
14817.41919883
14817.47804812
14817.53788825
14817.59674168
14817.65582771
14817.73346569
14817.77432549
14817.83326279
14817.89219156
14817.95186370
14818.01169237
14818.07055166
14818.12929708
14818.19222091
14818.24798187
14818.31796301
14818.37670795
14818.43894155
14818.49842743
14818.55439708
14818.61432937
14818.67294119
14818.73276669
14818.79154941
14818.86667445
14818.90849974
14818.96937630
14819.04824357
14819.09805776
14819.15687365
14819.22846857
14819.29655068
14819.35723366
14819.41451598
14819.47399625
14819.53467508
14819.59359288
14819.65334451
14819.71518095
14819.77023948
14819.83110313
14819.88972957
14819.94782159
14820.02845965
14820.06721147
14820.12616315
14820.18405427
14820.25475441
14820.31366806
14820.37448221
14820.43240088
14820.49306606
14820.55012164
14820.60898750
14820.66872401
14820.72851124
14820.78750193
14820.84646435
14820.90624206
14820.96506599
14821.02483517
14821.08458436
14821.17246454
14821.21336554
14821.27119887
14821.33099414
14821.41183432
14821.46080493
14821.51859365
14821.57932417
14821.63811519
14821.69604848
14821.75603221
14821.81804786
14821.87456608
14821.94577676
14822.00337676
14822.07520428
14822.13392800
14822.19373765
14822.25156709
14822.32722290
14822.37333435
14822.42997326
14822.49278933
14822.54868584
14822.60664766
14822.66535578
14822.72437013
14822.78406763
14822.84199605
14822.91371239
14822.97171760
14823.04154515
14823.10121632
14823.16111862
14823.22010834
14823.28221955
14823.33900792
14823.39761754
14823.47334869
14823.51866191
14823.57836283
14823.63404552
14823.70119359
14823.75270470
14823.81244901
14823.87117908
14823.94102418
14823.99995733
14824.05898119
14824.11958127
14824.17847932
14824.23633411
14824.29617278
14824.35492868
14824.41473834
14824.47482837
14824.53443127
14824.61229673
14824.65129163
14824.71203166
14824.77092508
14824.83992147
14824.90058641
14824.95838732
14825.01719857
14825.07618683
14825.13596332
14825.19476287
14825.25472320
14825.31256799
14825.37226354
14825.43036312
14825.49114752
14825.54989416
14825.61071465
14825.66949884
14825.74525827
14825.78719888
14825.84699878
14825.90686353
14825.96769743
14826.02448896
14826.08268874
14826.14215852
14826.22405562
14826.27088631
14826.32981264
14826.38871971
14826.44944219
14826.50749300
14826.56721342
14826.62721641
14826.69694375
14826.75571112
14826.81561366
14826.89157033
14826.93547336
14826.99312506
14827.05218427
14827.11183910
14827.17070375
14827.23048902
14827.28844157
14827.34738839
14827.40716293
14827.46579230
14827.52493416
14827.59553312
14827.65442507
14827.71253342
14827.77307913
14827.83206300
14827.90168697
14827.96058867
14828.03888933
14828.08025869
14828.19539556
14828.26194191
14828.32464827
14828.38447401
14828.44255237
14828.50221842
14828.57211301
14828.64274074
14828.70057456
14828.76050734
14828.82043524
14828.87825419
14828.93912514
14828.99778913
14829.05663501
14829.11454441
14829.19160042
14829.23426612
14829.29409771
14829.35285898
14829.41272837
14829.48167479
14829.54131767
14829.60031520
14829.65927883
14829.71916626
14829.77778539
14829.83761113
14829.89750832
14829.95455853
14830.01520177
14830.07412030
14830.13224742
14830.19173354
14830.25080811
14830.32831809
14830.37167645
14830.43917707
14830.50037132
14830.55778920
14830.61761885
14830.67739754
14830.73621489
14830.79517194
14830.85407486
14830.91380967
14830.97177344
14831.03151750
14831.10636265
14831.16606795
14831.22694183
14831.28709428
14831.34954415
14831.43461345
14831.47931812
14831.54004255
14831.62531665
14831.66974948
14831.72966348
14831.79143214
14831.81455285
14831.86422636
14831.92325095
14831.98498450
14832.04480244
14832.10568583
14832.16449172
14832.22634011
14832.28534885
14832.34613179
14832.40585440
14832.46772644
14832.52559659
14832.60358541
14832.67918442
14832.73992152
14832.79980871
14832.85966542
14832.92051735
14832.97953853
14833.04116968
14833.09996021
14833.16186492
14833.22085708
14833.28067258
14833.34155158
14833.40232087
14833.46212224
14833.57495608
14833.68296493
14833.72246671
14833.78231464
14833.84315926
14833.90142658
14833.96273030
14834.02284179
14834.08372420
14834.14340073
14834.21518509
14834.27502790
14834.33590179
14834.39391749
14834.45455853
14834.51447839
14834.57636725
14834.63531893
14834.69617770
14834.75579864
14834.83177141
14834.87550475
14834.93556845
14834.99716425
14835.05797962
14835.11692667
14835.17772034
14835.23751268
14835.29653727
14835.35820597
14835.41703478
14835.47816929
14835.53782218
14835.59799340
14835.66182615
14835.71915431
14835.77838321
14835.83905059
14835.89909503
14835.97558686
14836.02292224
14836.08149968
14836.14128812
14836.20022884
14836.26009920
14836.32176912
14836.38260472
14836.44241999
14836.50056369
14836.56237770
14836.62119017
14836.68093741
14836.74175180
14836.80259569
14836.86357588
14836.92572464
14836.98336682
14837.04291755
14837.12103511
14837.16509613
14837.22381619
14837.28429827
14837.34760269
14837.40740430
14837.46406662
14837.52467938
14837.58469310
14837.64433014
14837.70537663
14837.76718918
14837.82597996
14837.88905836
14837.94584039
14838.00750738
14838.06545506
14838.12628945
14838.18810809
14838.26396114
14838.30875701
14838.36660472
14838.48238061
14838.55304491
14838.62312285
14838.68895850
14838.74869111
14838.80843249
14838.88938726
14838.94015670
14838.99917227
14839.05879833
14839.12153687
14839.18063240
14839.24030967
14839.30113308
14839.37892198
14839.41996634
14839.48166113
14839.54354585
14839.60227616
14839.66113690
14839.72194423
14839.78098149
14839.84263142
14839.90248544
14839.96348733
14840.02517041
14840.08422742
14840.14309743
14840.20693872
14840.26356837
14840.32333877
14840.38337224
14840.44505947
14840.52179438
14840.56386347
14840.62561458
14840.68541473
14840.74547526
14840.81626707
14840.87700320
14840.93706056
14840.99663738
14841.05851600
14841.14020927
14841.18806201
14841.24796626
14841.30878773
14841.36964600
14841.42939568
14841.50128902
14841.56006882
14841.63592358
14841.68476814
14841.74066929
14841.81248120
14841.87325463
14841.93307525
14841.99389867
14842.05376537
14842.11569056
14842.17561773
14842.23437583
14842.29330265
14842.35501889
14842.41382576
14842.47358909
14842.53368790
14842.59676119
14842.65516869
14842.71598333
14842.79722213
14842.83569869
14842.89572143
14842.95630421
14843.01534415
14843.07747951
14843.15075671
14843.20865100
14843.26841993
14843.32837051
14843.41023274
14843.45930648
14843.51878870
14843.57873342
14843.63972750
14843.71134582
14843.77150315
14843.83116091
14843.90904270
14843.95163135
14844.01251865
14844.07257967
14844.13322120
14844.19306230
14844.25209298
14844.31269209
14844.37355354
14844.43343024
14844.49329938
14844.55309611
14844.57802345
14844.62798978
14844.68678006
14844.74858651
14844.80740630
14844.86730811
14844.92920088
14844.98910854
14845.04885066
14845.12669442
14845.16764004
14845.22934653
14845.28930076
14845.35006420
14845.41085884
14845.47070945
14845.52962091
14845.58937107
14845.64941235
14845.70939388
14845.77094117
14845.83197596
14845.89457943
14845.95140193
14846.01218658
14846.07133356
14846.13115077
14846.19135832
14846.26978307
14846.31265650
14846.37232449
14846.43514568
14846.50326412
14846.56623306
14846.62476320
14846.68492491
14846.74641368
14846.80621797
14846.86505580
14846.92405332
14846.98585612
14847.04564724
14847.10547177
14847.16630737
14847.22809383
14847.28938609
14847.34706509
14847.42283793
14847.47674179
14847.53763859
14847.60039200
14847.65915254
14847.71814543
14847.77923045
14847.83799879
14847.89980793
14847.95967292
14848.01944771
14848.08048812
14848.14126667
14848.20015277
14848.25977469
14848.31974940
14848.39149256
14848.45224478
14848.52917913
14848.57304242
14848.63385023
14848.69371815
14848.77540410
14848.83451865
14848.89526283
14848.95490840
14849.01690941
14849.07476079
14849.13569903
14849.19558037
14849.25630333
14849.32790386
14849.38696087
14849.44856716
14849.50865938
14849.56758450
14849.64625989
14849.68805860
14849.74790336
14849.80879114
14849.86989445
14849.93033069
14849.99013181
14850.04997096
14850.10987131
14850.16979580
14850.23045415
14850.30044505
14850.36220835
14850.42296862
14850.48292212
14850.54264449
14850.60243780
14850.66345139
14850.75316818
14850.79304421
14850.85411924
14850.91385258
14850.97453385
14851.05540158
14851.10519651
14851.12614926
14851.18008993
14851.20097319
14851.25300849
14851.27484773
14851.32666847
14851.38545486
14851.44561852
14851.50621592
14851.56598169
14851.58795259
14851.64079319
14851.70176703
14851.76158278
14851.82140975
14851.88133521
14851.99396279
14852.07372313
14852.11658193
14852.17648203
14852.23938953
14852.29704464
14852.35611628
14852.41694457
14852.48664143
14852.54946457
14852.60832044
14852.66900781
14852.72892132
14852.78785326
14852.84768437
14852.90841416
14852.98017487
14853.04126038
14853.10097982
14853.17780860
14853.21985551
14853.27964663
14853.34063852
14853.40330318
14853.46234995
14853.52201600
14853.58385951
14853.64659708
14853.70180751
14853.76244855
14853.82234207
14853.88492238
14853.94397817
14854.00294717
14854.06462075
14854.12433751
14854.18422225
14854.24505054
14854.32299621
14854.36475275
14854.42472429
14854.48441496
14854.54627700
14854.60405426
14854.66501323
14854.72560332
14854.79746131
14854.85631986
14854.91719033
14854.97795060
14855.03690155
14855.09777275
14855.15769578
14855.21922624
14855.27909099
14855.33996097
14855.39970577
14855.47662354
14855.51863900
14855.58030916
14855.63921062
14855.70103585
14855.76009408
14855.82063346
14855.87944642
14855.93947915
14855.99938438
14856.06002055
14856.12181018
14856.18570242
14856.24158577
14856.30069105
14856.36462645
14856.42215917
14856.48180449
14856.54376357
14856.62393205
14856.67350366
14856.73527890
14856.79324194
14856.85494039
14856.91465788
14856.98076489
14857.04250478
14857.10319556
14857.16204680
14857.22287753
14857.28305509
14857.34282842
14857.40260784
14857.46517473
14857.52613955
14857.58605478
14857.64678530
14857.72161947
14857.76538109
14857.82552915
14857.88715397
14857.94596693
14858.00772754
14858.06683624
14858.12744584
14858.18734814
14858.24715706
14858.30693307
14858.36892213
14858.42899461
14858.48957227
14858.56035432
14858.61835369
14858.67820455
14858.73891313
14858.80073811
14858.87767392
14858.92141092
14858.98131468
14859.04112775
14859.10097592
14859.16173155
14859.22155754
14859.28165148
14859.34241686
14859.40214874
14859.46204934
14859.52195383
14859.58269362
14859.64172406
14859.70240557
14859.76340380
14859.82402777
14859.88393105
14859.94472374
14860.02082597
14860.06345387
14860.12535029
14860.18523480
14860.24544698
14860.30578619
14860.36482418
14860.42792868
14860.48451956
14860.54613047
14860.60698875
14860.66582975
14860.72581568
14860.78760921
14860.84760343
14860.90867431
14860.96708157
14861.03002758
14861.08874058
14861.16352721
14861.20742463
14861.26922085
14861.32721290
14861.38708863
14861.44778623
14861.50961536
14861.56951888
14861.62848495
14861.69325223
14861.75011569
14861.80997800
14861.86899528
14861.92982966
14861.99068940
14862.05149185
14862.11133393
14862.17121721
14862.23022887
14862.30878626
14862.36257967
14862.42561395
14862.48671409
14862.54340200
14862.60294273
14862.66296401
14862.72285680
14862.78352077
14862.84440001
14862.90526999
14862.96410173
14863.02405986
14863.08570393
14863.14554528
14863.20343884
14863.27617430
14863.33616656
14863.41402032
14863.45768636
14863.53847120
14863.58642122
14863.64721099
14863.70810291
14863.76882929
14863.82877328
14863.88963790
14863.90955568
14863.96477220
14864.02139599
14864.08228670
14864.14407267
14864.20489584
14864.26460285
14864.32338533
14864.38418778
14864.44402840
14864.50388267
14864.58176641
14864.62461984
14864.68645799
14864.74553719
14864.80613288
14864.86509091
14864.92416426
14864.98478043
14865.04590373
14865.06554576
14865.11942353
14865.17929316
14865.24027358
14865.30017174
14865.32190492
14865.37471724
14865.43473291
14865.49453281
14865.55623736
14865.61441178
14865.67503210
14865.73589038
14865.79570076
14865.87269240
14865.91634748
14865.97729792
14866.03708685
14866.09608291
14866.15676101
14866.21676157
14866.27742211
14866.33829356
14866.39729132
14866.45801258
14866.51882259
14866.57860542
14866.63849553
14866.69753255
14866.76014089
14866.81992616
14866.87977727
14866.95060516
14867.02861837
14867.06947426
14867.13134679
14867.19108135
14867.25282344
14867.31193384
14867.37165182
14867.43240453
14867.49237973
14867.55208601
14867.61194345
14867.67206518
14867.73369585
14867.79352988
14867.86434583
14867.92416962
14867.98419017
14868.04390132
14868.10478301
14868.18261092
14868.22542875
14868.28532935
14868.34523945
14868.40599801
14868.46571331
14868.52554783
14868.58750544
14868.64741750
14868.70612781
14868.76894486
14868.82609674
14868.88870630
14868.94752731
14869.00839729
14869.06737067
14869.12708159
14869.18791036
14869.24801210
14869.32779414
14869.36949899
14869.43032508
14869.48910927
14869.54927927
14869.60902359
14869.66973290
14869.73048804
14869.78950215
14869.85262834
14869.91140375
14869.97093717
14870.03180934
14870.09077956
14870.15437558
14870.21225206
14870.27131493
14870.33206837
14870.39200334
14870.46870022
14870.51245209
14870.57241241
14870.63424471
14870.69202904
14870.75381184
14870.81378728
14870.87450757
14870.93435891
14870.99522109
14871.05502001
14871.11492353
14871.17389156
14871.23645187
14871.29447635
14871.35612311
14871.41501189
14871.50078970
14871.54683679
14871.62570577
14871.71040862
14871.77208390
14871.83103023
14871.89183804
14871.95260172
14872.01244818
14872.07056653
