14893.48783951
14893.54742876
14893.61032577
14893.68018891
14893.74343921
14893.79893733
14893.85963079
14893.91862149
14893.98233356
14894.04076301
14894.11517173
14894.15976182
14894.22306331
14894.28190358
14894.34248879
14894.40126640
14894.46294461
14894.52101736
14894.58173374
14894.64342292
14894.70162928
14894.76130289
14894.82106354
14894.88088562
14894.94413982
14895.00193829
14895.06157727
14895.12421731
14895.18415838
14895.25984588
14895.30478754
14895.36365073
14895.42438588
14895.48348117
14895.54519376
14895.60491832
14895.66403482
14895.72573351
14895.78452794
14895.84445633
14895.90428403
14895.96424265
14896.02679126
14896.08665747
14896.14755964
14896.20690191
14896.26627270
14896.32945961
14896.40488112
14896.44684635
14896.50750568
14896.56835688
14896.62770623
14896.68720112
14896.74696494
14896.80878065
14896.86871051
14896.92946175
14896.98976171
14897.05018503
14897.10830679
14897.16989405
14897.22983220
14897.28873122
14897.35149097
14897.40949789
14897.47030400
14897.54692164
14897.59095681
14897.65083863
14897.71161645
14897.77243913
14897.83247919
14897.89321775
14897.95136585
14898.01295409
14898.07317944
14898.13263947
14898.19172525
14898.25328984
14898.31230858
14898.37403531
14898.43378230
14898.49368436
14898.55261239
14898.61358380
14898.69120179
14898.73504704
14898.79488205
14898.85480702
14898.93655100
14898.98731459
14899.04610366
14899.10603204
14899.16785508
14899.22766473
14899.28753802
14899.34742154
14899.40734920
14899.47901458
14899.53889372
14899.59972372
14899.65958749
14899.72042066
14899.79616400
14899.85926947
14899.92606719
14899.98764958
14900.05157279
14900.11629813
14900.18024816
14900.24298572
14900.30786466
14900.37066074
14900.43567670
14900.51129180
14900.57415614
14900.63902460
14900.70205083
14900.76769289
14900.84746982
14900.89537279
14900.95932793
14901.02168003
14901.08691420
14901.15070454
14901.21366275
14901.27837785
14901.34320218
14901.40522952
14901.48179133
14901.54566480
14901.61048961
14901.67228071
14901.73716964
14901.80195618
14901.91368605
14901.95162380
14902.01465052
14902.07853569
14902.14308793
14902.20702454
14902.27069663
14902.33655056
14902.39960654
14902.46297069
14902.53719851
14902.63474647
14902.68677811
14902.75171118
14902.81636679
14902.87923893
14902.96002304
14903.00784555
14903.07193918
14903.13549155
14903.19925945
14903.26315560
14903.35898884
14903.41295438
14903.47780333
14903.55470477
14903.61516881
14903.68018574
14903.74345286
14903.81093398
14903.87244933
14903.93532196
14904.01610362
14904.06401293
14904.12781058
14904.19171452
14904.25665661
14904.31940417
14904.38515668
14904.44904575
14904.51200128
14904.58664358
14904.65049437
14904.71629857
14904.77920339
14904.84309319
14904.90686865
14904.97078991
14905.04956575
14905.09842421
14905.16210605
14905.22792048
14905.28990419
14905.35553869
14905.41932001
14905.48329880
14905.55897241
14905.62195134
14905.68668912
14905.74985067
14905.81360662
14905.87722751
14905.94303097
14906.00611864
14906.08571759
14906.13369102
14906.19839295
14906.26307587
14906.32600458
14906.39006140
14906.45379955
14906.52966821
14906.59328934
14906.65723424
14906.78486099
14906.85877746
14906.93469293
14906.95439298
14907.02036931
14907.08507369
14907.16395022
14907.21188025
14907.27752329
14907.33942752
14907.40515784
14907.46895524
14907.53286382
14907.59660295
14907.66070804
14907.72531416
14907.78729860
14907.85298552
14907.91678829
14907.98163407
14908.04443234
14908.10852256
14908.17312209
14908.25289877
14908.30175723
14908.36378482
14908.42856258
14908.49126455
14908.56732971
14908.63093207
14908.69485650
14908.75958964
14908.82353796
14908.88641571
14908.95102890
14909.01489798
14909.07881485
14909.14272002
14909.20850788
14909.28724032
14909.33420243
14909.39991715
14909.46287049
14909.53770612
14909.60149158
14909.66617157
14909.73011136
14909.79376906
14909.85760547
14909.93268760
14909.99639601
14910.06139442
14910.12599614
14910.18983085
14910.25372383
14910.33336958
14910.38117893
14910.44517430
14910.50897414
14910.58360863
14910.64761840
14910.71232545
14910.77514737
14910.84096449
14910.90403875
14910.96785322
14911.03152970
14911.09452545
14911.16016118
14911.22404099
14911.28895626
14911.36858519
14911.41558826
14911.48036358
14911.54413733
14911.61805405
14911.68274355
14911.74762517
14911.81044539
14911.88631697
14911.95009901
14912.01401564
14912.07774818
14912.14198786
14912.20579184
14912.26965654
14912.33336495
14912.41203083
14912.46122916
14912.52582943
14912.60076624
14912.66363156
14912.72842224
14912.79311809
14912.85692963
14912.91991441
14912.98361697
14913.04956868
14913.11214996
14913.17708814
14913.24083581
14913.30476828
14913.36866467
14913.44752999
14913.49616146
14913.57121823
14913.63494737
14913.70059285
14913.76455531
14913.82655120
14913.89136358
14913.95409602
14914.02093934
14914.08279577
14914.14678700
14914.21050029
14914.27622111
14914.33920004
14914.40483309
14914.48566400
14914.53074780
14914.60639142
14914.67019004
14914.73495951
14914.79878958
14914.86275692
14914.92474404
14914.99134525
14915.05389483
14915.11800724
14915.18283108
14915.24487281
14915.31049073
14915.37436738
14915.43916903
14915.51791708
14915.56678675
14915.64078905
14915.70649743
14915.76925791
14915.84504903
14915.91021957
14915.97092327
14916.03576101
14916.10034592
14916.16421256
14916.22802996
14916.29188026
14916.35664218
14916.42049541
14916.48435962
14916.56409607
14916.61201708
14916.68603815
14916.75188477
14916.81558977
14916.91246628
14916.97601036
14917.03997916
14917.10369245
14917.16789628
14917.23139818
14917.29631589
14917.35920925
14917.42388534
14917.48870796
14917.56663827
14917.64926606
14917.72219242
14917.78810097
14917.85091680
14917.91460083
14917.97857231
14918.04422193
14918.10617223
14918.17006228
14918.23475374
14918.33153540
14918.39738056
14918.45938182
14918.54003865
14918.58787018
14918.65272182
14918.72558698
14918.79147578
14918.85433549
14918.91714693
14918.98271878
14919.07951849
14919.14345388
14919.20718814
14919.27204246
14919.33507942
14919.39890924
14919.46395934
14919.54438870
14919.59123475
14919.65504752
14919.71902729
14919.79368787
14919.85857851
14919.92230277
14919.98616234
14920.05013066
14920.11404948
14920.17687213
14920.24262781
14920.30549118
14920.36937537
14920.43410559
14920.49707185
14920.57875049
14920.62577550
14920.68956047
14920.75430482
14920.82928918
14920.89296834
14920.95695981
14921.02079354
14921.08495763
14921.14837006
14921.21230326
14921.27617625
14921.33998998
14921.40568154
14921.46864414
14921.53436276
14921.61427622
14921.66214481
14921.72507376
14921.79970192
14921.86346836
14921.92831950
14921.99126333
14922.05519604
14922.11896955
14922.18274843
14922.24851020
14922.31146963
14922.37621643
14922.44102393
14922.50292523
14922.57086812
14922.64737556
14922.69530608
14922.76019526
14922.83589179
14922.89900677
14922.96256889
14923.02635386
14923.09131570
14923.15512456
14923.21795721
14923.28382090
14923.34565392
14923.41145495
14923.47532599
14923.54000378
14923.60194433
14923.68286814
14923.73151911
14923.80632866
14923.88115503
14923.94311094
14924.00798866
14924.07269718
14924.13753516
14924.20031783
14924.26511388
14924.32810159
14924.39189850
14924.45578904
14924.52068553
14924.58533944
14924.64778394
14924.72995873
14924.77587490
14924.85258348
14924.91537907
14924.97927643
14925.04233729
14925.10794180
14925.17098510
14925.23659425
14925.29858454
14925.36229441
14925.42722626
14925.49085787
14925.56294139
14925.62653594
14925.69032213
14925.77218070
14925.81905211
14925.89382484
14925.95966342
14926.02167833
14926.08635198
14926.14944599
14926.21401968
14926.27782854
14926.34074848
14926.40552867
14926.46853248
14926.53515807
14926.59722028
14926.66208435
14926.72664585
14926.80543486
14926.86537275
14926.92914651
14926.99097880
14927.05778140
14927.12078447
14927.18534500
14927.24845047
14927.31227030
14927.37800867
14927.44079695
14927.50467285
14927.56960056
14927.63226083
14927.69721535
14927.76101300
14927.85274098
14927.90982240
14927.97533696
14928.03835685
14928.10405621
14928.16690276
14928.23069553
14928.29446489
14928.35732923
14928.42225596
14928.48697472
14928.55078529
14928.61367913
14928.67869070
14928.74227965
14928.80821941
14928.88792197
14928.94531132
14929.00978530
14929.07275984
14929.13826562
14929.20027273
14929.26591479
14929.32883984
14929.39458528
14929.45755715
14929.52234417
14929.58609939
14929.64904492
14929.71376953
14929.77772761
14929.84149770
14929.93156802
14929.98044379
14930.04304165
14930.10798666
14930.17686311
14930.23741760
14930.30033192
14930.36335620
14930.42815786
14930.49280299
14930.55673083
14930.62374603
14930.68630024
14930.74833978
14930.81295321
14930.87682059
14930.96751872
14931.01541145
14931.07931466
14931.14332735
14931.20606442
14931.27083609
14931.33372676
14931.40040477
14931.46241822
14931.52722621
14931.59191181
14931.65482833
14931.73060946
14931.79239178
14931.85735825
14931.93138833
14932.01279049
14932.05896095
14932.12483561
14932.18856645
14932.25336445
14932.27219630
14932.33109557
14932.39523942
14932.45980019
14932.58834561
14932.66218894
14932.73695924
14932.81100517
14932.88668585
14932.96255158
14933.03641003
14933.11902100
14933.18691001
14933.26186877
14933.33575428
14933.41229463
14933.48618843
14933.56081854
14933.63614350
14933.65573920
14933.72153853
14933.78545783
14933.84923037
14933.91309579
14933.98888058
14934.05067874
14934.13260680
14934.17859074
14934.24228648
14934.30799608
14934.37135535
14934.49961722
14934.57232805
14934.63409501
14934.69901637
14934.76387045
14934.85947695
14934.94537837
14935.00910970
14935.09989438
14935.14793486
14935.21178468
14935.27660681
14935.34047419
14935.40505788
14935.46888795
14935.53184714
14935.62952919
14935.68246512
14935.74620084
14935.82127736
14935.88570306
14935.94960164
14936.01253425
14936.10345644
14936.15229637
14936.21508708
14936.27984290
14936.37555668
14936.42941128
14936.49323404
14936.55721137
14936.62192574
14936.68678421
14936.74887055
14936.76762341
14936.82831590
14936.89209550
14936.95698444
14937.03004538
14937.09476512
14937.17536343
14937.22133665
14937.28726641
14937.35015270
14937.41586815
14937.47961898
14937.54445818
14937.60634534
14937.67211418
14937.73410154
14937.79991159
14937.86161638
14937.92670939
14937.99230854
14938.06615626
14938.12917298
14938.15085960
14938.20774061
14938.28785180
14938.33639452
14938.40122153
14938.46337030
14938.52803761
14938.59092341
14938.65562437
14938.71945810
14938.78514356
14938.84912723
14938.91293073
14938.97761633
14939.04958721
14939.11547601
14939.24194124
14939.32391221
14939.39362931
14939.46840935
14939.54321402
14939.61423038
14939.67777934
14939.75468882
14939.81757901
14939.88223999
14939.94612150
14940.01005276
14940.07281982
14940.14780491
14940.21336164
14940.32295964
14940.35821694
14940.40300403
14940.46879482
14940.53171694
14940.59737437
14940.66030161
14940.72507620
14940.78825994
14940.85175404
14940.91560947
14940.98044013
14941.04436993
14941.11804283
14941.18300516
14941.24662482
14941.31154862
14941.37463995
14941.45615646
14941.50308492
14941.56650003
14941.64276585
14941.70575844
14941.77063324
14941.83653301
14941.89915939
14941.96201033
14942.02668398
14942.08977775
14942.16460071
14942.22817307
14942.29213773
14942.35702301
14942.37616206
14942.44158713
14942.50960024
14942.59218829
14942.63809251
14942.73482956
14942.79966510
14942.86262868
14942.92742887
14942.99317943
14943.05514046
14943.13085210
14943.20572772
14943.27043868
14943.33245164
14943.39812028
14943.46006204
14943.52581846
14943.60453920
14943.65257480
14943.71635806
14943.78118044
14943.84401211
14943.91068573
14943.97251340
14944.03742087
14944.11144657
14944.13318170
14944.19099455
14944.25478562
14944.31871882
14944.38158682
14944.47735058
14944.56415288
14944.64482361
14944.69277924
14944.75560482
14944.82042427
14944.88419900
14944.94893848
14945.01280658
14945.03373837
14945.09083686
14945.15468765
14945.21839290
14945.28400448
14945.34605499
14945.40989579
14945.47377194
14945.53738356
14945.60225982
14945.66808036
14945.74887445
14945.79566614
14945.85769080
14945.92355473
14945.98633959
14946.06201052
14946.12591447
14946.18872883
14946.25453352
14946.31832409
14946.38316280
14946.44596815
14946.57764822
14946.64349094
14946.70933976
14946.78810341
14946.83787689
14946.90093579
14946.96656152
14947.03133440
14947.09431066
14947.15814219
14947.22105920
14947.28677172
14947.34961217
14947.43628915
14947.49817118
14947.56397782
14947.62792078
14947.69188811
14947.75554606
14947.83957868
14947.88337224
14947.94602130
14948.01188328
14948.10870663
14948.16090870
14948.22522712
14948.28934781
14948.35202004
14948.41874437
14948.48078756
14948.54548657
14948.61029408
14948.67306602
14948.73699654
14948.80076517
14948.88165777
14948.92955245
14948.99393207
14949.05902727
14949.13323266
14949.19606677
14949.26072677
14949.32457951
14949.38730757
14949.45209996
14949.51607217
14949.58068390
14949.64461856
14949.71054759
14949.77330515
14949.83816970
14949.91614365
14949.96469369
14950.02846598
14950.10142258
14950.16815009
14950.23198674
14950.29695516
14950.35968394
14950.42448828
14950.48735287
14950.55126657
14950.61593217
14950.68090669
14950.74460510
14950.80746823
14950.87143849
14950.95119591
14950.99997342
14951.07901039
14951.13968337
14951.20261890
14951.26566806
14951.32910511
14951.38594930
14951.44871320
14951.50977408
14951.57148959
14951.63344063
14951.69510226
14951.75593055
14951.81873540
14951.87771122
14951.94645942
14952.01841128
14952.06223190
14952.12508674
14952.18792889
14952.24793432
14952.30986756
14952.37176349
14952.43327152
14952.49518184
14952.55604938
14952.61685938
14952.67884333
14952.74058639
14952.80223217
14952.86406106
14952.92600478
14952.98690255
14953.09761720
14953.13455069
14953.19422088
14953.25512159
14953.31618149
14953.37776315
14953.44071868
14953.50061952
14953.56238331
14953.62345321
14953.68549543
14953.74812035
14953.80990559
14953.87069390
14953.93170480
14953.99361975
14954.05915259
14954.11614185
14954.17906032
14954.25702403
14954.30171603
14954.36341204
14954.42531991
14954.48528999
14954.54801390
14954.60889266
14954.67175700
14954.73349763
14954.79441735
14954.85631864
14954.91709451
14954.97986548
14955.04077739
14955.10173563
14955.16361815
14955.22523590
14955.28617146
14955.36492999
14955.41083641
14955.47166592
14955.53271924
14955.59433479
14955.65613027
14955.71897950
14955.77886961
14955.84053417
14955.90164869
14955.96352121
14956.02613102
14956.08607477
14956.14885914
14956.21068412
14956.27084950
14956.33249284
14956.39639191
14956.47406890
14956.51887769
14956.57987201
14956.64055670
14956.70248188
14956.76536622
14956.83707695
14956.89989814
14956.95075730
14957.01173504
14957.07349249
14957.13620104
14957.19701031
14957.25794612
14957.31884706
14957.38164680
14957.44443605
14957.50439540
14957.58219405
14957.62808145
14957.68894143
14957.75369213
14957.81558319
14957.87742572
14957.93539071
14957.95564300
14957.97521237
14958.02412422
14958.14072054
14958.21164790
14958.28441311
14958.30452106
14958.36410884
14958.42514657
14958.48790997
14958.54792394
14958.61138318
14958.67146468
14958.73404206
14958.79419841
14958.87483890
14958.91870902
14958.98040381
14959.04047702
14959.10326115
14959.16506224
14959.22684065
14959.28871537
14959.34951831
14959.41127965
14959.47323410
14959.56519614
14959.62880361
14959.77647760
14959.85434257
14959.89927691
14959.96194645
14960.02282618
14960.08453219
14960.14630719
14960.20820263
14960.27037577
14960.33087687
14960.39260482
14960.45370325
14960.51631915
14960.57648086
14960.63902728
14960.70089785
14960.76182537
14960.85544190
14960.92222548
14960.96905813
14961.04096488
14961.10192605
14961.16359255
14961.22654418
14961.28735711
14961.34821636
14961.40918728
14961.47113514
14961.53367546
14961.59370381
14961.65445091
14961.72257106
14961.78009695
14961.84009092
14961.90195784
14961.96461665
14962.04339176
14962.08719995
14962.14902688
14962.23288786
14962.29465652
14962.35466001
14962.37539284
14962.43144344
14962.49123480
14962.55315390
14962.61419820
14962.67891428
14962.73792984
14962.79955417
14962.86050436
14962.92317878
14962.98311692
14963.04708596
14963.10668765
14963.18478399
14963.23238683
14963.29222964
14963.35405146
14963.41498751
14963.47773312
14963.53853532
14963.59947259
14963.66223844
14963.72310720
14963.78387136
14963.84578144
14963.90862993
14963.96844227
14964.02935418
14964.09123792
14964.15293783
14964.21479939
14964.29352988
14964.35939015
14964.42232886
14964.48412605
14964.54593348
14964.60586333
14964.67086344
14964.73271305
14964.79122100
14964.85308329
14964.91492412
14964.97573680
14965.03757617
14965.09757551
14965.16049788
14965.22441719
14965.28499264
14965.36069015
14965.40583149
14965.46760990
14965.53026481
14965.59043457
14965.65402035
14965.71694784
14965.77484480
14965.83669295
14965.90033309
14965.96108409
14966.02207842
14966.08476697
14966.14567158
14966.20770136
14966.26843919
14966.32932990
14966.39195604
14966.46987172
14966.51396956
14966.57877389
14966.63831852
14966.70027711
14966.72114160
14966.77794996
14966.84003192
14966.90163430
14966.96343149
14967.02842990
14967.08630346
14967.14895764
14967.21576731
14967.27668752
14967.33849470
14967.40237402
14967.46315257
14967.57283908
14967.60869006
14967.66955370
14967.73039954
14967.79220843
14967.85416727
14967.91610928
14967.97703655
14968.03791531
14968.10044125
14968.16156430
14968.18516726
14968.23513798
14968.29820395
14968.36003308
14968.42267873
14968.48351677
14968.54338347
14968.60519602
14968.66710804
14968.74684425
14968.78980447
14968.85245060
14968.91332644
14968.97407671
14969.03600067
14969.09883869
14969.16062198
14969.22055183
14969.28246117
14969.34607376
14969.40601971
14969.46599076
14969.52778722
14969.59168970
14969.65245631
14969.71412574
14969.77613992
14969.79593384
14969.85174916
14969.92957317
14970.00636757
14970.05916795
14970.11901661
14970.18009773
14970.27385981
14970.32362939
14970.38640840
14970.44824289
14970.50943299
14970.57100734
14970.63285865
14970.69468095
14970.75649399
14970.81723743
14970.87910313
14970.94024862
14971.01693062
14971.10757146
14971.16942667
14971.23127579
14971.29116590
14971.35396783
14971.41579647
14971.47763754
14971.53842512
14971.59931850
14971.66146775
14971.72294604
14971.78286979
14971.84479596
14971.90858483
14971.97026060
14972.03105061
14972.10999444
14972.15382749
14972.21560128
14972.28041244
14972.33828039
14972.40018071
14972.46291901
14972.52389407
14972.58462776
14972.64659171
14972.70841475
14972.77027849
14972.83000159
14972.92570221
14972.98754499
14973.04841156
14973.10932859
14973.18920450
14973.23407082
14973.29405139
14973.35577348
14973.41854030
14973.47853696
14973.53933087
14973.60118584
14973.69675894
14973.75780959
14973.81954753
14973.88139421
14973.97831826
14974.03693983
14974.09871703
14974.15883461
14974.24038500
14974.28128284
14974.34323899
14974.40598435
14974.46777959
14974.53053983
14974.58960123
14974.65228125
14974.71414110
14974.77402195
14974.83674732
14974.89861643
14974.96074910
14975.02129481
14975.08330290
14975.14418678
14975.20492315
14975.26676081
14975.39426735
14975.45509272
14975.51716882
14975.58897561
14975.67253256
14975.73959969
14975.80120305
14975.86126919
14975.95696249
14976.00661675
14976.06858850
14976.12948262
14976.19038357
14976.25224878
14976.31496269
14976.39379071
14976.43854146
14976.49936707
14976.56248156
14976.58325682
14976.63619445
14976.76376756
14976.83768355
14976.89862838
14976.96049993
14977.02028398
14977.08399166
14977.14475485
14977.20578307
14977.26570438
14977.32858018
14977.39051147
14977.45118274
14977.52906015
14977.57573578
14977.63755321
14977.69945694
14977.75954941
14977.82230038
14977.88407295
14977.94477860
14978.00465189
14978.06746649
14978.12846520
14978.19114401
14978.25209176
14978.31393942
14978.37476308
14978.47038567
14978.52033445
14978.60006919
14978.64295724
14978.73703409
14978.78764042
14978.85051939
14978.91135304
14979.00505807
14979.05515192
14979.11877329
14979.17968740
14979.27435304
14979.32416016
14979.38612338
14979.44700458
14979.54161927
14979.60762168
14979.65349079
14979.71539696
14979.77620599
14979.83795637
14979.89977672
14979.96064329
14980.02444166
14980.08521485
14980.14625721
14980.20787788
14980.26778018
14980.33064574
14980.39283912
14980.45435300
14980.51633231
14980.58009948
14980.63971872
14980.71567417
14980.76193655
14980.85525222
14980.91799149
14980.97979623
14981.03974925
14981.10257360
14981.16349722
14981.22611459
14981.28725105
14981.34792208
14981.41082397
14981.47170103
14981.53350528
14981.59236579
14981.68800691
14981.76784527
14981.81083768
14981.88368066
14981.94738858
14982.00820127
14982.06803384
14982.13084893
14982.22482020
14982.28546734
14982.34746592
14982.40820546
14982.50378295
14982.56395198
14982.62661250
14982.68732522
14982.76619200
14982.81198919
14982.88284049
14982.94473837
14983.00662187
14983.06752086
14983.13014091
14983.19104453
14983.25392204
14983.31473936
14983.37568858
14983.43642910
14983.49934220
14983.56099944
14983.62289099
14983.68282133
14983.74656387
14983.80631355
14983.88328520
14983.93001739
14983.99210667
14984.05278184
14984.11471776
14984.17568283
14984.24142875
14984.30018125
14984.36010939
14984.42092622
14984.48462878
14984.54549876
14984.60662353
14984.66806719
14984.73012282
14984.79300569
14984.85287386
14984.91354440
14984.99636846
14985.03854336
14985.10009114
14985.15998417
14985.22369600
14985.28370509
14985.34561760
14985.40717390
14985.46916492
14985.52980279
14985.59472976
14985.65248898
14985.71554813
14985.77823107
14985.83906034
14985.89988253
14985.96267349
14986.02376899
14986.10036152
14986.14632572
14986.20919299
14986.27196639
14986.33174118
14986.39166713
14986.45458340
14986.51728732
14986.57617683
14986.63891244
14986.69989092
14986.76254607
14986.82442860
14986.88418339
14986.94704213
14987.00805693
14987.06980584
14987.12993269
14987.20945630
14987.25343613
14987.31507996
14987.37681522
14987.43874578
14987.49948605
14987.56137198
14987.62312407
14987.68599694
14987.74695153
14987.80790050
14987.86854740
14987.93236796
14987.99224271
14988.05501611
14988.11593217
14988.17772887
14988.23874734
14988.31739591
14988.36129626
14988.42755419
14988.48521124
14988.54781349
14988.60760047
14988.66961489
14988.73232588
14988.79321098
14988.85516981
14988.91926539
14988.97772190
14989.03864430
14989.11376032
14989.17333738
14989.23508678
14989.29689323
14989.35683284
14989.43564184
14989.48133272
14989.54234679
14989.60395454
14989.66495325
14989.72770569
14989.78948630
14989.85045210
14989.91232852
14989.97328823
14989.99691703
14990.08073729
14990.13062804
14990.19346629
14990.25532955
14990.35242793
14990.39987644
14990.46102582
14990.53765297
14990.59449839
14990.65629899
14990.71904923
14990.78088933
14990.87281041
14990.92388705
14990.98732800
14991.04838059
14991.10836506
14991.17100119
14991.23373559
14991.29705390
14991.35545799
14991.41728127
14991.47832045
14991.54003377
14991.61793483
14991.66367130
14991.72465831
14991.78546637
14991.84812615
14991.90806429
14991.97173345
14992.03367132
14992.09365554
14992.15644430
14992.21824685
14992.28000991
14992.34177979
14992.40162333
14992.46455131
14992.52530621
14992.58629225
14992.64850391
14992.72683334
14992.77173940
14992.83360827
14992.89458163
14992.95816643
14993.01794195
14993.08127830
14993.14070981
14993.20361365
14993.26541474
14993.32514198
14993.38805874
14993.44801785
14993.51064424
14993.57261356
14993.63239810
14993.69625743
14993.75705792
14993.83409418
14993.87973704
14993.94164565
14994.00262973
14994.06354945
14994.12512282
14994.22086488
14994.28414346
14994.34359812
14994.40256809
14994.46629577
14994.52713990
14994.58896562
14994.65078573
14994.71262704
14994.77378033
14994.83489241
14994.91527155
14994.95934841
14995.02103516
14995.08089699
14995.14295798
14995.20650230
14995.26635243
14995.32834296
14995.39000483
14995.45193270
14995.51376671
14995.57459963
14995.63557591
14995.69749208
14995.75919637
14995.82091603
14995.88185672
14995.94371023
14996.02347764
14996.06629938
14996.12813655
14996.18911381
14996.25106581
14996.31281448
14996.37351453
14996.43637473
14996.49727177
14996.55903824
14996.62090101
14996.68269771
14996.74459877
14996.80635060
14996.86635287
14996.93007201
14996.99200085
14997.05183903
14997.12955918
14997.17533418
14997.23720670
14997.29722018
14997.35983657
14997.42273870
14997.48354798
14997.54440113
14997.60544836
14997.62642915
14997.68205479
14997.74285553
14997.80372916
14997.86556512
14997.92744423
14997.98928433
14998.05002801
14998.11100795
14998.17383402
14998.23553319
14998.31164103
14998.35649004
14998.42022210
14998.48213851
14998.54318916
14998.60317240
14998.66554181
14998.72660050
14998.78833162
14998.84925792
14998.91312310
14998.97393993
14999.03395048
14999.09567745
14999.15836113
14999.22019538
14999.28303510
14999.34282061
14999.42558250
14999.46750921
14999.52645504
14999.58732185
14999.64618333
14999.70598713
14999.76479424
14999.82484356
14999.88440672
14999.94366073
15000.00315685
15000.06208464
15000.12290025
15000.18266212
15000.24277117
15000.30157194
15000.36141767
15000.44303146
15000.48993798
15000.56868968
15000.61054935
15000.66942326
15000.72931191
15000.79116712
15000.84996131
15000.90809331
15000.96791978
15001.02869053
15001.08739475
15001.16928282
