5895.11345444
5895.19920703
5895.29956648
5895.37918288
5895.47922879
5895.54804322
5895.61885518
5895.71163631
5895.80254937
5895.89518786
5895.98100872
5896.06884027
5896.20044242
5896.29874119
5896.36375463
5896.46620572
5896.54803006
5896.63076600
5896.71453154
5896.79562640
5896.87202038
5896.95091144
5897.04260542
5897.14734491
5897.22519515
5897.30693562
5897.38874581
5897.46770710
5897.55039623
5897.63028130
5897.72192165
5897.81369340
5897.91734110
5898.00804400
5898.07882085
5898.15971822
5898.23965816
5898.32133792
5898.41295875
5898.51669008
5898.59747896
5898.67836147
5898.77097924
5898.86313865
5898.93156250
5899.02344860
5899.11573772
5899.20640818
5899.29836572
5899.38097439
5899.46029481
5899.54198359
5899.62240846
5899.72622464
5899.80686650
5899.89851488
5899.97942689
5900.06006997
5900.13990580
5900.21989742
5900.30484593
5900.39331699
5900.48619442
5900.58970657
5900.65951672
5900.74030852
5900.82006950
5900.90095858
5900.98170504
5901.07442936
5901.16533047
5901.24594673
5901.32771255
5901.43143828
5901.49974900
5901.62409123
5901.71674704
5901.80845930
5901.89917244
5901.98097727
5902.06160328
5902.15325118
5902.24800716
5902.31384176
5902.40707905
5902.49878254
5902.59045458
5902.67039280
5902.75121460
5902.83288168
5902.91277578
5903.00442221
5903.11117019
5903.18985914
5903.28108964
5903.36201042
5903.44282490
5903.52171402
5903.60432415
5903.69510507
5903.78781500
5903.86868214
5903.96242729
5904.03040375
5904.12296325
5904.20369264
5904.28558134
5904.37533216
5904.46779389
5904.55864746
5904.65021369
5904.73201803
5904.82684959
5904.89308257
5904.97307858
5905.06723089
5905.15757222
5905.23829624
5905.31997697
5905.39981841
5905.48166762
5905.60531353
5905.70898318
5905.78883680
5905.86962398
5905.96223955
5906.04322031
5906.12408526
5906.20506845
5906.28591926
5906.37763811
5906.46959955
5906.56221903
5906.63107978
5906.71267932
5906.80259228
5906.88320683
5906.96511114
5907.05679439
5907.14775109
5907.27556761
5907.36515215
5907.43480455
5907.51583943
5907.59651640
5907.68768961
5907.78124312
5907.87311654
5907.95182353
5908.03355791
5908.11434654
5908.20820798
5908.27604035
5908.36863496
5908.45932274
5908.54111807
5908.63293419
5908.72458843
5908.80365748
5908.88557593
5908.96737954
5909.07083171
5909.15047493
5909.27509827
5909.34518807
5909.42608252
5909.50640133
5909.63112293
5909.72188117
5909.81377654
5909.91782507
5909.98763546
5910.06854307
5910.16020560
5910.24001997
5910.32170339
5910.41298557
5910.51630804
5910.60851475
5910.68806824
5910.78065676
5910.85034354
5910.93113729
5911.01199249
5911.10266076
5911.19632935
5911.31926456
5911.38994877
5911.48271380
5911.56154684
5911.65621505
5911.73402556
5911.82687324
5911.91854723
5911.99922249
5912.08020691
5912.17233389
5912.25217972
5912.33312780
5912.42667912
5912.53158049
5912.60829580
5912.69088912
5912.77174358
5912.86190497
5912.94279430
5913.02455110
5913.11724397
5913.20798344
5913.34415139
5913.40304011
5913.48242976
5913.56357192
5913.68759160
5913.77906151
5913.87161443
5913.96431364
5914.04510032
5914.14886286
5914.22681112
5914.31939305
5914.39928959
5914.49191419
5914.58468605
5914.66465500
5914.74554116
5914.82809863
5914.91826392
5915.01224142
5915.07998358
5915.17264645
5915.26527861
5915.38906545
5915.45875077
5915.53958207
5915.62040679
5915.71020564
5915.81919886
5915.89470366
5915.98979707
5916.06740009
5916.14994147
5916.22986142
5916.32171655
5916.40346507
5916.49425329
5916.58585780
5916.67976508
5916.74856171
5916.82828782
5916.91001147
5916.99076865
5917.08159394
5917.17355733
5917.26693749
5917.38957306
5917.46015633
5917.56417608
5917.63284984
5917.71270956
5917.80446400
5917.89941625
5917.98895178
5918.08090664
5918.17358000
5918.26325987
5918.34406313
5918.43870916
5918.52810767
5918.63167272
5918.72341473
5918.80415583
5918.88492739
5918.96393890
5919.04650540
5919.12661941
5919.21936445
5919.32399641
5919.40161504
5919.48365125
5919.56445597
5919.64491815
5919.72589086
5919.81683952
5919.90928418
5920.00196900
5920.08315358
5920.17585108
5920.24264482
5920.33555761
5920.41623506
5920.50908372
5920.60075990
5920.69251337
5920.77329860
5920.86509351
5920.94392314
5921.03859817
5921.10661852
5921.19915388
5921.30947684
5921.39087671
5921.47103314
5921.55181812
5921.63510263
5921.71360068
5921.80447302
5921.91021773
5921.98784465
5922.06958487
5922.15048054
5922.23127697
5922.31197150
5922.39374098
5922.48459796
5922.61025481
5922.67972558
5922.77336345
5922.84220080
5922.93196039
5923.01420823
5923.09501612
5923.18545863
5923.27768875
5923.36937834
5923.45390749
5923.53146712
5923.62536733
5923.69317337
5923.78476446
5923.90542273
5924.00107812
5924.10688793
5924.20370361
5924.30855914
5924.41701257
5924.49981824
5924.59466687
5924.68969348
5924.78571775
5924.88254221
5924.97638634
5925.10397660
5925.20368776
5925.32931779
5925.42514215
5925.52078218
5925.61368984
5925.71124938
5925.80602633
5925.90199404
5926.00885564
5926.09250172
5926.18795694
5926.28313691
5926.37955079
5926.47596443
5926.58168914
5926.67554132
5926.79503907
5926.87900527
5926.97466066
5927.07275756
5927.16450079
5927.26004061
5927.35675146
5927.45217840
5927.54865665
5927.65455154
5927.73734234
5927.84489270
5927.94072509
5928.03867936
5928.13111964
5928.22603093
5928.32268448
5928.43037137
5928.51340914
5928.61886030
5928.71551970
5928.82088236
5928.91662016
5929.01251619
5929.10709346
5929.21581264
5929.29770768
5929.39432588
5929.48923984
5929.58502202
5929.68154293
5929.78641724
5929.88212700
5929.99074744
5930.07410972
5930.16918997
5930.26470225
5930.35910227
5930.45474839
5930.58429522
5930.68013128
5930.78593986
5930.87059190
5930.96537811
5931.06112176
5931.15793354
5931.25143415
5931.34743989
5931.44205885
5931.53789003
5931.64648267
5931.72934686
5931.82452999
5931.92028510
5932.02717376
5932.12281721
5932.21761415
5932.31330343
5932.42095155
5932.50385401
5932.60133529
5932.69624341
5932.79090187
5932.88765074
5932.99242753
5933.09917575
5933.20575916
5933.29060893
5933.38631357
5933.48105614
5933.58684912
5933.68154049
5933.77920951
5933.87504264
5933.98369818
5934.07886230
5934.17062381
5934.29896013
5934.39481398
5934.48997737
5934.59720858
5934.69166126
5934.79919626
5934.88403432
5934.97967313
5935.07355872
5935.16933601
5935.27593551
5935.37170282
5935.46841488
5935.57415007
5935.65786198
5935.75276059
5935.84928858
5935.95723171
5936.05181654
5936.14709378
5936.28523781
5936.38119236
5936.46673211
5936.56184332
5936.65729342
5936.75305121
5936.84686779
5936.94446635
5937.03921379
5937.23229756
5937.31685012
5937.42353642
5937.52035722
5937.61461388
5937.70978214
5937.82644097
5937.94513048
5938.03887929
5938.16748964
5938.26232803
5938.35811264
5938.46485453
5938.56040728
5938.65948331
5938.76288258
5938.84661765
5938.94235520
5939.03706925
5939.13367306
5939.22944523
5939.32506381
5939.42080356
5939.51574435
5939.62420338
5939.70598335
5939.80276124
5939.89755940
5940.00302519
5940.13154923
5940.21625150
5940.31196613
5940.41798903
5940.50342003
5940.59867070
5940.70591898
5940.80164727
5940.89646811
5940.99222273
5941.08607783
5941.19562596
5941.27734546
5941.37432425
5941.46995795
5941.62863072
5941.71432821
5941.80902835
5941.90678441
5942.01344120
5942.09717896
5942.20509405
5942.30889267
5942.40454758
5942.50109336
5942.59582642
5942.69169222
5942.81143231
5942.90819606
5943.00016408
5943.09571537
5943.19112378
5943.28591780
5943.38113043
5943.47728905
5943.59546071
5943.67983505
5943.77555359
5943.87017060
5943.96597715
5944.06598746
5944.16058692
5944.25254592
5944.34713659
5944.46873500
5944.55051521
5944.64912264
5944.74111675
5944.83576082
5944.94717409
5945.03759002
5945.13378423
5945.24873908
5945.32358681
5945.41977274
5945.52743232
5945.65429432
5945.75094665
5945.84479225
5945.94041034
5946.06010166
5946.14388354
5946.23766770
5946.33352131
5946.42928398
5946.52584805
5946.61927575
5946.71713762
5946.81213619
5946.91965461
5947.00509098
5947.11440993
5947.20723860
5947.30995008
5947.40997599
5947.50061111
5947.65288827
5947.71237651
5947.80937334
5947.90582819
5948.00158378
5948.10742967
5948.26608440
5948.36820171
5948.46986676
5948.55389099
5948.65033730
5948.75520380
5948.84997368
5948.95763790
5949.05440823
5949.14915129
5949.26964670
5949.36066533
5949.45815148
5949.55304668
5949.64789725
5949.74259131
5949.83987803
5949.93451161
5950.04237502
5950.12613179
5950.22191835
5950.31646563
5950.42519969
5950.52902951
5950.62576059
5950.72043124
5950.83120866
5950.92740921
5951.01733533
5951.13483700
5951.22987166
5951.32549121
5951.45655648
5951.53758112
5951.64933914
5951.73078582
5951.82567004
5951.92741091
5952.02320284
5952.11883702
5952.21769095
5952.37428500
5952.47121893
5952.56570403
5952.67204242
5952.76771463
5952.86371843
5952.96144620
5953.05479711
5953.17254771
5953.25738553
5953.35123673
5953.44892428
5953.54272428
5953.64253248
5953.73313809
5953.83388763
5953.92509887
5954.03495396
5954.12623712
5954.22347435
5954.31780073
5954.41385622
5954.50880798
5954.60359809
5954.70034453
5954.80893254
5954.90365731
5954.99733224
5955.09325997
5955.19893763
5955.30574705
5955.41229779
5955.50795074
5955.61388148
5955.70048789
5955.79128831
5955.88162012
5955.96045901
5956.06423862
5956.16594389
5956.25683306
5956.34932234
5956.45132531
5956.51901602
5956.61078388
5956.70140461
5956.80500526
5956.90611515
5956.98577129
5957.06727429
5957.15709874
5957.26053896
5957.33110345
5957.47488119
5957.60065531
5957.69029008
5957.78501802
5957.87262137
5957.95341244
5958.04525978
5958.11179508
5958.20645183
5958.30532623
5958.38609439
5958.46778975
5958.54717258
5958.63893361
5958.72916156
5958.81000457
5958.91293059
5959.00278893
5959.08268108
5959.17624532
5959.26505918
5959.35575525
5959.43652463
5959.51741176
5959.59821649
5959.68901032
5959.79259561
5959.87249971
5959.95097288
5960.07447300
5960.16537070
5960.26797051
5960.36084672
5960.43871842
5960.51846331
5960.61408530
5960.69183827
5960.81558000
5960.88533846
5960.96753338
5961.04410022
5961.13578006
5961.22845683
5961.33417886
5961.42115221
5961.48990837
5961.56884649
5961.66073186
5961.74221828
5961.83392664
5961.91283527
5961.99344543
5962.08421611
5962.17518451
5962.28269610
5962.35769866
5962.44842691
5962.52915922
5962.61994135
5962.72261431
5962.81338449
5962.89404269
5962.97386950
5963.09070655
5963.16962761
5963.24919525
5963.33993788
5963.41868535
5963.49884471
5963.59232289
5963.67212141
5963.75087668
5963.83262543
5963.92458858
5963.99223151
5964.08403520
5964.17501360
5964.25573226
5964.33528161
5964.42709555
5964.52109450
5964.61450611
5964.69992956
5964.79352477
5964.87203354
5964.95195739
5965.04362991
5965.12346720
5965.21705509
5965.29491875
5965.37468216
5965.46760226
5965.55927747
5965.66273866
5965.72879341
5965.82241470
5965.89928313
5965.99194137
5966.08368680
5966.18912772
5966.26493777
5966.34482796
5966.43540798
5966.54109051
5966.60862568
5966.69043783
5966.76737184
5966.84858909
5966.94134266
5967.03140580
5967.13292944
5967.22447933
5967.30339795
5967.39898507
5967.47504454
5967.55678744
5967.64744670
5967.73727846
5967.81807587
5967.90965672
5968.00151771
5968.10375961
5968.18511681
5968.27776433
5968.34460927
5968.43637956
5968.53712008
5968.62978028
5968.70860722
5968.78944511
5968.88039425
5968.97181931
5969.05196087
5969.14545953
5969.21145699
5969.29532908
5969.38300654
5969.47562212
5969.56606829
5969.66986813
5969.75929785
5969.86309330
5969.96597788
5970.04465318
5970.13536241
5970.21506439
5970.29492801
5970.38697698
5970.46747280
5970.55920944
5970.63721012
5970.71782126
5970.82279212
5970.90028567
5970.99310824
5971.08392768
5971.17566262
5971.26529860
5971.35716276
5971.44719811
5971.52868696
5971.60846086
5971.70127710
5971.77505597
5971.86499306
5971.96278130
5972.04430014
5972.12339284
5972.20291586
5972.29485804
5972.38547853
5972.47731050
5972.59116455
5972.66986325
5972.75164419
5972.84151886
5972.92226629
5973.01401611
5973.09375685
5973.17344737
5973.26523253
5973.35509965
5973.46166477
5973.52767394
5973.60762582
5973.68782736
5973.78276693
5973.88117273
5973.98494478
5974.06268872
5974.14256283
5974.22434255
5974.32920418
5974.41694991
5974.50860098
5974.58821031
5974.66832091
5974.75980034
5974.85171716
5974.94293815
5975.02276325
5975.10318812
5975.19573446
5975.28471777
5975.42044662
5975.48996883
5975.56881285
5975.65062426
5975.74056867
5975.83233359
5975.92509083
5976.02876705
5976.09448706
5976.17532787
5976.26691433
5976.35653861
5976.44256841
5976.51744809
5976.60930566
5976.70014265
5976.79184200
5976.88374394
5976.96542078
5977.04315765
5977.12317219
5977.21467624
5977.29658445
5977.37546479
5977.46801966
5977.54578238
5977.63870223
5977.74332688
5977.82011777
5977.90127017
5977.99132137
5978.07294944
5978.16290603
5978.25355382
5978.34616087
5978.43693081
5978.51769190
5978.63242414
5978.71018491
5978.84495414
5978.93062846
5979.01851122
5979.09615618
5979.18854696
5979.28279021
5979.38446062
5979.48808638
5979.55179935
5979.63247803
5979.72254238
5979.82701855
5979.91184199
5979.98666656
5980.06545840
5980.15833509
5980.25084900
5980.36253266
5980.44238287
5980.52214849
5980.60181609
5980.69439461
5980.78570068
5980.88903826
5980.97775436
5981.05768015
5981.14929099
5981.25587099
5981.32183285
5981.42441340
5981.50241603
5981.58580733
5981.67564226
5981.75617270
5981.84681635
5981.92637619
5982.00699342
5982.10086170
5982.18559151
5982.28922019
5982.37000273
5982.46201366
5982.54061728
5982.63119486
5982.72207208
5982.81376752
5982.92078735
5982.98534243
5983.06527798
5983.15806812
5983.23693164
5983.31749573
5983.40849753
5983.48912647
5983.57895044
5983.70344481
5983.79432544
5983.89707836
5983.98767325
5984.06842117
5984.15923597
5984.24006678
5984.33173565
5984.40887861
5984.50154417
5984.60655793
5984.68360361
5984.77614921
5984.86710811
5984.94674645
5985.03742326
5985.12833705
5985.23105316
5985.32959476
5985.43352748
5985.50719859
5985.58321246
5985.67727237
5985.77312232
5985.85990184
5985.96365535
5986.06727209
5986.17539467
5986.25682428
5986.34665215
5986.45042882
5986.54210135
5986.64567396
5986.79432397
5986.86413485
5986.96320065
5987.04960860
5987.11749656
5987.19968514
5987.28059837
5987.36328676
5987.47150589
5987.62405466
5987.72782061
5987.85187929
5987.93534715
5988.02618828
5988.11792712
5988.20971204
5988.30333967
5988.38325011
5988.46603335
5988.55658142
5988.67555351
5988.76598944
5988.86871896
5988.97041350
5989.06231033
5989.14481928
5989.22677235
5989.30838336
5989.38953454
5989.48314583
5989.57368196
5989.66878122
5989.75729154
5989.86117745
5989.96667176
5990.07165993
5990.15939347
5990.27701096
5990.35566797
5990.44845738
5990.53445354
5990.61214312
5990.69203916
5990.78474471
5990.87746610
5990.98106090
5991.09778165
5991.18666012
5991.29030978
5991.39842528
5991.47524105
5991.55651560
5991.64933134
5991.75485321
5991.83241820
5991.92716832
5992.00794184
5992.08962550
5992.19154679
5992.29532420
5992.38698746
5992.49165234
5992.58328195
5992.66511336
5992.75802126
5992.82686325
5992.91958391
5993.01229554
5993.09355010
5993.17480270
5993.26755896
5993.35951284
5993.46402729
5993.56876018
5993.64849946
5993.72954605
5993.82122808
5993.92587223
5994.00757393
5994.08728859
5994.16929578
5994.29500481
5994.39808322
5994.48066459
5994.58285943
5994.68666439
5994.78752730
5994.88133048
5994.96719620
5995.05486586
5995.13754499
5995.24129656
5995.32122162
5995.40271706
5995.49356380
5995.59900740
5995.70795991
5995.80372355
5995.89895277
5996.01166481
5996.09644290
5996.19012270
5996.26715838
5996.34786388
5996.42872322
5996.51031008
5996.60238221
5996.68487971
5996.78759630
5996.89620016
5996.98607874
5997.08668394
5997.17909716
5997.28614600
5997.37525609
5997.45590064
5997.53678460
5997.61836366
5997.72598546
5997.80319644
5997.89559234
5997.99845839
5998.10117353
5998.20388061
5998.29864196
5998.39243465
5998.47307748
5998.56499284
5998.63583674
5998.71398785
5998.79880885
5998.89006763
5998.98226702
5999.08461156
5999.17726518
5999.27098424
5999.38469834
5999.47757382
5999.60208891
5999.68503843
5999.77486263
5999.85567809
5999.94926890
6000.03099669
6000.11099733
6000.22834127
6000.31817937
6000.40987725
6000.51431099
6000.61658508
6000.71013761
6000.79111032
6000.87374191
6000.96657058
6001.07032507
6001.13810990
6001.22082024
6001.31259224
6001.41537393
6001.51908307
6001.62175213
6001.71610265
6001.80683334
6001.91028453
6001.99159077
6002.08388526
6002.16499450
6002.26113824
6002.33926863
6002.42301052
6002.52338655
6002.61697810
6002.73364448
6002.81242852
6002.91614278
6002.99703040
6003.08883483
6003.18159108
6003.26284978
6003.34305645
6003.42692098
6003.50766695
6003.61516806
6003.69226103
6003.79507442
6003.89842882
6004.00215210
6004.10490820
6004.18763024
6004.26931317
6004.35013033
6004.44491069
6004.51267357
6004.59451863
6004.67487451
6004.77780468
6004.88245566
6004.98569742
6005.07836883
6005.18117417
6005.27411280
6005.35899279
6005.45948171
6005.54025084
6005.62229655
6005.70662798
6005.78330428
6005.88597651
6005.99072525
6006.10553503
6006.19625377
6006.30345792
6006.42526625
6006.49501227
6006.59884527
6006.68056453
6006.77128546
6006.87921641
6006.98898909
6007.08255186
6007.18625394
6007.29287977
6007.38115749
6007.48310682
6007.57490369
6007.68949501
6007.78304828
6007.86391957
6007.96307582
6008.04835688
6008.12911163
6008.25476970
6008.34568910
6008.46525438
6008.55652462
6008.65593516
6008.74946843
6008.88576269
6008.97061270
6009.04767105
6009.13003469
6009.23337715
6009.30219914
6009.39404769
6009.48773530
6009.59135667
6009.69423710
6009.81874927
6009.88990330
6010.00454924
6010.07760278
6010.16101041
6010.23690019
6010.33086257
6010.41171021
6010.49250786
6010.57356469
6010.67811351
6010.78070942
6010.89636302
6010.98618821
6011.09080822
6011.21950708
6011.28550868
6011.38814044
6011.48225959
6011.56702987
6011.64384831
6011.73962293
6011.80692282
6011.91016433
6012.00290206
6012.12656017
6012.19958226
6012.29117067
6012.37402949
6012.46664775
6012.55944057
6012.62634232
6012.72723498
6012.80783393
6012.88966510
6012.99410737
6013.14020129
6013.24388703
6013.34856922
6013.42856084
6013.55225478
6013.62405027
6013.71763865
6013.79948103
6013.89131983
6013.97406162
6014.05176973
6014.15845481
6014.25392832
6014.35185089
6014.48684198
6014.55868282
6014.65137690
6014.73215798
6014.81402766
6014.89572571
6014.99943875
6015.07923801
6015.17309531
6015.26475905
6015.36664792
6015.47228486
6015.56658199
6015.66990177
6015.77366260
6015.83874480
6015.92035873
6016.00974579
6016.10190447
6016.18268603
6016.26068354
6016.34225895
6016.43215191
6016.53470491
6016.62954671
6016.70425888
6016.79594726
6016.88891831
6016.98865458
6017.08437751
6017.16142977
6017.25099456
6017.34092799
6017.44446793
6017.51236052
6017.60212914
6017.69395234
6017.78367731
6017.87956627
6017.95509009
6018.03593870
6018.12666866
6018.21646093
6018.32134109
6018.40983288
6018.49992893
6018.59236238
6018.69514408
6018.77337442
6018.85309663
6018.93385552
6019.01291214
6019.12834461
6019.20810632
6019.28508689
6019.36581482
6019.45800422
6019.56081200
6019.64549598
6019.72922520
6019.80808140
6019.90084278
6020.04935772
6020.11529276
6020.19440107
6020.27489030
6020.36557833
6020.45734228
6020.54734764
6020.63785987
6020.71858463
6020.80840810
6020.91206556
6020.97920843
6021.05875511
6021.15043836
6021.23150689
6021.32112142
6021.41579548
6021.50665807
6021.58420916
6021.67529654
6021.78882047
6021.85467798
6021.93562436
6022.02710940
6022.10692596
6022.18880979
6022.26643110
6022.34649026
6022.43722411
6022.53907177
6022.64440786
6022.70921236
6022.79296279
6022.88086919
6022.97749031
6023.05323087
6023.15310100
6023.23582694
6023.32549999
6023.42728109
6023.52989357
6023.60180999
6023.68864168
6023.78045440
6023.88214309
6023.96177778
6024.04113525
6024.12147138
6024.21214038
6024.36871128
6024.42663133
6024.50729002
6024.58522414
6024.67778656
6024.76891052
6024.85237691
6024.92815453
6025.00814372
6025.09825537
6025.17910935
6025.29377089
6025.36076383
6025.44107947
6025.51992129
6025.62337711
6025.70216968
6025.78303463
6025.86280122
6025.94252002
6026.02730176
6026.13611529
6026.20493802
6026.29379405
6026.37452344
6026.47126525
6026.55610600
6026.64687057
6026.73927453
6026.83021513
6026.94456216
6027.01290824
6027.09165473
6027.18235689
6027.26211080
6027.34199368
6027.42170322
6027.50253135
6027.59238311
6027.69517967
6027.80890255
6027.88075436
6027.97308273
6028.05898916
6028.14922541
6028.22726777
6028.31992846
6028.39971309
6028.48962531
6028.63803395
6028.69391259
6028.77380109
6028.85365227
6028.94519972
6029.03607914
6029.12682665
6029.20741341
6029.28738016
6029.37818278
6029.46382956
6029.48265431
6029.56796463
6029.64821396
6029.75003578
6029.82972288
6029.90851789
6030.00045007
6030.09212162
6030.18289595
6030.27180587
6030.35248870
6030.46817155
6030.54694535
6030.65100655
6030.72637921
6030.80623479
6030.89722733
6030.98803994
6031.07946061
6031.15953147
6031.23897013
6031.33366516
6031.40946960
6031.50134741
6031.58007269
6031.70457389
6031.79646925
6031.88913847
6031.96830675
6032.05641844
6032.16099627
6032.23974106
6032.36202091
6032.43188786
6032.51035470
6032.59141104
6032.67200024
6032.76372250
6032.85460825
6032.93555585
6033.02705527
6033.10488577
6033.19562840
6033.27556663
6033.35491679
6033.44657249
6033.53640840
6033.62708643
6033.72790668
6033.80943673
6033.90506775
6033.98010468
6034.08286662
6034.17246945
6034.25319152
6034.34305620
6034.42487932
6034.50449889
6034.58247762
6034.66321116
6034.75781622
6034.84562266
6034.92639520
6035.01621770
6035.09608791
6035.17770672
6035.26709572
6035.35794807
6035.43762152
6035.51843454
6035.62316402
6035.70096502
6035.79494715
6035.88142629
6035.97141239
6036.06396823
6036.15476012
6036.25652537
6036.33534647
6036.43003564
6036.50678728
6036.64645073
6036.71036850
6036.80097046
6036.88104741
6036.97276065
6037.06423716
6037.14407152
6037.23683095
6037.30369539
6037.39353740
6037.49724044
6037.60889314
6037.68761939
6037.76764344
6037.86020904
6037.94098426
6038.02216519
6038.12750078
6038.19972976
6038.29241434
6038.38324865
6038.47293534
6038.55476383
6038.64473529
6038.73450927
6038.82904900
6038.93080352
6039.02579843
6039.12049541
6039.21129047
6039.30382315
6039.39323385
6039.47304164
6039.56670633
6039.66106100
6039.75947193
6039.83904859
6039.91780166
6039.99869855
6040.10255836
6040.18036131
6040.25890227
6040.33968310
6040.43060957
6040.52144437
6040.62490677
6040.69640384
6040.78224981
6040.87414761
6040.99848058
6041.06792404
6041.14581939
6041.22555843
6041.31820765
6041.43099747
6041.52171085
6041.61061858
6041.69222007
6041.79497421
6041.88391510
6041.97519095
6042.05493291
6042.14583426
6042.24956779
6042.32497409
6042.40401217
6042.48477813
6042.56347318
6042.64431765
6042.73697809
6042.83678287
6042.91850359
6043.00831146
6043.10304184
6043.23244458
6043.30189389
6043.39573192
6043.48463892
6043.57620953
6043.65595881
6043.74586372
6043.82472553
6043.93004210
6044.01963420
6044.11974399
6044.21022502
6044.34386370
6044.44676754
6044.54830239
6044.64194002
6044.74375013
6044.83162118
6044.92327493
6045.02492901
6045.11700065
6045.19529243
6045.27551567
6045.38426972
6045.47600588
6045.58066124
6045.65944406
6045.74838178
6045.87494633
6045.96482661
6046.05660056
6046.18016992
6046.26455377
6046.36622783
6046.43304449
6046.52476602
6046.61626764
6046.69608323
6046.78882876
6046.88237008
6046.96011402
6047.04103359
6047.13185205
6047.24041251
6047.32617656
6047.41860562
6047.51028717
6047.58925089
6047.68046310
6047.77320351
6047.87588817
6047.95569011
6048.04852341
6048.11542759
6048.19812452
6048.28804503
6048.38058869
6048.47225609
6048.55318540
6048.64345066
6048.72491879
6048.81468839
6048.92125912
6048.99828090
6049.13477312
6049.20272545
6049.28436766
6049.36517580
6049.46087532
6049.54967138
6049.62736145
6049.72016012
6049.78910597
6049.86907492
6049.96152446
6050.05239680
6050.15694611
6050.23612707
6050.31473873
6050.42075285
6050.49873768
6050.60949266
6050.68296678
6050.76384879
6050.84351981
6050.92431917
6051.04807480
6051.14084349
6051.23053165
6051.35549364
6051.45303514
6051.51510874
6051.59498601
6051.67568615
6051.76958270
6051.87285591
6051.97381001
6052.06528554
6052.14727274
6052.28317080
6052.36066898
6052.45225374
6052.53627894
6052.63488442
6052.71490213
6052.79640099
6052.87637895
6052.97003731
6053.05974668
6053.15294862
6053.24374343
6053.32365484
6053.40449906
6053.49608016
6053.58580294
6053.67862649
6053.75939025
6053.84929248
6053.93019668
6054.03500857
6054.11292099
6054.19453516
6054.27456555
6054.36628367
6054.44603538
6054.52778584
6054.62967495
6054.72124191
6054.80206736
6054.90583940
6054.97351354
6055.05456890
6055.14710329
6055.23778814
6055.32880482
6055.42136725
6055.50217368
6055.58193539
6055.67463850
6055.77841932
6055.85623031
6055.95909734
6056.04006103
6056.11936706
6056.19937063
6056.29145714
6056.38430653
6056.50783444
6056.60168077
6056.67757079
6056.75838283
6056.84104417
6056.93172487
6057.03448170
6057.12519922
6057.20708890
6057.28596436
6057.37868868
6057.48220692
6057.56176603
6057.69647869
6057.76531847
6057.85600089
6057.95867287
6058.04050647
6058.13225433
6058.21104714
6058.30475255
6058.38367678
6058.47542829
6058.55617548
6058.64790042
6058.73819543
6058.84479883
6058.93322942
6059.01393711
6059.11087543
6059.17454987
6059.26636088
6059.35751190
6059.43806599
6059.51781965
6059.59954476
6059.67938351
6059.77203371
6059.86280219
6059.97845506
6060.05627800
6060.14805537
6060.23307994
6060.32059064
6060.41124356
6060.50330666
6060.58395608
6060.67560910
6060.75533814
6060.84928273
6060.92789683
6061.01982413
6061.12573487
6061.21512949
6061.29294657
6061.37883033
6061.47552655
6061.57415495
6061.68303919
6061.75069455
6061.84240389
6061.93253237
6062.01321251
6062.10575373
6062.19749232
6062.30033351
6062.39112295
6062.48371756
6062.55148849
6062.64336825
6062.73464264
6062.86942576
6062.95098288
6063.02961210
6063.11070013
6063.19047891
6063.29617558
6063.38515450
6063.48807346
6063.56948917
6063.64949591
6063.73009950
6063.82186467
6063.91361472
6064.00351817
6064.09623176
6064.16489844
6064.26662810
6064.34778635
6064.43955201
6064.52069099
6064.61264804
6064.69233344
6064.77304723
6064.85299497
6064.95851561
6065.03738157
6065.13315911
6065.20997926
6065.28887862
6065.38034463
6065.47215662
6065.57401305
6065.65770399
6065.73563080
6065.84165076
6065.90749828
6065.98922948
6066.08415174
6066.17095881
6066.26268326
6066.34455880
6066.42511874
6066.50491702
6066.59585593
6066.70054323
6066.80210100
6066.90331427
6066.98514348
6067.07440961
6067.15530089
6067.24754734
6067.34054058
6067.44104387
6067.53601514
6067.60161372
6067.68340466
6067.77323545
6067.86597683
6067.98859314
6068.08046632
6068.17214153
6068.19416335
6068.28285921
6068.37521367
6068.45527600
6068.53419949
6068.61595727
6068.71784954
6068.81130724
6068.90118240
6068.99293758
6069.07269783
6069.15359300
6069.25015122
6069.32494483
6069.41771279
6069.49840268
6069.60315094
6069.69098713
6069.77165142
6069.86718930
6069.95489846
6070.06030207
6070.13729655
6070.21912235
6070.30376463
6070.37956225
6070.47138447
6070.56301994
6070.64487109
6070.73558935
6070.81444506
6070.95105602
6071.04178525
6071.14345444
6071.27207065
6071.33747614
6071.41853418
6071.49809817
6071.57988203
6071.67005586
6071.78547297
6071.85324901
6071.93483003
6072.02493291
6072.10259494
6072.19425137
6072.28689011
6072.38861245
6072.47950113
6072.57121022
6072.66353079
6072.73134073
6072.82321001
6072.92537608
6073.00761977
6073.08843693
6073.16634472
6073.24793402
6073.34179717
6073.43154092
6073.54044540
6073.61408823
6073.69407156
6073.78572312
6073.88757199
6073.98122839
6074.07174989
6074.16317593
6074.25733653
6074.34813548
6074.41607976
6074.50703182
6074.59867192
6074.70516976
6074.79400117
6074.86691550
6074.94858380
6075.02753143
6075.11354977
6075.21526236
6075.29886041
6075.38565529
6075.51215962
6075.59389911
6075.67428083
6075.75473569
6075.85143556
6075.92823182
6076.03595260
6076.11286906
6076.20550585
6076.29637039
6076.38816920
6076.47074886
6076.56179260
6076.64333095
6076.72593645
6076.80444620
6076.90913692
6077.02183970
6077.09203068
6077.21772800
6077.29867487
6077.37919142
6077.46429011
6077.54087669
6077.62284317
6077.72730690
6077.80630793
6077.89966225
6078.00241786
6078.09422813
6078.17437750
6078.25609602
6078.33614567
6078.41851297
6078.50024881
6078.60662791
6078.67472749
6078.74713908
6078.83693281
6078.93160273
6079.03288231
6079.11514502
6079.19512372
6079.28671457
6079.36847137
6079.46238864
6079.53019419
6079.63477105
6079.72664594
6079.81913839
6079.92267833
6080.01283753
6080.10659609
6080.18640169
6080.28013342
6080.34812573
6080.43977168
6080.54444777
6080.64725750
6080.72810879
6080.82077435
6080.90254725
6080.99339691
6081.08697237
6081.19867846
6081.27965848
6081.37142048
6081.46609284
6081.55579026
6081.64951834
6081.72971842
6081.82067317
6081.91436297
6081.99408299
6082.08693238
6082.17771501
6082.27128924
6082.36226374
6082.45590868
6082.54665254
6082.62833010
6082.72110415
6082.78903014
6082.91459411
6082.99552293
6083.08890992
6083.18025842
6083.27532624
6083.36470281
6083.45247658
6083.55021751
6083.61802843
6083.71074031
6083.80250499
6083.89540339
