15021.88356704
15021.99679098
15022.06866433
15022.13824489
15022.20747023
15022.22909833
15022.28559900
15022.34273235
15022.45946105
15022.47844772
15022.53207705
15022.59206980
15022.70695067
15022.77577055
15022.79761466
15022.85433476
15022.91125210
15022.97212599
15023.10493319
15023.14778662
15023.21066828
15023.26849088
15023.32609503
15023.38990731
15023.44680880
15023.55941444
15023.62439529
15023.68258654
15023.74213336
15023.80186548
15023.86062773
15023.97441097
15024.04743339
15024.06405560
15024.12106827
15024.19178181
15024.31757048
15024.37563470
15024.39428271
15024.45130733
15024.51104799
15024.62476515
15024.69641322
15024.76552640
15024.78522890
15024.84103227
15024.90091872
15024.96171483
15025.02163907
15025.08241080
15025.14154876
15025.25515816
15025.27493989
15025.35167285
15025.40055691
15025.45979239
15025.57241729
15025.65587696
15025.71284452
15025.78473518
15025.80448302
15025.86143913
15025.92014920
15025.98107233
15026.03901562
15026.09980612
15026.21256121
15026.28274155
15026.30238529
15026.36018717
15026.41913178
15026.47988084
15026.53976778
15026.65259260
15026.72227824
15026.74219822
15026.79905948
15026.85830033
15026.93471536
15026.97579142
15027.03571932
15027.09563186
15027.15630094
15027.22420166
15027.24399582
15027.29980334
15027.41347955
15027.43148293
15027.48849463
15027.54832232
15027.60909624
15027.66713218
15027.72703546
15027.78659594
15027.84764926
15027.90729386
15028.02107124
15028.09095754
15028.11308619
15028.16769319
15028.28052995
15028.36208766
15028.42110615
15028.44008478
15028.49702894
15028.61045475
15028.68150305
15028.75110043
15028.82312641
15028.84194680
15028.89878320
15028.95882764
15029.01858341
15029.13038106
15029.20101513
15029.27174403
15029.29069925
15029.34897949
15029.40863895
15029.46822820
15029.52613102
15029.60288202
15029.64683869
15029.75949016
15029.82936647
15029.89929666
15029.91808511
15029.97685857
15030.03679866
15030.09658906
15030.15736590
15030.21530870
15030.27510470
15030.33500944
15030.44958799
15030.51855732
15030.53751620
15030.59520714
15030.65406106
15030.71194706
15030.77383177
15030.85356774
15030.89344401
15031.00621714
15031.07589304
15031.14778589
15031.16672258
15031.22268931
15031.33730540
15031.35522613
15031.41209739
15031.47117488
15031.53277386
15031.59173115
15031.70532178
15031.77519857
15031.79406504
15031.85394345
15031.91184188
15031.97120146
15032.03052788
15032.15609492
15032.21403602
15032.28580429
15032.30477608
15032.36262916
15032.47531818
15032.54521570
15032.56500792
15032.62088297
15032.68074090
15032.79545866
15032.81455285
15032.87027406
15032.93008932
15032.99186578
15033.10459942
15033.17448987
15033.19341388
15033.25130840
15033.31017451
15033.36983569
15033.42975749
15033.51653687
15033.56042844
15033.61935160
15033.68011358
15033.79273799
15033.81170003
15033.86864760
15033.92848456
15033.98735140
15034.04751653
15034.16014606
15034.18073627
15034.23583552
15034.29647315
15034.42116930
15034.49124772
15034.56302038
15034.58088991
15034.63773216
15034.69874014
15034.82323003
15034.88221902
15034.95114178
15034.97106785
15035.02872710
15035.14079660
15035.21239981
15035.22938846
15035.28835429
15035.34801181
15035.40737626
15035.46890209
15035.52854254
15035.58654435
15035.69932162
15035.76919817
15035.78884654
15035.84584653
15035.86502557
15035.92049273
15035.98164114
15036.04027783
15036.09906348
15036.17586227
15036.27080342
15036.29383342
15036.34749200
15036.40734213
15036.47649676
15036.59101630
15036.60897190
15036.66673867
15036.72679969
15036.78651426
15036.85721952
15036.91705038
15037.02973940
15037.04877825
15037.10560806
15037.16882593
15037.22433088
15037.33919175
15037.40898029
15037.49170267
15037.52659109
15037.55864376
15037.61485868
15037.68653723
15037.79897488
15037.81959922
15037.87465190
15037.93533269
15038.05134800
15038.06794387
15038.12579622
15038.18486518
15038.24547550
15038.30430114
15038.43730340
15038.50920625
15038.57968159
15038.65069527
15038.67040703
15038.72634938
15038.80331396
15038.90096334
15038.96981223
15039.04146542
15039.11144681
15039.13023307
15039.18736472
15039.24712878
15039.30677800
15039.36658327
15039.50321487
15039.57197234
15039.59096534
15039.64899007
15039.70871390
15039.76757513
15039.88121672
15039.95118274
15040.03296208
15040.06893349
15040.10271575
15040.15748586
15040.21741327
15040.34018649
15040.41189162
15040.43273416
15040.48880792
15040.54753018
15040.60839602
15040.72132617
15040.79109276
15040.86096004
15040.93165214
15041.00240664
15041.02227542
15041.08359815
15041.13905068
15041.19802212
15041.30857756
15041.34248635
15041.37649096
15041.41560557
15041.47121341
15041.53105841
15041.64383081
15041.71366689
15041.78450234
15041.85645615
15041.87538747
15041.93206613
15042.00279430
15042.11569348
15042.18743713
15042.20628361
15042.26312975
15042.32114204
15042.43462320
15042.49856030
15042.57731103
15042.61835101
15042.67809191
15042.73709479
15042.79775437
15042.85676311
15042.92665258
15042.98648369
15043.04712107
15043.10514775
15043.21963291
15043.29043642
15043.30846833
15043.36630411
15043.42627906
15043.53983994
15043.60992227
15043.68162544
15043.70130550
15043.75630723
15043.83298217
15043.87499128
15043.98963639
15044.06043527
15044.07937634
15044.19012976
15044.26085940
15044.27983924
15044.33665272
15044.39647920
15044.45479917
15044.51445474
15044.57520988
15044.64503182
15044.70520426
15044.81850012
15044.88846517
15044.96722614
15044.98529268
15045.04392132
15045.12094246
15045.16269509
15045.27551699
15045.34540329
15045.41629482
15045.43685893
15045.49176801
15045.55366102
15045.66749180
15045.68645774
15045.74315102
15045.80304504
15045.86186116
15045.92072703
15046.03538993
15046.10516847
15046.12317112
15046.18113660
15046.24100574
15046.30169847
15046.42431615
15046.49629531
15046.56609970
15046.58494739
15046.69566082
15046.76756733
15046.83642232
15046.90642321
15046.97746615
15046.99724056
15047.05493078
15047.11376056
15047.17253110
15047.23245047
15047.29319367
15047.35198322
15047.41107973
15047.47090596
15047.52963334
15047.59034680
15047.70313749
15047.73411276
15047.78001454
15047.83994756
15047.90067979
15048.01353728
15048.03233110
15048.11126395
15048.21304542
15048.30505915
15048.32659241
15048.38237457
15048.44035126
15048.50210530
15048.56005054
15048.62093441
15048.68062241
15048.73960652
15048.80036703
15048.86041952
15048.91716936
15048.97787355
15049.09070593
15049.16153309
15049.18041590
15049.23922667
15049.29708511
15049.35705275
15049.41772013
15049.47691562
15049.53574272
15049.59619360
15049.70979008
15049.77976220
15049.79868986
15049.85557624
15049.91554681
15049.97538596
15050.03599629
15050.09503672
15050.15489514
15050.21308614
15050.27295211
15050.33169217
15050.40924214
15050.45127612
15050.51199811
15050.57096565
15050.63261484
15050.74521341
15050.76422348
15050.81998639
15050.88091829
15050.93884427
15051.05248610
15051.12431825
15051.14322397
15051.19922898
15051.25797781
15051.31987984
15051.43344243
15051.50349306
15051.52245486
15051.57923713
15051.63889733
15051.71566857
15051.75787151
15051.87230694
15051.89117024
15051.94807637
15052.00713460
15052.06675823
15052.12686776
15052.24273484
15052.25925611
15052.31709578
15052.37489547
15052.48979876
15052.50880055
15052.56447154
15052.62435653
15052.68760731
15052.74413553
15052.85824279
15052.87792041
15052.93563696
15052.99447771
15053.05361299
15053.16393291
15053.24893443
15053.26777871
15053.32360135
15053.38423654
15053.49809122
15053.56878501
15053.63965558
15053.65848304
15053.71544402
15053.83056772
15053.90132979
15053.96981808
15053.98870406
15054.04573233
15054.10579140
15054.16423231
15054.22405245
15054.33793662
15054.40855947
15054.48744161
15054.53040378
15054.59107433
15054.65092713
15054.70891577
15054.76890682
15054.82874110
15054.89931543
15054.95914995
15055.01904933
15055.13275089
15055.20350637
15055.27342242
15055.29218088
15055.34836435
15055.43085415
15055.47901117
15055.53960662
15055.59862145
15055.67633136
15055.77102114
15055.78986591
15055.84882857
15055.96388620
15056.03237425
15056.05119757
15056.10804347
15056.22082782
15056.29400482
15056.30971152
15056.36753169
15056.42751786
15056.54023735
15056.56019585
15056.61776757
15056.67761282
15056.79138679
15056.81025448
15056.86622657
15056.92690516
15056.98491453
15057.04460886
15057.12152858
15057.16370373
15057.22451471
15057.33712571
15057.40804479
15057.47955072
15057.54863415
15057.62036414
15057.63943030
15057.69526317
15057.75517522
15057.86955506
15057.93862192
15058.00937838
15058.08102694
15058.09915223
15058.15701018
15058.21581973
15058.29447586
15058.33738000
15058.40617965
15058.51911613
15058.58196390
15058.64160166
15058.70238460
15058.76047662
15058.82229794
15058.88103557
15058.99395620
15059.01351266
15059.07042000
15059.13023941
15059.19017803
15059.24914557
15059.37366228
15059.41066355
15059.47045735
15059.54931292
15059.59204298
15059.64992995
15059.76359153
15059.78249750
15059.83935876
15059.89925180
15059.95901147
15060.01831229
15060.08784604
15060.20243142
15060.22142418
15060.28038635
15060.33903352
15060.39953559
15060.46101558
15060.51772788
15060.63230569
15060.65036637
15060.70628995
15060.76694537
15060.82670553
15060.93880526
15061.03239254
15061.10246096
15061.12198377
15061.17991219
15061.24297499
15061.29768951
15061.41151615
15061.43118597
15061.48701543
15061.54697479
15061.60768093
15061.66566518
15061.72963739
15061.84011603
15061.85925898
15061.91582987
15061.97581799
15062.03566227
15062.09456934
15062.20821921
15062.23929835
15062.28395426
15062.34281403
15062.40266099
15062.46449889
15062.57724911
15062.64910466
15062.66798503
15062.72392542
15062.80377281
15062.85268442
15062.91343371
15063.02525331
15063.09589810
15063.16686692
15063.18694024
15063.24447247
15063.30439379
15063.36220615
15063.47600816
15063.54577086
15063.61768053
15063.68851477
15063.70821214
15063.76333675
15063.82306229
15063.89304928
15064.00775558
15064.07845060
15064.09652932
15064.15435802
15064.21322243
15064.27213413
15064.38679264
15064.45664676
15064.47742543
15064.53239010
15064.59339198
15064.65380726
15064.76633756
15064.83055748
15064.89025425
15064.94913084
15065.00809643
15065.09079565
15065.13867790
15065.19657243
15065.25741510
15065.31690878
15065.44198162
15065.51123645
15065.52977305
15065.58775486
15065.64871188
15065.70750509
15065.76732157
15065.78704406
15065.83903766
15065.89987156
15065.95967317
15066.03542480
15066.07845206
15066.13914479
15066.19794922
15066.25775497
15066.37165816
15066.39149329
15066.46848030
15066.51627356
15066.57602933
15066.63687883
15066.69485113
15066.80943260
15066.82839294
15066.88532661
15066.94602666
15067.06882354
15067.13957487
15067.21045933
15067.29312930
15067.33401568
15067.39204454
15067.45272752
15067.56636594
15067.58525581
15067.64316643
15067.70207472
15067.76204236
15067.87562348
15067.89464185
15067.95062661
15068.01029169
15068.07343690
15068.13106495
15068.18886561
15068.24779316
15068.30876017
15068.42324363
15068.44219666
15068.49822043
15068.55917745
15068.61874842
15068.70569871
15068.80247598
15068.82321637
15068.87718264
15068.93798168
15068.99774305
15069.11238865
15069.18330675
15069.20314748
15069.25717885
15069.31810637
15069.37680279
15069.43662902
15069.56037383
15069.58032745
15069.63697318
15069.69608578
15069.80977954
15069.83072961
15069.88731732
15069.94639213
15070.00713899
15070.08501566
15070.17966984
15070.19878134
15070.25455107
15070.31441070
15070.37513708
15070.48783000
15070.55975358
15070.58156210
15070.63445073
15070.69357138
15070.75418024
15070.86783742
15070.93700863
15070.95771440
15071.01442889
15071.07427707
15071.19697252
15071.26795596
15071.28875633
15071.34483034
15071.42250879
15071.46530444
15071.57714378
15071.64904127
15071.67366969
15071.72360725
15071.78347591
15071.84248099
15071.90305425
15071.98090581
15072.04175141
15072.17539074
15072.23640993
15072.29532164
15072.35586613
15072.41383307
15072.47370246
15072.53367936
15072.61017754
15072.65306096
15072.71210895
15072.77197663
15072.83174703
15072.90244790
15072.96143908
15073.02120777
15073.13399407
15073.15597570
15073.20967207
15073.29241860
15073.33935901
15073.39815977
15073.51300992
15073.53384979
15073.58775340
15073.64743749
15073.71924403
15073.78212154
15073.83718105
15073.89785306
15073.95888981
15074.06948792
15074.10019695
15074.14522882
15074.20418465
15074.26387532
15074.37666114
15074.39851159
15074.45255198
15074.57720985
15074.59914906
15074.65505093
15074.71365397
15074.82645465
15074.84829584
15074.90323248
15074.96107020
15075.02108075
15075.07988274
15075.13959926
15075.25244261
15075.32326806
15075.40696593
15075.44005357
15075.47277866
15075.58363033
15075.65357271
15075.72607168
15075.79504881
15075.81589063
15075.87065854
15075.92866669
15075.98927262
15076.04832769
15076.16101939
15076.18509802
15076.24977118
15076.30759184
15076.36843232
15076.48219069
15076.55133508
15076.57297098
15076.62715936
15076.68679079
15076.76354423
15076.80532148
15076.95113008
15077.02198016
15077.09198154
15077.11357502
15077.16939522
15077.18937054
15077.24025262
15077.30034119
15077.36323137
15077.49567799
15077.51581349
15077.54932243
15077.60841626
15077.66718265
15077.72702522
15077.78688948
15077.84582800
15077.91860833
15078.04227048
15078.07434338
15078.11006197
15078.16587388
15078.22462784
15078.28464546
15078.39818708
15078.46701257
15078.53887958
15078.55971018
15078.61261588
15078.67349585
15078.78613757
15078.85807651
15078.92881078
15078.94999490
15079.00455607
15079.06255909
15079.12232462
15079.18313560
15079.29501444
15079.37856504
15079.41739903
15079.44162151
15079.49146984
15079.55206529
15079.61307863
15079.71565248
15079.77352896
15079.83449305
15079.89334185
15079.95210020
15080.01212002
15080.07261014
15080.13055270
15080.20241337
15080.26036495
15080.37400824
15080.44390210
15080.46479024
15080.52162859
15080.60838359
15080.65140134
15080.78584647
15080.85698522
15080.87857358
15080.93144587
15080.99229708
15081.10417056
15081.17504941
15081.19501253
15081.25079689
15081.30866021
15081.42437125
15081.49423683
15081.51421556
15081.57012914
15081.62989734
15081.68968505
15081.74773781
15081.80842786
15081.91487268
15081.95005415
15081.98594511
15082.04502017
15082.10485298
15082.16457925
15082.18454091
15082.24738185
15082.30734779
15082.42017431
15082.49082325
15082.56160312
15082.58239398
15082.63820783
15082.70007353
15082.82078657
15082.89157009
15082.96250624
15082.98244327
15083.03823348
15083.06509325
15083.12292780
15083.22766034
15083.28686754
15083.36451259
15083.40438765
15083.46422948
15083.57876755
15083.64871286
15083.66945178
15083.72339879
15083.78322112
15083.85305257
15083.92189756
15083.99166830
15084.06273829
15084.08246858
15084.13829926
15084.19720901
15084.25801731
15084.37065367
15084.43244354
15084.49148983
15084.51329908
15084.56840150
15084.62910374
15084.69991067
15084.75859904
15084.81851573
15084.87743645
15084.93729340
15085.04091661
15085.09973030
15085.15952922
15085.21768902
15085.33209494
15085.35299210
15085.40893323
15085.46776789
15085.58148335
15085.65149472
15085.67318890
15085.72707008
15085.75101047
15085.79895464
15085.91373238
15085.98262735
15086.06511787
15086.12316357
15086.14497818
15086.19989872
15086.26289448
15086.31948097
15086.37849629
15086.50302933
15086.57199940
15086.59380134
15086.64868043
15086.70770916
15086.76731816
15086.82618768
15086.90709369
15086.96692675
15087.07962479
15087.15134697
15087.17613265
15087.22805921
15087.30591467
15087.36881681
15087.42676424
15087.56215144
15087.63223986
15087.65396695
15087.79570198
15087.86533326
15087.93537828
15087.95744646
15088.01214513
15088.07282079
15088.13181588
15088.19068053
15088.25955282
15088.32134831
15088.38002912
15088.40403315
15088.45194758
15088.51182476
15088.61960102
15088.65961529
15088.68769727
15088.75030220
15088.86287590
15088.93381790
15088.95385124
15089.01186450
15089.06946207
15089.18214329
15089.25200009
15089.27319933
15089.32768418
15089.38563113
15089.44739906
15089.56009930
15089.63090598
15089.65097395
15089.70696749
15089.76645629
15089.89126655
15089.91418855
15089.96615314
15090.04594591
15090.08479014
15090.23063725
15090.30109480
15090.37113958
15090.39296980
15090.44689950
15090.50667989
15090.56766398
15090.59250866
15090.65021472
15090.71012604
15090.82298963
15090.84281793
15090.95267657
15090.97376780
15091.02836090
15091.08744327
15091.14814892
15091.20703917
15091.26594624
15091.32660703
15091.38637817
15091.44550930
15091.55826073
15091.57989737
15091.68777602
15091.75852785
15091.78136281
15091.88716908
15091.91808072
15091.96298240
15092.08753543
15092.15667592
15092.17833645
15092.23423905
15092.29408065
15092.40792995
15092.42866913
15092.48362209
15092.54171435
15092.60041053
15092.66114812
15092.71998473
15092.78076986
15092.84972944
15092.90838539
15093.02318678
15093.09393129
15093.11489330
15093.16985895
15093.23051706
15093.30739045
15093.37214359
15093.40639444
15093.46596199
15093.57977863
15093.65055630
15093.67440136
15093.72622698
15093.78611466
15093.89979720
15093.96980077
15093.99145935
15094.04533468
15094.10616882
15094.21897633
15094.23897018
15094.25981687
15094.30762256
15094.36761702
15094.49208643
15094.56020609
15094.58197682
15094.63687883
15094.69676162
15094.77750915
15094.86946558
15094.89109783
15094.94513822
15095.00512731
15095.06411923
15095.12380698
15095.18362955
15095.20345225
15095.25825210
15095.37422353
15095.43209904
15095.49264622
15095.55178661
15095.61051131
15095.67048139
15095.78312799
15095.80483777
15095.85886426
15095.91857858
15095.97842188
15096.03723533
15096.16125978
15096.23273377
15096.30286900
15096.32280117
15096.37851384
15096.43738093
15096.49729518
15096.56082512
15096.66976630
15096.74152189
15096.80935824
15096.88210760
15096.90294527
15096.95707416
15097.08147457
15097.10141527
15097.15723522
15097.21705974
15097.27591147
15097.33571527
15097.41363437
15097.45542454
15097.51435404
15097.57712988
15097.63296788
15097.74668139
15097.81655745
15097.88734146
15097.90824057
15097.96217612
15098.02301465
15098.08493764
15098.19580613
15098.26441853
15098.33722811
15098.40627132
15098.42712386
15098.48093214
15098.54082079
15098.67643693
15098.74730310
15098.76814516
15098.82307594
15098.88301554
15098.94192286
15099.00269653
15099.06154631
15099.12032367
15099.18006116
15099.23910330
15099.29803719
15099.36570628
15099.42467382
15099.53839269
15099.60826851
15099.67886040
15099.74884642
15099.76966824
15099.82464729
15099.88527371
15099.94420735
15100.02015110
15100.06391662
15100.12574283
15100.18253412
15100.24154432
15100.38708424
15100.45703539
15100.52675932
15100.59786394
15100.62246529
15100.67520545
15100.73426124
15100.79309517
15100.90677088
15100.97978477
15101.04723079
15101.12903938
15101.18790987
15101.20880045
15101.26286254
15101.32248397
15101.43631573
15101.45728359
15101.51298383
15101.57201061
15101.63281379
15101.74543528
15101.81443972
15101.88611997
15101.90702640
15101.96186672
15102.02284398
15102.13461091
15102.15638335
15102.20927027
15102.26823293
15102.34004655
15102.46761526
15102.50065804
15102.53246519
15102.58867792
15102.64812528
15102.70810413
15102.76775726
15102.88149929
15102.90233501
15102.95520585
15103.01721686
15103.07572140
15103.13460262
15103.15478688
15103.26225301
15103.33207422
15103.40282214
15103.42481108
15103.47777725
15103.53759470
15103.59973420
15103.65529059
15103.71495957
15103.77589855
15103.90447664
15103.95942302
15104.02915450
15104.09994095
15104.17420241
15104.24666651
15104.26754393
15104.31559147
15104.42806570
15104.49994319
15104.56895812
15104.58995232
15104.64651881
15104.70547977
15104.81813148
15104.89009260
15104.91183066
15104.96914980
15104.99012888
15105.00773266
15105.12928050
15105.15034199
15105.17943384
15105.23923349
15105.31682296
15105.35919706
15105.41675196
15105.47841383
15105.54812825
15105.60723549
15105.66679743
15105.72660903
15105.78651865
15105.84546180
15105.96004376
15105.98017194
15106.03485428
15106.09286803
15106.15352980
15106.21235422
15106.27225433
15106.33121235
15106.39532110
15106.44994565
15106.51072250
15106.62456962
15106.64463929
15106.66525436
15106.71315294
15106.78915959
15106.83190307
15106.89079039
15107.00432469
15107.07526279
15107.09610412
15107.15100979
15107.21083846
15107.27165480
15107.33193720
15107.39170711
15107.44912329
15107.50803231
15107.56681869
15107.67977663
15107.75158098
15107.77239525
15107.82634689
15107.93891669
15108.01067788
15108.09356533
15108.15074330
15108.17325399
15108.22816893
15108.34015773
15108.36102124
15108.41659958
15108.47644605
15108.53463071
15108.59429871
15108.70621827
15108.77687891
15108.85103456
15108.86950045
15108.92544353
15108.98512201
15109.09907274
15109.16767661
15109.18767387
15109.29660895
15109.31843308
15109.37245591
15109.43222460
15109.50196803
15109.62774938
15109.64859632
15109.70425048
15109.81712796
15109.85042235
15109.89378534
15110.00651996
15110.07550953
15110.14716223
15110.21611181
15110.28579210
15110.35756865
15110.37780607
15110.43265419
15110.49133501
15110.55104982
15110.61232964
15110.67188427
15110.78491170
15110.85648980
15110.88038947
15110.93133689
15111.03013949
15111.06387420
15111.17363409
15111.24370740
15111.31440827
15111.33834232
15111.39019647
15111.44921593
15111.51095388
15111.62364509
15111.69348385
15111.76333382
15111.78443847
15111.83837060
15111.89810077
15112.01562356
15112.08343504
15112.15338790
15112.17517448
15112.22903445
15112.30900837
15112.34877810
15112.46482316
15112.52454821
15112.58415428
15112.64293286
15112.70100293
15112.76090329
15112.87476162
15112.94535106
15112.96625091
15113.02120460
15113.13486984
15113.20374872
15113.27568400
15113.34538378
15113.36627509
15113.42311831
15113.48107745
15113.56177403
15113.65348177
15113.67445622
15113.72925997
15113.79010582
15113.85912196
15113.91895965
15113.97858743
15114.03842634
15114.15122580
15114.22111405
15114.24286089
15114.29872717
15114.35877258
15114.41744950
15114.47646165
15114.53614501
15114.59407660
15114.65486783
15114.72564794
15114.78448138
15114.89714553
15114.96894768
15115.03791117
15115.06272830
15115.11466217
15115.17442940
15115.23324260
15115.34697927
15115.41600444
15115.48669629
15115.50659188
15115.56257202
15115.63328069
15115.69213192
15115.80607681
15115.82679160
15115.88266080
15115.94142329
15116.00135339
15116.06110136
15116.16841096
15116.20801563
15116.26050222
15116.37445320
15116.39539887
15116.45015119
15116.50791235
15116.57901087
15116.63861817
15116.69863457
15116.75749410
15116.81724475
15116.93029704
15116.95119810
15117.00584997
15117.06565304
15117.12637941
15117.18526283
15117.24404239
15117.31493173
15117.37388829
15117.43361870
15117.51046236
15117.55256900
15117.66697956
15117.68910259
15117.74274923
15117.80074640
15117.91581037
15117.98449054
15118.05417668
15118.12576574
15118.19475897
15118.26747712
15118.28830919
15118.34135727
15118.40208291
15118.51492846
15118.58557545
15118.65638530
15118.73712722
15118.77045257
15118.80799071
15118.91465081
15118.98461245
15119.00558982
15119.07224004
15119.13033888
15119.19018145
15119.25182967
15119.36361099
15119.38837789
15119.43974125
15119.51106115
15119.56995262
15119.59086343
15119.64177672
15119.70267279
15119.81719574
