6103.73305422
6103.83476364
6103.90826262
6104.01930067
6104.09919331
6104.18198313
6104.28552892
6104.38522886
6104.46917824
6104.55099746
6104.65210321
6104.73386513
6104.83782247
6104.91838022
6105.00829561
6105.09822880
6105.18567586
6105.27573705
6105.34635689
6105.43301621
6105.51797959
6105.60047465
6105.69441484
6105.77411341
6105.86601462
6105.95869822
6106.04902419
6106.17414832
6106.24519312
6106.33677592
6106.41666782
6106.51126021
6106.57907965
6106.67182665
6106.77549434
6106.86735070
6106.95900664
6107.04097678
6107.12256243
6107.20158710
6107.28344679
6107.37947667
6107.45649212
6107.56096097
6107.66341254
6107.75476641
6107.83645251
6107.91731550
6108.00825172
6108.08987760
6108.18754637
6108.25349141
6108.34519807
6108.43716975
6108.52889713
6108.61169451
6108.70322489
6108.79347113
6108.88785579
6108.99240656
6109.05950774
6109.15108543
6109.24267969
6109.33641069
6109.43833247
6109.53104533
6109.61272728
6109.69243877
6109.77423799
6109.87894285
6109.94687664
6110.03965216
6110.13250716
6110.22429135
6110.31737407
6110.39705386
6110.47813165
6110.55891297
6110.63957263
6110.73325463
6110.81412299
6110.90593181
6110.99771551
6111.10036408
6111.18294008
6111.26478612
6111.35474539
6111.43967586
6111.57407011
6111.65254743
6111.75599692
6111.84769894
6111.94037035
6112.02212276
6112.11394864
6112.20659860
6112.29651716
6112.39137652
6112.47007595
6112.56189451
6112.66538204
6112.75778745
6112.86142467
6112.95377230
6113.05545003
6113.13687110
6113.23011352
6113.29896110
6113.37899929
6113.47160317
6113.57520065
6113.67798332
6113.75891946
6113.85153747
6113.93330452
6114.03795159
6114.10490161
6114.19847293
6114.29036122
6114.38104680
6114.47691260
6114.56649471
6114.64858455
6114.73916627
6114.81912693
6114.91486010
6114.98254058
6115.06432371
6115.15505074
6115.24809908
6115.34070003
6115.42249730
6115.50313380
6115.58398851
6115.66375144
6115.76973727
6115.84840672
6115.94000196
6116.03281014
6116.12465504
6116.22829470
6116.32004012
6116.40281239
6116.48270649
6116.57646407
6116.68802533
6116.76901730
6116.86267297
6116.95435769
6117.04857558
6117.13780831
6117.22025704
6117.31114986
6117.40392367
6117.47255013
6117.55328463
6117.65812140
6117.74979465
6117.84072600
6117.93326136
6118.01507595
6118.09586629
6118.18690759
6118.28141683
6118.39407110
6118.47409393
6118.56515473
6118.66646796
6118.76931426
6118.86184134
6118.94369347
6119.02369216
6119.11714718
6119.18703827
6119.26771841
6119.35959622
6119.46336534
6119.55840902
6119.64725701
6119.73789115
6119.83405391
6119.92313791
6120.01322763
6120.10642518
6120.18850210
6120.27934275
6120.38194280
6120.47476026
6120.55569762
6120.63732837
6120.73018507
6120.79907947
6120.87968940
6120.96255943
6121.05411590
6121.14585401
6121.23861027
6121.34107988
6121.47640231
6121.57192727
6121.63787304
6121.71948965
6121.85619033
6121.93622852
6122.08251115
6122.18628051
6122.27737691
6122.38180725
6122.46384175
6122.54375730
6122.63388554
6122.71770131
6122.80842395
6122.90112925
6122.99288418
6123.08474200
6123.19844806
6123.28022266
6123.36087476
6123.44271689
6123.53442965
6123.61520219
6123.70764613
6123.79855041
6123.89221583
6123.98316083
6124.09769998
6124.16937844
6124.25031750
6124.33999981
6124.42611153
6124.50275882
6124.60538228
6124.69901284
6124.78978620
6124.88279455
6124.99823214
6125.06735548
6125.14823456
6125.22807113
6125.30969968
6125.40253664
6125.49424549
6125.58711805
6125.68978490
6125.80439232
6125.87420369
6125.96505579
6126.04685404
6126.12660210
6126.20743389
6126.30007604
6126.39382046
6126.48459333
6126.56657224
6126.67017094
6126.73986991
6126.83017759
6126.91119370
6127.03587190
6127.12937348
6127.24320802
6127.33498929
6127.43958882
6127.51943830
6127.60111952
6127.69296808
6127.77204493
6127.85554180
6127.93548100
6128.02673539
6128.11928343
6128.21261484
6128.31523001
6128.38601101
6128.46616403
6128.55873011
6128.65053161
6128.77511961
6128.86798192
6128.95882159
6129.05135891
6129.14510820
6129.22590195
6129.30597428
6129.38805535
6129.46797968
6129.56170093
6129.65108092
6129.74370844
6129.83730803
6129.92908905
6130.03193219
6130.10187399
6130.19446860
6130.27337844
6130.35504235
6130.48072749
6130.58437227
6130.67613719
6130.76803841
6130.87072063
6130.95095631
6131.04373109
6131.12646118
6131.21643630
6131.29808412
6131.37994186
6131.48167127
6131.57448361
6131.68004594
6131.75780208
6131.85078678
6131.94337749
6132.02219859
6132.10511519
6132.22882693
6132.32112800
6132.41400080
6132.51906308
6132.59797438
6132.70165232
6132.78339279
6132.86419898
6132.96596130
6133.04768153
6133.12766706
6133.22030482
6133.32486145
6133.41499261
6133.50830743
6133.60064312
6133.68056282
6133.77179064
6133.85355451
6133.93437435
6134.02705746
6134.13174818
6134.21081040
6134.30235078
6134.39535841
6134.48705385
6134.56970470
6134.65939189
6134.74215489
6134.82626738
6134.91476502
6135.02042390
6135.09934910
6135.19194859
6135.28383420
6135.36471402
6135.45632925
6135.53624749
6135.62982026
6135.73260805
6135.83928776
6135.91619618
6136.01902907
6136.11102366
6136.19237989
6136.27513533
6136.35403371
6136.43579295
6136.51682686
6136.60947999
6136.71417851
6136.79322781
6136.88494373
6136.97833755
6137.07118450
6137.15084040
6137.23093466
6137.31324589
6137.40513028
6137.52162600
6137.60059582
6137.69342132
6137.77368284
6137.87791422
6137.95820402
6138.03818443
6138.11902329
6138.20087396
6138.29246237
6138.40821886
6138.48797740
6138.58055056
6138.67337459
6138.75316141
6138.83420239
6138.91602575
6138.99603932
6139.08870634
6139.18091159
6139.28683452
6139.35498920
6139.44763818
6139.52769490
6139.61023848
6139.68920244
6139.79095039
6139.87468838
6139.96649744
6140.05716498
6140.17386648
6140.25369523
6140.34554842
6140.42718454
6140.51701411
6140.59976736
6140.68049333
6140.77240869
6140.86449545
6140.95722659
6141.06202191
6141.15196899
6141.23363802
6141.31653805
6141.39513362
6141.48287618
6141.56280075
6141.65568501
6141.73531580
6141.82796721
6141.92271003
6141.99872610
6142.07944744
6142.17010450
6142.26289294
6142.38751726
6142.45644189
6142.54706628
6142.62894767
6142.72366293
6142.79959342
6142.90340009
6142.99387966
6143.08583719
6143.16442326
6143.25655219
6143.34916558
6143.44074813
6143.54417958
6143.61280871
6143.69257530
6143.77398151
6143.86386203
6143.95690086
6144.03687249
6144.14045339
6144.22024095
6144.30013943
6144.39368466
6144.47250283
6144.56348464
6144.65609949
6144.73700003
6144.81655865
6144.89747138
6144.98803018
6145.08060822
6145.17140205
6145.28714269
6145.35337470
6145.43492621
6145.51575654
6145.60840796
6145.69819340
6145.80188035
6145.88270361
6145.97244468
6146.05420489
6146.15795768
6146.23588814
6146.32771475
6146.40831565
6146.48878124
6146.56907689
6146.66060435
6146.74164655
6146.83341318
6146.91415622
6147.01685575
6147.09747250
6147.17649206
6147.26904961
6147.36176466
6147.48542033
6147.55439226
6147.63472107
6147.71545997
6147.79858990
6147.90303462
6147.96755898
6148.06002340
6148.13997675
6148.22061398
6148.30057756
6148.39333016
6148.48501049
6148.58600213
6148.67846387
6148.77327397
6148.83915245
6148.91983040
6149.01158508
6149.10238453
6149.19501790
6149.27497856
6149.35478709
6149.43516661
6149.52843950
6149.63227591
6149.71089415
6149.79266900
6149.88239617
6149.97322950
6150.06585849
6150.15966434
6150.24045688
6150.33012310
6150.40996112
6150.50521910
6150.57124972
6150.66202429
6150.75380556
6150.84461744
6150.93731152
6151.01756475
6151.09778433
6151.19044087
6151.27022672
6151.38595517
6151.46466168
6151.54466549
6151.62531125
6151.70509125
6151.79782922
6151.88767293
6151.97040229
6152.05116557
6152.14012059
6152.24663598
6152.32454986
6152.41619386
6152.53934289
6152.62188256
6152.71077030
6152.79269338
6152.87345202
6152.96625460
6153.05880460
6153.13774589
6153.21839677
6153.29932804
6153.38210006
6153.47231899
6153.56256938
6153.66427392
6153.75603373
6153.86033728
6153.92719197
6154.00748909
6154.09944102
6154.20634723
6154.29518547
6154.37415992
6154.45480398
6154.53463396
6154.62834351
6154.73221942
6154.80886110
6154.90150789
6154.99243094
6155.07304379
6155.15398919
6155.24574998
6155.33738691
6155.41687750
6155.50765134
6155.60321994
6155.66870686
6155.76125442
6155.85218918
6155.94400555
6156.03663917
6156.12645533
6156.20731564
6156.29782885
6156.41553801
6156.50541220
6156.58415454
6156.66520844
6156.74497576
6156.82675158
6156.91962438
6157.00936764
6157.11308410
6157.21643484
6157.28280289
6157.37551136
6157.46737284
6157.55901123
6157.64981165
6157.74067326
6157.83219706
6157.91301349
6157.99294928
6158.09775093
6158.17733929
6158.28328368
6158.35990879
6158.43966123
6158.53138325
6158.62334566
6158.71505695
6158.83853976
6158.93027567
6159.05698578
6159.15434979
6159.25798872
6159.34978168
6159.44702452
6159.54558246
6159.63168175
6159.74104799
6159.82693297
6159.93472787
6160.03559981
6160.13120741
6160.21781626
6160.30386777
6160.39038275
6160.47718128
6160.57600717
6160.65968031
6160.74874822
6160.84513797
6160.94166985
6161.04117768
6161.12691686
6161.22572690
6161.34435888
6161.43008245
6161.51790328
6161.60462062
6161.70235425
6161.79047545
6161.88599845
6161.98175039
6162.08118483
6162.17880703
6162.27451728
6162.37364890
6162.47435578
6162.56823087
6162.66781062
6162.76763881
6162.87140842
6162.98207587
6163.07786951
6163.16463025
6163.25184204
6163.34844317
6163.43540237
6163.52203511
6163.60845233
6163.70602626
6163.81588695
6163.90266476
6164.00234642
6164.08600884
6164.17213494
6164.26875387
6164.36739861
6164.46623156
6164.56283318
6164.67146556
6164.74665731
6164.83326007
6164.91912457
6165.00709509
6165.09435223
6165.22675797
6165.29858930
6165.39705020
6165.51675908
6165.60158861
6165.69925226
6165.80905542
6165.90572920
6165.99168464
6166.14416539
6166.23284442
6166.35373456
6166.43735772
6166.52408482
6166.61491279
6166.70964317
6166.80534269
6166.91810910
6167.01090608
6167.09859086
6167.22329222
6167.30425445
6167.41101023
6167.51063923
6167.60735470
6167.69314947
6167.78141622
6167.86686454
6167.96645697
6168.09507342
6168.19671994
6168.27773556
6168.37728824
6168.47423704
6168.56008935
6168.65965179
6168.74522128
6168.84595863
6168.92904395
6169.01617284
6169.10304769
6169.18887708
6169.27526187
6169.36393383
6169.44890550
6169.54645822
6169.65803582
6169.75309997
6169.85157770
6169.94762148
6170.04700130
6170.14292684
6170.24146576
6170.32663224
6170.43444566
6170.52149873
6170.61923455
6170.71911662
6170.81757606
6170.90230807
6170.98795802
6171.07582882
6171.17163196
6171.29221125
6171.36804519
6171.46562911
6171.55242082
6171.63820754
6171.73034818
6171.82294767
6171.90913863
6172.00798183
6172.13062569
6172.21249537
6172.31112231
6172.39691172
6172.48280791
6172.58059078
6172.67911142
6172.76501103
6172.86766643
6172.96545369
6173.04606191
6173.14778571
6173.24272479
6173.35196036
6173.45012260
6173.54546080
6173.64319783
6173.74288656
6173.81657230
6173.90355052
6173.99034223
6174.11987638
6174.20673001
6174.30452849
6174.39109662
6174.48917328
6174.60017891
6174.68417973
6174.78175073
6174.86662122
6174.96383553
6175.07394345
6175.15957121
6175.24726160
6175.33382241
6175.43276679
6175.51757024
6175.61718704
6175.71185525
6175.81474032
6175.90828822
6176.02409494
6176.11386087
6176.20742243
6176.28430037
6176.37400072
6176.46849363
6176.56718737
6176.66503948
6176.77360799
6176.87140817
6176.98200054
6177.06870813
6177.16465000
6177.25232698
6177.35011082
6177.43874890
6177.53569258
6177.62726953
6177.70804085
6177.81876488
6177.89379449
6177.99295708
6178.08971669
6178.17646353
6178.26500189
6178.35192647
6178.44770938
6178.54641068
6178.65798803
6178.74292898
6178.83053355
6178.92838323
6179.02605370
6179.11284663
6179.21155890
6179.30823463
6179.39466745
6179.49184495
6179.56982100
6179.66653940
6179.76435275
6179.85096818
6179.96077548
6180.05861321
6180.14841498
6180.24390117
6180.34265221
6180.41757431
6180.51618125
6180.60303806
6180.69394527
6180.77761402
6180.87472885
6180.97214504
6181.06032182
6181.15631075
6181.24391336
6181.34272730
6181.44073887
6181.53812726
6181.62496968
6181.72467840
6181.81043318
6181.91205678
6182.00715068
6182.12546497
6182.21252999
6182.31010197
6182.40083851
6182.49558376
6182.59335176
6182.68107409
6182.77977149
6182.86654271
6183.02933172
6183.11496118
6183.21459213
6183.29948920
6183.39722282
6183.49698859
6183.59871288
6183.67151945
6183.76729699
6183.85504589
6183.95388324
6184.03862329
6184.12750834
6184.22434767
6184.31181351
6184.43149825
6184.50851004
6184.60518187
6184.70687179
6184.78958749
6184.87841281
6184.97515730
6185.06756564
6185.15923304
6185.25800651
6185.38073156
6185.46541578
6185.55135147
6185.64997817
6185.74677239
6185.83439086
6185.93297610
6186.03373686
6186.11760237
6186.21827853
6186.30126852
6186.39993544
6186.48694999
6186.57327821
6186.67121859
6186.75982326
6186.86865703
6186.94433274
6187.04029801
6187.13293992
6187.21576949
6187.30346548
6187.40111718
6187.48686880
6187.57563487
6187.67848288
6187.75792350
6187.85746423
6187.94422132
6188.04313156
6188.12877834
6188.21558980
6188.31429378
6188.41203740
6188.52176888
6188.61249883
6188.69428416
6188.79295352
6188.88072729
6189.02117557
6189.10755572
6189.19418456
6189.30433003
6189.39139578
6189.48919864
6189.58585780
6189.67280140
6189.75967965
6189.84760995
6189.94516120
6190.03193462
6190.13245547
6190.21771801
6190.35942726
6190.44535418
6190.54305927
6190.64160454
6190.72824191
6190.81544200
6190.91297643
6190.98801921
6191.07688379
6191.17347394
6191.26129550
6191.34798432
6191.43417357
6191.54506534
6191.63164225
6191.72836431
6191.82635710
6191.91391973
6192.01573496
6192.10310376
6192.19571837
6192.29457936
6192.38154101
6192.48014503
6192.57785305
6192.66464354
6192.76245567
6192.86016661
6192.94683325
6193.04559989
6193.13156411
6193.23234608
6193.31675625
6193.41495238
6193.50125598
6193.58761688
6193.67642221
6193.78598082
6193.87169416
6193.97055540
6194.05643697
6194.15592845
6194.26363778
6194.33949171
6194.44911274
6194.53604610
6194.62279831
6194.72391869
6194.79775949
6194.89578105
6194.98438085
6195.09536209
6195.16913072
6195.25580565
6195.35643572
6195.44231095
6195.53911127
6195.64968096
6195.74449692
6195.83513911
6195.93193455
6196.03067803
6196.13189130
6196.22369377
6196.33340794
6196.42035154
6196.50646277
6196.59539659
6196.68057086
6196.79179177
6196.87763335
6196.96356734
6197.05213666
6197.14386209
6197.22817084
6197.32353171
6197.41029343
6197.51988179
6197.61665749
6197.71429797
6197.85868572
6197.94251831
6198.04275463
6198.13811209
6198.22408582
6198.31286165
6198.42115513
6198.54063167
6198.63238733
6198.73710536
6198.82383708
6198.91173276
6198.99650012
6199.14004916
6199.23771598
6199.32453767
6199.42220083
6199.51931128
6199.60699045
6199.69286080
6199.82402140
6199.91188319
6200.02152665
6200.10730606
6200.20499629
6200.30186902
6200.39976892
6200.48747735
6200.58425109
6200.67209947
6200.75884997
6200.90639236
6200.98819524
6201.07349240
6201.17273032
6201.27054343
6201.37321468
6201.46000760
6201.55683157
6201.65555384
6201.75438460
6201.84092226
6201.92766326
6202.05959161
6202.14839182
6202.24479498
6202.33294178
6202.43009976
6202.53937824
6202.62700573
6202.73598700
6202.82455705
6202.91134510
6203.01311279
6203.09679618
6203.20553559
6203.31724119
6203.39097789
6203.47922635
6203.56489142
6203.69711357
6203.77290850
6203.86042505
6204.02321844
6204.12275333
6204.21649116
6204.30831655
6204.39424298
6204.49294014
6204.58073926
6204.69035737
6204.77723051
6204.87452479
6204.98415996
6205.07133030
6205.15970335
6205.24660989
6205.33483300
6205.43403753
6205.52998500
6205.61816935
6205.70582755
6205.80360652
6205.88037938
6205.97715483
6206.07697302
6206.17571041
6206.26140278
6206.35008717
6206.44686628
6206.53473928
6206.63440241
6206.72123581
6206.81886728
6206.92070543
6207.01547067
6207.10218924
6207.23576306
6207.32161098
6207.42023451
6207.49603408
6207.58398193
6207.68173481
6207.77935092
6207.87012037
6207.95356701
6208.04173186
6208.13954472
6208.23917981
6208.31421503
6208.41266058
6208.51241172
6208.59937677
6208.68989803
6208.77365651
6208.86363968
6208.97339163
6209.06993888
6209.18763634
6209.27455848
6209.37822227
6209.47172800
6209.55986017
6209.65958523
6209.75644626
6209.85708170
6209.95182865
6210.03869765
6210.12737546
6210.22518735
6210.32308896
6210.42273429
6210.50859806
6210.60723767
6210.70987527
6210.78072844
6210.87043342
6210.95664194
6211.04446618
6211.13146000
6211.23014619
6211.33184756
6211.42648602
6211.52712195
6211.61207339
6211.70986967
6211.79860112
6211.89529709
6211.99455281
6212.09257413
6212.19016366
6212.27888268
6212.38848616
6212.46351260
6212.56003279
6212.64990210
6212.73659726
6212.84648575
6212.94409039
6213.03092623
6213.11778011
6213.21841384
6213.29335495
6213.39282767
6213.53126646
6213.61995086
6213.72273280
6213.80751722
6213.89437915
6214.00398799
6214.09080481
6214.17756116
6214.27746079
6214.38499700
6214.48304928
6214.57060753
6214.66750269
6214.77700767
6214.85400336
6214.94223013
6215.02916690
6215.15928717
6215.23593178
6215.33345329
6215.43406020
6215.51910209
6215.62972786
6215.71740435
6215.82616107
6215.93478566
6216.02258942
6216.11027761
6216.19636812
6216.29478538
6216.40770686
6216.48198189
6216.57970698
6216.67733942
6216.77504768
6216.87386138
6216.97162426
6217.07040139
6217.15731719
6217.27773580
6217.36415546
6217.45089279
6217.53882163
6217.62556043
6217.71424263
6217.80250865
6217.89889815
6217.98877234
6218.08556657
6218.16232772
6218.24923986
6218.34778001
6218.44474173
6218.53347635
6218.63220350
6218.72981936
6218.81857739
6218.91932961
6218.99051411
6219.09013799
6219.17771086
6219.26464300
6219.35228633
6219.43970634
6219.53808313
6219.62618287
6219.73526069
6219.81214716
6219.89801581
6219.98672385
6220.08340446
6220.18205700
6220.26999876
6220.36860644
6220.45535645
6220.59898058
6220.66288470
6220.74876480
6220.83747090
6220.92436817
6221.01291750
6221.11063479
6221.20845277
6221.29739219
6221.38310651
6221.49266951
6221.57857375
6221.67711365
6221.77684309
6221.86380400
6221.97192610
6222.06065901
6222.15841165
6222.26900987
6222.35383964
6222.45653405
6222.54033446
6222.63907989
6222.73701661
6222.82266948
6222.95444643
6223.05416271
6223.14083569
6223.22768591
6223.31584855
6223.41335275
6223.51111295
6223.60210524
6223.68682116
6223.78406546
6223.89485506
6223.97144579
6224.05814753
6224.14897087
6224.24387362
6224.34345800
6224.43952519
6224.53895865
6224.63971380
6224.74533172
6224.82315661
6224.95376718
6225.04127081
6225.12885709
6225.21715652
6225.30317291
6225.40211900
6225.49974827
6225.59823233
6225.68596344
6225.77286632
6225.87160054
6225.95822523
6226.06594090
6226.16578859
6226.25159555
6226.35231827
6226.45016502
6226.53583399
6226.62489312
6226.72758631
6226.80963568
6226.89631865
6227.01085171
6227.11565824
6227.23431215
6227.32911275
6227.43668847
6227.54353446
6227.65013225
6227.75728277
6227.87640577
6228.00481353
6228.10344900
6228.20800660
6228.31391027
6228.42147135
6228.53940067
6228.64888566
6228.76636637
6228.85314564
6228.95610068
6229.06343478
6229.20304313
6229.27828413
6229.37554793
6229.47221562
6229.58908876
6229.68480486
6229.78151545
6229.88807887
6229.99489049
6230.10159751
6230.20022908
6230.30477888
6230.42544910
6230.51844478
6230.63100810
6230.73242227
6230.84048072
6230.93923591
6231.03195242
6231.13194347
6231.24933471
6231.34238890
6231.48210696
6231.59048578
6231.69628730
6231.80289801
6231.91062075
6232.02903427
6232.12462359
6232.23031612
6232.32914225
6232.44502016
6232.54068043
6232.63832238
6232.74410561
6232.85473869
6232.94933936
6233.05430510
6233.16283240
6233.27056879
6233.37610260
6233.48415764
6233.60231394
6233.69895676
6233.80475682
6233.91241494
6234.01927678
6234.11501117
6234.22561353
6234.34139172
6234.43999403
6234.54348643
6234.65119112
6234.75789814
6234.86451520
6234.96027079
6235.07970661
6235.17524790
6235.28514029
6235.39069556
6235.48653381
6235.59024197
6235.69887777
6235.81867564
6235.91438687
6236.01999967
6236.12597502
6236.23855029
6236.35161610
6236.45931250
6236.57772724
6236.67140022
6236.77297457
6236.88002390
6236.97654555
6237.07818426
6237.17691458
6237.28204367
6237.40150874
6237.49602359
6237.59342295
6237.71095949
6237.81657352
6237.92504816
6238.03174811
6238.14952700
6238.24622784
6238.35294657
6238.45855084
6238.56644741
6238.66203892
6238.76899366
6238.89260470
6238.97380050
6239.08378968
6239.18975796
6239.29402909
6239.39071189
6239.50757747
6239.60422370
6239.72283934
6239.80871628
6239.91355572
6240.02198599
6240.11786422
6240.21462626
6240.32133060
6240.41660224
6240.52627008
6240.61779023
6240.72731910
6240.82309956
6240.92892448
6241.03964119
6241.15510438
6241.27292447
6241.35880506
6241.46728555
6241.56169264
6241.66901967
6241.77572377
6241.88197096
6241.97896267
6242.11222296
6242.20409614
6242.31579126
6242.41854491
6242.52521829
6242.62012836
6242.72686244
6242.82560836
6242.85029331
6242.96302633
6243.05790177
6243.16440960
6243.27108395
6243.37814962
6243.47496481
6243.58267194
6243.70226477
6243.79517877
6243.89194179
6244.01062179
6244.11642599
6244.22404900
6244.33187218
6244.46156701
6244.55524169
6244.66247705
6244.75871198
6244.86755769
6244.97405187
6245.07995676
6245.19839417
6245.29438310
6245.39590113
6245.49761664
6245.59453033
6245.70119469
6245.79761199
6245.90324015
6246.02299804
6246.11767698
6246.23678950
6246.34307668
6246.45061583
6246.55008708
6246.65401833
6246.77247086
6246.86733680
6246.97493007
6247.08160905
6247.18748298
6247.29514159
6247.39526113
6247.49118154
6247.60873344
6247.70060687
6247.80883209
6247.92683845
6248.03408648
6248.12985013
6248.23642891
6248.35714691
6248.46102282
6248.56771034
6248.67536700
6248.77101362
6248.88974360
6248.99562826
6249.11612513
6249.19989458
6249.30769703
6249.40399950
6249.53582448
6249.61669918
6249.73630981
6249.83173065
6249.94964559
6250.04334441
6250.15490202
6250.25866163
6250.36627952
6250.47266374
6250.56953379
6250.69739078
6250.79322391
6250.90484759
6251.00857355
6251.12828975
6251.23293268
6251.33978355
6251.50638305
6251.59794123
6251.69774186
6251.80034753
6251.89770032
6252.01836932
6252.11111144
6252.21871056
6252.32513378
6252.43416797
6252.53864877
6252.64514831
6252.75302464
6252.86051867
6252.96747804
6253.08693043
6253.18065534
6253.28842416
6253.39713700
6253.50201472
6253.59863438
6253.70684180
6253.82548012
6253.92471682
6254.02855713
6254.12484350
6254.23060503
6254.33715065
6254.44402298
6254.54114074
6254.65845883
6254.76639172
6254.89481971
6254.96961064
6255.06616715
6255.16196785
6255.26841278
6255.38710108
6255.47237507
6255.58302254
6255.68883819
6255.79179982
6255.91033208
6256.01704739
6256.13677846
6256.23063112
6256.34907658
6256.46780804
6256.57362052
6256.67812497
6256.81741491
6256.92465636
6257.02642210
6257.13400001
6257.24157353
6257.35125502
6257.45999614
6257.56176530
6257.67047497
6257.76450147
6257.87191627
6257.97874276
6258.08495387
6258.18280160
6258.28918655
6258.38442503
6258.50532540
6258.60080233
6258.71741264
6258.82424815
6258.91991987
6259.01673848
6259.12429274
6259.24259411
6259.33747200
6259.43334292
6259.55289040
6259.65872214
6259.76539601
6259.86257252
6259.95740969
6260.07901346
6260.19381324
6260.26857857
6260.36425786
6260.47199595
6260.57958215
6260.68471952
6260.79326560
6260.91305104
6261.00591944
6261.11401472
6261.27619663
6261.39335527
6261.50384304
6261.63035201
6261.72496902
6261.84283763
6261.95146026
6262.04539411
6262.14297194
6262.23971448
6262.34532509
6262.46524536
6262.55983823
6262.66639531
6262.77296872
6262.88042229
6262.97628614
6263.08396401
6263.20189893
6263.29659469
6263.40620451
6263.50085248
6263.60766483
6263.71628697
6263.82011436
6263.91901022
6264.03648410
6264.13122034
6264.23897988
6264.35718739
6264.47488777
6264.58573882
6264.68921585
6264.80818477
6264.90475591
6265.00948369
6265.11688801
6265.21569512
6265.32046703
6265.42682541
6265.54811368
6265.63322213
6265.72907379
6265.83540900
6265.94386365
6266.04965809
6266.15658406
6266.26405762
6266.37280483
6266.46755740
6266.57423590
6266.68096876
6266.78696313
6266.89614360
6267.00214723
6267.12137922
6267.21769168
6267.32293731
6267.42100592
6267.52726360
6267.63301343
6267.74363969
6267.83645616
6267.94320658
6268.03983794
6268.14633017
6268.24237468
6268.34977997
6268.45577288
6268.56230119
6268.68306698
6268.77774860
6268.88659871
6268.99012914
6269.09757100
6269.19500547
6269.30127510
6269.42080649
6269.51477862
6269.63452992
6269.74023977
6269.85263535
6269.95634351
6270.06322388
6270.18383291
6270.27494906
6270.38241165
6270.47939629
6270.58555303
6270.69282911
6270.80043286
6270.89671070
6271.00288597
6271.09945516
6271.20615023
6271.31190567
6271.42549104
6271.51734837
6271.62745726
6271.74371844
6271.82757761
6271.94430885
6272.05434923
6272.20259769
6272.31022802
6272.41722395
6272.53775789
6272.63072601
6272.73732186
6272.84803101
6272.95149951
6273.06117808
6273.15748298
6273.27169543
6273.36863204
6273.47512621
6273.57104687
6273.66826922
6273.77364090
6273.87388820
6273.97713557
6274.09895706
6274.18053490
6274.28743917
6274.39403696
6274.51370878
6274.62041093
6274.72642212
6274.85133194
6274.93060482
6275.03642803
6275.14416905
6275.24960826
6275.35551437
6275.45581628
6275.56066303
6275.68117454
6275.77483557
6275.89353825
6276.00033963
6276.11049045
6276.20681120
6276.30301516
6276.41926293
6276.51326651
6276.61937206
6276.73892344
6276.83473950
6276.94046446
6277.04835469
6277.16329247
6277.25274755
6277.35959427
6277.46598580
6277.57284521
6277.67943325
6277.77529393
6277.88363716
6278.03288743
6278.13002055
6278.23694481
6278.34246277
6278.44028612
6278.56038582
6278.66392844
6278.78533375
6278.87124531
6278.96581160
6279.07149585
6279.17834915
6279.28404778
6279.39388604
6279.50326741
6279.61880276
6279.71161046
6279.82029990
6279.93887946
6280.04812429
6280.15481449
6280.24808567
6280.36773384
6280.46262538
6280.56921074
6280.67768855
6280.79454828
6280.90022350
6280.92207490
6281.10662096
6281.22534412
6281.31817815
6281.42482007
6281.53164510
6281.63954337
6281.74699645
6281.85463361
6281.97151040
6282.05719326
6282.15386388
6282.26070377
6282.36732546
6282.48621222
6282.58193661
6282.68854904
6282.80919707
6282.89685089
6283.00967947
6283.11551561
6283.22405437
6283.31888666
6283.42693000
6283.54513019
6283.63931614
6283.74895863
6283.84484345
6283.95449763
6284.05906474
6284.16398245
6284.26497044
6284.36938931
6284.46497327
6284.56997801
6284.67773609
6284.79531262
6284.89107797
6284.99834600
6285.10697741
6285.20260110
6285.29856418
6285.40430206
6285.54676469
6285.64054762
6285.73731723
6285.85581584
6285.94176299
6286.03649556
6286.13180060
6286.26135865
6286.33704874
6286.44377039
6286.55110303
6286.66768311
6286.76146409
6286.86842224
6286.96408324
6287.07049598
6287.17825821
6287.28592950
6287.40397780
6287.49946813
6287.62508329
6287.73196439
6287.84045269
6287.94677034
6288.04619990
6288.15459969
6288.23839498
6288.34818961
6288.44397080
6288.55265439
6288.66040662
6288.76905388
6288.86583152
6288.98450470
6289.07144586
6289.21189316
6289.34243473
