15255.30387886
15255.36252311
15255.42224986
15255.48222336
15255.54403469
15255.60035250
15255.66371129
15255.72378621
15255.78403594
15255.84222035
15255.90511615
15255.96335689
15256.07875585
15256.16241885
15256.22245013
15256.29441613
15256.31498390
15256.42684641
15256.49647573
15256.56637349
15256.58530360
15256.64403878
15256.75788297
15256.77591391
15256.83785177
15256.89544081
15256.95646537
15257.07099052
15257.14086292
15257.15981960
15257.21962730
15257.27874941
15257.34028963
15257.40111645
15257.51473512
15257.58568833
15257.60458381
15257.71725138
15257.78716231
15257.85991508
15257.87874595
15257.93769496
15257.99756215
15258.11219628
15258.13112175
15258.18799911
15258.25012032
15258.30970859
15258.37058248
15258.43130910
15258.49030662
15258.56103187
15258.62203497
15258.68369660
15258.74448296
15258.85213170
15258.88614703
15258.92309125
15259.03683670
15259.10959337
15259.18237101
15259.20139425
15259.25836450
15259.37188929
15259.43374451
15259.45159795
15259.51057402
15259.57129308
15259.68501342
15259.84264361
15259.91447600
15259.93339781
15259.99142254
15260.06996700
15260.11183471
15260.17375307
15260.23690145
15260.31565852
15260.36521720
15260.47891803
15260.49790592
15260.55686443
15260.61756765
15260.73124727
15260.80228142
15260.87332143
15260.89290543
15260.95172376
15261.01345097
15261.12723250
15261.14624940
15261.20398107
15261.26385777
15261.37867793
15261.44255408
15261.50324413
15261.60800105
15261.66720947
15261.72872798
15261.74864308
15261.80565185
15261.86528084
15261.92506855
15262.02984936
15262.08965779
15262.14962714
15262.20957845
15262.27231918
15262.33118505
15262.39188582
15262.45167548
15262.53181617
15262.62557435
15262.69805650
15262.79182565
15262.81093544
15262.86864468
15262.92851260
15262.98927945
15263.04826820
15263.11007709
15263.22462150
15263.29443246
15263.36627387
15263.43607362
15263.49901062
15263.56785000
15263.58664406
15263.66549134
15263.70740269
15263.84303565
15263.89322848
15263.96274712
15264.03360842
15264.05268944
15264.11237499
15264.17230777
15264.23424247
15264.34605987
15264.36760849
15264.42364641
15264.53947204
15264.60988618
15264.68178782
15264.70072329
15264.81339158
15264.88424800
15264.92213552
15265.00103546
15265.03570469
15265.10464769
15265.16485646
15265.22429699
15265.28519135
15265.34498589
15265.40680209
15265.46665856
15265.52651600
15265.58736013
15265.70000722
15265.76504488
15265.82673723
15265.88646642
15265.94730959
15266.00631077
15266.06743504
15266.12797247
15266.24255808
15266.31338037
15266.38329227
15266.45613037
15266.47497783
15266.53308886
15266.59270224
15266.65254652
15266.71535088
15266.77425868
15266.88789320
15266.95976387
15266.97959290
15267.03737576
15267.09826768
15267.17409270
15267.23192116
15267.29177201
15267.35067031
15267.42091525
15267.53317931
15267.60232565
15267.67218928
15267.69181619
15267.74558034
15267.80741995
15267.91911399
15267.98708492
15268.00685934
15268.06296723
15268.12252820
15268.18143819
15268.25015689
15268.31464379
15268.36935465
15268.48160481
15268.50064731
15268.55972505
15268.62548756
15268.69215850
15268.76102495
15268.78414102
15268.83669904
15268.94945609
15269.01836520
15269.03811865
15269.10500122
15269.16588583
15269.22379669
15269.33885066
15269.40624986
15269.42527091
15269.48109525
15269.54097975
15269.65278253
15269.71480865
15269.77334635
15269.84229472
15269.91212007
15270.02491685
15270.09557871
15270.16523022
15270.24501592
15270.28022519
15270.36284299
15270.43372720
15270.45352868
15270.50738499
15270.56656903
15270.58625153
15270.63812104
15270.76177344
15270.78164904
15270.83668222
15270.89358761
15270.95341068
15271.01305283
15271.07189749
15271.18469013
15271.20361901
15271.25951479
15271.31739591
15271.37714583
15271.44607810
15271.50684276
15271.63268823
15271.65023496
15271.72203785
15271.76407013
15271.82522658
15271.88156975
15271.94048584
15272.05416936
15272.12309603
15272.14293311
15272.20119140
15272.25679753
15272.31889583
15272.37538284
15272.49712865
15272.56770543
15272.63668159
15272.65681002
15272.71232350
15272.77131371
15272.88497870
15272.90313373
15272.95945228
15273.03485282
15273.13042080
15273.19946035
15273.21933766
15273.27509666
15273.39968090
15273.46850346
15273.53835904
15273.60722671
15273.62628945
15273.68312828
15273.74337777
15273.80380913
15273.91338251
15273.97433929
15274.03397535
15274.09209345
15274.15102295
15274.24062345
15274.28155639
15274.34027939
15274.39828534
15274.45794456
15274.51590004
15274.62945166
15274.70283224
15274.71836803
15274.77331709
15274.84392239
15274.95583463
15274.97570682
15275.03491011
15275.09034046
15275.14922315
15275.26109882
15275.28430510
15275.33720592
15275.39557052
15275.45358183
15275.56714686
15275.58709950
15275.64108771
15275.66090431
15275.77467024
15275.80878041
15275.84242198
15275.90074611
15275.95721557
15276.01597538
15276.12965231
15276.19853314
15276.26870543
15276.28926053
15276.34411037
15276.45827395
15276.52484980
15276.54469297
15276.60154351
15276.66038012
15276.71913334
15276.83108825
15276.85428405
15276.90499522
15276.96443306
15277.07717353
15277.18091498
15277.21743302
15277.28680976
15277.30578838
15277.36247776
15277.48408777
15277.54602198
15277.60672202
15277.66564397
15277.68453043
15277.73944902
15277.79740962
15277.90002297
15277.95989918
15278.01863900
15278.08997255
15278.14732022
15278.20626630
15278.26499124
15278.33482122
15278.39291153
15278.45088335
15278.52938563
15278.56916706
15278.62906278
15278.68886561
15278.74686107
15278.80698037
15278.92166862
15278.98814427
15279.01043042
15279.06481092
15279.13293301
15279.24658533
15279.31651161
15279.33636332
15279.39120096
15279.44912548
15279.50889807
15279.56671970
15279.68143234
15279.75016372
15279.83013423
15279.86306168
15279.89799033
15279.95277555
15280.02256628
15280.13517704
15280.19700446
15280.25599247
15280.31581846
15280.37349356
15280.43330638
15280.49134574
15280.55022721
15280.60898482
15280.73262942
15280.80259789
15280.82145948
15280.87820713
15280.95040329
15281.07182995
15281.12992635
15281.14955302
15281.20733369
15281.26519702
15281.32312080
15281.38432821
15281.49570554
15281.56461246
15281.58347308
15281.64030094
15281.69719512
15281.75787688
15281.82702175
15281.88562845
15281.90461634
15281.95932745
15282.01718784
15282.07808586
15282.13685420
15282.23958580
15282.29848994
15282.37328072
15282.41847911
15282.47513094
15282.53304717
15282.59161120
15282.65753852
15282.72837178
15282.79814593
15282.87224331
15282.88791148
15282.94286859
15283.00077946
15283.06043307
15283.11947985
15283.23308169
15283.30294971
15283.37274507
15283.39081721
15283.44752780
15283.51642886
15283.64015953
15283.70083300
15283.71886564
15283.78178167
15283.85156338
15283.92137118
15283.99140011
15284.01307380
15284.06698667
15284.12567505
15284.20569676
15284.25447330
15284.36671956
15284.38624383
15284.44205622
15284.49997635
15284.55884173
15284.57858470
15284.64140345
15284.69938185
15284.75931584
15284.87181542
15284.95370032
15285.01056183
15285.02966065
15285.08623812
15285.14518932
15285.26986207
15285.28883801
15285.34466503
15285.40344654
15285.46232728
15285.57493852
15285.64477167
15285.71372662
15285.73468498
15285.78843182
15285.84832461
15285.90614868
15285.96697673
15286.09065912
15286.10956314
15286.16353111
15286.22243014
15286.29901340
15286.36295563
15286.41079155
15286.52249265
15286.59338686
15286.66218919
15286.68104810
15286.74037598
15286.79582876
15286.85658951
15286.97873737
15287.04814361
15287.06807553
15287.12390377
15287.23659523
15287.30559504
15287.32353772
15287.38353169
15287.43922803
15287.49890968
15287.57493097
15287.67078298
15287.69047329
15287.74530459
15287.80524127
15287.91885701
15287.98582077
15288.00561713
15288.06156947
15288.11946668
15288.19026532
15288.25021906
15288.36190554
15288.38402808
15288.43562014
15288.49557729
15288.56439839
15288.62425949
15288.74032064
15288.80670413
15288.82663922
15288.88239456
15288.95819495
15288.99825579
15289.11089458
15289.18255972
15289.22945892
15289.29036596
15289.34733255
15289.42899632
15289.49910717
15289.61052935
15289.63036692
15289.68541546
15289.74422159
15289.80484386
15289.86180728
15289.93255106
15289.99177094
15290.10513726
15290.18603474
15290.22314913
15290.25376162
15290.30767157
15290.43066203
15290.50014799
15290.57012938
15290.64004591
15290.66066806
15290.71459069
15290.82826835
15290.90038454
15290.91602687
15290.97395090
15291.08786652
15291.15458013
15291.17535051
15291.30596904
15291.37585169
15291.39480764
15291.45058102
15291.52450432
15291.56877380
15291.62633650
15291.73899919
15291.75799317
15291.81279035
15291.93854390
15292.00732087
15292.02812319
15292.08304251
15292.14081367
15292.23173196
15292.29047324
15292.40410166
15292.47396504
15292.54388133
15292.61369230
15292.69626669
15292.73060751
15292.76223570
15292.81699143
15292.93171918
15292.99968402
15293.07039513
15293.08927794
15293.14512715
15293.20391719
15293.26285352
15293.37466702
15293.44365732
15293.51529954
15293.53427523
15293.58896001
15293.70176606
15293.72265981
15293.77656561
15293.84639242
15293.95816252
15294.03899856
15294.09810555
15294.16769392
15294.18666766
15294.24254150
15294.30119452
15294.36113583
15294.41888993
15294.47870811
15294.53784656
15294.59552848
15294.65440971
15294.72504402
15294.85586125
15294.93589564
15294.99850520
15295.06861313
15295.14610458
15295.18812979
15295.24718729
15295.30467880
15295.41837159
15295.43664658
15295.49234219
15295.55115515
15295.60891046
15295.73462062
15295.75349123
15295.80933020
15295.86625291
15295.97994423
15296.04863220
15296.12068768
15296.13944809
15296.19435157
15296.30792513
15296.37688178
15296.39677908
15296.41569626
15296.46561920
15296.62121845
15296.65634239
15296.68810005
15296.74387294
15296.80496187
15296.86158542
15296.91948433
15297.01114575
15297.06990581
15297.18357787
15297.25250941
15297.27154777
15297.32928016
15297.39719088
15297.45843852
15297.57065918
15297.63967264
15297.70934025
15297.79107521
15297.82399925
15297.85691744
15297.91378480
15297.93273197
15297.98574519
15298.04369457
15298.15520331
15298.17526177
15298.23899846
15298.30975687
15298.32882643
15298.38351657
15298.49851715
15298.51615092
15298.57091347
15298.63086283
15298.68870201
15298.80145808
15298.82148581
15298.87849336
15298.98902662
15299.00982284
15299.06365843
15299.12268424
15299.23541129
15299.25533102
15299.31112050
15299.36886801
15299.44463231
15299.48857996
15299.54667734
15299.66013826
15299.72924340
15299.75088149
15299.80370283
15299.86184556
15299.92158231
15300.03410506
15300.10406011
15300.12395497
15300.17879579
15300.23773528
15300.29649875
15300.35624306
15300.46802389
15300.53890323
15300.55775385
15300.61358916
15300.68469793
15300.75924952
15300.85491040
15300.92373515
15300.94281349
15300.99760238
15301.05743153
15301.17025343
15301.23991201
15301.32094821
15301.38273102
15301.44247216
15301.46330983
15301.51547020
15301.57606249
15301.67675754
15301.73680198
15301.79563664
15301.85641568
15301.91346053
15301.97304856
15302.04990172
15302.08975800
15302.20447454
15302.27823888
15302.34420277
15302.36599325
15302.41885530
15302.48683307
15302.54560385
15302.65727740
15302.67918052
15302.80982830
15302.85917902
15302.92762318
15302.95375859
15303.00069071
15303.06119888
15303.12004110
15303.23174098
15303.25254476
15303.30700328
15303.38626821
15303.42513047
15303.48401365
15303.59690138
15303.66654996
15303.68972504
15303.79534846
15303.81612834
15303.86993492
15303.92887027
15303.98871649
15304.04763015
15304.17522788
15304.19609554
15304.24598970
15304.30492188
15304.36279642
15304.42169300
15304.53524218
15304.60502950
15304.62596786
15304.68085305
15304.75471735
15304.79668331
15304.85634327
15304.97915623
15305.04900548
15305.07085764
15305.12387695
15305.18465112
15305.24144801
15305.35421213
15305.37606161
15305.42987842
15305.54159610
15305.61142804
15305.63425300
15305.68517896
15305.82316688
15305.89067702
15305.95959491
15305.99836891
15306.07417516
15306.11520830
15306.17498626
15306.23283203
15306.29180663
15306.40523635
15306.47610959
15306.54592836
15306.56592708
15306.62169608
15306.67959158
15306.73830726
15306.79713265
15306.91002038
15306.97964873
15307.04884407
15307.07052850
15307.12437701
15307.23632850
15307.31789913
15307.35205563
15307.38572500
15307.43982536
15307.55333724
15307.57415785
15307.62717594
15307.68892754
15307.74870988
15307.85868311
15307.88050747
15307.94042367
15307.96139958
15308.01504256
15308.07503410
15308.14378278
15308.25660663
15308.28064406
15308.34224644
15308.40018096
15308.46102022
15308.51826402
15308.63149673
15308.65554830
15308.70731102
15308.83230267
15308.86415639
15308.94784036
15309.01846150
15309.08727456
15309.15722449
15309.23026471
15309.29792650
15309.31787402
15309.37190344
15309.43048453
15309.49241801
15309.54934218
15309.66182128
15309.73082548
15309.80236676
15309.82531899
15309.87627616
15309.98798190
15310.00886004
15310.06277779
15310.14067616
15310.23548297
15310.25618801
15310.31013429
15310.36794568
15310.48187495
15310.50251465
15310.55635755
15310.61423648
15310.67334859
15310.73217447
15310.84465796
15310.91554510
15310.93650078
15310.99040609
15311.05007531
15311.16279237
15311.23274596
15311.30255425
15311.32742599
15311.37649583
15311.43634864
15311.51198178
15311.55387752
15311.66649413
15311.69046159
15311.74126589
15311.80015175
15311.86033857
15311.91789274
15311.97673447
15312.08943666
15312.11235695
15312.16425084
15312.22117159
15312.28189017
15312.33970326
15312.45236205
15312.52147060
15312.59219780
15312.66201169
15312.73197187
15312.81266527
15312.87047447
15312.89056047
15312.94617587
15313.00416963
15313.07407739
15313.13471502
15313.19253104
15313.25284952
15313.31229614
15313.42408648
15313.44523306
15313.55373148
15313.62357000
15313.64434428
15313.69725826
15313.75536076
15313.86893042
15313.89069628
15313.94370145
15314.00160914
15314.06133419
15314.12021030
15314.23289396
15314.30209150
15314.32458805
15314.39947976
15314.44638335
15314.50610402
15314.56491186
15314.67776813
15314.69866358
15314.75257792
15314.81044977
15314.87023261
15314.92809544
15314.98787998
15315.11155872
15315.13242272
15315.18559076
15315.29900779
15315.36901697
15315.43793877
15315.51957986
15315.57736687
15315.59956719
15315.65407984
15315.71199972
15315.77086339
15315.88453692
15315.90539385
15315.96028147
15316.02901456
15316.08711096
15316.14596610
15316.20487268
15316.26383948
15316.32329196
15316.38135471
15316.49482392
15316.56874893
15316.63453436
15316.70348004
15316.72434282
15316.79513073
15316.83826137
15316.90778952
15317.02060678
15317.04163658
15317.09525371
15317.15227126
15317.21597845
15317.27114841
15317.38681117
15317.40476677
15317.46048847
15317.51920854
15317.56817135
15317.67980296
15317.70273837
15317.75672146
15317.81351470
15317.87428009
15317.93310280
15318.04485681
15318.11363305
15318.19745868
15318.23059483
15318.26326190
15318.31720135
15318.37606526
15318.43683723
15318.54780398
15318.61740332
15318.68823829
15318.71130584
15318.76620273
15318.82084069
15318.88075372
15318.99372654
15319.01824793
15319.06812356
15319.12700795
15319.18481617
15319.24468654
15319.35640324
15319.37929452
15319.43218413
15319.49123724
15319.58078215
15319.64263639
15319.75672707
15319.82646538
15319.84835070
15319.95506663
15319.97581458
15320.03061565
15320.14250010
15320.16341872
15320.21930255
15320.27800433
15320.39461283
15320.46069644
15320.48450273
15320.53635079
15320.59426238
15320.65310338
15320.71279332
15320.77269270
15320.83261523
15320.89036762
15320.96729149
15321.07491000
15321.09492920
15321.15068991
15321.20876949
15321.32215897
15321.39199529
15321.41289514
15321.46680826
15321.52664960
15321.63848773
15321.65934247
15321.71425374
15321.77395417
15321.83233851
15321.90262271
15322.01547337
15322.08623373
15322.10634193
15322.12803317
15322.17402053
15322.23390528
15322.29253733
15322.36954580
15322.43631475
15322.48003614
15322.54099072
15322.60210159
15322.65818242
15322.72758842
15322.79154746
15322.84624224
15322.90697276
15322.97675568
15323.08953906
15323.15846695
15323.22927119
15323.25108946
15323.30488312
15323.36468862
15323.47658112
15323.49832552
15323.55424397
15323.61212411
15323.72488676
15323.75478757
15323.80075444
15323.85862752
15323.91930684
15323.97824756
15324.09087952
15324.15993370
15324.18165397
15324.23549711
15324.29534382
15324.36419369
15324.42408478
15324.53781047
15324.55766925
15324.61346311
15324.67243796
15324.73217911
15324.79024918
15324.84898412
15324.90878816
15325.03255491
15325.06734922
15325.10106686
15325.16784508
15325.23765483
15325.29548328
15325.35528562
15325.41520206
15325.52702580
15325.59684579
15325.61862798
15325.67355242
15325.73151034
15325.79033329
15325.85202662
15325.96395666
15326.03478382
15326.05559516
15326.10942807
15326.16932647
15326.22803020
15326.30478730
15326.34667427
15326.46181820
15326.47942637
15326.53318029
15326.59404685
15326.70689849
15326.77648735
15326.80298457
15326.85476582
15326.91124455
15327.02312680
15327.04403127
15327.10065604
15327.15957774
15327.21739352
15327.27645833
15327.33706086
15327.39932128
15327.51353216
15327.57749560
15327.68330309
15327.71905142
15327.78886873
15327.80975857
15327.86363073
15327.92588628
15327.98348922
15328.04133181
15328.10344181
15328.21377441
15328.23277449
15328.28853373
15328.34849869
15328.40836857
15328.47114782
15328.52682807
15328.58571539
15328.65700019
15328.71342089
15328.77426966
15328.83223196
15328.94415932
15329.01453446
15329.08648973
15329.15440776
15329.23023058
15329.25104070
15329.30086611
15329.36069624
15329.41905035
15329.49186164
15329.55916331
15329.61996771
15329.67807947
15329.73690462
15329.79756810
15329.85631255
15329.91533664
15329.97317632
15330.03530167
15330.11061103
15330.15155568
15330.21393874
15330.27275487
15330.32827591
15330.45201389
15330.52384506
15330.54456473
15330.59840568
15330.65720767
15330.71633441
15330.77914341
15330.83487632
15330.89571753
15330.95356111
15331.01261690
15331.07218031
15331.13200483
15331.19336901
15331.31359346
15331.37348283
15331.39436561
15331.45026358
15331.51901081
15331.57683390
15331.63773362
15331.69663265
15331.75541440
15331.81430806
15331.87407675
15331.93206905
15331.99521987
15332.05264799
15332.11162845
15332.18055243
15332.24028017
15332.29991940
15332.35876820
15332.41764918
15332.49255771
15332.53569250
15332.59530662
15332.65347909
15332.71316830
15332.77206830
15332.83099999
15332.89075625
15332.95051593
15333.00760710
15333.06832763
15333.13731257
15333.19798530
15333.25685215
15333.31670081
15333.37544209
15333.43526003
15333.49418685
15333.55312391
15333.62871462
15333.67067303
15333.73150253
15333.78941291
15333.85030410
15333.90811793
15333.96599881
15334.02693974
15334.09561382
15334.15454283
15334.21446122
15334.30532977
15334.36595009
15334.42636805
15334.48459806
15334.54457253
15334.60242196
15334.66208727
15334.73904186
15334.77995749
15334.83958380
15334.89938077
15334.97939419
15335.03826493
15335.09709642
15335.15771650
15335.21568076
15335.27543653
15335.33328961
15335.39324847
15335.45293232
15335.52203819
15335.58176227
15335.64157655
15335.70142716
15335.75923538
15335.82018119
15335.89611933
15335.93684528
15336.00673183
15336.06647516
15336.12530007
15336.18520213
15336.24795383
15336.30299676
15336.36168123
15336.42147796
15336.48141098
15336.54025588
15336.59905324
15336.65713940
15336.71702220
15336.77681137
15336.83660883
15336.89637363
15336.95443882
15337.03100429
15337.07277545
15337.13181271
15337.19150753
15337.24949178
15337.31023376
15337.37009681
15337.42709509
15337.48668727
15337.54565431
15337.60543983
15337.66345285
15337.72235285
15337.78118653
15337.84085721
15337.91165561
15337.97153840
15338.03049009
15338.09014005
15338.16496447
15338.20803611
15338.26760780
15338.32647708
15338.38637890
15338.44418931
15338.50410990
15338.56283850
15338.62082007
15338.68079185
15338.74041280
15338.81028740
15338.87013411
15338.92799158
15338.98772151
15339.04761162
15339.10644945
15339.16627787
15339.22621187
15339.30196423
15339.34299055
15339.40264806
15339.46550070
15339.52045245
15339.58083384
15339.64002885
15339.69906855
15339.76881515
15339.82760543
15339.88663026
15339.94554806
15340.00428105
15340.06309816
15340.12187454
15340.18261067
15340.24060029
15340.30035094
15340.36027177
15340.43697060
15340.47891657
15340.53865186
15340.59762695
15340.66745962
15340.73717013
15340.79623470
15340.85514787
15340.91481733
15340.97367832
15341.03266829
15341.09244502
15341.15058775
15341.21107276
15341.27226188
15341.33008668
15341.38988342
15341.44743588
15341.50536064
15341.59427847
15341.63511560
15341.69486357
15341.75396739
15341.81363539
15341.87338726
15341.93156534
15341.99037001
15342.05225960
15342.13169495
15342.17956086
15342.23756608
15342.29639635
15342.35714174
15342.41592544
15342.48585368
15342.54366970
15342.61554403
15342.70329206
15342.74515660
15342.80305113
15342.86371070
15342.92182198
15342.98162407
15343.04145762
15343.10008675
15343.15997174
15343.21977310
15343.27977268
15343.33661103
15343.39652454
15343.46619849
15343.52412447
15343.58297229
15343.64286582
15343.70248310
15343.76163106
15343.83819481
15343.88049602
15343.93887621
15343.99896088
15344.05759903
15344.11738406
15344.17546730
15344.23430927
15344.29505150
15344.35313644
15344.42332945
15344.48364014
15344.54149322
15344.60030618
15344.66045277
15344.71983600
15344.78080765
15344.83758285
15344.89734838
15344.97519238
15345.02003676
15345.07995734
15345.13985721
15345.22255619
15345.27239915
15345.33330473
15345.39410937
15345.45723361
15345.51485751
15345.57470910
15345.63537404
15345.69620623
15345.75805071
15345.81904040
15345.87881202
15345.93889255
15346.00350744
15346.07823507
15346.12523424
15346.18201749
15346.24199927
15346.30367455
15346.36370022
15346.42768340
15346.48825545
15346.54610902
15346.60625245
15346.66589924
15346.72873969
15346.78773696
15346.85036896
15346.91025760
15346.99295439
15347.04185722
15347.10275012
15347.18447557
15347.26811273
15347.32810817
15347.38867168
15347.44958750
15347.51061376
15347.57121263
15347.63107299
15347.69195151
15347.75289585
15347.81263748
15347.87350770
15347.93673459
15347.99415954
15348.05937957
15348.11680696
15348.17582765
15348.25645791
15348.29831635
15348.36159907
15348.41901768
15348.47979623
15348.53991528
15348.60163616
15348.66230183
15348.72240966
15348.78221126
15348.84302249
15348.90466266
15348.96453132
15349.02533011
15349.08629493
15349.14953303
15349.20798588
15349.27021657
15349.32882960
15349.40646368
15349.45030576
15349.51022172
15349.57197941
15349.63185148
15349.69264783
15349.75258499
15349.81538034
15349.87506296
15349.93415240
15349.99675441
15350.05661453
15350.12088517
15350.17757235
15350.23812123
15350.29837194
15350.35895178
15350.42409940
15350.48146340
15350.57921641
15350.61713172
15350.67292924
15350.73480810
15350.79482670
15350.85557088
15350.91926905
15350.97716333
15351.03712512
15351.09979149
15351.15977620
15351.18066410
15351.23591183
15351.29236886
15351.35226360
15351.41594812
15351.47599402
15351.53489890
15351.55572584
15351.60966798
15351.67125793
15351.73457575
15351.79193732
15351.87171814
15351.91260744
15351.98441594
15352.04833695
15352.10714016
15352.16807548
15352.22705106
15352.28884605
15352.34849674
15352.41043363
15352.47041322
15352.52996444
15352.59086587
15352.65236805
15352.71251075
15352.77682551
15352.83524960
15352.89503170
15352.97524699
15353.01576668
15353.07553293
15353.13781969
15353.19728728
15353.25817579
15353.31992275
15353.37985992
15353.43988266
15353.50061245
15353.56246328
15353.62456254
15353.68612446
15353.74591412
15353.80287900
15353.86666226
15353.92553032
15353.98532047
15354.04723761
15354.12488852
15354.16903365
15354.22959863
15354.28945509
15354.34949051
15354.41038073
15354.47014796
15354.56396587
15354.62561848
15354.68642532
15354.74722703
15354.80722125
15354.86623389
15354.92895390
15354.98955764
15355.04950407
15355.10946951
15355.17107312
15355.24607528
15355.29195097
15355.35376108
15355.41266717
15355.47402648
15355.53415114
15355.59405002
15355.65585648
15355.71669086
15355.77669678
15355.83744217
15355.89741128
15355.96008082
15356.02097079
15356.08071657
15356.14056523
15356.20255966
15356.22243063
15356.28218981
15356.34103641
15356.39995738
15356.47167494
15356.52084474
15356.59246477
15356.66127807
15356.72296944
15356.78392086
15356.84301810
15356.90459269
15356.96444964
15357.02535619
15357.08621106
15357.14627013
15357.22877016
15357.28090640
15357.33948164
15357.39945001
15357.46217636
15357.52090691
15357.59872458
15357.64167237
15357.70481490
15357.76435026
15357.82515417
15357.88602098
15357.94486588
15358.00670476
15358.06677871
15358.12787689
15358.18931178
15358.24820958
15358.31097323
15358.36987713
15358.43158241
15358.50342187
15358.56231504
15358.62329303
15358.70092711
15358.74578441
15358.80752699
15358.86538787
15358.92760831
15359.01007616
15359.05988401
15359.11885277
15359.18056682
15359.24143363
15359.30157852
15359.36219811
15359.42297544
15359.48272073
15359.54370262
15359.60657257
15359.66724726
15359.72611556
15359.80489311
15359.84688297
15359.90862042
15359.96864853
15360.02952070
15360.09017369
15360.15104002
15360.21095427
15360.27176744
15360.33364801
15360.39234248
15360.45420793
15360.51314329
15360.57597959
15360.63673547
15360.69570959
15360.77850097
15360.82937988
15360.90429158
15360.95011583
15361.01072323
15361.07088300
15361.13160791
15361.19238792
15361.25312698
15361.31493733
15361.37500542
15361.43575277
15361.49552707
15361.55536793
15361.61729190
15361.67903448
15361.73794057
15361.79867743
15361.85861898
15361.92045982
15361.98143561
15362.06106966
15362.10213255
15362.16277799
15362.23455015
15362.29544964
15362.35626622
15362.41618608
15362.47694074
15362.55884149
15362.61062712
15362.66842364
15362.73044148
15362.79022212
15362.85011393
15362.91283492
15362.97257289
15363.03344579
15363.09433601
15363.17223341
15363.25988197
15363.31863202
15363.37861478
15363.44135673
15363.50213577
15363.56100676
15363.62280321
15363.68370855
15363.74286113
15363.80554140
15363.86570702
15363.92617471
15363.98613504
15364.04591422
15364.10762363
15364.16855920
15364.24625691
15364.29017920
15364.38286682
15364.43192008
15364.49258161
15364.55450143
15364.61432547
15364.67518789
15364.73496951
15364.79483694
15364.85560745
15364.91740951
15364.97852184
15365.03909242
15365.09902203
15365.15910402
15365.22086610
15365.28242947
15365.35868481
15365.40312642
15365.46214588
15365.52485468
15365.58485328
15365.64878185
15365.70637820
15365.76625490
15365.82613989
15365.88800023
15365.94963382
15366.00947834
15366.07039294
15366.13027135
15366.19106501
15366.25484340
15366.31296418
15366.37313102
15366.43739629
15366.51221340
15366.55525285
15366.61593681
15366.67673681
15366.73663253
15366.79654166
15366.85736507
15366.91820092
15366.97909333
15367.04091490
15367.09986732
15367.16155479
15367.22133470
15367.28233683
15367.37518267
15367.43909028
15367.49668809
15367.56072711
15367.63524847
15367.67924878
15367.73912207
15367.80084246
15367.86163515
15367.92143798
15367.98246497
15368.05433613
15368.11417406
15368.17495774
15368.23495902
15368.29570027
15368.35734898
15368.41726908
15368.47912673
15368.53893882
15368.59973469
15368.65883047
15368.73755803
15368.78266402
15368.84207797
15368.90198905
15368.96286244
15369.02697801
15369.08350331
15369.14539558
15369.20608222
15369.26649676
15369.32688303
15369.38767743
15369.44754633
15369.50848165
15369.57019375
15369.63032206
15369.69004930
15369.75407491
15369.81174123
15369.89236345
15369.93325787
15369.99408445
15370.05397870
15370.11880766
15370.18069457
15370.24344360
15370.30547655
15370.36926420
15370.43114867
15370.49484562
15370.55784772
15370.63146699
15370.69526634
15370.75611243
15370.81995762
15370.88293679
15370.96256914
15371.01848442
15371.08257854
15371.14528831
15371.20821092
15371.27172428
15371.33270691
15371.39765972
15371.45937255
15371.52202527
15371.58508588
15371.64880940
15371.70973814
15371.77674505
15371.83550998
15371.89923449
15371.96215466
15372.04512208
15372.08726895
15372.15151618
15372.21565589
15372.27808186
15372.33997853
15372.40180790
15372.46568551
15372.52850743
15372.62249309
15372.68617346
15372.75118260
15372.80987414
15372.87757640
15372.93742506
15372.99842499
15373.08008412
15373.12816605
15373.18825633
15373.25080445
15373.31336427
15373.37731918
15373.50496957
15373.52797983
15373.59770327
15373.66156528
15373.72437549
15373.78815290
15373.85113257
15373.92193998
15373.98589123
15374.04743510
15374.11136660
15374.19117424
15374.23592305
15374.30314110
15374.36376580
15374.42551716
15374.48934455
15374.55221084
15374.61508055
15374.67896645
15374.74011243
15374.80266835
15374.86553391
15374.92751664
15374.99023787
15375.05713019
15375.11671578
15375.17975469
15375.26231860
15375.30516740
15375.36842793
15375.43104724
15375.45283650
15375.50698734
15375.57051362
15375.63340454
15375.69726802
15375.77022022
15375.83615584
15375.89680102
15375.95850020
15376.02469328
15376.08519730
15376.14707177
15376.20904987
15376.27311473
15376.33464446
15376.41529934
15376.46035876
15376.52403036
15376.58781362
15376.64971784
15376.71160207
15376.78729299
15376.84948100
15376.91200938
15376.97586164
15377.03672528
15377.09997191
15377.19631180
15377.25905935
15377.32094285
15377.38479974
15377.46448914
15377.51147417
15377.57224735
15377.63504514
15377.69808015
15377.76168348
15377.82454757
15377.88833254
15377.94917010
15378.01204005
15378.07596106
15378.13874714
15378.20059065
15378.26439366
15378.32715414
15378.38912663
15378.45285357
15378.53270973
15378.57847108
15378.64130738
15378.73520234
15378.78903159
15378.85190861
15378.91266181
15378.97849307
15379.03957005
15379.10318581
15379.16923869
15379.22827255
15379.29294742
15379.35543581
15379.41735197
15379.47919841
15379.54117870
15379.62096489
15379.66774049
15379.73059629
15379.79249783
15379.85622307
15379.91910618
15379.98198296
15380.04581328
15380.10865690
15380.16941570
15380.23349422
15380.29612645
15380.35988533
15380.42272456
15380.48659633
15380.54941313
15380.61223870
15380.69009295
15380.74884593
15380.81108027
15380.87464507
15380.92660308
15380.94653720
15381.01309111
15381.07610271
15381.13978748
15381.20591448
15381.26555712
15381.32752108
15381.39103395
15381.45504737
15381.51602926
15381.57979887
15381.64359115
15381.70431167
15381.77302793
15381.84714165
15381.89379241
15381.95765784
15382.01966617
15382.08241275
15382.14614213
15382.21805498
15382.29307152
15382.35564743
15382.41940607
15382.48150071
15382.54411905
15382.60593842
15382.66981433
15382.73268184
15382.79536113
15382.85925289
15382.94130626
15382.98301647
15383.04574477
15383.10887242
15383.17343978
15383.23435803
15383.29810740
15383.36096882
15383.42296276
15383.48662827
15383.54957453
15383.61234500
15383.67436845
15383.73899041
15383.80075298
15383.86270913
15383.92665111
15384.00729429
15384.05213111
15384.11507665
15384.17687067
