15405.59752065
15405.65269402
15405.71517607
15405.77603191
15405.83976617
15405.90157774
15405.96438454
15406.02832531
15406.09056281
15406.15319286
15406.21698660
15406.27950937
15406.35189155
15406.41501238
15406.47879466
15406.54179237
15406.60347570
15406.66775146
15406.73283032
15406.79245882
15406.85330320
15406.91964110
15407.04806291
15407.09991145
15407.17876507
15407.27454931
15407.33699381
15407.40009392
15407.46320719
15407.55759659
15407.62059625
15407.68435245
15407.74634469
15407.82512906
15407.88603293
15407.97559637
15408.03775976
15408.10000629
15408.16222868
15408.22501159
15408.28899356
15408.38485460
15408.44774162
15408.50950930
15408.57395817
15408.63690418
15408.69897420
15408.75943726
15408.83569845
15408.89824145
15408.96170800
15409.02248436
15409.08631321
15409.14921803
15409.21106447
15409.27527391
15409.33861465
15409.39995348
15409.46369091
15409.52563145
15409.58957051
15409.65374216
15409.71412062
15409.77904052
15409.84088038
15409.93473877
15409.98889813
15410.04891039
15410.11271267
15410.17670951
15410.23756462
15410.30043115
15410.36602007
15410.42734524
15410.48928896
15410.55365517
15410.61511200
15410.67872216
15410.74060955
15410.81459112
15410.87787945
15410.94113633
15411.00289670
15411.06661462
15411.12849446
15411.19129200
15411.25494482
15411.31660450
15411.37935547
15411.44323870
15411.50525848
15411.57015230
15411.63216306
15411.69378325
15411.75988441
15411.81958922
15411.88347000
15411.94611882
15412.00856600
15412.07121238
15412.13481913
15412.19719097
15412.25933949
15412.32179326
15412.38563333
15412.44857374
15412.51078906
15412.57562948
15412.63975237
15412.70039853
15412.76302028
15412.83713644
15412.89982524
15412.96261351
15413.02455113
15413.08854285
15413.14981097
15413.21353231
15413.27536924
15413.33819311
15413.40222603
15413.46516010
15413.52737859
15413.59039727
15413.65266428
15413.71676864
15413.77864531
15413.84242198
15413.90593510
15413.96686653
15414.03107548
15414.08990794
15414.15190847
15414.21190049
15414.26943028
15414.32909462
15414.38988561
15414.44750707
15414.50775826
15414.56883451
15414.62687874
15414.68615176
15414.75716959
15414.81608104
15414.87671136
15414.93740238
15414.99630458
15415.05631269
15415.11536556
15415.17412220
15415.23476544
15415.29424887
15415.35344681
15415.41246359
15415.47255290
15415.54440065
15415.60378339
15415.66228817
15415.73301537
15415.79330996
15415.85273220
15415.91250724
15415.97213135
15416.03191370
15416.09042872
15416.15025032
15416.20912448
15416.26996715
15416.33019932
15416.38987196
15416.44858642
15416.50866207
15416.56836322
15416.63825977
15416.69714904
15416.75774546
15416.81621855
15416.87543380
15416.93629256
15416.99665152
15417.05507219
15417.11524951
15417.17395227
15417.23366537
15417.29474259
15417.35329321
15417.41201035
15417.47306855
15417.56392784
15417.62464203
15417.68512435
15417.74574443
15417.80267323
15417.86347494
15417.92204482
15417.98332660
15418.04254891
15418.10136431
15418.16115568
15418.22139175
15418.28051947
15418.34026793
15418.40036771
15418.45943740
15418.53080729
15418.59013298
15418.65018059
15418.70952505
15418.76877151
15418.82755838
15418.88643375
15418.94660595
15419.00699270
15419.06622989
15419.12538296
15419.18536426
15419.24404215
15419.30528930
15419.36520087
15419.43397296
15419.49541443
15419.55437782
15419.61420015
15419.67316330
15419.73242365
15419.79416110
15419.85169260
15419.91126332
15419.97270771
15420.03083703
15420.09117892
15420.14999115
15420.20885726
15420.27028898
15420.33850543
15420.39847624
15420.47325165
15420.53148532
15420.59206688
15420.65083546
15420.71096743
15420.76971115
15420.82958566
15420.89036055
15420.94756607
15421.00832415
15421.06616918
15421.12710011
15421.18915525
15421.24713682
15421.30672729
15421.36586403
15421.42464919
15421.48694961
15421.54478074
15421.60576995
15421.66300814
15421.72415948
15421.78425927
15421.84481498
15421.90443178
15421.96420364
15422.02227078
15422.08266314
15422.14040846
15422.20095661
15422.26000753
15422.31918474
15422.38115211
15422.43897691
15422.49979154
15422.56993896
15422.62957795
15422.68924522
15422.74868355
15422.80841372
15422.86688730
15422.92773412
15422.98669141
15423.05660721
15423.11716219
15423.17641377
15423.23536228
15423.29443441
15423.35399245
15423.41489316
15423.47380510
15423.53350407
15423.59368114
15423.65242169
15423.71296204
15423.77360406
15423.83195012
15423.89236735
15423.96823405
15424.02199869
15424.06977610
15424.14056060
15424.21311856
15424.29253148
15424.36234830
15424.42219745
15424.48321591
15424.54070400
15424.59999020
15424.66163671
15424.72176283
15424.77936625
15424.85150413
15424.91147811
15424.96997924
15425.03106256
15425.08984626
15425.13688980
15425.20943680
15425.27952010
15425.35004591
15425.42003534
15425.49035148
15425.56055157
15425.64529196
15425.71516144
15425.78600055
15425.85417629
15425.91314967
15425.97336186
15426.03301645
15426.09092000
15426.15318505
15426.21196291
15426.27064640
15426.33114287
15426.38973030
15426.44977133
15426.53037453
15426.57892432
15426.64243695
15426.69875111
15426.76886537
15426.83022517
15426.88788588
15426.94776746
15427.00820760
15427.06825229
15427.12719349
15427.18642044
15427.24763419
15427.30552287
15427.36536520
15427.42479914
15427.48451517
15427.54653154
15427.60445265
15427.66436031
15427.73654891
15427.79520412
15427.85337830
15427.91210495
15427.97354764
15428.03256491
15428.09266665
15428.16190637
15428.22105944
15428.28234073
15428.34284573
15428.40049498
15428.46217539
15428.51978344
15428.57941340
15428.65186361
15428.70976813
15428.76865716
15428.83008351
15428.88930047
15428.95937231
15429.02003066
15429.07877072
15429.13745617
15429.19717634
15429.25727442
15429.31641360
15429.37589533
15429.43570864
15429.49496094
15429.56553455
15429.62432873
15429.68517214
15429.74601286
15429.80368284
15429.86385236
15429.92348110
15429.98325638
15430.05501197
15430.11389758
15430.17134838
15430.23225859
15430.29164474
15430.35218022
15430.42206554
15430.48307840
15430.53003197
15430.59092097
15430.64955278
15430.69837004
15430.76909382
15430.85099506
15430.90940768
15430.97088036
15431.02849792
15431.08943910
15431.14823304
15431.20839012
15431.26854355
15431.32909682
15431.39675592
15431.45646805
15431.51648811
15431.57680830
15431.63606085
15431.69607993
15431.75727711
15431.81572167
15431.87552962
15431.93426407
15431.99432777
15432.05358008
15432.11271121
15432.17235336
15432.23109805
15432.30249134
15432.36076500
15432.42119539
15432.48280582
15432.54070181
15432.59147174
15432.66052323
15432.73135503
15432.81201845
15432.87153553
15432.91967085
15433.00384049
15433.06122253
15433.13187951
15433.18992228
15433.23986764
15433.33266107
15433.40329489
15433.47371221
15433.55520092
15433.61387296
15433.67482974
15433.73338084
15433.79216650
15433.84184074
15433.92225279
15433.99391549
15434.05487105
15434.11493036
15434.17206786
15434.22227727
15434.29306957
15434.37301496
15434.43272295
15434.49386112
15434.55018454
15434.59997313
15434.67009764
15434.74278604
15434.82425598
15434.89379705
15434.95355111
15435.01420483
15435.07155152
15435.14268125
15435.20338325
15435.26339721
15435.32215166
15435.38096340
15435.43011467
15435.50124148
15435.57295513
15435.65275814
15435.71319756
15435.77226700
15435.83114555
15435.88006399
15435.95086579
15436.03072317
15436.10372999
15436.16493472
15436.22336442
15436.27212535
15436.35409705
15436.41468445
15436.47270698
15436.53311226
15436.59257741
15436.65060604
15436.70078570
15436.77054327
15436.84124707
15436.91215176
15436.98327808
15437.06313985
15437.12371116
15437.18350472
15437.23242535
15437.30219048
15437.38419314
15437.44246314
15437.50291060
15437.56064592
15437.65586574
15437.71575731
15437.76284206
15437.83434019
15437.91438530
15437.97433466
15438.03510663
15438.09466613
15438.15215081
15438.20296780
15438.27187033
15438.34287523
15438.41306434
15438.49480905
15438.55434929
15438.61403826
15438.67259620
15438.72225996
15438.79242493
15438.86214008
15438.93292629
15439.01490432
15439.07387210
15439.16645293
15439.23709406
15439.29570149
15439.34584044
15439.41614487
15439.48547017
15439.55835411
15439.62924247
15439.71138483
15439.77093629
15439.82971561
15439.88052210
15439.94928322
15440.02271817
15440.09137933
15440.17152368
15440.23221470
15440.28165050
15440.36257211
15440.42302713
15440.48124812
15440.54295315
15440.59036411
15440.67380549
15440.73291809
15440.79161476
15440.85099920
15440.91086225
15440.97114855
15441.05164106
15441.09019076
15441.15082693
15441.21014092
15441.26914795
15441.31812051
15441.38939653
15441.45930087
15441.54161707
15441.60205063
15441.66185443
15441.72049770
15441.76756221
15441.85244329
15441.91034928
15441.97136408
15442.03126248
15442.10105906
15442.18172638
15442.23117997
15442.29193073
15442.34977650
15442.39861350
15442.48178377
15442.54182065
15442.61258930
15442.67052186
15442.73170368
15442.79080043
15442.84070410
15442.90788387
15442.96760259
15443.02768823
15443.08656263
15443.14745943
15443.20786325
15443.26761731
15443.32524828
15443.38603001
15443.43418337
15443.51793390
15443.57759215
15443.63489300
15443.69482163
15443.76748322
15443.82728190
15443.87657556
15443.94694924
15444.01648055
15444.09803631
15444.17947821
15444.22823354
15444.27660243
15444.36787107
15444.43031411
15444.48902345
15444.55066411
15444.60747905
15444.66987065
15444.72829595
15444.78947289
15444.84698976
15444.90837661
15444.96665027
15445.01683286
15445.08942349
15445.15793544
15445.22958814
15445.30980246
15445.37030868
15445.44018523
15445.49881704
15445.55995740
15445.60887194
15445.67708302
15445.74914825
15445.84032644
15445.89972796
15445.95879984
15446.01822647
15446.07961065
15446.14847587
15446.20847716
15446.26896192
15446.32802625
15446.39869811
15446.47090816
15446.55228471
15446.60976842
15446.66973192
15446.73010136
15446.79144019
15446.85053548
15446.89771653
15446.96891477
15447.05092206
15447.11116545
15447.17079542
15447.22066886
15447.28946606
15447.36064724
15447.44246753
15447.50118784
15447.56073710
15447.62376797
15447.69498669
15447.76503756
15447.84729306
15447.90548796
15447.96679436
15448.02631607
15448.08447806
15448.14418361
15448.20402544
15448.26389995
15448.32400510
15448.38358240
15448.43289678
15448.50231302
15448.58527093
15448.65706553
15448.71480743
15448.77531511
15448.83430898
15448.89423395
15448.95381004
15449.01400613
15449.07494681
15449.13341478
15449.19255225
15449.24223235
15449.31017646
15449.39217230
15449.44159445
15449.49970231
15449.57063943
15449.62994342
15449.69113426
15449.75080835
15449.81106661
15449.87065318
15449.92948930
15449.98932967
15450.05043371
15450.10909844
15450.16760615
15450.22762401
15450.28965745
15450.33742901
15450.41935414
15450.47817441
15450.53867356
15450.59747384
15450.64566963
15450.71555373
15450.77435816
15450.84498759
15450.90352895
15450.95446978
15451.01450838
15451.08326169
15451.13351694
15451.19228772
15451.25475807
15451.31201674
15451.37288477
15451.43159484
15451.49049143
15451.54139691
15451.62184724
15451.70407274
15451.76409329
15451.82419405
15451.88339808
15451.94290419
15452.00119491
15452.06196152
15452.12290269
15452.18244342
15452.24284456
15452.30217659
15452.35115549
15452.43135006
15452.49108584
15452.55209942
15452.61081120
15452.67031463
15452.71831293
15452.78996563
15452.87067171
15452.93175673
15452.99181629
15453.05161058
15453.11018729
15453.19333244
15453.24100452
15453.30020343
15453.34928961
15453.42032743
15453.49226002
15453.57329988
15453.63169471
15453.69173305
15453.75069961
15453.81201284
15453.87046496
15453.93023390
15453.99173998
15454.04014251
15454.12111557
15454.18072968
15454.24049764
15454.30047138
15454.36128504
15454.43104091
15454.48941013
15454.54899012
15454.59943578
15454.66989186
15454.75143226
15454.81077160
15454.85919072
15454.93049989
15455.01258764
15455.07215519
15455.13233544
15455.19079829
15455.23912061
15455.30955621
15455.38241943
15455.46338931
15455.52340474
15455.58358889
15455.64230969
15455.69095627
15455.77137929
15455.83393473
15455.89268308
15455.95060687
15456.01259861
15456.07247312
15456.13284280
15456.19212827
15456.24992576
15456.30855025
15456.35965127
15456.43970614
15456.50148943
15456.56014757
15456.61883814
15456.66861064
15456.73966918
15456.82073391
15456.87991721
15456.92989939
15457.03212995
15457.08167644
15457.12969181
15457.19960005
15457.27035432
15457.34345866
15457.42401163
15457.48383933
15457.54393594
15457.59228850
15457.66226525
15457.73424783
15457.80317645
15457.88456739
15457.94544639
15458.00455461
15458.05438855
15458.13663794
15458.19802114
15458.27875088
15458.33867829
15458.39790036
15458.45747742
15458.51671973
15458.56669605
15458.63894950
15458.70855518
15458.78957358
15458.84955780
15458.90915363
15458.96806607
15459.02777698
15459.07763384
15459.14461491
15459.20581452
15459.27708712
15459.33616827
15459.39633169
15459.45580513
15459.51613361
15459.57542761
15459.62310261
15459.70569139
15459.76479961
15459.82385613
15459.88521007
15459.94443166
15460.00424375
15460.05342379
15460.12304824
15460.19368255
15460.27677017
15460.33524960
15460.38409489
15460.45544746
15460.52519942
15460.60665815
15460.66720167
15460.72608850
15460.78609515
15460.83593836
15460.93950792
15460.98655317
15461.05954146
15461.11911925
15461.16946983
15461.25204812
15461.30996947
15461.37036183
15461.42932692
15461.48947133
15461.54940557
15461.60805981
15461.66778608
15461.72886330
15461.78845669
15461.83822163
15461.91810364
15461.98807844
15462.06105650
15462.12141496
15462.17043385
15462.25287634
15462.31138210
15462.37331485
15462.43257788
15462.49090273
15462.55281744
15462.61047206
15462.67032657
15462.73015549
15462.79005437
15462.86065894
15462.92050955
15463.01266786
15463.07347469
15463.13407185
15463.19077025
15463.25075959
15463.31019524
15463.37040620
15463.42991499
15463.48969856
15463.54897671
15463.61108914
15463.68225642
15463.74179398
15463.80027146
15463.86144181
15463.91978007
15464.00170228
15464.04970692
15464.11090628
15464.16917092
15464.22098191
15464.30199665
15464.35995140
15464.42014969
15464.46729124
15464.53895662
15464.62010156
15464.68082989
15464.73073161
15464.79853139
15464.88221780
15464.94301220
15465.00091965
15465.05114978
15465.11991505
15465.19143560
15465.29359425
15465.34250317
15465.40282726
15465.46243504
15465.52228663
15465.57014864
15465.64121644
15465.71314685
15465.79312833
15465.85428893
15465.91463252
15465.97516044
15466.03259539
15466.09164289
15466.15216471
15466.22319009
15466.28419051
15466.36060554
15466.40979559
15466.48029702
15466.55087891
15466.63253512
15466.69261394
15466.75059112
15466.81818219
15466.88942676
15466.94994346
15467.01181940
15467.08474649
15467.14651906
15467.20801270
15467.26925011
15467.33253941
15467.39252217
15467.44438899
15467.50561030
15467.56813185
15467.63122732
15467.69196833
15467.75284270
15467.81560757
15467.87881739
15467.93826059
15468.00240738
15468.06098165
15468.12317990
15468.18487591
15468.24863918
15468.31055925
15468.37104157
15468.43319155
15468.49425097
15468.55528845
15468.61817181
15468.68029156
15468.74087189
15468.80268176
15468.86373289
15468.92471283
15468.98829958
15469.04928854
15469.11094505
15469.17298873
15469.23490441
15469.29554692
15469.35866190
15469.42025233
15469.48162456
15469.54518620
15469.60369879
15469.66738160
15469.72748260
15469.79113006
15469.85084634
15469.94709503
15470.00757248
15470.06952376
15470.13135776
15470.19312545
15470.25453498
15470.31593842
15470.37872133
15470.44059434
15470.50142555
15470.56328126
15470.62387793
15470.68569901
15470.74883179
15470.80937604
15470.87246298
15470.93426553
15470.99438409
15471.05650213
15471.11860408
15471.18089986
15471.24199951
15471.30420996
15471.36632166
15471.42820906
15471.48822595
15471.54894038
15471.61254468
15471.67370309
15471.73635386
15471.79745253
15471.86006551
15471.92070972
15471.98260858
15472.04638940
15472.10651162
15472.16804110
15472.22896618
15472.29338335
15472.35245475
15472.41437872
15472.47650042
15472.53927382
15472.60010869
15472.69530559
15472.74605894
15472.80675094
15472.86821752
15472.92921282
15473.00306127
15473.06621697
15473.12551901
15473.18898142
15473.25049457
15473.32146899
15473.38367846
15473.44553709
15473.49760530
15473.55890366
15473.62079617
15473.68093887
15473.74382101
15473.80394713
15473.86749682
15473.92770559
15473.99028638
15474.05138530
15474.11277338
15474.17558993
15474.23631168
15474.29826466
15474.36063090
15474.42113005
15474.47321069
15474.53418234
15474.59590931
15474.66523851
15474.72760280
15474.79051420
15474.85126496
15474.91396473
15474.97488006
15475.03647635
15475.09746970
15475.16072365
15475.22229677
15475.28333767
15475.34382511
15475.40717463
15475.46861683
15475.53037453
15475.59121062
15475.65569044
15475.71588117
15475.77671555
15475.83900280
15475.89989131
15475.96106288
15476.02292249
15476.08585217
15476.14807456
15476.20868611
15476.27170234
15476.33194988
15476.39431197
15476.45707343
15476.51727805
15476.58006389
15476.64162604
15476.70238363
15476.76476791
15476.82830395
15476.88880700
15476.94923909
15477.01225753
15477.07217957
15477.13427933
15477.22908029
15477.27905978
15477.34302444
15477.40477652
15477.46464371
15477.52756901
15477.58839193
15477.65042586
15477.71123977
15477.78617049
15477.84649702
15477.90781390
15477.96978858
15478.03222943
15478.09314963
15478.15465791
15478.21555812
15478.27895836
15478.33891673
15478.40171939
15478.46242797
15478.52513164
15478.58722482
15478.64810480
15478.72227361
15478.78361463
15478.84411646
15478.90665629
15478.96946529
15479.02989349
15479.09127254
15479.15227443
15479.21574488
15479.27807528
15479.33766355
15479.39889949
15479.46149321
15479.52441387
15479.58366325
15479.64570083
15479.70781180
15479.76917501
15479.83170412
15479.89305903
15479.95546940
15480.01784418
15480.07804563
15480.14153657
15480.20155151
15480.26340087
15480.32603359
15480.38765938
15480.45039768
15480.51055549
15480.57270669
15480.63545474
15480.69488307
15480.75717592
15480.81771969
15480.88146418
15480.94429244
15481.03614574
15481.08712144
15481.15098516
15481.21163449
15481.27317446
15481.33440236
15481.39716016
15481.45733138
15481.51905469
15481.58064879
15481.64479289
15481.70552414
15481.76631732
15481.82937062
15481.88963010
15481.95042303
15482.01226752
15482.07512821
15482.13739083
15482.19943085
15482.25975324
15482.32307131
15482.38343807
15482.44478713
15482.50750056
15482.56923923
15482.63146528
15482.69234526
15482.75491093
15482.82994966
15482.89022426
15482.95216505
15483.01418484
15483.07619122
15483.13685225
15483.20044388
15483.26142528
15483.32198489
15483.38505257
15483.44658596
15483.50949980
15483.56957374
15483.63211016
15483.69559426
15483.75514548
15483.81726596
15483.87839438
15483.94118485
15484.00311832
15484.09578180
15484.14769276
15484.20834794
15484.27089167
15484.33292365
15484.39656892
15484.45550256
15484.51754210
15484.57903014
15484.64207782
15484.70420732
15484.76458725
15484.82537043
15484.88805631
15484.95020044
15485.01249231
15485.07278764
15485.13558298
15485.19651050
15485.25834962
15485.31802006
15485.38171068
15485.44234611
15485.50439394
15485.56630937
15485.62859686
15485.68945758
15485.75204032
15485.81443118
15485.87601772
15485.93745115
15485.99754728
15486.06050256
15486.12104242
15486.18344816
15486.24535238
15486.30738046
15486.36933588
15486.44035614
15486.50356181
15486.56483554
15486.62663956
15486.68760243
15486.74941522
15486.81138186
15486.87375005
15486.93482239
15486.99775549
15487.05970116
15487.12035098
15487.18129386
15487.24309153
15487.30568574
15487.36659326
15487.42993962
15487.49068257
15487.55253657
15487.61454270
15487.67644327
15487.73783281
15487.79884517
15487.86094858
15487.92231277
15487.98494939
15488.04725931
15488.10684856
15488.16938474
15488.23102662
15488.29392607
15488.35375425
15488.41579671
15488.47873542
15488.53970975
15488.60142356
15488.66289843
15488.72442011
15488.78621486
15488.84832266
15488.91000746
15488.97162959
15489.03458902
15489.09472074
15489.15739248
15489.21847750
15489.27926800
15489.37436299
15489.43580860
15489.49917519
15489.55945589
15489.62211006
15489.68401550
15489.74461120
15489.80548728
15489.86915985
15489.92969873
15489.99133452
15490.05495979
15490.11572299
15490.17683653
15490.23793326
15490.29965145
15490.36158127
15490.42375588
15490.48608603
15490.54642817
15490.60969114
15490.67088343
15490.73247436
15490.79397069
15490.85609556
15490.93156534
15490.99683291
15491.05904263
15491.12306092
15491.18798887
15491.25193719
15491.32686645
15491.40077146
15491.46564894
15491.54705183
15491.62027077
15491.68310926
15491.74815838
15491.81215059
15491.87706854
15491.94043855
15492.00567418
15492.07008135
15492.13354424
15492.19821790
15492.26326190
15492.33556192
15492.40070515
15492.46657152
15492.53029382
15492.59424190
15492.65728398
15492.72293092
15492.78638211
15492.85118913
15492.91336179
15492.97897557
15493.04286635
15493.10803079
15493.17037631
15493.23551076
15493.29914116
15493.37376102
15493.43779614
15493.50219136
15493.56625817
15493.63236421
15493.69498693
15493.75913274
15493.82489281
15493.88775813
15493.95237107
15494.01666585
15494.08125855
15494.14408218
15494.20983299
15494.27284044
15494.33881458
15494.41109119
15494.47668059
15494.54059161
15494.60475546
15494.66868183
15494.73237342
15494.79629175
15494.86099442
15494.92591895
15494.98889155
15495.05453020
15495.11810598
15495.18343158
15495.24729847
15495.31186485
15495.37527995
15495.45012364
15495.51325714
15495.58033964
15495.65280886
15495.71649484
15495.78290490
15495.84619494
15495.91132232
15495.97419715
15496.03850948
15496.10158642
15496.16662384
15496.23122264
15496.29560592
15496.35968078
15496.42400968
15496.48639567
15496.55287230
15496.61561278
15496.68137285
15496.74647366
15496.80933800
15496.87288745
15496.93518786
15497.00172739
15497.06404487
15497.12892137
15497.19300793
15497.25912104
15497.32327757
15497.38573353
15497.46137350
15497.52537497
15497.58932134
15497.65390283
15497.71835827
15497.78085666
15497.84536135
15497.90875720
15497.97475645
15498.05388167
15498.11760568
15498.18260068
15498.24617451
15498.30940773
15498.38479340
15498.44778745
15498.51375452
15498.57662422
15498.64237844
15498.70635285
15498.77004834
15498.83391132
15498.89811052
15498.96219806
15499.02673128
15499.08993232
15499.15498973
15499.22012077
15499.28359976
15499.35712638
15499.42146358
15499.48732093
15499.55004069
15499.64652954
15499.71244711
15499.77573251
15499.84119538
15499.91812973
15499.99806123
15500.06148999
15500.12481099
15500.18976697
15500.25498286
15500.32783974
15500.39168273
15500.45773244
15500.52152668
15500.58536894
15500.65013890
15500.71368079
15500.77870967
15500.84242759
15500.90672773
15500.97096375
15501.06829642
15501.13283720
15501.19513176
15501.26025280
15501.33513671
15501.39789768
15501.47394627
15501.53876377
15501.60350032
15501.66582877
15501.73070747
15501.79341090
15501.85938820
15501.92227888
15501.98750379
15502.05129899
15502.11630593
15502.18107979
15502.24372324
15502.31849817
15502.38282196
15502.44821266
15502.51056768
15502.57454404
15502.64070639
15502.70467276
15502.76780602
15502.83306262
15502.89573314
15502.96172385
15503.02598035
15503.09087270
15503.15480956
15503.21840509
15503.29218039
15503.35626500
15503.42171495
15503.49597934
15503.56031970
15503.62414270
15503.68860619
15503.75290389
15503.81785256
15503.88089660
15503.94541177
15504.00905387
15504.07360635
15504.13634976
15504.20361145
15504.26499563
15504.32919507
15504.40610406
15504.46827404
15504.53577271
15504.63012506
15504.68348814
15504.74871086
15504.81227006
15504.87507345
15504.94192554
15505.00461922
15505.07058043
15505.13480060
15505.19838223
15505.26184561
15505.32500618
15505.40162211
15505.47558320
15505.53954396
15505.60334282
15505.66991844
15505.73174366
15505.79767245
15505.86168318
15505.92382414
15505.98743015
15506.05348401
15506.11728361
15506.19539605
15506.25907081
15506.33520035
15506.39877515
15506.46478854
15506.52724109
15506.59150806
15506.65599520
15506.71939276
15506.80556091
15506.86862030
15506.93445497
15506.99777865
15507.06208464
15507.15818144
15507.21268092
15507.28617122
15507.34129778
15507.41613220
15507.47986596
15507.54512452
15507.60766996
15507.67239115
15507.73730764
15507.80113674
15507.86536885
15507.92986867
15507.99273326
15508.05663574
15508.15379117
15508.21817371
15508.28212544
15508.34665184
15508.41130403
15508.48488259
15508.54922344
15508.61374203
15508.67749555
15508.74252151
15508.80757087
15508.87236448
15508.93514910
15508.99888896
15509.06413703
15509.12725786
15509.19162992
15509.28744561
15509.37823078
15509.45314858
15509.51710885
15509.58103132
15509.64681529
15509.71043983
15509.77551967
15509.83805706
15509.90304596
15509.96781031
15510.03255613
15510.09460591
15510.16003318
15510.22294799
15510.28766212
15510.35165603
15510.41636577
15510.49045461
15510.55498247
15510.61959419
15510.68140918
15510.74756081
15510.80999434
15510.87511660
15510.93951597
15511.00507733
15511.06899201
15511.13358764
15511.19768176
15511.26143869
15511.32559669
15511.40056642
15511.47459114
15511.53972511
15511.60447239
15511.66722507
15511.73122118
15511.79725626
15511.85976148
15511.92426349
15511.98860507
15512.05226570
15512.11660533
15512.18036226
15512.24663726
15512.31117511
15512.37346796
15512.43720539
15512.51235310
15512.57699116
15512.64141783
15512.70545319
15512.76792793
15512.83330692
15512.89673446
15512.96311064
15513.02683173
15513.09044286
15513.15450236
15513.22071518
15513.28338862
15513.35789243
15513.42275309
15513.49754069
15513.56128129
15513.62421024
15513.68997128
15513.75301215
15513.81733447
15513.88113870
15513.97912698
15514.04297217
15514.10686246
15514.17211370
15514.23574872
15514.30439769
15514.36470764
15514.42816152
15514.49298999
15514.56671580
15514.63342380
15514.69577395
15514.75950187
15514.82415212
15514.88779494
15514.95243398
15515.01535098
15515.08101865
15515.14390323
15515.20989443
15515.27377497
15515.33763868
15515.40067589
15515.46655323
15515.54098073
15515.60481909
15515.67018590
15515.73371754
15515.81149401
15515.87565176
15515.93929410
15516.00538600
15516.06849537
15516.13120197
15516.19717610
15516.26002947
15516.32510858
15516.38899570
15516.46540172
15516.54070742
15516.60095520
15516.65916985
15516.72226630
15516.78239363
15516.84281720
15516.90274705
15516.96170947
15517.02273085
15517.08246663
15517.17723931
15517.23539178
15517.29759102
15517.35612481
15517.41723397
15517.47831631
15517.53853995
15517.59883722
15517.65996296
15517.71981479
15517.78056823
15517.83992586
15517.89961215
15517.96094098
15518.02150327
15518.08263193
15518.14307135
15518.20143350
15518.26128436
15518.32201220
15518.38381207
15518.44360758
15518.50479451
15518.56464708
15518.62302191
15518.68324165
15518.74597605
15518.80527102
15518.86558487
15518.92626053
15518.98541653
15519.04747996
15519.10596719
15519.17828525
15519.23922886
15519.29812959
15519.35832471
15519.41879777
15519.47986523
15519.54092295
15519.60066189
15519.66255173
15519.72214122
15519.78081862
15519.84238590
15519.90243936
15519.96275687
15520.02296857
15520.08416062
15520.14338269
15520.20440871
15520.26419618
15520.32618500
15520.38556677
15520.44565802
15520.50553862
15520.56696156
15520.62682558
15520.70890529
15520.76963703
15520.82992845
15520.89279938
15520.95047423
15521.01238918
15521.07126529
15521.13082040
15521.19157384
15521.26324264
15521.32521659
15521.38380183
15521.44454625
15521.50496811
15521.56419042
15521.62423828
15521.68596769
15521.74632567
15521.80614678
15521.86694801
15521.92790673
15521.98746112
15522.04703842
15522.10832093
15522.16818373
15522.24126223
15522.30037264
15522.36040294
15522.42002462
15522.48030068
15522.54201814
15522.60289324
15522.66196976
15522.72300870
15522.78255626
15522.84336211
15522.90238670
15522.96519350
15523.02590891
15523.08565054
15523.14582713
15523.20519670
15523.26542230
15523.32561034
15523.38546632
15523.44534789
15523.50623275
15523.56589587
15523.62774133
15523.68801349
15523.74931063
15523.80873506
15523.86839477
15523.92966241
15523.98994944
15524.05009677
15524.11019607
15524.17159243
15524.23068187
15524.29221794
15524.35256861
15524.43298919
15524.48361673
15524.54264570
15524.60486468
15524.66590972
15524.72532928
15524.82908511
15524.88887185
15524.94983277
15525.01008226
15525.06984632
15525.13081602
15525.19035992
15525.25077641
15525.30972493
15525.37035841
15525.43087024
15525.49241387
15525.55302882
15525.61376398
15525.67340881
15525.73390113
15525.79396776
15525.85579616
15525.91436896
15525.97628343
15526.03574175
15526.09533563
15526.15711624
15526.21659309
15526.27666192
15526.34309563
15526.39731449
15526.45920335
15526.51779103
15526.57825043
15526.65041489
15526.71047811
15526.77210292
15526.83027686
15526.89114098
15526.94948656
15527.01159314
15527.08255099
15527.14410510
15527.20402057
15527.26252486
15527.33378259
15527.38409684
15527.44416200
15527.50485400
15527.56614992
15527.62631456
15527.68592965
15527.74665408
15527.80651615
15527.86746708
15527.92833755
15527.98852705
15528.04832257
15528.10845502
15528.19043745
15528.23999881
15528.30034021
15528.36191017
15528.42166302
15528.48174452
15528.54201619
15528.60220716
15528.66204558
15528.72329639
15528.78422416
15528.84333018
15528.90446128
15528.96463664
15529.02443142
15529.08583998
15529.14499842
15529.20650279
15529.26679860
15529.32671138
15529.38715811
15529.44742101
15529.50704878
15529.56890863
15529.62978202
15529.68886634
15529.74888177
15529.80815918
15529.86993906
15529.92972263
15529.98967028
15530.05147722
15530.11141658
15530.18522504
15530.24588047
15530.30410488
15530.36677758
15530.42650775
15530.48754401
15530.54673854
15530.60585577
15530.66647975
15530.72753551
15530.78840915
15530.84873470
15530.90952764
15530.96860367
15531.02891801
15531.08869377
15531.14982975
15531.21152722
15531.27112159
15531.33094806
15531.39301686
15531.45046521
15531.51362895
15531.57445993
15531.63530114
15531.69562718
15531.75486680
15531.81489077
15531.87576416
15531.93683138
15531.99674709
15532.05741764
15532.11775294
15532.17704718
15532.23744564
15532.29824272
15532.34861987
15532.40955543
15532.46833523
15532.53050643
15532.59039385
15532.64907906
15532.72210928
15532.78235365
15532.84237737
15532.90218288
15532.96347221
15533.02306585
15533.08196658
15533.14471072
15533.20370191
15533.26536305
15533.32448394
15533.38476561
15533.44401206
15533.50607671
15533.56608117
15533.63749786
15533.69769688
15533.75772645
15533.84035887
15533.88860244
15533.94934198
15534.01158559
15534.07037026
15534.13050321
15534.19086777
15534.25164315
15534.31218643
15534.37237813
15534.43402148
15534.49301949
15534.55277526
15534.62364290
15534.68449752
15534.74476504
15534.80446157
15534.86619244
15534.92685323
15534.98766494
15535.04636575
15535.10831410
15535.16674891
15535.22804483
15535.28776354
15535.34918770
15535.41023907
15535.46850566
15535.52798665
15535.58965024
15535.65060457
15535.71057636
15535.77093044
15535.83182431
15535.89225251
15535.95146191
15536.01100142
15536.07276569
15536.13256974
15536.19419967
15536.25350025
15536.31325627
15536.37363863
15536.44408228
15536.50621178
15536.56492234
15536.62495459
15536.68699144
15536.74695957
15536.80669925
15536.86673321
15536.92961413
15536.98839588
15537.04858807
15537.10892801
15537.16986163
15537.22890474
15537.29068072
15537.35046477
15537.42146504
15537.48329417
15537.54332130
15537.60196652
15537.66174960
15537.72423896
15537.78360927
15537.84512730
15537.90368255
15537.96475952
15538.02576238
15538.08549060
15538.14782978
15538.20650279
15538.26667523
15538.32796969
15538.38773033
15538.44665228
15538.50640366
15538.56863702
15538.62831039
15538.68804348
15538.74982287
15538.80964057
15538.86934173
15538.93012223
15538.99000673
15539.05159888
15539.11233574
15539.17076860
15539.23306170
15539.29327607
15539.35355628
15539.41401910
15539.47335698
15539.53389806
15539.61626449
15539.66540698
15539.72701961
15539.78664933
15539.84582386
15539.90832054
15539.96650861
15540.02655281
15540.08802159
15540.14614505
15540.20771404
15540.26821562
15540.32973243
15540.38955817
15540.45034453
15540.51069666
15540.56934992
15540.63218281
15540.69078683
15540.75163998
15540.81231760
15540.87219406
15540.93109869
15540.99302388
15541.05387874
15541.11369132
15541.17436235
15541.23351250
15541.29510367
15541.35456297
15541.41468299
15541.47631463
15541.54731051
15541.60586186
15541.66586096
15541.72510058
15541.78488269
15541.84526846
15541.90281581
15541.96345539
15542.02299856
15542.09217976
15542.15297001
15542.21354913
15542.27316691
15542.33144787
15542.38989609
15542.44991152
15542.50954588
15542.56910977
15542.62976276
15542.68759195
15542.74737015
15542.80637889
15542.86694094
15542.92550545
15542.98610432
15543.04572892
15543.10599620
15543.16336703
15543.22414241
15543.28435630
15543.34171225
15543.42643729
15543.47187242
15543.53134928
15543.59083393
15543.65060969
15543.70973205
15543.77017756
15543.82960565
15543.88936922
15543.95861065
15544.01714298
15544.07831821
15544.13767145
15544.19669531
15544.25554850
15544.31516700
15544.37551523
15544.43553919
15544.49244824
15544.55355057
15544.61330318
15544.67234970
15544.73104734
15544.79238397
15544.86223785
15544.92054905
15544.97965726
15545.04054041
15545.09952915
15545.15870563
15545.21911408
15545.27670897
15545.33740780
15545.39837823
15545.45732236
15545.51539633
15545.57715987
15545.63574243
15545.69487771
15545.76413498
15545.82433839
15545.88248063
15545.94336743
15546.00285818
15546.06089924
15546.12149396
15546.17957037
15546.24061419
15546.30061864
15546.35909149
15546.41802318
15546.47763389
15546.53867795
15546.59703645
15546.65843525
15546.72631646
15546.78557681
15546.84565782
15546.90514150
15546.96424338
15547.02518821
15547.08427424
15547.14343633
15547.20399643
15547.26383729
15547.32303522
15547.37194586
