7027.05344494
7027.15120684
7027.24890585
7027.33400040
7027.44043825
7027.56999020
7027.67288356
7027.80290070
7027.92148562
7028.03264289
7028.13644102
7028.23626750
7028.33592820
7028.45353447
7028.56823209
7028.66999247
7028.78673395
7028.86745627
7028.97728819
7029.08629799
7029.20484805
7029.31382030
7029.42328676
7029.53270713
7029.62949014
7029.73868109
7029.84688437
7029.93392086
7030.04243573
7030.15016651
7030.27275185
7030.36852135
7030.48170419
7030.59752236
7030.70542039
7030.81383530
7030.92342414
7031.08646330
7031.15229058
7031.26347759
7031.36980622
7031.46667993
7031.57622782
7031.68481363
7031.79271069
7031.90433949
7032.01107820
7032.11976423
7032.22946669
7032.33629220
7032.44456667
7032.55478699
7032.67607039
7032.75063482
7032.86948817
7032.97799475
7033.08703405
7033.19642590
7033.30330676
7033.42379315
7033.52166696
7033.61942692
7033.71712884
7033.82581877
7033.93495803
7034.04295407
7034.16458319
7034.27334797
7034.37010343
7034.46880643
7034.57749002
7034.67420866
7034.78395404
7034.87071941
7034.97960853
7035.07738969
7035.18595137
7035.29476466
7035.40333950
7035.51261164
7035.63093813
7035.75313996
7035.84883582
7035.95857949
7036.06621859
7036.17501994
7036.28479335
7036.39447874
7036.50238214
7036.59191304
7036.68971664
7036.79808571
7036.90960796
7037.01801531
7037.12874153
7037.24021283
7037.33790646
7037.44660663
7037.55662116
7037.66710552
7037.77690161
7037.88702489
7037.99773428
7038.08444626
7038.19418505
7038.30553688
7038.41431580
7038.51400916
7038.62269201
7038.74441037
7038.84304438
7038.95384325
7039.06155355
7039.17314456
7039.27017040
7039.38056967
7039.50245406
7039.60109417
7039.71102313
7039.81997563
7039.92956107
7040.04108942
7040.13986679
7040.25947839
7040.34621719
7040.45697242
7040.55680256
7040.66615662
7040.77726001
7040.88502492
7041.00667355
7041.10461977
7041.20515866
7041.31475946
7041.42378657
7041.53247625
7041.64410456
7041.76469067
7041.86445205
7041.95113624
7042.06299592
7042.16069127
7042.27040519
7042.36965189
7042.47759113
7042.59910663
7042.68797779
7042.84200916
7042.94892854
7043.06142482
7043.16936210
7043.26893063
7043.39165885
7043.48860984
7043.59817260
7043.70791139
7043.81810586
7043.92772835
7044.03728404
7044.16069883
7044.25663704
7044.36725403
7044.47692479
7044.58667285
7044.68854099
7044.79418866
7044.91538063
7045.01492820
7045.12568221
7045.23438018
7045.33360299
7045.44297070
7045.55324928
7045.67532775
7045.77394152
7045.88375175
7045.99334108
7046.10228627
7046.25668799
7046.35442015
7046.47605049
7046.56389546
7046.67365351
7046.78294320
7046.89267321
7047.00205336
7047.11219176
7047.23389817
7047.33151110
7047.44138691
7047.55024043
7047.66080281
7047.77048040
7047.88025967
7048.00273310
7048.10059034
7048.21215526
7048.31914120
7048.43026263
7048.53804387
7048.63876855
7048.76024115
7048.85913335
7048.96773794
7049.07839272
7049.18824952
7049.29795149
7049.40631617
7049.52702101
7049.62658662
7049.73644878
7049.84661765
7049.95711712
7050.06589920
7050.17553169
7050.28608066
7050.38298777
7050.49456732
7050.60432635
7050.71414267
7050.82363399
7050.93369949
7051.05422586
7051.15475207
7051.26296730
7051.36170249
7051.47238824
7051.58127296
7051.69124142
7051.81159347
7051.91045934
7052.02109706
7052.12967946
7052.24055782
7052.35008937
7052.45910161
7052.58048253
7052.67831490
7052.79005561
7052.89779443
7053.00941884
7053.11816289
7053.22896810
7053.35045728
7053.43727312
7053.54591209
7053.64586145
7053.75534302
7053.86510668
7053.96476591
7054.06362715
7054.18517849
7054.32684849
7054.40470240
7054.51265529
7054.62225315
7054.73196415
7054.84354809
7054.96410640
7055.06179029
7055.17232731
7055.28219873
7055.39181415
7055.49064955
7055.60018842
7055.72080744
7055.82060369
7055.93026226
7056.03919551
7056.15078920
7056.23666613
7056.39129776
7056.50017957
7056.59879675
7056.70961294
7056.81899186
7056.93014938
7057.03827342
7057.14866196
7057.27095449
7057.36784405
7057.47744265
7057.58891297
7057.68686114
7057.79639952
7057.90626339
7058.02672637
7058.12600769
7058.23726151
7058.34519855
7058.45497782
7058.56654883
7058.67475504
7058.79498518
7058.89422726
7058.99315213
7059.10261151
7059.21249781
7059.32224684
7059.43277045
7059.55458609
7059.65319011
7059.76205899
7059.88273579
7059.99236658
7060.10262566
7060.21188463
7060.33308416
7060.42093766
7060.52967390
7060.63033714
7060.73901121
7060.84875293
7060.95861996
7061.08016009
7061.17772890
7061.28831005
7061.39798058
7061.49870647
7061.60648991
7061.71698256
7061.83977685
7061.93754046
7062.03518850
7062.14495070
7062.25484260
7062.36644409
7062.46461804
7062.58485208
7062.68356850
7062.79260951
7062.90438191
7063.00138947
7063.15492079
7063.26451208
7063.39636583
7063.50578279
7063.60470449
7063.71519812
7063.82401360
7063.93498924
7064.05411346
7064.15431907
7064.26356293
7064.37337827
7064.52837391
7064.61511149
7064.72389967
7064.83455470
7064.93328672
7065.04396125
7065.15278429
7065.30734302
7065.42400551
7065.52272095
7065.64352673
7065.74311745
7065.84282471
7065.95458882
7066.06154282
7066.17209861
7066.28199417
7066.40252835
7066.50318647
7066.61351064
7066.72415128
7066.83432113
7066.94409819
7067.05396962
7067.17658763
7067.31874452
7067.42842553
7067.53928559
7067.64877911
7067.75953117
7067.88116444
7067.95702740
7068.06765951
7068.17839158
7068.27574217
7068.39840749
7068.50813262
7068.62755698
7068.72660864
7068.83887183
7068.94661016
7069.05849008
7069.16810161
7069.27971188
7069.39850477
7069.49944546
7069.60885827
7069.72044562
7069.82917870
7069.93915667
7070.05029249
7070.17071622
7070.27079431
7070.37979875
7070.48952973
7070.60126654
7070.71076957
7070.82050787
7070.94146554
7071.04197128
7071.15180369
7071.25133614
7071.36005922
7071.45995835
7071.57144160
7071.68189207
7071.78251849
7071.89050502
7072.00196340
7072.11259819
7072.22144220
7072.31923677
7072.48489565
7072.55148069
7072.70609867
7072.79379978
7072.94675011
7073.08002527
7073.16886424
7073.27757733
7073.37834589
7073.47697404
7073.58806573
7073.68657906
7073.79722799
7073.89533659
7074.01688184
7074.11662981
7074.22612650
7074.33640728
7074.44744777
7074.55691057
7074.67188199
7074.79110423
7074.88780971
7074.99749925
7075.10819011
7075.22907684
7075.34072368
7075.45176977
7075.55913971
7075.65790319
7075.76855480
7075.87923689
7075.98942843
7076.08881703
7076.22191104
7076.33264189
7076.43278996
7076.54257068
7076.65072300
7076.75973037
7076.87112023
7076.98110771
7077.10451957
7077.20124260
7077.31212656
7077.42551810
7077.53531004
7077.64102061
7077.75261699
7077.87342569
7077.97310418
7078.08269522
7078.19556940
7078.30309904
7078.41390425
7078.52349870
7078.64615841
7078.74354997
7078.85406651
7078.96383138
7079.07460246
7079.17231926
7079.27202993
7079.39490517
7079.48167200
7079.59143420
7079.69188678
7079.80087830
7079.91162134
7080.02230684
7080.14473858
7080.24126779
7080.35221197
7080.46258125
7080.57427710
7080.68291143
7080.78462451
7080.89638229
7080.99135038
7081.10087925
7081.21161181
7081.32125502
7081.43216215
7081.54191483
7081.66346009
7081.76143776
7081.87306729
7081.98253546
7082.09890366
7082.20269034
7082.30554371
7082.42710042
7082.51290714
7082.62364994
7082.77531319
7082.88600040
7083.04289946
7083.15995496
7083.25159165
7083.35976055
7083.47102095
7083.57881853
7083.69430537
7083.80009470
7083.92176770
7084.02048583
7084.11947995
7084.22911097
7084.31787826
7084.42749027
7084.53904617
7084.66278839
7084.75834626
7084.86797704
7084.97902436
7085.08791835
7085.20039317
7085.30840847
7085.40989870
7085.50679606
7085.61838073
7085.72805247
7085.84171708
7085.94813568
7086.06233422
7086.18054490
7086.28031506
7086.38915493
7086.49976997
7086.61342726
7086.72505825
7086.83311598
7086.94350306
7087.04020585
7087.14060407
7087.25041502
7087.36457944
7087.47095342
7087.56827159
7087.69131286
7087.77910369
7087.88989964
7087.98855023
7088.14218883
7088.21888366
7088.37660850
7088.48812052
7088.58334973
7088.69187191
7088.80265591
7088.91321098
7089.02597641
7089.13304305
7089.30049418
7089.37136270
7089.47728636
7089.58398924
7089.69542129
7089.80521298
7089.91676815
7090.01365649
7090.13639129
7090.23518475
7090.34672651
7090.45987131
7090.56616922
7090.67556644
7090.77617189
7090.89884671
7090.99563386
7091.10519711
7091.21497857
7091.32578939
7091.43453514
7091.53508817
7091.65574060
7091.75115779
7091.86076127
7092.01420408
7092.13310230
7092.24266408
7092.36156011
7092.46100478
7092.57003628
7092.67868817
7092.78815755
7092.89659879
7093.00601599
7093.11946361
7093.21270066
7093.32663687
7093.43125615
7093.54094984
7093.65056428
7093.75934393
7093.87897162
7093.96685779
7094.07643469
7094.18519190
7094.29508405
7094.40464754
7094.51238002
7094.67479941
7094.74063815
7094.85153504
7094.96013816
7095.07197688
7095.17706013
7095.30165056
7095.41756212
7095.51533280
7095.62484387
7095.73410675
7095.83102166
7095.93967184
7096.06125122
7096.16101163
7096.24602963
7096.35677608
7096.46522683
7096.56393569
7096.66027740
7096.76989477
7096.87872489
7096.99948093
7097.11252285
7097.21643630
7097.32601101
7097.43467996
7097.54462404
7097.65314696
7097.77477998
7097.87153544
7097.98016027
7098.07806943
7098.18675643
7098.29833768
7098.40742526
7098.52630617
7098.61389415
7098.71054258
7098.80350998
7098.89821744
7099.00797549
7099.10669166
7099.20436214
7099.32388134
7099.42068263
7099.57223349
7099.66106686
7099.75792520
7099.86900446
7099.96850058
7100.07804066
7100.18369223
7100.29227951
7100.40321809
7100.51271307
7100.62037314
7100.72986422
7100.85128684
7100.93803466
7101.04683576
7101.14542686
7101.25364501
7101.40577833
7101.49328878
7101.61615963
7101.71170482
7101.81143402
7101.92114721
7102.01796411
7102.12575048
7102.23623508
7102.32306189
7102.43293649
7102.52964586
7102.68342904
7102.79100573
7102.90097882
7103.01120791
7103.11823725
7103.23988417
7103.35237484
7103.45736910
7103.56600514
7103.67550500
7103.78427830
7103.88227573
7104.00290816
7104.09145675
7104.19209390
7104.29799733
7104.41152296
7104.50453473
7104.61398022
7104.72190799
7104.84840891
7104.94071559
7105.05036417
7105.17112411
7105.28298404
7105.43113230
7105.53132912
7105.65095340
7105.74874749
7105.85751665
7105.96593400
7106.06698342
7106.17453183
7106.28325150
7106.40279605
7106.50087223
7106.60947048
7106.72245656
7106.82874692
7106.93621706
7107.03529797
7107.15673278
7107.25447006
7107.36115368
7107.47306773
7107.58076828
7107.73390292
7107.83271320
7107.94039327
7108.03963851
7108.14794931
7108.25767761
7108.37623547
7108.48604667
7108.59585763
7108.71660490
7108.81352273
7108.92787171
7109.03468089
7109.14414369
7109.25313569
7109.35973056
7109.48128264
7109.61919237
7109.69678125
7109.80658197
7109.91536674
7110.02493096
7110.13368257
7110.25127104
7110.35009546
7110.44981784
7110.54851109
7110.65827134
7110.74496820
7110.85334508
7110.96203329
7111.08330060
7111.19106137
7111.30160448
7111.39846112
7111.51901432
7111.62868777
7111.73682522
7111.85766245
7111.95452202
7112.05379602
7112.16141709
7112.27168494
7112.38052383
7112.49121958
7112.60991543
7112.75053047
7112.85128025
7112.94608231
7113.04668630
7113.15544035
7113.26502846
7113.39568292
7113.49255175
7113.60312632
7113.71146564
7113.82112300
7113.91893903
7114.02769673
7114.13619404
7114.23414368
7114.33479716
7114.43245472
7114.54023450
7114.64892686
7114.75785620
7114.87844743
7114.97664039
7115.09828756
7115.21666207
7115.32411320
7115.43585171
7115.54377705
7115.66624853
7115.76305885
7115.87081498
7115.98039579
7116.09116248
7116.19898127
7116.30764145
7116.42821780
7116.52479016
7116.63298247
7116.74407537
7116.85367227
7116.96248751
7117.04951571
7117.17402934
7117.26866707
7117.37659655
7117.47423168
7117.58368887
7117.69557952
7117.78517016
7117.88405626
7118.00573074
7118.10557892
7118.21515216
7118.32608854
7118.43561741
7118.54826631
7118.64712316
7118.77080272
7118.86761352
7118.97033938
7119.07703495
7119.17867098
7119.28857142
7119.39865739
7119.51020695
7119.60918888
7119.70889955
7119.81862615
7119.93026153
7120.03885588
7120.15354912
7120.27202555
7120.41563480
7120.52528851
7120.61452854
7120.72678223
7120.82523655
7120.99214447
7121.07796508
7121.19048159
7121.30333309
7121.41094952
7121.52059274
7121.63244024
7121.75514310
7121.86774518
7121.97258999
7122.08509796
7122.19484943
7122.30508779
7122.41639939
7122.53989780
7122.63066262
7122.73739476
7122.85221258
7122.94688737
7123.05758287
7123.15630221
7123.27809688
7123.37872233
7123.47759405
7123.57761631
7123.69287470
7123.79858966
7123.89750478
7124.01994018
7124.12075409
7124.23147958
7124.34314495
7124.45295883
7124.56157561
7124.67428473
7124.79909361
7124.88292645
7124.99234610
7125.11484830
7125.21595966
7125.32524642
7125.43589974
7125.55753789
7125.65814407
7125.76707634
7125.87962137
7125.99153567
7126.09903898
7126.19739212
7126.32191014
7126.42059315
7126.53048774
7126.64027968
7126.75082158
7126.85063343
7126.95129032
7127.07413167
7127.17173363
7127.28346459
7127.39313804
7127.50385913
7127.60250095
7127.71337418
7127.83409999
7127.93490268
7128.04450982
7128.15812542
7128.26598005
7128.42248731
7128.54109954
7128.64184128
7128.75169271
7128.86329030
7129.02231952
7129.10415117
7129.21696951
7129.33684199
7129.43734163
7129.54802811
7129.66273232
7129.76847800
7129.87827652
7129.98886986
7130.11147715
7130.20965841
7130.32210299
7130.43212362
7130.54136529
7130.69596108
7130.78920593
7130.90697360
7131.00583070
7131.12341308
7131.22608847
7131.32784421
7131.44156489
7131.54689147
7131.66265820
7131.75724668
7131.86781540
7131.96856665
7132.08153981
7132.18907822
7132.30108932
7132.41256208
7132.50925561
7132.62002986
7132.73165939
7132.84541030
7132.94202533
7133.05176363
7133.17731491
7133.26227830
7133.37153288
7133.48271941
7133.59437235
7133.70408895
7133.80375793
7133.92541217
7134.02436459
7134.13592537
7134.24468575
7134.35556337
7134.46716292
7134.57792546
7134.70134536
7134.79799330
7134.91048202
7135.01967151
7135.12897949
7135.22922507
7135.34094238
7135.46264757
7135.56138471
7135.66417762
7135.77283097
7135.87060092
7135.98211635
7136.09206774
7136.17369752
7136.29794978
7136.39503073
7136.50578377
7136.61465557
7136.72533741
7136.83599195
7136.94669769
7137.06727209
7137.21189170
7137.32220978
7137.43403997
7137.54467134
7137.65320571
7137.81649867
7137.90626899
7138.01886864
7138.12756515
7138.23928659
7138.34893591
7138.45974551
7138.57156326
7138.66984009
7138.77025415
7138.88012338
7138.99052362
7139.10185741
7139.21119343
7139.33471232
7139.47731391
7139.56613485
7139.67780875
7139.78654573
7139.89731437
7140.00713800
7140.13314204
7140.23884896
7140.34962564
7140.46077926
7140.57468524
7140.68169166
7140.79216358
7140.91215040
7141.06766170
7141.17833916
7141.28716464
7141.39958192
7141.50929511
7141.63011186
7141.72920740
7141.84105489
7141.93991638
7142.06192365
7142.17242166
7142.27253998
7142.39717406
7142.48226763
7142.59571647
7142.70358256
7142.82095745
7142.92870383
7143.03542280
7143.16039089
7143.25705883
7143.36591625
7143.47743826
7143.58588778
7143.72577725
7143.81763506
7143.92228946
7144.01908953
7144.13187570
7144.22550893
7144.32327864
7144.44296899
7144.55673063
7144.65849613
7144.76708024
7144.87497754
7144.98446740
7145.08216786
7145.17809510
7145.28841855
7145.40695008
7145.53768035
7145.63434682
7145.74206590
7145.83886134
7145.94838290
7146.05720570
7146.16493404
7146.27375415
7146.38232071
7146.48112612
7146.57794180
7146.67374152
7146.77236676
7146.87107513
7146.98879526
7147.07666558
7147.18329019
7147.28103259
7147.38975421
7147.49752863
7147.60780770
7147.72741784
7147.82321245
7147.92246524
7148.04050842
7148.13714588
7148.23543928
7148.34419357
7148.46475993
7148.55158894
7148.65933362
7148.75497877
7148.86388909
7148.97158281
7149.06918575
7149.16995870
7149.28671627
7149.37439544
7149.48091498
7149.58934963
7149.69303196
7149.79601747
7149.90450723
7150.00247003
7150.12208041
7150.21791915
7150.31640956
7150.41429483
7150.52097089
7150.63057826
7150.73829393
7150.83715370
7150.95967492
7151.05348102
7151.16129177
7151.26980761
7151.36768240
7151.46636859
7151.56309601
7151.66079647
7151.77946794
7151.87919471
7152.00737279
7152.08790835
7152.18052296
7152.27722380
7152.38692212
7152.47269422
7152.58142583
7152.74399931
7152.84261844
7152.95042504
7153.05727933
7153.16686232
7153.26565749
7153.38497189
7153.47070181
7153.59045092
7153.69715282
7153.79584681
7153.89272344
7153.99030273
7154.09804740
7154.21677764
7154.31453442
7154.42427224
7154.53206738
7154.63032812
7154.71810603
7154.81389479
7154.92235894
7155.03187879
7155.12734938
7155.26887358
7155.35592299
7155.46559693
7155.56615533
7155.67088067
7155.79071706
7155.88741035
7156.00689151
7156.10361869
7156.20188650
7156.31982191
7156.42866105
7156.53787906
7156.62428872
7156.72061995
7156.83106091
7156.92701838
7157.01285728
7157.11237534
7157.22410898
7157.33984914
7157.44147444
7157.53372991
7157.63193189
7157.75171831
7157.85908873
7157.96739173
7158.08547416
7158.28226748
7158.39493881
7158.50047116
7158.60824192
7158.71589931
7158.83574960
7158.97559762
7159.09607084
7159.20327475
7159.31109281
7159.42156717
7159.54310877
7159.63752683
7159.75628534
7159.86704204
7159.95183207
7160.04860289
7160.15720431
7160.27714456
7160.36696243
7160.49246325
7160.58002685
7160.67615938
7160.77378816
7160.88232302
7160.98350704
7161.09899631
7161.20907156
7161.30583165
7161.40282702
7161.52261441
7161.61993892
7161.71861949
7161.83951402
7161.93407154
7162.04297845
7162.14008402
7162.23689312
7162.33556175
7162.43338924
7162.52925382
7162.65146126
7162.74666438
7162.84453137
7162.96331622
7163.06185538
7163.14870804
7163.24441902
7163.34207341
7163.46769613
7163.57076186
7163.67827589
7163.78705602
7163.88480281
7163.98330028
7164.09105934
7164.18795914
7164.30888170
7164.39554346
7164.49128077
7164.59015737
7164.70871645
7164.81839112
7164.91529579
7165.01246377
7165.13122375
7165.21899776
7165.32820481
7165.43474384
7165.54277036
7165.64076462
7165.75059337
7165.84769163
7165.95922461
7166.05373239
7166.16448226
7166.26923612
7166.37883936
7166.48657208
7166.59555068
7166.70895904
7166.80090877
7166.91295522
7167.01700960
7167.11766137
7167.21179320
7167.32367434
7167.41898377
7167.52762127
7167.62442598
7167.72017865
7167.83004447
7167.95055987
7168.05721033
7168.15994107
7168.26575940
7168.36243294
7168.48058364
7168.59091001
7168.72950387
7168.81642967
7168.90816412
7169.01283753
7169.11453086
7169.21631952
7169.33008262
7169.44263058
7169.54452944
7169.66048269
7169.78081304
7169.87278789
7169.97619032
7170.09896827
7170.20212470
7170.31490550
7170.41755992
7170.54124192
7170.64795650
7170.73568297
7170.82842509
7170.94207458
7171.05492998
7171.16647223
7171.28224432
7171.38296168
7171.48576898
7171.58644611
7171.69411910
7171.80204883
7171.91760832
7172.02846888
7172.11922516
7172.23301728
7172.35059186
7172.44856710
7172.56212370
7172.66776795
7172.78955726
7172.86924095
7172.97172325
7173.08736880
7173.19008174
7173.29076497
7173.39054464
7173.49429523
7173.61780656
7173.70987210
7173.81164784
7173.92460589
7174.03815005
7174.14178459
7174.25452248
7174.35662224
7174.46942985
7174.56311332
7174.66188776
7174.77048845
7174.86747919
7174.96002089
7175.06177956
7175.17547927
7175.27714530
7175.39406305
7175.49257784
7175.60639214
7175.72006260
7175.83272637
7175.93442116
7176.02529521
7176.13995724
7176.25267099
7176.34265367
7176.44607268
7176.56379038
7176.67448441
7176.77337783
7176.87803539
7176.97994693
7177.08159638
7177.19679381
7177.29843838
7177.42509802
7177.56868558
7177.66190800
7177.76014387
7177.85209043
7177.96655693
7178.06863499
7178.19294260
7178.28479530
7178.39848819
7178.50018274
7178.60287300
7178.74853148
7178.86128546
7178.98496355
7179.08768795
7179.20043754
7179.31797798
7179.42685808
7179.52941766
7179.63122875
7179.75413348
7179.85830342
7179.97065000
7180.06221208
7180.16370256
7180.29021152
7180.40210607
7180.51779942
7180.60742955
7180.72013355
7180.83477022
7180.93562192
7181.04777832
7181.21535160
7181.28652683
7181.37814401
7181.46912485
7181.58176594
7181.69528232
7181.81000725
7181.90302316
7182.03349403
7182.12734767
7182.23865927
7182.39022866
7182.49988894
7182.61147191
7182.71294410
7182.83012419
7182.92875674
7183.03235739
7183.13412020
7183.22585782
7183.34154483
7183.45171882
7183.57633192
7183.67877155
7183.79094234
7183.89474681
7183.99577698
7184.09904263
7184.20140205
7184.32490997
7184.41686409
7184.52869550
7184.63211890
7184.74587347
7184.85962024
7184.96141889
7185.08303607
7185.19010734
7185.30079406
7185.40168940
7185.50474831
7185.60816098
7185.72062702
7185.83528417
7185.92503280
7186.03792355
7186.14555023
7186.25721413
7186.36699071
7186.48158423
7186.60284057
7186.70773853
7186.79835707
7186.91368592
7187.02520695
7187.13716904
7187.22925945
7187.35295510
7187.45933444
7187.55787654
7187.64871109
7187.76332338
7187.87597082
7187.97671695
7188.10344656
7188.19320689
7188.30697511
7188.40978997
7188.50061769
7188.61332754
7188.71605194
7188.83911783
7188.93142353
7189.03767682
7189.14794980
7189.25969294
7189.37434668
7189.47530980
7189.59081614
7189.69252386
7189.78229272
7189.92903956
7190.04253472
7190.15540280
7190.26803902
7190.38173191
7190.48899433
7190.58575881
7190.67738769
7190.79089992
7190.90366536
7191.02909059
7191.15093865
7191.25452150
7191.37149728
7191.48180610
7191.59451254
7191.69639140
7191.79862331
7191.92219852
7192.01568401
7192.11633042
7192.22905904
7192.34282580
7192.45644067
7192.55916580
7192.67773390
7192.77455470
7192.88809838
7192.99012426
7193.09276016
7193.20505699
7193.31976657
7193.43111279
7193.51271599
7193.61556400
7193.74038240
7193.84991785
7194.00350208
7194.10223532
7194.22477629
7194.31962979
7194.42949877
7194.53814798
7194.64979507
7194.75637336
7194.86431064
7194.97501077
7195.06255097
7195.17533055
7195.27815564
7195.38888844
7195.48697754
7195.58423646
7195.68504647
7195.84849693
7195.92252863
7196.02046072
7196.13388273
7196.22787145
7196.33797839
7196.44623165
7196.55575467
7196.66643261
7196.75223469
7196.86288046
7196.95287777
7197.06068095
7197.15810299
7197.26558727
7197.36396772
7197.48760315
7197.58611818
7197.70084092
7197.81048146
7197.91032744
7198.01912123
7198.11680146
7198.22639079
7198.32345930
7198.41537247
7198.52009000
7198.63423638
7198.73845898
7198.83636376
7198.93410348
7199.05598080
7199.14540808
7199.24121415
7199.34987652
7199.45871614
7199.56828963
7199.67704563
7199.79691079
7199.89550628
7200.00434517
7200.11262574
7200.21127681
7200.30909528
7200.40783437
7200.52051131
7200.63729448
7200.72798396
7200.82085944
7200.92344974
7201.02830625
7201.13797678
7201.23657349
7201.33433661
7201.45695877
7201.54229810
7201.65248038
7201.74876724
7201.85967388
7201.96128236
7202.06509049
7202.16481554
7202.27462211
7202.37422819
7202.48097325
7202.57773529
7202.68936433
7202.80008007
7202.91066634
7203.01954180
7203.11408883
7203.21181466
7203.32082104
7203.43031383
7203.53998630
7203.64784508
7203.77345268
7203.86616505
7203.97506026
7204.08468836
7204.19425210
7204.30303321
7204.41175409
7204.52190346
7204.61890541
7204.72823874
7204.83709860
7204.93566654
7205.04518736
7205.15580752
7205.26268716
7205.36045175
7205.46851533
7205.56825038
7205.66631192
7205.76595409
7205.86437452
7205.95077223
7206.06990743
7206.17021714
7206.27892437
7206.37577516
7206.48546543
7206.59426580
7206.74061913
7206.83545313
7206.92219925
7207.08469568
7207.18275064
7207.29214298
7207.40351017
7207.50974347
7207.62026489
7207.70713364
7207.81681465
7207.91448902
7208.02320040
7208.12398505
7208.21967141
7208.33250633
7208.42710384
7208.51413204
7208.62469149
7208.73252150
7208.83172529
7208.94131097
7209.05099051
7209.14798442
7209.26950821
7209.36734302
7209.45507144
7209.56370870
7209.67250565
7209.78145694
7209.87993833
7209.98827692
7210.09891366
7210.19467535
7210.30443145
7210.42507803
7210.52271802
7210.63153205
7210.72933101
7210.85097622
7210.93972645
7211.04738335
7211.14431948
7211.25474386
7211.36449728
7211.47568966
7211.59263179
7211.67929916
7211.78892165
7211.89680529
7211.99645891
7212.09423033
7212.20409956
7212.30168275
7212.44322841
7212.55193856
7212.66182193
7212.75863079
7212.86814430
7212.97781409
7213.09753297
7213.19627060
7213.30499636
7213.41362338
7213.52252200
7213.63208525
7213.74361287
7213.86108066
7213.97050420
7214.06755077
7214.17638966
7214.28710442
7214.38489411
7214.49460730
7214.61441249
7214.71123037
7214.82183151
7214.91953783
7215.01816940
7215.11592301
7215.22571471
7215.33744640
7215.45504852
7215.54204186
7215.65002937
7215.76053811
7215.85117078
7215.95514056
7216.04375279
7216.15448510
7216.27221791
7216.36996860
7216.48046905
7216.56830012
7216.68020759
7216.77468294
7216.88402067
7216.99247385
7217.10114208
7217.20974983
7217.35328108
7217.46125079
7217.57177025
7217.67162453
7217.78927932
7217.88731697
7217.99598568
7218.09417011
7218.19454565
7218.30120269
7218.39990691
7218.50876945
7218.61707367
7218.72764263
7218.83542095
7218.93318139
7219.04273684
7219.15267262
7219.27444511
7219.37139513
7219.46862090
7219.58043597
7219.68925340
7219.80110602
7219.89370794
7220.01981121
7220.11035075
7220.21192608
7220.32768208
7220.43628740
7220.53502259
7220.64764369
7220.76132366
7220.85115786
7220.95604899
7221.05479296
7221.15444317
7221.26024541
7221.36851598
7221.47152856
7221.57774285
7221.66599570
7221.77035533
7221.86716223
7221.97584630
7222.08843230
7222.18129559
7222.27989034
7222.38965205
7222.48593794
7222.58273411
7222.69186533
7222.78829213
7222.89808261
7223.00679082
7223.02778109
7223.13526781
7223.25488259
7223.34072149
7223.43851801
7223.55206730
7223.66590257
7223.77460297
7223.87328623
7223.99308142
7224.08977301
7224.19659096
7224.29395399
7224.39167006
7224.50276394
7224.59910249
7224.70688812
7224.81346032
7224.91156892
7225.02105269
7225.12863376
7225.22557427
7225.33532818
7225.44878482
7225.55353283
7225.64832758
7225.74697402
7225.85469456
7225.95294896
7226.05999366
7226.16831738
7226.26621801
7226.37989919
7226.46153287
7226.56022320
7226.66704847
7226.77663732
7226.90138476
7226.99277032
7227.09169788
7227.21127803
7227.29527471
7227.40575053
7227.50200570
7227.64314054
7227.73078728
7227.83751381
7227.94722895
7228.04497793
7228.14095905
7228.23860344
7228.35133645
7228.44448987
7228.54221813
7228.65189768
7228.75960871
7228.84755899
7228.94327314
7229.04117573
7229.12769559
7229.23556704
7229.34414115
7229.44378600
7229.55148776
7229.63641457
7229.74614361
7229.85401214
7229.96663982
7230.08232268
7230.19029483
7230.29926245
7230.38560043
7230.49289625
7230.59244235
7230.68838349
7230.79712510
7230.90758654
7231.00344454
7231.12206481
7231.20991904
7231.31668969
7231.41460422
7231.53362800
7231.64201414
7231.75256944
7231.86935700
7231.96690289
7232.05373873
7232.15056489
7232.24820489
7232.33699120
7232.44569210
7232.58529972
7232.68508426
7232.77999945
7232.88759077
7232.99717986
7233.09772875
7233.19374278
7233.29008547
7233.38690871
7233.49564349
7233.59325570
7233.68992436
7233.79888004
7233.89664779
7234.00507221
7234.16978584
7234.27935591
7234.36223424
7234.47194767
7234.56831767
7234.66529305
7234.77487190
7234.87454136
7234.97132340
7235.07698521
7235.17963915
7235.27447437
7235.37241352
7235.47794562
7235.59069521
7235.69644992
7235.81583722
7235.90207133
7236.01039213
7236.11714669
7236.21783943
7236.31250739
7236.41525519
7236.51986789
7236.63877708
7236.72561926
7236.83415875
7236.94182906
7237.03950685
7237.13646443
7237.24604791
7237.34339144
7237.45115099
7237.55278409
7237.64624203
7237.74477559
7237.84089447
7237.93940535
7238.03513243
7238.14474029
7238.26537809
7238.35027808
7238.45994543
7238.56688261
7238.67577489
7238.77365090
7238.87086692
7238.97904533
7239.09787991
7239.19666605
7239.29543123
7239.40203098
7239.49891054
7239.61860942
7239.72621683
7239.83790488
7239.93337010
7240.04102749
7240.14967060
7240.23645158
7240.32423583
7240.43455099
7240.53988293
7240.64890931
7240.76724798
7240.85590775
7240.95172040
7241.05250042
7241.14642379
7241.25494622
7241.35278395
7241.47153685
7241.56834303
7241.67748131
7241.78630387
7241.89343414
7241.98310109
7242.08894040
7242.21046663
7242.35012643
7242.44785225
7242.54475716
7242.64742646
7242.74598562
7242.83791804
7242.94644900
7243.03324778
7243.13463757
7243.22820863
7243.33511826
7243.44563090
7243.54255995
7243.65126353
7243.74889451
7243.84658766
7243.95419458
7244.05193015
7244.13974561
7244.23684875
7244.33373416
7244.43076366
7244.55155676
7244.65948453
7244.77185817
7244.84590182
7244.95448081
7245.05336716
7245.16493184
7245.26965840
7245.39457115
7245.49331829
7245.58497301
7245.69354371
7245.80136957
7245.90988176
7246.01971612
7246.11546684
7246.22343119
7246.32105120
7246.42967749
7246.53647691
7246.63418640
7246.73286819
7246.84005723
7246.93673540
7247.04942574
7247.13126252
7247.22904929
7247.33582872
7247.43335023
7247.53008911
7247.62959937
7247.72429952
7247.87889970
7247.94185125
7248.05370825
7248.18925157
7248.31944157
7248.41115895
7248.50887234
7248.62254914
7248.70926624
7248.81661472
7248.95696620
7249.13087656
7249.23759480
7249.33529015
7249.43508054
7249.54071846
7249.64971753
7249.74726611
7249.85307737
7249.95093656
7250.04705470
7250.16881499
7250.25470509
7250.36204675
7250.45799666
7250.56802656
7250.67501421
7250.77183208
7250.88157746
7251.00011995
7251.08492705
7251.18172055
7251.29046435
7251.38737512
7251.49588950
7251.60451115
7251.68960570
7251.79727065
7251.88413575
7252.01447032
7252.11117775
7252.22438790
7252.31673919
7252.41640475
7252.53802608
7252.61884543
7252.72617149
7252.86838299
7252.96406325
7253.07195274
7253.18055465
7253.29129160
7253.38516474
7253.49377396
7253.59166314
7253.68835691
7253.79591654
7253.90555122
7254.02438556
7254.10240525
7254.20697382
7254.31579955
7254.42414911
7254.53227291
7254.62845688
7254.72601764
7254.84518892
7254.94139557
7255.03987159
7255.14985029
7255.25510226
7255.35097488
7255.46303888
7255.58273167
7255.66747148
7255.77287827
7255.88061807
7255.97842995
7256.08649645
7256.18678934
7256.26935900
7256.38974592
7256.48650504
7256.59426507
7256.70543843
7256.80995849
7256.90663763
7257.01707031
7257.12390167
7257.22064299
7257.37214655
7257.46879546
7257.57725450
7257.68708301
7257.78524622
7257.90166636
7257.99848229
7258.09507269
7258.19170307
7258.29072084
7258.38816457
7258.49517221
7258.59362044
7258.71235969
7258.79898097
7258.90633970
7259.01388494
7259.12346135
7259.21889536
7259.32743096
7259.44807143
7259.54389822
7259.65257864
7259.74837763
7259.85515341
7259.95498989
7260.05218591
7260.14758018
7260.26727126
7260.35390571
7260.44951698
7260.54687928
7260.64799453
7260.75326503
7260.85094453
7260.94696417
7261.05746609
7261.14156614
7261.24395798
7261.36787574
7261.45464355
7261.55118836
7261.64885006
7261.74581300
7261.85735720
7261.93977765
7262.02747170
7262.12523457
7262.22305353
7262.33355032
7262.43733675
7262.54525112
7262.66370414
7262.76243957
7262.86829448
7262.96794810
7263.07712101
7263.18688443
7263.28113280
7263.39901091
7263.48367685
7263.59498991
7263.70176472
7263.80060084
7263.89964787
7263.99198550
7264.10066567
7264.21160790
7264.30687662
7264.40701298
7264.50032878
7264.59991876
7264.70571540
7264.80492212
7264.90017303
7265.01093168
7265.13676846
7265.22933235
7265.33125145
7265.42801373
7265.52672015
7265.62348195
7265.77675118
7265.85073997
7265.96173584
7266.06942615
7266.17696188
7266.28281825
7266.39339648
7266.51106248
7266.59586080
7266.70365375
7266.86603974
7266.98485871
7267.08121530
7267.18082601
7267.28947839
7267.38535467
7267.49409336
7267.60045271
7267.69844915
7267.80629111
7267.91409308
7268.03459434
7268.13233966
7268.23813679
7268.33569536
7268.43242302
7268.54120145
7268.65214075
7268.77026658
7268.85499981
7268.95266736
7269.05955456
7269.16780367
7269.27561686
7269.38325547
7269.50377673
7269.58977435
7269.69635093
7269.79520608
7269.90198185
7270.01057157
7270.11831576
7270.21508536
7270.32375187
7270.42105322
7270.52836733
7270.63618124
7270.74703814
7270.84192919
7270.93856689
7271.03138971
7271.14808243
7271.24178540
7271.32567163
7271.43622547
7271.53906982
7271.63581675
7271.72352908
7271.82258000
7271.93350249
7272.03259291
7272.13028094
7272.23091053
7272.32976811
7272.44028075
7272.54004287
7272.64982091
7272.74959741
7272.83779200
7272.92458541
7273.02635993
7273.11999048
7273.21376976
7273.30154695
7273.40133881
7273.49961807
7273.62113187
7273.70888297
7273.80882746
7273.89729852
7273.99711647
7274.09697221
7274.19467730
7274.28424575
7274.40496084
7274.48294761
7274.59352194
7274.68032608
7274.78024740
7274.87883436
7274.98851195
7275.07720391
7275.17993562
7275.26674317
7275.36566829
7275.47518546
7275.56306870
7275.65256011
7275.74133203
7275.82924112
7275.92811991
7276.02890139
7276.11636187
7276.22534778
7276.32683825
7276.42557149
7276.52443590
7276.62325740
7276.72780525
7276.84739028
7276.93231026
7277.02012475
7277.10974172
7277.19629205
7277.29783154
7277.38464007
7277.48630097
7277.59498431
7277.70440468
7277.80678580
7277.89285875
7277.99151105
7278.13526952
7278.20099196
7278.30087842
7278.41045922
7278.51020525
7278.60985765
7278.69785011
7278.80747456
7278.90725008
7279.01693719
7279.11661397
7279.22637543
7279.33738447
7279.42585895
7279.53648008
7279.62350121
7279.72898894
7279.81209401
7279.91168644
7280.02255309
7280.13092533
7280.22263954
7280.32042046
7280.40937720
7280.50857904
7280.61922992
7280.71750724
7280.80569256
7280.92685405
7281.01576105
7281.11635943
7281.21421154
7281.32397935
7281.42451263
7281.52623936
7281.63315289
7281.74480510
7281.83260568
7281.93124408
7282.03093769
7282.11933878
7282.20862612
7282.29655568
7282.40684646
7282.49446102
7282.60801494
7282.68279806
7282.78156227
7282.88143946
7282.98193349
7283.09181588
7283.22331563
7283.30511826
7283.40993381
7283.48875442
7283.61939449
7283.69774064
7283.79699490
7283.88415501
7283.97492958
7284.06271457
7284.15245076
7284.26309311
7284.34897272
7284.46253322
7284.62921147
7284.82957440
7285.03114468
7285.19468145
7285.39524650
7285.56163461
7285.76109253
7286.12828243
7286.32878215
7286.49577028
7286.75846719
7286.89573278
7287.72769700
7287.76340043
7287.94586069
7288.22734847
7288.26135816
7288.52627130
7288.79863330
7288.82950102
7289.46092603
7289.62888598
7289.79616303
7289.89381546
7290.29487681
7290.38636380
7290.96154202
7291.09512511
7291.26162245
7291.42935785
7291.59576864
7292.03021162
7292.12997667
7292.30444559
7292.32844033
7292.52985627
7292.82998547
7293.16111233
7293.22811842
7293.49527583
7293.52749815
7293.62751968
7294.06234178
7294.39552444
7294.42829192
7294.85985527
7294.95052671
7294.96999635
7295.26138254
7295.76107814
7295.79508588
7295.95652223
7296.09616495
7296.12921622
7296.42745151
7296.89685893
7296.92885207
7297.09524677
7297.59804509
7297.62880870
7297.79456315
7297.99502337
7298.02797931
7298.32862586
7298.49615818
7298.56299019
7298.86131374
7299.02869367
7299.09783237
7299.39437001
7299.56291559
7299.62780347
7299.92893180
7300.26117091
7300.29687873
7300.62951477
7300.76024261
7300.79613792
7301.12803009
7301.32807778
7301.36099764
7301.66096153
7301.83052307
7301.89449496
7302.19549772
7302.35934095
7302.42789817
7302.92778833
7302.96071233
7303.12815663
7303.49627837
7303.53015835
7303.83042676
7304.06245442
7304.09537087
7304.89581055
7305.09552642
7305.12953391
7305.39608252
7305.86235090
7305.89521931
7306.09674278
7306.52954225
7306.56050017
7306.69515919
7306.99660032
7307.02833917
7307.22886643
7307.49628130
7307.56296264
7307.73160575
7308.02787130
7308.06159329
7308.29607660
7308.53074130
7308.61730821
7308.76097843
7308.96134063
7309.16169649
7309.32743412
7309.49571469
7309.66123972
7309.86365552
7310.03121246
7310.19490380
7310.42724208
7310.56184502
7310.69482834
7310.89398174
7311.09453094
7311.46210217
7311.59584764
7311.79431081
7311.83118233
