7550.01602314
7550.11770940
7550.22172063
7550.34760495
7550.48234589
7550.56819065
7550.67796625
7550.76647657
7550.88417719
7550.98292214
7551.09763293
7551.18463675
7551.29513696
7551.40399145
7551.51377096
7551.61330560
7551.72211718
7551.84375898
7551.93160370
7552.04144270
7552.14346322
7552.28357503
7552.38244920
7552.49300987
7552.60275353
7552.70259537
7552.81085668
7552.92163995
7553.03237592
7553.14106413
7553.24893096
7553.36966774
7553.46917873
7553.57798910
7553.68861438
7553.79731673
7553.90910450
7554.00689907
7554.12853917
7554.22624938
7554.33647384
7554.44718909
7554.55903610
7554.64485988
7554.75363099
7554.86335442
7554.96298805
7555.06086820
7555.17063795
7555.26912373
7555.38001232
7555.49045694
7555.61043986
7555.69928713
7555.80798388
7555.91855040
7556.01629889
7556.12745616
7556.22486625
7556.34887471
7556.43526121
7556.54416154
7556.64369593
7556.75252995
7556.86396589
7556.97288012
7557.08349736
7557.18121611
7557.30208308
7557.41181139
7557.51128435
7557.61023311
7557.70787238
7557.82970655
7557.92918658
7558.03885320
7558.14788811
7558.25833517
7558.36897556
7558.47726345
7558.64220723
7558.71867557
7558.82719044
7558.93815729
7559.04994993
7559.14585084
7559.25644930
7559.35711668
7559.47697624
7559.57557709
7559.68521226
7559.78426757
7559.89385788
7560.00439393
7560.11510454
7560.23723031
7560.33312805
7560.44401274
7560.55328073
7560.70618376
7560.80463613
7560.91683106
7561.03597918
7561.13363868
7561.23251577
7561.33215915
7561.43446029
7561.54122217
7561.64016021
7561.73862672
7561.86295604
7561.95789634
7562.06866766
7562.17812265
7562.28893737
7562.38759162
7562.49662824
7562.61925771
7562.71567233
7562.81553489
7562.92614749
7563.03582411
7563.13406998
7563.22239573
7563.33225740
7563.45166201
7563.54000971
7563.64047521
7563.74930240
7563.85984966
7563.95756597
7564.06828683
7564.19099091
7564.28701786
7564.38481610
7564.48637094
7564.58617670
7564.69306024
7564.80383229
7564.92442644
7565.02393597
7565.13202783
7565.24347499
7565.35218345
7565.45202529
7565.56081663
7565.67030357
7565.76005317
7565.86969931
7565.96770356
7566.07727437
7566.17660592
7566.28798579
7566.38660127
7566.50525909
7566.59303432
7566.70278725
7566.80700718
7566.91312320
7567.02216080
7567.13192080
7567.25234331
7567.35204911
7567.46190346
7567.56050261
7567.66270282
7567.75839746
7567.87012671
7567.95686697
7568.06569904
7568.15434467
7568.26506796
7568.35283685
7568.50644327
7568.58339800
7568.69204355
7568.81086399
7568.91159354
7569.00032353
7569.10987996
7569.21975138
7569.34820594
7569.45810370
7569.57964773
7569.66654159
7569.77703327
7569.88678376
7569.99669126
7570.10730484
7570.21494639
7570.33855743
7570.43532021
7570.58993355
7570.68678093
7570.79834488
7570.89703252
7571.00587117
7571.12660234
7571.22534558
7571.33687393
7571.44466298
7571.54455821
7571.65413414
7571.75325455
7571.87911059
7571.97434517
7572.07124082
7572.18178467
7572.28052352
7572.39124169
7572.50092782
7572.62061671
7572.71985146
7572.82878788
7572.92846466
7573.03797963
7573.14826163
7573.25797994
7573.37859677
7573.46647367
7573.57634558
7573.67594458
7573.78479883
7573.89446643
7574.00593602
7574.09267507
7574.21442512
7574.31235428
7574.42215305
7574.52126297
7574.63092204
7574.74086246
7574.85044301
7574.95923656
7575.05883410
7575.14786763
7575.24629709
7575.35701770
7575.46635493
7575.57505290
7575.69663375
7575.79574221
7575.90448065
7576.01547677
7576.12519508
7576.23409614
7576.33282572
7576.45462478
7576.54226007
7576.65176748
7576.75154788
7576.86031339
7576.96007672
7577.06778336
7577.18938737
7577.28872160
7577.39993227
7577.50811068
7577.60743735
7577.70624715
7577.81614612
7577.93950215
7578.03719920
7578.13494891
7578.24568854
7578.35437066
7578.50711253
7578.59573670
7578.71667146
7578.81521867
7578.92449983
7579.03687420
7579.14368582
7579.25440082
7579.36493491
7579.48382191
7579.58434398
7579.67558813
7579.77113357
7579.88058174
7579.99026689
7580.08999755
7580.19880816
7580.31891104
7580.40870989
7580.56247893
7580.66028057
7580.77075810
7580.88040912
7580.99016108
7581.10891593
7581.20959233
7581.30961703
7581.40737113
7581.51714138
7581.62716420
7581.73698150
7581.85964852
7581.95696498
7582.06622152
7582.17548001
7582.28728971
7582.39585651
7582.49378542
7582.61785288
7582.71415535
7582.82371811
7582.93276082
7583.04291628
7583.15259485
7583.26222710
7583.38370189
7583.48206186
7583.59235239
7583.70180665
7583.81324113
7583.92206905
7584.03295862
7584.15336748
7584.25568423
7584.35003988
7584.46505665
7584.55935232
7584.66858545
7584.77926193
7584.89897251
7584.99791470
7585.10709419
7585.22476946
7585.33924815
7585.45319386
7585.56495456
7585.67868914
7585.78331038
7585.89596659
7586.00945370
7586.11141230
7586.21594722
7586.32789663
7586.45477960
7586.53265569
7586.63584357
7586.73829685
7586.89644641
7586.97651897
7587.07946475
7587.19309352
7587.29912446
7587.42054951
7587.53501064
7587.64680792
7587.75098468
7587.86462101
7587.99854617
7588.10201443
7588.21822879
7588.31864578
7588.43127102
7588.54689537
7588.64855627
7588.76249931
7588.86614530
7588.97786578
7589.09348817
7589.20615657
7589.31925042
7589.43199441
7589.55549891
7589.65004814
7589.75100760
7589.86438549
7589.98043553
7590.09376928
7590.20744754
7590.31917631
7590.41105777
7590.52565690
7590.64183494
7590.74209613
7590.85477745
7590.95854146
7591.07278413
7591.17492705
7591.28731556
7591.40495718
7591.52917629
7591.63947096
7591.74318913
7591.84482906
7591.93757581
7592.05138451
7592.16349849
7592.27838238
7592.39191363
7592.49369009
7592.61779413
7592.72077696
7592.82440784
7592.93828408
7593.04076296
7593.15345257
7593.25641688
7593.38092002
7593.48474351
7593.58742841
7593.70121102
7593.81734956
7593.92867385
7594.04198322
7594.16950327
7594.28324833
7594.38160854
7594.48724597
7594.58691056
7594.69068432
7594.80447083
7594.92804604
7595.03179126
7595.12353717
7595.23643256
7595.35103608
7595.45285107
7595.56930827
7595.68355143
7595.78273865
7595.89648834
7596.00952880
7596.10206026
7596.21675301
7596.32968278
7596.45405159
7596.54981035
7596.66348130
7596.77323935
7596.88784701
7596.99060896
7597.09184368
7597.20862319
7597.31182984
7597.42303247
7597.52407385
7597.63943976
7597.74041092
7597.86030266
7597.97979675
7598.08137768
7598.18396871
7598.28762909
7598.44480244
7598.53703426
7598.63912305
7598.76327755
7598.86566646
7598.98223581
7599.09395165
7599.21067460
7599.35235167
7599.47718250
7599.57997492
7599.69539203
7599.80670534
7599.90960089
7600.02420660
7600.12914357
7600.25296917
7600.35338348
7600.45660622
7600.56979564
7600.68431894
7600.77519811
7600.87895675
7601.00255244
7601.09527822
7601.20808681
7601.31480944
7601.42541570
7601.54254606
7601.65231069
7601.77593393
7601.88276139
7601.97545499
7602.08435556
7602.19882572
7602.31052108
7602.42457139
7602.53800462
7602.64090432
7602.74542900
7602.85730576
7602.97298106
7603.08504091
7603.19785170
7603.32362729
7603.43724606
7603.52890005
7603.64563958
7603.75628680
7603.86993751
7603.98270100
7604.09638877
7604.19969685
7604.31354114
7604.42761364
7604.52850874
7604.64213287
7604.76870279
7604.89784758
7604.98310914
7605.09678496
7605.20303167
7605.31342094
7605.42798935
7605.53961596
7605.65822477
7605.75534863
7605.87059775
7605.97323852
7606.08605321
7606.19175500
7606.30314121
7606.42697437
7606.52982872
7606.64244690
7606.74708666
7606.86373184
7606.97349086
7607.08721740
7607.21140091
7607.31750841
7607.42883708
7607.54249266
7607.64413845
7607.74690112
7607.86379572
7607.98934627
7608.08815265
7608.21077554
7608.30453263
7608.41815287
7608.53127768
7608.64856237
7608.77156974
7608.86203273
7608.97855819
7609.09128731
7609.19111476
7609.29375797
7609.39737642
7609.52010512
7609.62888184
7609.73767026
7609.85178250
7609.95432258
7610.11191869
7610.20360657
7610.31656072
7610.42033837
7610.53277101
7610.63545104
7610.75414396
7610.86496527
7610.95473267
7611.06744739
7611.17208862
7611.28477311
7611.37627887
7611.48907527
7611.61441590
7611.72913669
7611.85482987
7611.95958252
7612.06918941
7612.18412914
7612.29566261
7612.40843853
7612.52698200
7612.64674843
7612.75043416
7612.86470195
7612.97679326
7613.12325436
7613.23784544
7613.36074530
7613.45335502
7613.56620896
7613.69257628
7613.80232628
7613.91484791
7614.02828041
7614.15254341
7614.23531665
7614.34709783
7614.46233622
7614.57485956
7614.68756014
7614.80210929
7614.92574984
7615.02940413
7615.14310287
7615.25828372
7615.37047597
7615.48264139
7615.59735413
7615.71485435
7615.80302236
7615.91530847
7616.03046787
7616.13177963
7616.23455670
7616.33740275
7616.46091335
7616.56901228
7616.66824582
7616.78117900
7616.88467359
7617.04153608
7617.12300884
7617.23638965
7617.33868885
7617.45228933
7617.56570330
7617.68080224
7617.78247167
7617.91905776
7618.04629791
7618.14538565
7618.25834565
7618.36021550
7618.53956866
7618.65333152
7618.77799119
7618.87978351
7618.98742919
7619.09713946
7619.21339332
7619.32808144
7619.42546495
7619.54096764
7619.64403044
7619.75675029
7619.87237609
7619.98636936
7620.08590497
7620.20091248
7620.32410613
7620.42998176
7620.53997289
7620.63345790
7620.74815089
7620.86002496
7620.96164783
7621.08825676
7621.18232471
7621.29257867
7621.40715268
7621.51990910
7621.63365782
7621.73687910
7621.90440800
7621.99967159
7622.10293676
7622.21258875
7622.32630334
7622.43927870
7622.54395527
7622.66642018
7622.74816089
7622.84996100
7622.96575675
7623.07845124
7623.17024518
7623.27194094
7623.38606708
7623.51085549
7623.61744328
7623.72623585
7623.82911507
7623.94376369
7624.05838817
7624.16899809
7624.29870827
7624.39738812
7624.51232785
7624.62480291
7624.74104166
7624.84154422
7624.95388665
7625.07852218
7625.17744852
7625.26284271
7625.37636762
7625.48931762
7625.60378387
7625.70428912
7625.82887711
7625.92262372
7626.03630052
7626.14903426
7626.25187861
7626.36790305
7626.48014722
7626.60189752
7626.70755031
7626.81831383
7626.91205288
7627.02675148
7627.13941062
7627.25308839
7627.37689181
7627.46902147
7627.58521243
7627.69574507
7627.80951232
7627.92794778
7628.02908132
7628.14929733
7628.25504082
7628.36684175
7628.47957598
7628.58436129
7628.74304406
7628.83323666
7628.94424180
7629.04866238
7629.16493916
7629.27537646
7629.39171907
7629.49967342
7629.59817187
7629.71091171
7629.80578228
7629.91364447
7630.02423586
7630.13274341
7630.24254779
7630.34023265
7630.46199904
7630.55776780
7630.66629973
7630.77626770
7630.88670525
7630.99597081
7631.09620274
7631.21348841
7631.30373294
7631.39800203
7631.41969106
7631.51637630
7631.62687431
7631.73565030
7631.84927663
7631.96849277
7632.08474298
7632.18440806
7632.29226098
7632.40178985
7632.50059892
7632.60749830
7632.71701108
7632.84026958
7632.93525084
7633.04502572
7633.15258266
7633.26237679
7633.37291601
7633.48070847
7633.60233589
7633.69929615
7633.80765425
7633.91709925
7634.07061984
7634.16758644
7634.27622614
7634.39588016
7634.49449979
7634.60428758
7634.70192856
7634.80175065
7634.90950507
7635.00814347
7635.10737360
7635.22603971
7635.32397764
7635.43705979
7635.54290689
7635.63046392
7635.73773877
7635.85269142
7635.96926955
7636.06684884
7636.17466300
7636.32659835
7636.41606927
7636.52372520
7636.63351690
7636.75599496
7636.85094916
7636.95201444
7637.05798052
7637.17827894
7637.28676479
7637.40221871
7637.50698599
7637.60461160
7637.71238115
7637.82209946
7637.93182167
7638.04049745
7638.14922150
7638.27117563
7638.36864545
7638.47727271
7638.57462185
7638.69083133
7638.79596725
7638.90217007
7639.02541297
7639.12068583
7639.23380576
7639.33800984
7639.44697527
7639.55659166
7639.67022872
7639.77598025
7639.87783669
7639.98350825
7640.09229448
7640.18914503
7640.27774482
7640.38639305
7640.49541236
7640.61787970
7640.71266494
7640.82333094
7640.93139086
7641.04125984
7641.15060878
7641.30211600
7641.39898166
7641.49865478
7641.60875612
7641.71678629
7641.82735672
7641.93593132
7642.04365088
7642.16528439
7642.26553169
7642.37175987
7642.47248283
7642.57918571
7642.68798998
7642.79764246
7642.91019140
7642.99367510
7643.10251033
7643.20131355
7643.30900141
7643.41958135
7643.52830540
7643.64804135
7643.75591085
7643.86656417
7643.96533301
7644.06308491
7644.17226221
7644.27988230
7644.44513426
7644.50915833
7644.61864868
7644.71841713
7644.82626786
7644.93673857
7645.05451331
7645.16660608
7645.28875891
7645.38178116
7645.49134538
7645.58953371
7645.69754218
7645.80831058
7645.91702098
7646.03909920
7646.12451973
7646.22209755
7646.33289862
7646.44405711
7646.55085532
7646.65872141
7646.78052803
7646.87659253
7646.99246483
7647.10651709
7647.20313236
7647.29199523
7647.37873988
7647.48720794
7647.61197903
7647.69492489
7647.79351282
7647.90312849
7648.05785057
7648.14314627
7648.25087387
7648.37251933
7648.45840651
7648.55811815
7648.66578895
7648.77651298
7648.88823881
7648.99390014
7649.11258039
7649.21223620
7649.36285668
7649.46247349
7649.57343449
7649.68102874
7649.78953020
7649.91000293
7650.01981292
7650.12942858
7650.24119416
7650.34604530
7650.46658972
7650.56351000
7650.68593881
7650.78277497
7650.89039116
7651.00126439
7651.11070696
7651.21773727
7651.32721982
7651.45127070
7651.55061005
7651.65533563
7651.77587395
7651.89573302
7652.00445440
7652.11269230
7652.22149778
7652.32105656
7652.42976794
7652.53816285
7652.63704238
7652.74565818
7652.84824678
7652.94304981
7653.06304956
7653.17455621
7653.28121057
7653.38915907
7653.49865917
7653.60929396
7653.70534384
7653.83021440
7653.91450243
7654.02128357
7654.13239452
7654.24160205
7654.39350326
7654.48110100
7654.60362125
7654.69880121
7654.80820111
7654.91990256
7655.02688192
7655.13457344
7655.27934519
7655.38788468
7655.48467305
7655.59343953
7655.70303764
7655.81273133
7655.92365479
7656.03137630
7656.14794053
7656.24719650
7656.34583977
7656.44416683
7656.55278775
7656.66216960
7656.77194521
7656.90306778
7657.00338285
7657.15311709
7657.26204375
7657.35954770
7657.45828241
7657.56701427
7657.68660466
7657.78938854
7657.89516421
7658.00302616
7658.11524742
7658.22210804
7658.33072457
7658.45786549
7658.54160178
7658.64979629
7658.72659644
7658.83239113
7658.93107829
7659.03983819
7659.13795679
7659.26112264
7659.35730149
7659.46787411
7659.57468694
7659.68358752
7659.79302959
7659.89179575
7660.01266077
7660.10931724
7660.21897997
7660.32682143
7660.44041850
7660.54423956
7660.66781696
7660.77641009
7660.87335158
7660.99288491
7661.10200004
7661.21169836
7661.32038657
7661.43013585
7661.53983417
7661.63469181
7661.73527118
7661.84307680
7661.95598926
7662.06286427
7662.15853477
7662.29006158
7662.39093498
7662.49851801
7662.59600319
7662.70561227
7662.81429780
7662.92306306
7663.08636553
7663.18435783
7663.29593470
7663.40005320
7663.50234459
7663.61214385
7663.72070553
7663.82944055
7663.92818964
7664.02415686
7664.12278380
7664.23255380
7664.33130338
7664.42980768
7664.53877847
7664.64739745
7664.74619383
7664.85481549
7664.96324454
7665.07573179
7665.17098660
7665.28345971
7665.40291820
7665.49787606
7665.60755779
7665.71617921
7665.82677596
7665.93553342
7666.03236031
7666.19695229
7666.29458010
7666.31547967
7666.41223976
7666.52200342
7666.63166809
7666.74125036
7666.86071762
7666.98551334
7667.06732573
7667.17704038
7667.28887130
7667.39551932
7667.50317842
7667.61314029
7667.73775023
7667.83144296
7667.94406187
7668.05566897
7668.15947783
7668.26816995
7668.37888397
7668.49872622
7668.59628722
7668.69332940
7668.80280537
7668.82358937
7668.93434022
7669.11904767
7669.14095661
7669.24963240
7669.36917281
7669.46712025
7669.55333267
7669.66247729
7669.76172838
7669.87149692
7669.96921469
7670.07819182
7670.19862628
7670.29560995
7670.40506884
7670.51575556
7670.62273711
7670.73252784
7670.83088610
7670.95666193
7671.05132843
7671.15813054
7671.26842083
7671.37567203
7671.52650901
7671.62897912
7671.74871506
7671.84450504
7671.95416971
7672.05286906
7672.16460538
7672.26902157
7672.37969781
7672.49177253
7672.58715169
7672.69446336
7672.80466319
7672.91864743
7673.01310085
7673.12181710
7673.24162765
7673.38319574
7673.45918743
7673.56863121
7673.67757737
7673.78703798
7673.88838120
7674.00475818
7674.10584467
7674.21191145
7674.32556776
7674.43823690
7674.54810223
7674.66075722
7674.77029145
7674.86906736
7674.97796745
7675.09899143
7675.20133232
7675.31099821
7675.47580230
7675.55294574
7675.66776064
7675.77327958
7675.88512195
7675.99467569
7676.09539647
7676.21615665
7676.31782097
7676.42570266
7676.54027644
7676.64660165
7676.75821485
7676.87036150
7676.98114282
7677.08199061
7677.17884921
7677.28837393
7677.40206414
7677.50968032
7677.60966431
7677.73259464
7677.85233644
7677.96310215
7678.06281355
7678.18362982
7678.29414831
7678.40576053
7678.52644026
7678.62623748
7678.73795552
7678.84773259
7678.96635335
7679.06804497
7679.17892308
7679.30138579
7679.40122860
7679.51095593
7679.66558464
7679.76433665
7679.87496535
7679.98389006
7680.09761952
7680.19605239
7680.30827096
7680.42006531
7680.52726921
7680.63796568
7680.74769545
7680.86742896
7680.97010265
7681.07978219
7681.19056473
7681.30122829
7681.41099511
7681.43192468
7681.54299540
7681.65262935
7681.76706000
7681.86336685
7681.97312661
7682.08483587
7682.19435499
7682.30395700
7682.40403753
7682.52948105
7682.62299190
7682.72556562
7682.83609776
7682.94771949
7683.04748600
7683.15730646
7683.27990814
7683.37803454
7683.48858058
7683.60556514
7683.70877862
7683.82155381
7683.93133624
7684.04146001
7684.14170145
7684.25200466
7684.36337746
7684.47219538
7684.58385246
7684.69432439
7684.81631167
7684.90574285
7685.01467098
7685.12871885
7685.23592446
7685.33407963
7685.44646327
7685.56794854
7685.65703011
7685.76632638
7685.86593295
7686.02154835
7686.10849244
7686.21915112
7686.34169843
7686.44150516
7686.55034722
7686.66289567
7686.77173041
7686.92637960
7687.02468203
7687.14774817
7687.24990498
7687.35728003
7687.46805501
7687.57777893
7687.69042832
7687.80024708
7687.92556186
7688.02136379
7688.13121839
7688.24088793
7688.35250893
7688.46244399
7688.57896068
7688.69562511
7688.79355305
7688.91067853
7689.01732509
7689.16986605
7689.26860173
7689.37948326
7689.50316282
7689.60088157
7689.71076176
7689.81043733
7689.92207686
7690.03280039
7690.14238436
7690.26404421
7690.36880514
7690.46456684
7690.57774065
7690.68507548
7690.79566371
7690.89491919
7691.01884304
7691.11431363
7691.22625792
7691.33679152
7691.43649805
7691.54969625
7691.65695477
7691.78062482
7691.87842110
7691.98801751
7692.09984135
7692.21056148
7692.32121772
7692.43102356
7692.55257442
7692.65433041
7692.76249248
7692.87386138
7692.98840955
7693.09429469
7693.20414929
7693.32582206
7693.42783746
7693.53704645
7693.64674672
7693.74781053
7693.85821882
7693.87836307
7693.98873918
7694.11395035
7694.21977966
7694.33471134
7694.44113335
7694.55206730
7694.66242439
7694.83097167
7694.90690070
7695.01647492
7695.11639210
7695.22691254
7695.33575753
7695.43564935
7695.54716673
7695.65848004
7695.75768603
7695.88225208
7695.99198160
7696.10060204
7696.21034205
7696.32038560
7696.43176254
7696.53451352
7696.64437397
7696.75263722
7696.86289045
7696.97353158
7697.08337813
7697.20664200
7697.30525797
7697.41399299
7697.52810109
7697.63533206
7697.73607867
7697.84786181
7697.96869660
7698.06752249
7698.17682973
7698.28849047
7698.39915622
7698.50933948
7698.62051333
7698.73035501
7698.82913506
7698.93968622
7699.05479418
7699.16135102
7699.27176881
7699.38366288
7699.50421973
7699.60409668
7699.71673119
7699.82452658
7699.93617074
7700.04591099
7700.15698854
7700.28246692
7700.37702517
7700.48769458
7700.64161088
7700.75353493
7700.86448960
7700.98746138
7701.08710963
7701.19529780
7701.30465064
7701.41574842
7701.52531728
7701.62586226
7701.75164687
7701.84918423
7701.96184288
7702.06775020
7702.17840230
7702.28835101
7702.39940467
7702.51921375
7702.62108287
7702.72046464
7702.87414517
7702.96371899
7703.07377644
7703.18329946
7703.30496954
7703.40483332
7703.50454253
7703.61889785
7703.72637312
7703.84799614
7703.95478509
7704.07497452
7704.17491412
7704.28732531
7704.39691440
7704.50769377
7704.62079420
7704.72817413
7704.84963722
7704.95037189
7705.06253293
7705.17072670
7705.27974772
7705.39176832
7705.50211931
7705.62248233
7705.72287006
7705.83427602
7705.94551790
7706.05428218
7706.16711954
7706.27653455
7706.39621686
7706.48705556
7706.59766865
7706.70742792
7706.80629306
7706.91003877
7707.01654807
7707.12876957
7707.23779838
7707.35072035
7707.46065735
7707.56053577
7707.67155870
7707.82385488
7707.91443417
7708.02221761
7708.13311473
7708.25446080
7708.35346978
7708.46476091
7708.57535254
7708.68723637
7708.79666357
7708.90692435
7709.02847985
7709.13156191
7709.23845935
7709.34927139
7709.45969479
7709.56956841
7709.68357240
7709.80194301
7709.90244923
7710.01226873
7710.12295496
7710.23276567
7710.38605075
7710.50912444
7710.60892971
7710.71830937
7710.81809489
7710.97547571
7711.06133705
7711.17202937
7711.28264661
7711.38239288
7711.49207120
7711.59300555
7711.70252199
7711.81429829
7711.92389592
7712.04666509
7712.14447088
7712.25766347
7712.36625075
7712.47663174
7712.58624594
7712.69605226
7712.81728203
7712.91893050
7713.02876315
7713.14578379
7713.24002144
7713.34977827
7713.46058641
7713.58227721
7713.68545168
7713.79071413
7713.90153251
7714.01654051
7714.12271895
7714.23378601
7714.35624799
7714.45649041
7714.56474733
7714.66455528
7714.77524029
7714.88598870
7714.99663714
7715.10745552
7715.21106909
7715.31694569
7715.43354576
7715.52836197
7715.63904308
7715.74944869
7715.87343837
7715.96921396
7716.08082496
7716.19076246
7716.30124804
7716.41135912
7716.52278775
7716.64743280
7716.74263934
7716.85442149
7716.96615147
7717.07405584
7717.17553657
7717.28618379
7717.40800650
7717.50669537
7717.61654217
7717.72797445
7717.83769764
7717.94942933
7718.05925955
7718.17973862
7718.27945856
7718.42408913
7718.53447987
7718.62876018
7718.73373518
7718.84435071
7718.96966233
7719.05396596
7719.07498573
7719.19784365
7719.30975527
7719.42537840
7719.52172962
7719.63148962
7719.74125426
7719.84195333
7719.95051794
7720.05890822
7720.17017398
7720.28335756
7720.38983320
7720.51259580
7720.60934223
7720.71006740
7720.81877756
7720.92861192
7721.03821930
7721.13583833
7721.25628400
7721.35584205
7721.47083322
7721.56438113
7721.67327755
7721.78436559
7721.89439329
7722.01484969
7722.11280567
7722.21319315
7722.31112402
7722.42267431
7722.53130279
7722.64118884
7722.76173326
7722.86390738
7722.97413550
7723.07000300
7723.17014010
7723.27662281
7723.38861464
7723.51022475
7723.60347082
7723.70583316
7723.86039263
7723.97497566
7724.07872674
7724.19344509
7724.31001493
7724.41994706
7724.53074910
7724.62754357
7724.72732056
7724.83757086
7724.95722245
7725.05721252
7725.21401138
7725.28728020
7725.39628001
7725.50671000
7725.62048188
7725.72659132
7725.82537772
7725.93609589
7726.04524807
7726.15530723
7726.26529958
7726.37801138
7726.49482381
7726.59840861
7726.70398752
7726.81473203
7726.92347900
7727.07803578
7727.15485813
7727.27555420
7727.37420796
7727.48325506
7727.58271656
7727.69601764
7727.80509474
7727.91056004
7727.93349956
7728.09578412
7728.17468958
7728.28542286
7728.38288147
7728.49255736
7728.60226591
7728.71181746
7728.83097314
7728.93349152
7729.04204003
7729.13921362
7729.24964873
7729.36266456
7729.47088296
7729.59273980
7729.69327796
7729.80199543
7729.90971597
7730.01858265
7730.12909554
7730.22735823
7730.34911194
7730.44574964
7730.55719485
7730.66943927
7730.77560527
7730.88650533
7730.99517770
7731.11674343
7731.21639754
7731.32946115
7731.35019859
7731.45588113
7731.56896815
7731.67838316
7731.78512505
7731.88905167
7732.00558396
7732.10547164
7732.21407794
7732.32467152
7732.43577150
7732.54400135
7732.65188646
7732.77686894
7732.87142914
7732.98191935
7733.09256292
7733.20244848
7733.30416838
7733.41040412
7733.53503551
7733.62946430
7733.72903356
7733.83799192
7733.93744147
7734.04735824
7734.15690759
7734.27501562
7734.35542196
7734.46517880
7734.57581237
7734.68560358
7734.79450415
7734.90467448
7735.02587133
7735.12631294
7735.22361283
7735.32140960
7735.43194345
7735.54274988
7735.65138373
7735.76017386
7735.86336369
7735.97022358
7736.07969613
7736.18975431
7736.29899499
7736.39893168
7736.51954412
7736.62080736
7736.73055932
7736.83779736
7736.94740766
7737.05822555
7737.16779587
7737.33072701
7737.38733294
7737.49514125
7737.59824940
7737.70461119
7737.80584981
7737.91601649
7738.02425926
7738.14787836
7738.23271935
7738.33157157
7738.43260515
7738.53885064
7738.65056745
7738.76023164
7738.88007876
7738.97964607
7739.08887798
7739.17662371
7739.33619614
7739.40763299
7739.51731741
7739.62697647
7739.72471034
7739.83554505
7739.94433396
7740.08768746
7740.19772150
7740.30813199
7740.41982540
7740.51660109
7740.62523665
7740.73695566
7740.84615197
7740.95635034
7741.06605134
7741.18585019
7741.28542238
7741.39820951
7741.50497237
7741.61470750
7741.71431772
7741.82229231
7741.93277642
7742.03558469
7742.14550098
7742.25156751
7742.36916403
7742.47095586
7742.58154847
7742.70257831
7742.80007300
7742.91267459
7743.02140767
7743.13120400
7743.24293983
7743.33849063
7743.45841187
7743.55899660
7743.67365546
7743.77838738
7743.88721603
7743.90826457
7744.01879721
7744.22722194
7744.32613389
7744.43761128
7744.54740103
7744.64525387
7744.75507312
7744.86555358
7744.98616358
7745.07466049
7745.17194087
7745.27245855
7745.37119569
7745.47902448
7745.59166533
7745.70179470
7745.82447660
7745.91901778
7746.02962526
7746.12842506
7746.23737489
7746.34811939
7746.44769231
7746.57161251
7746.66668300
7746.77578667
7746.88648509
7747.00063634
7747.10691670
7747.21655284
7747.38117480
7747.45801300
7747.56920611
7747.67746644
7747.78532693
7747.88399434
7747.99461572
7748.15879541
7748.25620769
7748.36831265
7748.47698136
7748.57767166
7748.70779509
7748.80405440
7748.92676628
7749.02383406
7749.12720650
7749.22296113
7749.31977486
7749.47338761
7749.57545421
7749.69481761
7749.78379532
7749.89024000
7749.98928093
7750.09897656
7750.21271577
7750.31838588
7750.42791938
7750.54881805
7750.64841267
7750.75913815
7750.85869181
7750.96908645
7751.07796703
7751.09860890
7751.19734116
7751.29450183
7751.41675852
