7771.27510120
7771.38514914
7771.49536970
7771.59428311
7771.70579196
7771.81317677
7771.92562111
7772.03459214
7772.14559460
7772.25257591
7772.36339185
7772.47325400
7772.58288479
7772.69255653
7772.80382278
7772.91660578
7773.03083504
7773.14093004
7773.25039503
7773.35990854
7773.45967968
7773.56937824
7773.67803915
7773.79013874
7773.88661894
7773.99828602
7774.10694084
7774.22803602
7774.33632146
7774.43572420
7774.54548420
7774.64406799
7774.75469814
7774.85243298
7774.96246898
7775.07182572
7775.18243491
7775.29227732
7775.40208754
7775.51282351
7775.62202812
7775.73241203
7775.84248971
7775.95070738
7776.06222085
7776.17026883
7776.28170160
7776.37879011
7776.49021289
7776.59890890
7776.70761687
7776.81838624
7776.91739304
7777.02673247
7777.16979437
7777.26851615
7777.37818327
7777.48993860
7777.58802502
7777.68690747
7777.79705781
7777.90589450
7778.01549481
7778.12627881
7778.23835719
7778.34598752
7778.49787996
7778.59651348
7778.70786799
7778.80643374
7778.91691834
7779.02532374
7779.13508008
7779.24406233
7779.35507697
7779.46438373
7779.56407783
7779.67309567
7779.78488295
7779.89334052
7780.00340577
7780.10152510
7780.21334505
7780.32136596
7780.41997534
7780.57367367
7780.67141363
7780.78227516
7780.88076606
7780.99057336
7781.10097531
7781.21198703
7781.33046760
7781.44226560
7781.55041793
7781.66172197
7781.77154609
7781.88075996
7781.99070867
7782.10041869
7782.22840417
7782.33828095
7782.44869095
7782.56000304
7782.65806459
7782.76850409
7782.87819704
7782.97971531
7783.08952798
7783.20163221
7783.31160725
7783.43125371
7783.54380241
7783.65370089
7783.76543672
7783.87497315
7783.97473941
7784.08311555
7784.19498280
7784.30573998
7784.40596899
7784.51495416
7784.62748140
7784.73645560
7784.84702286
7784.95987875
7785.06959657
7785.17904498
7785.28967514
7785.40003662
7785.51033446
7785.61995671
7785.73287892
7785.84276765
7785.95260811
7786.06283769
7786.17346492
7786.27378999
7786.37691985
7786.49407288
7786.60633875
7786.71612703
7786.82633881
7786.93672028
7787.04770128
7787.15875420
7787.26853737
7787.37806331
7787.48841406
7787.59965496
7787.71086295
7787.86352387
7787.97498883
7788.08326281
7788.19634252
7788.30677202
7788.45963750
7788.53967252
7788.64919725
7788.74901885
7788.85867475
7788.97019968
7789.07993091
7789.19059959
7789.30143333
7789.41174361
7789.52132563
7789.63293005
7789.73147190
7789.84337962
7789.95329736
7790.10696302
7790.19627864
7790.30728500
7790.41912688
7790.52778341
7790.62732097
7790.72723888
7790.83838445
7790.94807058
7791.05873292
7791.16861239
7791.28019486
7791.38992853
7791.50074155
7791.60181999
7791.71162680
7791.82176251
7791.93164588
7792.04337220
7792.15286987
7792.25364525
7792.36287351
7792.47491312
7792.58379102
7792.69534376
7792.80598098
7792.91670988
7793.01453737
7793.12700512
7793.23707866
7793.39026718
7793.49005368
7793.60137674
7793.71153830
7793.82126807
7793.93290467
7794.04278609
7794.14266255
7794.25254055
7794.35292706
7794.46269340
7794.57415373
7794.67381394
7794.78308242
7794.89569645
7794.99535763
7795.09579363
7795.20365850
7795.31609066
7795.42527819
7795.53598344
7795.64652729
7795.75809782
7795.86743603
7795.97840972
7796.08922931
7796.19972001
7796.29979542
7796.40902538
7796.52134733
7796.63115780
7796.74127254
7796.85285575
7796.96279056
7797.07264931
7797.18282964
7797.29382575
7797.39306099
7797.49298378
7797.60317288
7797.70338166
7797.81327527
7797.91502077
7798.06734694
7798.15614496
7798.26582962
7798.37742551
7798.54119194
7798.64359329
7798.74079175
7798.85244542
7798.96344592
7799.07288995
7799.18323143
7799.29407687
7799.40382298
7799.51504340
7799.62631185
7799.73719703
7799.84592523
7799.94582973
7800.05744049
7800.16782342
7800.26798051
7800.37794775
7800.48790279
7800.59811823
7800.70937693
7800.86251377
7800.97341455
7801.10536022
7801.21567659
7801.32623166
7801.43690375
7801.58963489
7801.70098575
7801.81123215
7801.92252863
7802.03412427
7802.18714652
7802.28729312
7802.39761876
7802.50816286
7802.61787166
7802.72903405
7802.83872871
7802.95013247
7803.06018261
7803.17078985
7803.28042624
7803.39290959
7803.50157976
7803.61297572
7803.72516699
7803.87841427
7803.97797452
7804.08748071
7804.19937624
7804.30800570
7804.42004019
7804.51894995
7804.61877278
7804.72934052
7804.83981391
7804.95004763
7805.06052614
7805.14815045
7805.25975731
7805.37061567
7805.48066068
7805.59205445
7805.70200536
7805.80230483
7805.91221916
7806.02419856
7806.13337805
7806.24382681
7806.35364630
7806.46539262
7806.57507241
7806.68636889
7806.78559390
7806.89750308
7807.00817541
7807.11690678
7807.22791045
7807.33830753
7807.44901205
7807.55945106
7807.67152359
7807.78148693
7807.89082441
7808.00068876
7808.11238485
7808.22191494
7808.33294178
7808.43424282
7808.54319800
7808.65482851
7808.76406334
7808.87595668
7808.97493202
7809.08514380
7809.19613528
7809.30741031
7809.41659273
7809.52774318
7809.68201690
7809.79153723
7809.90147912
7810.01373451
7810.12379391
7810.27714773
7810.37712148
7810.48679785
7810.59888550
7810.70803817
7810.82057760
7810.92872870
7811.04096239
7811.13969490
7811.25059398
7811.36059608
7811.47155490
7811.58086312
7811.70044717
7811.81143207
7811.96560997
7812.05472835
7812.19580980
7812.30728305
7812.41658688
7812.52851800
7812.63141355
7812.73901267
7812.84784474
7812.95882598
7813.07023291
7813.18029085
7813.29068012
7813.40167721
7813.51331138
7813.62146784
7813.72434292
7813.83334077
7813.94346965
7814.05297341
7814.16442374
7814.27458798
7814.38581742
7814.49509224
7814.60782745
7814.70698223
7814.81644552
7814.92609824
7815.03794818
7815.12741204
7815.28094360
7815.37956786
7815.48956216
7815.59027952
7815.72793715
7815.83385960
7815.94941982
7816.06606256
7816.18359568
7816.36461577
7816.48073163
7816.59628917
7816.71417631
7816.82923063
7816.94672621
7817.06298958
7817.17880532
7817.29624263
7817.41498457
7817.52256101
7817.63961896
7817.75703164
7817.87252726
7817.98847026
7818.10537534
7818.22316763
7818.33894997
7818.44324401
7818.55981677
7818.67685594
7818.78293589
7818.89809797
7819.01468097
7819.13051183
7819.24825951
7819.36396504
7819.48114196
7819.59739022
7819.71499161
7819.82034403
7819.92420092
7820.03176786
7820.13730777
7820.24309270
7820.34875646
7820.44289195
7820.53789661
7820.64260635
7820.73895514
7820.84348226
7820.95994311
7821.07742748
7821.19259810
7821.29944775
7821.41516840
7821.52197684
7821.63701239
7821.75287323
7821.87056142
7821.97452632
7822.09135777
7822.19695789
7822.31503667
7822.43146388
7822.54696607
7822.66305366
7822.77991826
7822.93928540
7823.03386389
7823.19369792
7823.28871941
7823.39433368
7823.49967074
7823.60605495
7823.71254157
7823.81844476
7823.92331419
7824.02983689
7824.12373783
7824.21839580
7824.32311261
7824.44023223
7824.55683913
7824.67399509
7824.79039986
7824.90680635
7825.02254919
7825.12828950
7825.24492127
7825.36065728
7825.47742265
7825.59408538
7825.71002985
7825.82714875
7825.93107610
7826.04861459
7826.16597364
7826.28110646
7826.39813125
7826.51371951
7826.63121095
7826.79064684
7826.88457972
7826.99035344
7827.09812347
7827.20273886
7827.30840164
7827.41538880
7827.52119836
7827.62429652
7827.71929314
7827.81512505
7827.92106822
7828.03674961
7828.15414938
7828.27087964
7828.38642646
7828.49124639
7828.60927567
7828.72382872
7828.84182436
7828.93604517
7829.05264793
7829.16917900
7829.27551470
7829.37993235
7829.49566373
7829.61214775
7829.73028260
7829.95386641
7830.11353319
7830.20830356
7830.36825925
7830.46289284
7830.56792050
7830.67395656
7830.78291931
7830.88656457
7830.99174754
7831.09923207
7831.20414661
7831.30936883
7831.41557166
7831.51965359
7831.63715502
7831.75254116
7831.86888767
7831.98512178
7832.10305842
7832.22028215
7832.32433702
7832.44088808
7832.55763931
7832.66357443
7832.77983366
7832.89630134
7833.00164693
7833.11712499
7833.22356455
7833.34002102
7833.45504462
7833.57197481
7833.68996508
7833.80565038
7833.96477980
7834.06019602
7834.17689654
7834.28378422
7834.38915029
7834.49497253
7834.60078355
7834.70616425
7834.81144938
7834.91738645
7835.01198883
7835.10543848
7835.21111102
7835.32892014
7835.44464299
7835.55034210
7835.66700288
7835.77145491
7835.88849993
7835.99421928
7836.09993717
7836.21575144
7836.33200530
7836.44939068
7836.55498691
7836.65966105
7836.77667487
7836.89170237
7837.00862890
7837.12694490
7837.24307344
7837.40206975
7837.49628008
7837.60223007
7837.70689934
7837.81655280
7837.92059620
7838.02617561
7838.13164066
7838.23719617
7838.34215655
7838.44898011
7838.55477114
7838.67034648
7838.78653207
7838.90237268
7839.01986143
7839.13544311
7839.25315471
7839.35834475
7839.47424509
7839.59073447
7839.70715095
7839.82474015
7839.92865142
7840.04674579
7840.15217428
7840.26808998
7840.38436700
7840.54420128
7840.64884811
7840.76747838
7840.88035768
7840.99142498
7841.10309499
7841.21265263
7841.32460935
7841.43624766
7841.54819317
7841.65965398
7841.77106579
7841.88073753
7841.99240534
7842.10402902
7842.21441732
7842.32745265
7842.43753985
7842.53781347
7842.65197667
7842.76053542
7842.87221420
7842.98286216
7843.09477841
7843.20705330
7843.31760837
7843.41841886
7843.52727628
7843.63966040
7843.75254994
7843.86293629
7843.97527140
7844.08453330
7844.19681527
7844.29906375
7844.45157473
7844.55338825
7844.66185850
7844.77369430
7844.88528165
7844.99662007
7845.10942062
7845.22036578
7845.33114124
7845.44102388
7845.55512027
7845.65620335
7845.76542014
7845.87648599
7845.98734923
7846.09874275
7846.21074970
7846.32143837
7846.43229649
7846.54348033
7846.65510231
7846.76738963
7846.87765164
7846.98938333
7847.08942924
7847.20085470
7847.30174858
7847.41228096
7847.52405483
7847.63574775
7847.74558333
7847.85960488
7847.96930368
7848.07959397
7848.19088558
7848.30238541
7848.41456619
7848.52622668
7848.62659101
7848.73792724
7848.84892286
7848.95966273
7849.07079343
7849.18154817
7849.29283101
7849.40480724
7849.51667716
7849.62645838
7849.73873741
7849.83815161
7849.94990110
7850.05188797
7850.16170405
7850.27421934
7850.37285384
7850.48556808
7850.59706668
7850.75082280
7850.85288696
7850.96192918
7851.07371305
7851.18398115
7851.29623190
7851.39780065
7851.50722980
7851.61963830
7851.72989299
7851.84113974
7851.95308988
7852.06472989
7852.17524083
7852.28674748
7852.39921669
7852.51032666
7852.62177504
7852.73322221
7852.88602039
7852.99735711
7853.10983729
7853.21971164
7853.32057406
7853.43141804
7853.54388725
7853.65572329
7853.76650900
7853.87746000
7853.98873552
7854.10078319
7854.21250585
7854.36577191
7854.47778105
7854.58696201
7854.69887631
7854.81100101
7854.92234334
7855.03519387
7855.14450306
7855.25587586
7855.36852842
7855.47832962
7855.58995282
7855.70014338
7855.81199210
7855.92451032
7856.03523458
7856.14720130
7856.24608619
7856.34683037
7856.44828745
7856.60175806
7856.69244413
7856.80286803
7856.91410234
7857.02483002
7857.13671799
7857.23839693
7857.33816441
7857.44904399
7857.56076787
7857.67132635
7857.77269322
7857.88251295
7857.98390420
7858.09460140
7858.20641184
7858.30648481
7858.41708815
7858.52958662
7858.64044571
7858.75220495
7858.86398247
7858.97379465
7859.08522353
7859.19729679
7859.30773970
7859.41997046
7859.53010301
7859.64310835
7859.74161851
7859.85242982
7859.96575016
7860.07523564
7860.17712523
7860.29753921
7860.40977290
7860.52277556
7860.63291786
7860.74329299
7860.85524142
7860.96580161
7861.07911586
7861.18779554
7861.30148307
7861.41021883
7861.52286675
7861.63478983
7861.74428383
7861.85709023
7861.96690874
7862.06827244
7862.16827642
7862.27940346
7862.39216475
7862.49159504
7862.60334575
7862.70429789
7862.81489684
7862.92640837
7863.03647070
7863.13716221
7863.24917940
7863.35962304
7863.47141324
7863.58277044
7863.69452236
7863.79349063
7863.90516820
7864.01684112
7864.12762171
7864.22921776
7864.33872834
7864.45162812
7864.55175790
7864.66203795
7864.77382327
7864.88501882
7864.99625850
7865.10896153
7865.21828950
7865.32993585
7865.44076349
7865.55370033
7865.66556075
7865.77621236
7865.88665039
7865.99747438
7866.10931334
7866.22071467
7866.33111613
7866.44255574
7866.54732277
7866.65974468
7866.77392519
7866.88761198
7867.00253781
7867.11499629
7867.22819327
7867.33125242
7867.44596614
7867.55988626
7867.67153724
7867.77516203
7867.88796233
7868.00179590
7868.11578233
7868.22955861
7868.34253396
7868.45611836
7868.57059119
7868.67348284
7868.78614003
7868.89910125
7869.01384788
7869.12711849
7869.23108241
7869.34364037
7869.45720233
7869.56989512
7869.68524615
7869.79755640
7869.91220648
7870.02481905
7870.12768291
7870.24136994
7870.35494361
7870.46844145
7870.58218042
7870.69532206
7870.80913563
7870.92213586
7871.03551033
7871.14996561
7871.26263621
7871.37646295
7871.49011195
7871.60455528
7871.70709756
7871.82068097
7871.92417020
7872.03675083
7872.14084129
7872.25490672
7872.36659916
7872.47020663
7872.62602415
7872.71819331
7872.82110935
7872.92451665
7873.03707169
7873.16086510
7873.27563368
7873.39022695
7873.49279507
7873.60418226
7873.71956108
7873.83283170
7873.95900713
7874.05962307
7874.17232975
7874.27713018
7874.39079162
7874.50339053
7874.61686887
7874.73002318
7874.84383286
7874.95907905
7875.07186522
7875.18463773
7875.29726029
7875.41213785
7875.52571517
7875.63970770
7875.75128140
7875.86692964
7875.96898600
7876.07227360
7876.17584548
7876.28754571
7876.40183154
7876.51709530
7876.62837642
7876.73017776
7876.88792649
7876.99052508
7877.10543361
7877.21860084
7877.33061047
7877.44622043
7877.55854189
7877.67390878
7877.78630021
7877.89940430
7878.01401952
7878.12675838
7878.24055513
7878.34337389
7878.46881472
7878.58096918
7878.69474910
7878.80942137
7878.91185003
7879.02480345
7879.13811112
7879.25216021
7879.36640582
7879.47940580
7879.63728058
7879.72894384
7879.83066374
7879.94516169
7880.05792908
7880.17245750
7880.28527073
7880.38815433
7880.52453001
7880.63604715
7880.75055461
7880.85379173
7880.96654206
7881.05964623
7881.16173355
7881.29677633
7881.41008205
7881.52446077
7881.63625219
7881.75105027
7881.85392583
7881.96738393
7882.09085308
7882.20541929
7882.31848120
7882.43419235
7882.53587617
7882.65248891
7882.76553912
7882.84602251
7883.00486302
7883.10651076
7883.20953236
7883.32298534
7883.43652731
7883.55016388
7883.66348813
7883.77772593
7883.88031526
7883.99217275
7884.10758132
7884.22135394
7884.33391555
7884.42653430
7884.52893199
7884.64164013
7884.74444889
7884.85898902
7884.97085919
7885.08455890
7885.20032051
7885.30321192
7885.41698502
7885.52940157
7885.64301449
7885.75735859
7885.86965811
7885.98481605
7886.09651092
7886.20997438
7886.32387719
7886.43840293
7886.54143380
7886.65389009
7886.76852359
7886.88312491
7886.99563606
7887.09828439
7887.22154460
7887.33703094
7887.44874581
7887.56328764
7887.67578977
7887.79079020
7887.90360635
7888.01807041
7888.13106722
7888.24348987
7888.35801780
7888.47284830
7888.58661580
7888.68976906
7888.80200909
7888.92621576
7889.03928450
7889.15387851
7889.25682233
7889.35864147
7889.47195450
7889.57636289
7889.68879772
7889.79097940
7889.94807546
7890.05129259
7890.14395084
7890.25677869
7890.36925131
7890.48399599
7890.59803144
7890.71136105
7890.81430707
7890.92690355
7891.04182694
7891.15567294
7891.26923759
7891.37107818
7891.48352861
7891.59779177
7891.71229216
7891.81814048
7891.92859071
7892.04344608
7892.14430095
7892.25795434
7892.37018437
7892.47138155
7892.58535994
7892.69710869
7892.81056021
7892.92343365
7893.03651848
7893.14790152
7893.26146812
7893.36329335
7893.46529363
7893.56675875
7893.67964780
7893.79344236
7893.89453884
7894.00798670
7894.12160377
7894.23419659
7894.34684719
7894.46042086
7894.57134090
7894.68438843
7894.84141719
7894.93281738
7895.04549944
7895.15697830
7895.27005800
7895.38361022
7895.49644075
7895.60906283
7895.72149912
7895.83508937
7895.94622933
7896.07053060
7896.19446470
7896.30727963
7896.41984247
7896.53254256
7896.64607576
7896.79233693
7896.90365463
7897.01722927
7897.13081317
7897.23004549
7897.34460805
7897.45654283
7897.56947601
7897.68119282
7897.79501932
7897.90879510
7898.00974042
7898.13343510
7898.23508113
7898.34939890
7898.46210680
7898.57345351
7898.67528215
7898.79008901
7898.90241851
7899.01496745
7899.12781261
7899.24052466
7899.35319160
7899.46679842
7899.57998467
7899.69126312
7899.80454080
7899.91770633
7900.06311320
7900.17370898
7900.27687906
7900.39050465
7900.50250307
7900.61453171
7900.72740077
7900.84183216
7900.95348436
7901.05511893
7901.16791412
7901.27045468
7901.38224001
7901.49693325
7901.59781908
7901.69945730
7901.81322504
7901.92482312
7902.03917917
7902.15071971
7902.26394717
7902.37800211
7902.48922863
7902.64576075
7902.73624861
7902.85100719
7902.96143742
7903.07629304
7903.18767851
7903.30231397
7903.41396276
7903.51494319
7903.62863291
7903.74024367
7903.85406602
7903.96779572
7904.08039586
7904.19085535
7904.30453629
7904.41820553
7904.52094870
7904.63129165
7904.74459274
7904.85982284
7904.97118443
7905.09405673
7905.20758066
7905.32109679
7905.43396804
7905.54576775
7905.65874579
7905.77087830
7905.88456192
7905.99668834
7906.11036660
7906.22214827
7906.33666499
7906.44811117
7906.56115358
7906.67244836
7906.77613532
7906.88811325
7906.98977927
7907.10369110
7907.21624174
7907.32932511
7907.44248991
7907.55431229
7907.66739127
7907.78032981
7907.89271076
7908.00574951
7908.11990369
7908.23040121
7908.34535922
7908.45705239
7908.57040785
7908.69319604
7908.80636474
7908.92015247
7909.01194300
7909.12253317
7909.23559532
7909.33833922
7909.44950722
7909.56358899
7909.66572898
7909.77899374
7909.89089365
7910.00343917
7910.11723666
7910.23002672
7910.34183252
7910.45538961
7910.56777910
7910.67944130
7910.79449025
7910.90682098
7911.01951498
7911.13134370
7911.24421886
7911.35825283
7911.47003279
7911.58318248
7911.69580407
7911.80931044
7911.92206296
7912.03468162
7912.14829820
7912.25983655
7912.41553362
7912.50635745
7912.61024725
7912.70962464
7912.82326048
7912.92637887
7913.03899607
7913.15136117
7913.26363778
7913.37755838
7913.48901798
7913.64545819
7913.73608014
7913.83900251
7913.95180232
7914.06549009
7914.17755385
7914.29241019
7914.40247788
7914.50599076
7914.61841901
7914.72952557
7914.84398475
7914.95676921
7915.05825188
7915.16972026
7915.28270585
7915.41856564
7915.51011918
7915.62233897
7915.73588314
7915.84785815
7915.94923745
7916.06205165
7916.17492851
7916.28845024
7916.40132930
7916.51319752
7916.62694356
7916.72783207
7916.84174292
7916.95378181
7917.06736889
7917.17821384
7917.29297217
7917.40543675
7917.51846965
7917.61987138
7917.73355671
7917.83932629
7917.94157477
7918.05258478
7918.16820108
7918.28154288
7918.39598890
7918.49867916
7918.61025067
7918.72363367
7918.83791073
7918.95226678
7919.06507562
7919.17891113
7919.28247448
7919.39698364
7919.50898327
7919.62242065
7919.73731503
7919.84947168
7919.96411396
7920.11024664
7920.22280606
7920.33742665
7920.45089474
7920.56500089
7920.67810254
7920.79098793
7920.90554610
7921.00740473
7921.12150478
7921.22377667
7921.38035780
7921.47309309
7921.57587722
7921.68893108
7921.80173846
7921.91614571
7922.03008411
7922.14301583
7922.25769809
7922.36922718
7922.48394041
7922.59899375
7922.70147141
7922.80326592
7922.91619618
7923.03009703
7923.14494485
7923.25845366
7923.36168128
7923.47329886
7923.58747157
7923.70140193
7923.81516698
7923.91723432
7924.07447349
7924.16741089
7924.29132890
7924.40543188
7924.51826436
7924.63268721
7924.74438160
7924.85948712
7925.00616057
7925.11936365
7925.23218297
7925.34690034
7925.45861326
7925.56226974
7925.67486183
7925.78993175
7925.90296611
7926.01645932
7926.11827845
7926.23199207
7926.34632056
7926.46025873
7926.56324985
7926.67470213
7926.79061954
7926.90250946
7927.00658748
7927.09817784
7927.21063462
7927.32414416
7927.43872232
7927.55338191
7927.65619994
7927.77942796
7927.89261421
7928.00616155
7928.12089965
7928.22269245
7928.33647018
7928.43999159
7928.55207534
7928.65620920
7928.76896806
7928.92648980
7929.01718855
7929.11986175
7929.23558679
7929.34863553
7929.46124786
7929.57640263
7929.68853636
7929.79308128
7929.90475738
7930.01900713
7930.13193616
7930.24577802
7930.34919751
7930.46113424
7930.56584520
7930.67821689
7930.79233620
7930.90459914
7931.00738181
7931.12221353
7931.23585864
7931.34979460
7931.45098422
7931.56590615
7931.67835732
7931.79298863
7931.93877876
7932.04139003
7932.15510560
7932.25887935
7932.37107159
7932.47470004
7932.58880423
7932.70253393
7932.81597082
7932.92865166
7933.04260811
7933.15488422
7933.26895452
7933.38241653
7933.49701151
7933.60982571
7933.72408960
7933.82624178
7933.94071022
7934.05422757
7934.16687134
7934.28074075
7934.38343833
7934.49664482
7934.60163981
7934.74711470
7934.85954831
7934.95124546
7935.06476378
7935.19979803
7935.31480456
7935.41820334
7935.51996152
7935.63364392
7935.74671900
7935.86129545
7935.96301999
7936.06486935
7936.19088826
7936.30336332
7936.41747898
7936.53171702
7936.64455049
7936.75721304
7936.87144742
7936.98549286
7937.08861930
7937.20075498
7937.31561523
7937.42898044
7937.54280035
7937.65542096
7937.76905900
7937.88402603
7937.99754704
7938.09922939
7938.21280598
7938.32667832
7938.43932599
7938.54409132
7938.65569647
7938.76980676
7938.88427277
7938.99712646
7939.10089388
7939.21358886
7939.32672610
7939.42987497
7939.54484079
7939.64623228
7939.74925096
7939.86190302
7939.97651312
7940.09002194
7940.19345582
7940.30608984
7940.41902229
7940.53397543
7940.64750545
7940.75104417
7940.86378816
7940.97688688
7941.09097913
7941.20460351
7941.30548763
7941.46288309
7941.56706571
7941.66951216
7941.78443775
7941.89583298
7942.01000447
7942.12431054
7942.23698308
7942.33953560
7942.45232030
7942.56705913
7942.67025213
7942.78395013
7942.88634953
7943.01708006
7943.13082951
7943.33338600
7943.44806607
7943.56060769
7943.66367147
7943.82006145
7943.91385463
7944.01718441
7944.13086462
7944.23447575
7944.34821228
7944.46114205
7944.57516018
7944.69111683
7944.80380377
7944.90725667
7945.03179907
7945.14581915
7945.24933909
7945.36270186
7945.47673731
7945.58966512
7945.74760378
7945.84096834
7945.95443790
7946.06817687
7946.17193892
7946.28591414
7946.40019997
7946.51212232
7946.62755942
7946.74213612
7946.84602495
7946.95763595
7947.07140759
7947.18661282
7947.29991976
7947.41419950
7947.52731407
7947.64244056
7947.75698410
7947.87137087
7947.99519915
7948.10974659
7948.22347873
7948.34903709
7948.46262660
7948.57627975
7948.68077176
7948.79243494
7948.90729689
7949.02107829
7949.12571878
7949.23932707
7949.34094945
7949.45483129
7949.56942018
7949.67309055
7949.78743368
7949.88939813
7950.00382244
7950.11729322
7950.23159392
7950.34642272
7950.45898068
7950.56358899
7950.67745376
7950.79021384
7950.90477249
7951.00840435
7951.12161279
7951.22387931
7951.33763852
7951.45265041
7951.56780299
7951.68064157
7951.80533562
7951.91918796
7952.03369249
7952.14741878
7952.26214688
7952.38707840
7952.49082729
7952.60349032
7952.71772910
7952.83199129
7952.94558177
7953.05952384
7953.17292123
7953.28686743
7953.40246228
7953.52603407
7953.64058980
7953.73335118
7953.84572140
7953.95984632
7954.06451900
7954.17735709
7954.29286465
7954.39626684
7954.50888941
7954.62424654
7954.73641537
7954.83992435
7954.95554601
7955.05754484
7955.15889561
7955.28432280
7955.38901400
7955.50277418
7955.62870800
7955.74025781
7955.85484450
7955.95763034
7956.07235308
7956.18711093
7956.28989335
7956.40308472
7956.51717478
7956.63071358
7956.74538097
7956.85998376
7956.96365657
7957.08678122
7957.20139693
7957.31496352
7957.42948536
7957.54381655
7957.65642546
7957.81562413
7957.90989639
7958.02578527
7958.13925483
7958.25598143
7958.36826462
7958.47201765
7958.57498561
7958.68899643
7958.81337401
7958.91570100
7959.03252269
7959.14562654
7959.25833590
7959.37208194
7959.47676266
7959.59042117
7959.70367789
7959.80766375
7959.92004519
7960.03470698
7960.14857858
7960.25153118
7960.37710831
7960.48131239
7960.59354754
7960.70692957
7960.82315296
7960.92444180
7961.03927596
7961.14270595
7961.25643516
7961.37027019
7961.48565658
7961.59929681
7961.70188004
7961.81607639
7961.92916073
7962.05503384
7962.16864311
7962.28341826
7962.38525398
7962.49917336
7962.61325635
7962.72776405
7962.84134088
7962.95555187
7963.06795573
7963.18249659
7963.29630431
7963.42271722
7963.52490182
7963.67230597
7963.79634467
7963.91021237
7964.02462864
7964.13832616
7964.25346045
7964.35612999
7964.45888047
7964.57385653
7964.68698305
7964.80024634
7964.91575903
7965.01951693
7965.12067047
7965.23534517
7965.34880279
7965.46298451
7965.60985789
7965.73453414
7965.89207661
7966.02679025
7966.10869651
7966.21349816
7966.31502545
7966.42864008
7966.54268820
7966.65707107
7966.77073592
7966.88941958
7966.99000772
7967.10205880
7967.21589212
7967.34141293
7967.45610373
7967.55894613
7967.66020353
7967.81811464
7967.95354897
7968.03545889
7968.13824229
7968.24321168
7968.35540685
7968.46881155
7968.55328634
