7771.30481496
7771.41911616
7771.51949779
7771.61868525
7771.73884835
7771.83764864
7771.96722228
7772.05824237
7772.17066233
7772.28649953
7772.39618638
7772.50476537
7772.60656159
7772.73529970
7772.83690380
7772.94743180
7773.05744414
7773.16767738
7773.27692294
7773.38695333
7773.49662751
7773.59423459
7773.70582999
7773.81550442
7773.91340773
7774.02399010
7774.13474192
7774.15565222
7774.26528129
7774.36327116
7774.46240937
7774.57204478
7774.67102549
7774.78142890
7774.87930125
7775.00096402
7775.10306988
7775.20932707
7775.31896955
7775.42768703
7775.53846566
7775.64921285
7775.76986162
7775.86785953
7775.97884248
7776.08715766
7776.19778855
7776.30750174
7776.40974437
7776.52613477
7776.62469954
7776.73645268
7776.84508262
7776.94419206
7777.05335327
7777.19680308
7777.30512875
7777.40520660
7777.51459064
7777.61430717
7777.71209930
7777.82298936
7777.93164759
7778.05214105
7778.15286133
7778.26262719
7778.37169038
7778.52498301
7778.62346318
7778.73347040
7778.84630484
7778.94248271
7779.05138938
7779.16198687
7779.27082747
7779.38039486
7779.49117057
7779.59989950
7779.70066733
7779.81282934
7779.92355483
7780.02881387
7780.13149584
7780.23874192
7780.36245440
7780.44593859
7780.60036957
7780.69914060
7780.80794999
7780.90775160
7781.01724390
7781.13890984
7781.23762918
7781.35845398
7781.47053894
7781.57758169
7781.68824647
7781.79819737
7781.92119085
7782.01745747
7782.12708996
7782.25477872
7782.36547178
7782.47552752
7782.58504689
7782.69670836
7782.79558593
7782.91017141
7783.00594261
7783.11588254
7783.22656707
7783.33712067
7783.46987383
7783.56961864
7783.68117771
7783.79019604
7783.90167343
7784.00130267
7784.11199890
7784.23622971
7784.33267090
7784.43169550
7784.54250144
7784.65311063
7784.76633784
7784.87343423
7784.99635749
7785.09835997
7785.20547269
7785.31807429
7785.42923644
7785.53808288
7785.64669576
7785.76939716
7785.86905614
7785.97897852
7786.08952188
7786.20130209
7786.29995487
7786.41067621
7786.53132839
7786.63131749
7786.74275637
7786.85445514
7786.96278179
7787.07442960
7787.18539353
7787.30784381
7787.40554330
7787.51527160
7787.62599465
7787.73909679
7787.89048698
7788.01349411
7788.11223052
7788.22192908
7788.33364248
7788.48649894
7788.56506233
7788.67495131
7788.78559073
7788.88545890
7788.99691630
7789.10751330
7789.21635024
7789.32710157
7789.43924237
7789.55892541
7789.65865948
7789.75870978
7789.87008039
7789.97986379
7790.13356651
7790.22246571
7790.34485430
7790.44477196
7790.55437202
7790.65402394
7790.75335183
7790.86315108
7790.97829512
7791.09648703
7791.19521563
7791.30683566
7791.42014796
7791.53082029
7791.62708862
7791.73971631
7791.85958976
7791.95928824
7792.06920087
7792.18000779
7792.27926400
7792.39085988
7792.50059038
7792.62316573
7792.72021474
7792.83152732
7792.94477769
7793.04546116
7793.15265068
7793.26443186
7793.42797180
7793.52023068
7793.62792806
7793.74171701
7793.84904257
7793.95958179
7794.07053280
7794.18106958
7794.27977015
7794.37954323
7794.49268901
7794.60087815
7794.70084239
7794.81179340
7794.93362366
7795.02201403
7795.12134070
7795.23224782
7795.34096042
7795.45262603
7795.56320133
7795.68398224
7795.78371510
7795.89438110
7796.00507733
7796.11573528
7796.22561499
7796.32528787
7796.44744606
7796.54717965
7796.65712056
7796.76864428
7796.87933782
7796.98897616
7797.09976504
7797.22148876
7797.32111215
7797.41990951
7797.52060054
7797.62950258
7797.72912597
7797.84173805
7797.94047495
7798.10501962
7798.18534867
7798.29273592
7798.40427500
7798.56980296
7798.66857155
7798.76736428
7798.89100141
7798.99065625
7799.10015050
7799.21032157
7799.31858068
7799.43106769
7799.54375974
7799.66421175
7799.76398289
7799.87360245
7799.97589555
7800.08226612
7800.19482725
7800.29271934
7800.41549705
7800.51517335
7800.62590078
7800.73616181
7800.88942592
7801.00095232
7801.02177339
7801.13250472
7801.25326906
7801.35293609
7801.46359379
7801.61829150
7801.72811221
7801.83848636
7801.96119532
7802.05993100
7802.21400065
7802.31357771
7802.42526064
7802.53498943
7802.64467946
7802.76569443
7802.86511643
7802.97688932
7803.08653473
7803.19650953
7803.30791914
7803.41778764
7803.53917905
7803.63989690
7803.75034981
7803.90509773
7804.00618983
7804.11452135
7804.22506959
7804.34588951
7804.44457253
7804.54620051
7804.64510393
7804.75915327
7804.86645665
7804.97762733
7805.09904117
7805.17679438
7805.28665020
7805.39831167
7805.50697526
7805.61868817
7805.72847792
7805.84029640
7805.93982909
7806.04949864
7806.15989182
7806.27038861
7806.38215955
7806.49018729
7806.61381101
7806.71252036
7806.81230613
7806.92398710
7807.03299300
7807.14443870
7807.25332172
7807.37601873
7807.47556897
7807.58638223
7807.69689438
7807.81064091
7807.91736817
7808.02810487
7808.15178540
7808.24882027
7808.35923734
7808.46020679
7808.56980808
7808.67953126
7808.79133951
7808.91496543
7809.00193268
7809.11165684
7809.22328076
7809.33555127
7809.44624262
7809.55646610
7809.71858926
7809.81827823
7809.92825498
7810.03781872
7810.15047420
7810.30412303
7810.40379860
7810.52442859
7810.62410220
7810.73507686
7810.84590402
7810.95710225
7811.06684713
7811.16668995
7811.29082592
7811.38806754
7811.50125867
7811.60945268
7811.72721011
7811.83780979
7812.00235154
7812.08214397
7812.22387468
7812.33446217
7812.44421120
7812.55539797
7812.66614321
7812.77478096
7812.87549832
7812.98872333
7813.09689663
7813.20662566
7813.31750353
7813.42901579
7813.55074170
7813.64994940
7813.74984463
7813.86004690
7813.97029379
7814.08052556
7814.18992058
7814.31155410
7814.41210396
7814.52194100
7814.63253020
7814.73419378
7814.84292662
7814.95278975
7815.07530536
7815.15418327
7815.30862205
7815.40652804
7815.51815001
7815.61600432
7815.75756437
7815.87217056
7815.97898023
7816.09368663
7816.28824447
7816.39199408
7816.50959280
7816.63597596
7816.74360165
7816.85898170
7816.97538819
7817.09500320
7817.21063389
7817.32483585
7817.45370879
7817.55120738
7817.66793277
7817.78711990
7817.90139427
7818.01729632
7818.13462221
7818.26068915
7818.36742713
7818.47299581
7818.58841755
7818.70565445
7818.81242096
7818.93043805
7819.05363584
7819.16055668
7819.27811127
7819.39373732
7819.51003165
7819.62573987
7819.74322399
7819.84895822
7819.95371574
7820.05818996
7820.16619575
7820.27135312
7820.37626083
7820.47196791
7820.57964017
7820.67228379
7820.76609476
7820.87196576
7820.98964298
7821.10558672
7821.22332903
7821.33806713
7821.44378453
7821.55147581
7821.66782622
7821.78303268
7821.89971199
7822.00441392
7822.12990889
7822.22682599
7822.34439959
7822.46015511
7822.57600571
7822.69242975
7822.81021424
7822.97928767
7823.06516924
7823.22365355
7823.31938013
7823.42411132
7823.52903756
7823.63548834
7823.75132748
7823.84506873
7823.95262664
7824.05833307
7824.15317902
7824.24816978
7824.35258256
7824.46923505
7824.58472189
7824.70522413
7824.82192318
7824.93578503
7825.05344689
7825.16019170
7825.28561255
7825.39037885
7825.51057559
7825.62292314
7825.74045286
7825.85632199
7825.96282372
7826.08845790
7826.19516687
7826.31543749
7826.42663475
7826.54425492
7826.65997386
7826.83146246
7826.91532358
7827.02103903
7827.12878224
7827.23487365
7827.33917257
7827.44631503
7827.54961506
7827.66425222
7827.74825353
7827.84788545
7827.94954441
7828.06534307
7828.18432394
7828.29952894
7828.42623880
7828.52193954
7828.63695705
7828.75341010
7828.87190847
7828.96578869
7829.08846424
7829.21055855
7829.30627977
7829.40873061
7829.52632908
7829.64386514
7829.75876781
7829.99428779
7830.14364803
7830.24080943
7830.39802983
7830.49362256
7830.59906665
7830.71276588
7830.80974418
7830.91613547
7831.02175656
7831.12590968
7831.23226172
7831.33791841
7831.45367222
7831.54939734
7831.66855643
7831.78194675
7831.89771105
7832.01369647
7832.13237819
7832.25918996
7832.35391108
7832.47162243
7832.58715949
7832.69504753
7832.81002675
7832.92882647
7833.04043357
7833.14755994
7833.25580248
7833.37002346
7833.48572509
7833.60447726
7833.72307072
7833.84586330
7833.99657667
7834.09022405
7834.20779741
7834.31220531
7834.41794831
7834.52352893
7834.64017362
7834.73880714
7834.84107147
7834.94506612
7835.04146440
7835.13532852
7835.24006873
7835.35922246
7835.47689237
7835.58300864
7835.69584747
7835.80580008
7835.91744619
7836.02298439
7836.13880524
7836.24528552
7836.36236614
7836.47986026
7836.58361134
7836.68948989
7836.80598098
7836.93161321
7837.03950758
7837.15854014
7837.27094279
7837.43137123
7837.52702613
7837.64076705
7837.73845655
7837.84916497
7837.94939422
7838.05461376
7838.15954195
7838.26609635
7838.38280174
7838.47672731
7838.58229087
7838.69893555
7838.81725448
7838.93292807
7839.05107609
7839.17736148
7839.28451687
7839.38975055
7839.50450182
7839.62132887
7839.73703514
7839.85368933
7839.97032451
7840.07992750
7840.18070264
7840.29662614
7840.41327156
7840.57571874
7840.69117949
7840.79685154
7840.90938902
7841.02003186
7841.13169381
7841.24168958
7841.35663613
7841.47830719
7841.57661547
7841.68836496
7841.80146685
7841.90955335
7842.02436313
7842.13183498
7842.25680234
7842.35621434
7842.46670455
7842.56743801
7842.67739842
7842.78993078
7842.90072745
7843.02248458
7843.12508951
7843.23576087
7843.34566984
7843.44532200
7843.55717924
7843.66947218
7843.79014582
7843.89168749
7844.00778142
7844.11906059
7844.22386103
7844.32547122
7844.48011431
7844.58107279
7844.69254336
7844.80153658
7844.91759150
7845.02619316
7845.13735068
7845.25940793
7845.36135384
7845.47052066
7845.58327781
7845.68115869
7845.79364326
7845.90690095
7846.02668444
7846.12705705
7846.23776839
7846.34957054
7846.46628691
7846.57219180
7846.68399907
7846.80761255
7846.90641601
7847.01624940
7847.11872999
7847.22949863
7847.32927781
7847.44096586
7847.56286268
7847.66344741
7847.77506231
7847.88637708
7847.99808122
7848.10821498
7848.21961484
7848.34316494
7848.44529347
7848.55699517
7848.65671559
7848.76896294
7848.87560803
7848.98751160
7849.11459693
7849.20935145
7849.32211152
7849.43162138
7849.54568315
7849.65567867
7849.76634735
7849.87691582
7849.97767951
7850.07926410
7850.19290432
7850.30568317
7850.40487136
7850.51232468
7850.63767970
7850.77935409
7850.87900112
7850.99158663
7851.10236673
7851.21211966
7851.32568748
7851.42439560
7851.53704913
7851.64785556
7851.75875269
7851.87195674
7851.97977797
7852.10291993
7852.20380089
7852.31506885
7852.42819074
7852.53748677
7852.65008910
7852.75987178
7852.91541574
7853.02638309
7853.13703007
7853.24874566
7853.34919191
7853.46085996
7853.58253151
7853.68335663
7853.79506223
7853.90444969
7854.01753330
7854.12834582
7854.23908716
7854.39445241
7854.50434724
7854.62081687
7854.72767652
7854.83827352
7854.95106651
7855.07472169
7855.17798027
7855.28605652
7855.39593355
7855.50745240
7855.62057428
7855.72980302
7855.85047081
7855.95239112
7856.06389948
7856.17455963
7856.27442073
7856.37407703
7856.47575158
7856.63961067
7856.71953646
7856.83127936
7856.94194048
7857.05283907
7857.16534681
7857.26513135
7857.37996868
7857.47579571
7857.58827980
7857.70000197
7857.79951979
7857.91094379
7858.01024170
7858.13310669
7858.23540052
7858.33601328
7858.44502796
7858.55748571
7858.67508418
7858.78008868
7858.90351809
7859.00334360
7859.11415710
7859.22417262
7859.33697365
7859.44675364
7859.56172946
7859.68349609
7859.77041287
7859.88208214
7859.99363804
7860.10444423
7860.20411443
7860.32591129
7860.45185657
7860.55357769
7860.66547444
7860.77190693
7860.88617033
7860.99434996
7861.10651758
7861.22649758
7861.32907862
7861.43895614
7861.55140682
7861.66539325
7861.77623918
7861.88375345
7862.00763416
7862.09512706
7862.19674481
7862.30905993
7862.42465648
7862.52060274
7862.63029545
7862.74275929
7862.84352858
7862.95322666
7863.06506928
7863.16560939
7863.27647628
7863.38809216
7863.51090425
7863.61066831
7863.72209963
7863.82281869
7863.93381749
7864.04464416
7864.15619859
7864.26886407
7864.36774262
7864.48044564
7864.57953655
7864.69074356
7864.80247062
7864.91309517
7865.03709655
7865.13531974
7865.24732377
7865.35728442
7865.47049359
7865.58466289
7865.69188873
7865.81561486
7865.91683666
7866.03001438
7866.13968929
7866.24819734
7866.36314828
7866.47431701
7866.58613696
7866.68981002
7866.80263909
7866.91644876
7867.03012775
7867.14373872
7867.25972122
7867.37007709
7867.47373187
7867.58656460
7867.70020336
7867.80381864
7867.92046796
7868.03070802
7868.15546229
7868.25820546
7868.37294527
7868.48585626
7868.59827256
7868.70362059
7868.81501143
7868.94048714
7869.04419774
7869.15550764
7869.25875257
7869.37495596
7869.48628926
7869.59801096
7869.72347934
7869.82816080
7869.94108934
7870.05385405
7870.15641437
7870.27254827
7870.38424705
7870.50687213
7870.61043279
7870.72385505
7870.83651053
7870.95222606
7871.06589725
7871.17883726
7871.30328531
7871.40499351
7871.51926861
7871.63404621
7871.73434226
7871.84812658
7871.95283266
7872.07542971
7872.16942939
7872.28071881
7872.39609934
7872.50134961
7872.65794951
7872.75069967
7872.85986941
7872.95761449
7873.06930351
7873.19050524
7873.30422617
7873.41793003
7873.52276337
7873.64686765
7873.74715298
7873.86211197
7873.98457590
7874.09070997
7874.20289051
7874.30888658
7874.42837286
7874.53197083
7874.64592289
7874.75900040
7874.87581795
7874.98524174
7875.09976407
7875.22685598
7875.32709328
7875.44087833
7875.55449125
7875.66828410
7875.78189872
7875.89576398
7876.00920624
7876.10056986
7876.20225660
7876.31691497
7876.42969407
7876.54441485
7876.65711593
7876.76993866
7876.91938228
7877.02028420
7877.13280827
7877.25093166
7877.36507145
7877.48625464
7877.58894320
7877.70089334
7877.81453308
7877.92903444
7878.04293213
7878.15902191
7878.28613186
7878.37213460
7878.49775537
7878.61031479
7878.72370170
7878.83673240
7878.93963112
7879.06413086
7879.16782488
7879.28055668
7879.39445119
7879.50803876
7879.66943366
7879.76924966
7879.86299919
7879.97267873
7880.09040837
7880.20111655
7880.31478237
7880.41659736
7880.56305602
7880.66833627
7880.78208060
7880.88342309
7880.99523645
7881.08764211
7881.21242905
7881.33720332
7881.43804746
7881.55312055
7881.66609713
7881.78310290
7881.88236910
7881.99950190
7882.13275707
7882.23431776
7882.35133523
7882.46182130
7882.56459982
7882.67931354
7882.79393510
7882.88461703
7883.03336627
7883.13805407
7883.23769842
7883.35050409
7883.46610235
7883.58889346
7883.69602496
7883.80527028
7883.90820094
7884.02267377
7884.13635447
7884.25034627
7884.37368962
7884.45501951
7884.55877595
7884.67046595
7884.77325934
7884.88787676
7885.00069047
7885.12526286
7885.22900760
7885.33074798
7885.44532053
7885.55730968
7885.67533604
7885.78825995
7885.91424156
7886.01348533
7886.12826878
7886.23987149
7886.35448184
7886.46729994
7886.57508533
7886.69518016
7886.79708024
7886.91358498
7887.02430193
7887.12916478
7887.25140221
7887.36549275
7887.49036551
7887.59304456
7887.70565323
7887.82430934
7887.93297610
7888.04595902
7888.16047842
7888.28958956
7888.38692066
7888.50157025
7888.61828467
7888.71717200
7888.83061449
7888.95788146
7889.07896031
7889.18183928
7889.28556793
7889.38728369
7889.50289682
7889.60357688
7889.71785125
7889.83351217
7889.97812226
7890.08485294
7890.17758652
7890.28630692
7890.39915671
7890.51619345
7890.63988763
7890.74363140
7890.84778110
7890.95564768
7891.07028923
7891.18330043
7891.30207796
7891.41077593
7891.51415471
7891.62833400
7891.74106335
7891.84579357
7891.95852805
7892.07368501
7892.18387192
7892.28667580
7892.39859351
7892.50017371
7892.61298962
7892.72895262
7892.83917805
7892.96331622
7893.07113306
7893.17653034
7893.29050190
7893.39216816
7893.49319150
7893.59670536
7893.71848296
7893.82218138
7893.92377767
7894.04148098
7894.14923248
7894.26442894
7894.37447663
7894.49827907
7894.59948137
7894.71207151
7894.86977148
7894.95974709
7895.07332466
7895.18585458
7895.30208601
7895.41143519
7895.52506420
7895.63774650
7895.75088253
7895.86539535
7895.98571400
7896.11462400
7896.22109355
7896.33496564
7896.44868559
7896.56712398
7896.67289916
7896.81876268
7896.93763115
7897.04500743
7897.15677715
7897.25901466
7897.37341923
7897.49658923
7897.59932582
7897.71025098
7897.82389072
7897.94138265
7898.03811714
7898.16278900
7898.27470160
7898.37773929
7898.48970991
7898.60229395
7898.70640124
7898.82068122
7898.93293539
7899.05369679
7899.15796841
7899.26921150
7899.38537052
7899.49350090
7899.60973574
7899.72393088
7899.84169904
7899.94545719
7900.09007192
7900.20622996
7900.30664865
7900.41665076
7900.53123062
7900.64792383
7900.75597229
7900.86860095
7900.98300796
7901.08399058
7901.19552454
7901.31517198
7901.41440527
7901.52569177
7901.62792611
7901.72671689
7901.84104027
7901.95360895
7902.07725950
7902.17918713
7902.29376358
7902.40644758
7902.51810174
7902.67394559
7902.76738281
7902.88115420
7902.99134697
7903.10320226
7903.21547472
7903.32995901
7903.44269495
7903.55435325
7903.65640620
7903.76993817
7903.88168034
7903.99414955
7904.10989044
7904.22153582
7904.34834467
7904.44613071
7904.54737665
7904.66134602
7904.77338685
7904.88640732
7905.00311491
7905.13346850
7905.23850494
7905.34878231
7905.46238206
7905.57618564
7905.69099810
7905.79963585
7905.92524174
7906.02496802
7906.13831592
7906.25051791
7906.36519043
7906.47614607
7906.58954151
7906.71317279
7906.80613434
7906.92215585
7907.01868262
7907.13717245
7907.24400479
7907.36249804
7907.47951990
7907.58390537
7907.69565242
7907.80949086
7907.92601584
7908.03821296
7908.14757116
7908.26945580
7908.37389929
7908.48467988
7908.59728928
7908.72210328
7908.83714785
7908.94885272
7909.05054727
7909.15143993
7909.26823651
7909.36676251
7909.47844153
7909.59321962
7909.69395989
7909.81753998
7909.92540607
7910.03611205
7910.14506626
7910.25833395
7910.37563619
7910.48300418
7910.60745076
7910.70922430
7910.82210531
7910.93365658
7911.04640470
7911.16023169
7911.27301224
7911.39767508
7911.50040826
7911.61460144
7911.72327357
7911.83806750
7911.95002690
7912.06252586
7912.18611497
7912.28711758
7912.44539319
7912.53618142
7912.63796130
7912.74014444
7912.85207922
7912.96435899
7913.06637853
7913.18066412
7913.29349198
7913.40999574
7913.51769726
7913.68527321
7913.76506126
7913.86899690
7913.98051842
7914.09338065
7914.20588668
7914.31756765
7914.44270031
7914.53442306
7914.64647707
7914.75889020
7914.87362245
7914.98538095
7915.08700894
7915.20861880
7915.31545431
7915.33652260
7915.53816602
7915.65092780
7915.76480501
7915.87545272
7915.97725869
7916.10162506
7916.20341250
7916.31611260
7916.42974453
7916.54147281
7916.65440672
7916.75656694
7916.88111129
7916.98250303
7917.09420448
7917.21133459
7917.32600735
7917.43350895
7917.55093846
7917.66413398
7917.76231499
7917.86671850
7917.97020675
7918.08237656
7918.19705664
7918.31264344
7918.43490329
7918.52716389
7918.64740257
7918.75374436
7918.86631890
7918.98105212
7919.09868521
7919.21939054
7919.31307498
7919.42782210
7919.53763671
7919.65475146
7919.77096290
7919.87913376
7920.00385536
7920.13808576
7920.25230138
7920.37011610
7920.48309585
7920.59137691
7920.71899642
7920.82077313
7920.93469228
7921.03614253
7921.14899062
7921.25600362
7921.42012870
7921.50096414
7921.60341450
7921.72227785
7921.83665706
7921.94537307
7922.05913715
7922.18562662
7922.28546212
7922.39824023
7922.51379095
7922.62742557
7922.72931882
7922.83554066
7922.95491235
7923.06037814
7923.17169560
7923.28889885
7923.39156059
7923.50201496
7923.61558351
7923.74023148
7923.84394818
7923.94660138
7924.10440985
7924.19740138
7924.31887154
7924.44375430
7924.54598791
7924.66122582
7924.77486580
7924.88772389
7925.03328094
7925.15692393
7925.26075400
7925.37783754
7925.48832239
7925.59179260
7925.70431837
7925.82329534
7925.94441051
7926.04762741
7926.14706599
7926.26075254
7926.37563034
7926.48808029
7926.59158366
7926.71528394
7926.81896626
7926.93257284
7927.03440246
7927.12936714
7927.23991075
7927.35478806
7927.47853247
7927.58039110
7927.68391788
7927.80853683
7927.92345925
7928.03520508
7928.14779766
7928.26332619
7928.36530380
7928.47038437
7928.58164331
7928.68497382
7928.80261910
7928.96629800
7929.05016424
7929.14879874
7929.26345638
7929.37636591
7929.49041354
7929.60749075
7929.72676809
7929.81943584
7929.93409933
7930.04793680
7930.16154119
7930.27348499
7930.37605505
7930.50166022
7930.59334103
7930.70704172
7930.82330753
7930.93459646
7931.03719920
7931.15084844
7931.27666621
7931.38481707
7931.48064142
7931.59729294
7931.70905315
7931.82000465
7931.97936350
7932.07333344
7932.18973602
7932.28649075
7932.39979988
7932.50593420
7932.61593898
7932.73999913
7932.84267501
7932.95978513
7933.07613139
7933.18466674
7933.29761260
7933.41034829
7933.53581692
7933.63950217
7933.75492342
7933.85643316
7933.97314100
7934.08185091
7934.19624865
7934.31992358
7934.41170753
7934.52444931
7934.62843762
7934.64918262
7934.67114349
7934.77669998
7934.88759881
7934.98012589
7935.09379562
7935.11479125
7935.24045785
7935.34640419
7935.44509525
7935.54798495
7935.66200333
7935.77617286
7935.88829440
7936.00288890
7936.09982868
7936.21841750
7936.33202847
7936.44568649
7936.56041094
7936.67805817
7936.80004374
7936.89963202
7937.01350947
7937.12348305
7937.23131476
7937.34603750
7937.45763875
7937.58256540
7937.68756697
7937.79983991
7937.91951174
7938.02763822
7938.12801278
7938.24258314
7938.36642288
7938.46822690
7938.57168492
7938.68722978
7938.80289801
7938.91306688
7939.02440823
7939.14347370
7939.24240175
7939.35612292
7939.46208510
7939.57343206
7939.67412650
7939.77698353
7939.90145132
7940.00819833
7940.11841279
7940.22112305
7940.33786672
7940.44762672
7940.56335493
7940.68701060
7940.77859608
7940.89490017
7941.00707120
7941.11868927
7941.23349052
7941.33635096
7941.50177895
7941.60198553
7941.69826435
7941.81340473
7941.92467806
7942.03847773
7942.15299933
7942.27682664
7942.36837921
7942.48211184
7942.59587324
7942.69949436
7942.81133625
7942.91471113
7943.05781449
7943.23717350
7943.36283328
7943.47552118
7943.58819666
7943.69647917
7943.86261300
7943.94575366
7944.04516323
7944.15869374
7944.26403689
7944.37674333
7944.48968114
7944.61677086
7944.72048195
7944.83812065
7944.93595862
7945.06046762
7945.17925490
7945.27715822
7945.40164649
7945.50782957
7945.62120355
7945.77719394
7945.87055289
7945.98310938
7946.10877184
7946.20057968
7946.31352237
7946.42816855
7946.54162641
7946.66032056
7946.77105457
7946.88569198
7946.98845441
7947.10131664
7947.21487202
7947.32854248
7947.44230534
7947.55606918
7947.68087368
7947.78858373
7947.90028031
7947.92354190
7948.02302461
7948.13849877
7948.25224481
7948.37792580
7948.49973461
7948.60481299
7948.70808547
7948.82385708
7948.93623023
7949.05167050
7949.15602939
7949.27637242
7949.37094554
7949.48368416
7949.60022962
7949.70447051
7949.81632508
7949.91717166
7950.04367916
7950.14660494
7950.26121285
7950.37395512
7950.48862203
7950.59386498
7950.70702417
7950.82976653
7950.93788496
7951.03623079
7951.15008800
7951.25757229
7951.36750856
7951.48316192
7951.60570582
7951.70943520
7951.83398662
7951.94868620
7952.06261217
7952.17645744
7952.29226830
7952.42643921
7952.52219944
7952.63296321
7952.75006650
7952.86089122
7952.97426423
7953.08884385
7953.21169007
7953.31828372
7953.43095895
7953.55580952
7953.66933004
7953.76214408
7953.87504581
7953.99862467
7954.09230082
7954.20607319
7954.31915997
7954.42381704
7954.53863511
7954.65219732
7954.77700474
7954.86789342
7954.98440450
7955.08603517
7955.18984769
7955.31504179
7955.41773181
7955.54249291
7955.65860414
7955.76972386
7955.88694760
7955.98819256
7956.10094215
7956.21372588
7956.33025549
7956.43749962
7956.55199123
7956.66048586
7956.77412438
7956.88897877
7956.99063919
7957.13062008
7957.23088834
7957.34855995
7957.45740664
7957.57325700
7957.68480656
7957.85516755
7957.93999635
7958.05814217
7958.17246994
7958.28472825
7958.39607106
7958.50063671
7958.61335338
7958.71798315
7958.84383651
7958.94556203
7959.06017846
7959.17312749
7959.28706833
7959.40183032
7959.50504063
7959.61982238
7959.73257392
7959.83517617
7959.94906995
7960.06704584
7960.18820831
7960.27926375
7960.40570616
7960.51186315
7960.62213466
7960.74029048
7960.85059466
7960.96823263
7961.07039261
7961.17362120
7961.28485016
7961.39963580
7961.51418811
7961.62701450
7961.74058159
7961.84856641
7961.95902907
7962.08367656
7962.19644711
7962.31032822
7962.41380038
7962.53749750
7962.64194636
7962.75873660
7962.86920706
7962.98796704
7963.09859451
7963.21472574
7963.33493272
7963.45516189
7963.55360963
7963.70007317
7963.82579341
7963.93972133
7964.06316464
7964.16642127
7964.28211559
7964.38588325
7964.49182398
7964.60235564
7964.71504184
7964.84165881
7964.94594261
7965.04641299
7965.14969133
7965.26412856
7965.37797164
7965.49118617
7965.65108896
7965.76336459
7965.92002910
7966.05566409
7966.13734970
7966.24102081
7966.35489485
7966.45953559
7966.57311535
7966.68605316
7966.80366845
7966.91338286
7967.01763643
7967.14096588
7967.24454800
7967.37012878
7967.48398137
7967.58678232
7967.68960034
7967.85806985
7967.98623234
7968.06866303
7968.16741406
7968.27337186
7968.38515645
7968.49932623
