16039.62344931
16039.74995697
16039.85822353
16039.92051492
16039.98226066
16040.03651658
16040.14093801
16040.24845486
16040.31293858
16040.37439200
16040.42674035
16040.50069827
16040.59898814
16040.66162452
16040.72376719
16040.77661315
16040.84894584
16040.92166570
16041.02858545
16041.09249354
16041.15491001
16041.21754151
16041.26869446
16041.36647453
16041.44050681
16041.53638394
16041.59930948
16041.66262048
16041.73656646
16041.78940365
16041.85138832
16041.92515315
16041.99892675
16042.07374654
16042.16966780
16042.23284349
16042.29737451
16042.34795012
16042.44273864
16042.50655116
16042.56915000
16042.62241726
16042.72952305
16042.79189562
16042.85568010
16042.91745852
16042.98045330
16043.04554533
16043.10809248
16043.16054055
16043.23087936
16043.29426570
16043.35868774
16043.42059245
16043.48314691
16043.54719714
16043.62130769
16043.69683501
16043.75850542
16043.80998678
16043.88495017
16043.95664749
16044.05255461
16044.11770833
16044.18025157
16044.24403898
16044.30672534
16044.36869246
16044.42362568
16044.49547806
16044.60332624
16044.66609940
16044.71786919
16044.82618817
16044.88996558
16044.95153456
16045.01303260
16045.07679611
16045.14072151
16045.21578755
16045.27654464
16045.33068060
16045.40401242
16045.50281210
16045.57768382
16045.65041830
16045.72519713
16045.82205389
16045.88520959
16045.94671396
16046.00924550
16046.06219411
16046.13590408
16046.22809018
16046.29163133
16046.35473681
16046.41891041
16046.48128493
16046.54527348
16046.60932347
16046.67226730
16046.73343692
16046.78766480
16046.86133234
16046.96717568
16047.03085922
16047.10443826
16047.16851312
16047.22975247
16047.28296171
16047.37910655
16047.45337947
16047.51520323
16047.56832446
16047.66343408
16047.72806555
16047.78992004
16047.85371207
16047.90531363
16047.98019145
16048.05444414
16048.14994800
16048.21258998
16048.26440683
16048.33922320
16048.43412802
16048.49909376
16048.55955877
16048.62581402
16048.67655249
16048.78347127
16048.84760855
16048.91021591
16048.97373245
16049.03670285
16049.08755128
16049.16299254
16049.23481883
16049.31047684
16049.40600508
16049.46881359
16049.52140063
16049.59492408
16049.70311823
16049.76563368
16049.86086983
16049.91309262
16049.96599344
16050.02873832
16050.10362735
16050.17556092
16050.29715191
16050.37265120
16050.43602730
16050.49821117
16050.54919345
16050.62325426
16050.72014857
16050.78311799
16050.84649653
16050.89837652
16050.97356349
16051.04600711
16051.15309728
16051.21600649
16051.27868944
16051.34283646
16051.39425931
16051.52349251
16051.57546393
16051.63951051
16051.70011547
16051.76414205
16051.81711480
16051.89114025
16051.98717757
16052.05948636
16052.15762970
16052.21903314
16052.27238403
16052.34676643
16052.42050419
16052.49421903
16052.60168980
16052.66315589
16052.72793901
16052.79062903
16052.85308085
16052.91591789
16052.97510412
16053.07295538
16053.13584678
16053.19932967
16053.26240564
16053.32431352
16053.39054414
16053.45142412
16053.51503183
16053.57912205
16053.64105748
16053.70426950
16053.75602100
16053.85071834
16053.91543368
16053.97837458
16054.04222440
16054.10434098
16054.16729846
16054.21992036
16054.29470407
16054.39082476
16054.45286284
16054.51503525
16054.56841662
16054.64243769
16054.71571538
16054.83689043
16054.89018623
16054.97400381
16055.04876606
16055.14372598
16055.20738392
16055.26923255
16055.33379478
16055.39618979
16055.44877025
16055.52336695
16055.61797969
16055.68215987
16055.75700892
16055.81862739
16055.88308332
16055.93319667
16056.00699026
16056.08172350
16056.17820260
16056.24260513
16056.30463662
16056.36712769
16056.41926149
16056.49382260
16056.56823888
16056.63268604
16056.73841283
16056.80322594
16056.86500606
16056.92699172
16056.98979511
16057.05381608
16057.11792288
16057.18011992
16057.24284797
16057.30676264
16057.36942389
16057.43163970
16057.49591887
16057.55834168
16057.63400651
16057.68493345
16057.74688521
16057.82246739
16057.89524089
16057.97159326
16058.06575763
16058.13098205
16058.19345069
16058.25633186
16058.31750733
16058.37059418
16058.44434023
16058.55158376
16058.61561352
16058.67728904
16058.73040832
16058.80348024
16058.91183188
16058.97514947
16059.06942965
16059.13365615
16059.19567935
16059.25829233
16059.32319980
16059.38816724
16059.48553039
16059.55880955
16059.62205594
16059.68495588
16059.74892053
16059.81154521
16059.87533213
16059.93741945
16060.00118979
16060.06372499
16060.12732954
16060.18952755
16060.25265545
16060.31688854
16060.38936727
16060.45414503
16060.51597074
16060.58000415
16060.64464002
16060.70525132
16060.75856442
16060.85548652
16060.91793395
16060.98111476
16061.04358535
16061.09720443
16061.15987348
16061.26556517
16061.32918215
16061.39085524
16061.44594937
16061.55122097
16061.61455904
16061.67795757
16061.74102769
16061.79391217
16061.90017803
16061.96370139
16062.02442411
16062.07816802
16062.15203964
16062.22678263
16062.32151800
16062.38537708
16062.44812464
16062.51063229
16062.56176671
16062.63951295
16062.71182052
16062.82012365
16062.88238944
16062.93290751
16063.00694979
16063.08069779
16063.15570897
16063.25261352
16063.31516627
16063.38853685
16063.45242739
16063.51349730
16063.57974498
16063.63135264
16063.73736177
16063.79953759
16063.85259689
16063.92661211
16064.00037790
16064.10696632
16064.16968950
16064.22159899
16064.29601796
16064.37114007
16064.46739852
16064.53097893
16064.58141459
16064.65655743
16064.72909638
16064.82542017
16064.88920270
16064.95210581
16065.01439330
16065.06827082
16065.14160922
16065.24784728
16065.31104686
16065.37366520
16065.43761011
16065.49941071
16065.55317169
16065.62684997
16065.70054238
16065.77552308
16065.86932613
16065.93319960
16065.99646330
16066.06071931
16066.11263758
16066.18551908
16066.28193698
16066.34542401
16066.40936794
16066.47329822
16066.53481357
16066.58725676
16066.68432782
16066.74508175
16066.80902763
16066.87141167
16066.93530538
16066.99936146
16067.06114549
16067.11516174
16067.18803763
16067.28481027
16067.34668816
16067.41155760
16067.50518802
16067.57065211
16067.63223084
16067.68335381
16067.75826039
16067.83146372
16067.93977855
16068.00244053
16068.06473314
16068.12956186
16068.19140513
16068.25581742
16068.31792351
16068.38093170
16068.47253144
16068.54625945
16068.61133563
16068.67296727
16068.74681182
16068.80989462
16068.87488279
16068.93697572
16068.99905182
16069.06217363
16069.12579525
16069.18925278
16069.25337152
16069.31599669
16069.37798722
16069.43135640
16069.50377222
16069.61247252
16069.67451937
16069.73794788
16069.79014483
16069.86384260
16069.93755233
16070.00157696
16070.09604707
16070.16017093
16070.22398247
16070.28677611
16070.35089997
16070.42444805
16070.48749891
16070.55079016
16070.61295502
16070.67782274
16070.73869492
16070.80134276
16070.85497233
16070.92809666
16071.03611210
16071.09906567
16071.16229988
16071.25725053
16071.30991998
16071.38601830
16071.47969359
16071.57440702
16071.62895502
16071.69131004
16071.75459276
16071.81624683
16071.86816998
16071.97561783
16072.04065671
16072.10309072
16072.16672648
16072.21858843
16072.32548088
16072.38829670
16072.45030405
16072.51410536
16072.57577260
16072.62972326
16072.72666243
16072.78832723
16072.85296187
16072.91425852
16072.96606781
16073.06223995
16073.12650376
16073.19996479
16073.26167567
16073.32584342
16073.38879602
16073.45155455
16073.51561820
16073.57993491
16073.64121620
16073.70603760
16073.75674731
16073.83202960
16073.90517978
16074.00220404
16074.06450274
16074.12699284
16074.19129883
16074.25411124
16074.31797374
16074.38007618
16074.44266404
16074.49551244
16074.60295151
16074.66610111
16074.72932215
16074.79307713
16074.85622087
16074.91881873
16074.99201280
16075.04425850
16075.14162848
16075.20396595
16075.26567488
16075.33016227
16075.39336526
16075.45710122
16075.51854147
16075.59258619
16075.64551798
16075.71932181
16075.80439476
16075.87844558
16075.94231856
16076.00585070
16076.06806383
16076.13074165
16076.18253680
16076.25723785
16076.33120675
16076.42710436
16076.48950034
16076.55428225
16076.61688059
16076.67922196
16076.74257856
16076.79451853
16076.87016776
16076.94258017
16077.03814522
16077.13539427
16077.19825033
16077.26107834
16077.32398267
16077.41876900
16077.46117699
16077.52526257
16077.58775291
16077.65206426
16077.72568987
16077.80367675
16077.86583965
16077.91870341
16078.01371551
16078.07638626
16078.13985696
16078.20267620
16078.25367555
16078.32857458
16078.40135319
16078.55356106
16078.61590194
16078.68922913
16078.75476197
16078.81713771
16078.87934304
16078.93192447
16079.05993156
16079.11252591
16079.17982686
16079.23967601
16079.30020636
16079.36011646
16079.42211918
16079.48185813
16079.55497028
16079.61520196
16079.66444711
16079.72634596
16079.79854919
16079.87980165
16079.94062994
16080.00051761
16080.05220450
16080.12307409
16080.20574820
16080.26642435
16080.32628667
16080.38726636
16080.44823948
16080.49951262
16080.57083058
16080.64365356
16080.71346916
16080.78524938
16080.86700481
16080.92927109
16080.98890008
16081.04993366
16081.11040428
16081.17229095
16081.22217950
16081.30560187
16081.36401912
16081.43580007
16081.49700626
16081.55887074
16081.61800260
16081.67974859
16081.73986667
16081.80055867
16081.86300244
16081.92349988
16081.98364964
16082.04398593
16082.10414057
16082.16649998
16082.22662415
16082.28821093
16082.34875543
16082.40857971
16082.47061412
16082.53144241
16082.59279270
16082.65226979
16082.71325607
16082.77325443
16082.83520668
16082.89581262
16082.95581001
16083.01621772
16083.07738857
16083.13908457
16083.20001258
16083.26083599
16083.32091554
16083.39319289
16083.45296255
16083.51377695
16083.57618415
16083.63637268
16083.69550405
16083.75650325
16083.81853352
16083.88069740
16083.93964592
16084.03378396
16084.08273750
16084.14503401
16084.20521328
16084.26606937
16084.32592681
16084.38820113
16084.44845964
16084.50868133
16084.57135330
16084.63122854
16084.69275705
16084.75163828
16084.81392796
16084.87408090
16084.93347778
16084.99644721
16085.05645898
16085.11763567
16085.17916394
16085.23897091
16085.29943519
16085.35944062
16085.42117174
16085.48311619
16085.54255988
16085.60522381
16085.69618721
16085.74671333
16085.80822331
16085.86907939
16085.92953709
16085.98965931
16086.04955795
16086.11039940
16086.17364238
16086.23312289
16086.29509709
16086.35509594
16086.41630993
16086.47677763
16086.53738332
16086.59735852
16086.65657742
16086.71839997
16086.77837614
16086.84009775
16086.90207536
16086.96177505
16087.02295150
16087.08328437
16087.14450543
16087.20694677
16087.26534866
16087.34844067
16087.39755196
16087.46004376
16087.52165175
16087.57966623
16087.64143612
16087.70237436
16087.76241905
16087.82441811
16087.88506988
16087.94666178
16088.00650411
16088.06690866
16088.12936389
16088.18948708
16088.24963587
16088.31054437
16088.37066659
16088.43162971
16088.49285370
16088.55411524
16088.61400437
16088.67457008
16088.73474033
16088.79844020
16088.85829496
16088.91910594
16089.00040570
16089.06080464
16089.12378162
16089.18381192
16089.24397022
16089.30430309
16089.36561364
16089.42557543
16089.48757205
16089.54769402
16089.60967675
16089.66957003
16089.72962935
16089.79170204
16089.85277658
16089.93366405
16089.99688094
16090.05519288
16090.11813621
16090.17874385
16090.23987154
16090.29949639
16090.36060896
16090.42072337
16090.48066907
16090.54374821
16090.60308268
16090.66499397
16090.72582665
16090.78643917
16090.86031102
16090.92070167
16090.98189178
16091.04156587
16091.10393796
16091.16545794
16091.22599317
16091.28581379
16091.34739984
16091.40759837
16091.46844495
16091.52929421
16091.58958002
16091.64852927
16091.70952847
16091.77235234
16091.83242555
16091.90411336
16091.99734833
16092.04686897
16092.10922546
16092.16986626
16092.23036468
16092.29032695
16092.35215316
16092.41082568
16092.46366628
16092.53301815
16092.59165874
16092.65389552
16092.71415353
16092.77291432
16092.84642461
16092.90837101
16092.96818066
16093.02824924
16093.09015126
16093.15230685
16093.21062829
16093.27101797
16093.33248479
16093.39459260
16093.45443711
16093.51460029
16093.57504482
16093.63790649
16093.69611260
16093.75795026
16093.82893346
16093.89007432
16093.95174936
16094.01270516
16094.07321601
16094.13442001
16094.19457685
16094.25505527
16094.31737811
16094.37683741
16094.43743847
16094.53070781
16094.59233921
16094.65277643
16094.71416597
16094.77396246
16094.83683216
16094.89686466
16094.95716412
16095.01627258
16095.07636603
16095.13727502
16095.19886521
16095.24935037
16095.31822779
16095.37924405
16095.43928630
16095.50100571
16095.56263053
16095.62335422
16095.68428394
16095.74396486
16095.80424824
16095.86586062
16095.92727600
16095.98668020
16096.04828551
16096.10923814
16096.16975630
16096.23255701
16096.29163816
16096.35156460
16096.41178117
16096.47315315
16096.53544357
16096.59596198
16096.65663935
16096.72894961
16096.78830992
16096.85068542
16096.91038219
16096.97177783
16097.03160747
16097.09159120
16097.15300293
16097.21593139
16097.27482457
16097.33642817
16097.41035391
16097.47164275
16097.53103354
16097.59143760
16097.65335572
16097.70187748
16097.77283094
16097.84406477
16097.90499888
16097.96501674
16098.02550687
16098.08682692
16098.14800337
16098.20812729
16098.27068395
16098.32929942
16098.42309393
16098.47294738
16098.53478992
16098.59453057
16098.65494390
16098.71566003
16098.77664973
16098.84231520
16098.89982889
16098.96054869
16099.02056436
16099.08111105
16099.14365015
16099.20422780
16099.26378170
16099.33353171
16099.38594565
16099.44565144
16099.50653288
16099.57840281
16099.63980406
16099.70038439
16099.76101349
16099.82073244
16099.88373186
16099.94379166
16100.00391875
16100.06495330
16100.12458424
16100.18886707
16100.24712488
16100.30797121
16100.36817705
16100.42906264
16100.49089201
16100.55125779
16100.61138903
16100.67326716
16100.73377655
16100.79378588
16100.86931613
16100.91600395
16100.97631902
16101.03748450
16101.09748311
16101.17259278
16101.23313484
16101.29286160
16101.34308149
16101.42620007
16101.48844245
16101.54869121
16101.60980914
16101.66856944
16101.73036785
16101.79075801
16101.85291945
16101.91351490
16101.97319119
16102.03394512
16102.09561967
16102.15651988
16102.21705731
16102.27779417
16102.33867951
16102.39994153
16102.45939644
16102.52008406
16102.57173730
16102.64395174
16102.72383667
16102.78483831
16102.84707460
16102.90600752
16102.96778422
16103.05974309
16103.14459857
16103.20771209
16103.26863571
16103.32811622
16103.38921294
16103.46363654
16103.51278562
16103.58524874
16103.66726725
16103.72804532
16103.78829334
16103.85095751
16103.92502978
16103.98524855
16104.04539417
16104.10730034
16104.16833733
16104.22866093
16104.29042277
16104.35162409
16104.41255941
16104.47373050
16104.53581952
16104.59526956
16104.65416444
16104.71507416
16104.76629562
16104.83965085
16104.90793507
16104.96741144
16105.03552232
16105.09736047
16105.15830286
16105.21922014
16105.28020398
16105.33998462
16105.40078365
16105.46292534
16105.52238391
16105.58326828
16105.66736453
16105.71604647
16105.77765105
16105.83974764
16105.89960873
16105.95926869
16106.02890630
16106.10596402
16106.16553864
16106.22607558
16106.28738880
16106.36174535
16106.42424301
16106.48299745
16106.54370945
16106.60454871
16106.66546818
16106.72718247
16106.78775306
16106.84739546
16106.90954861
16106.96844470
16107.02936906
16107.09239456
16107.15350445
16107.21266118
16107.27422601
16107.33468956
16107.39578434
16107.45657191
16107.51702108
16107.57780304
16107.63809397
16107.70044388
16107.75940556
16107.82022166
16107.88159487
16107.94065749
16108.00189269
16108.06468609
16108.12528373
16108.18564001
16108.24614964
16108.30612069
16108.36976645
16108.42877665
16108.48951692
16108.54963231
16108.62137132
16108.72985389
16108.79116493
16108.84955927
16108.92282355
16108.98292943
16109.04330497
16109.10329748
16109.16527143
16109.22421507
16109.28496948
16109.34643777
16109.40865968
16109.46903497
16109.53080899
16109.59241016
16109.65096444
16109.71245760
16109.77319689
16109.83528032
16109.89424639
16109.95466264
16110.01561137
16110.07816461
16110.13821759
16110.19840612
16110.25964888
16110.31998297
16110.38150563
16110.44227760
16110.50252538
16110.59629551
16110.64585297
16110.70838671
16110.76594332
16110.82772710
16110.88761769
16110.94991542
16111.01069202
16111.07145570
16111.13396140
16111.19412190
16111.25417170
16111.31424394
16111.37508808
16111.43577788
16111.50751031
16111.56751623
16111.62965646
16111.69015755
16111.75074886
16111.81264674
16111.87342871
16111.93235138
16111.99292123
16112.05604987
16112.11685938
16112.17767329
16112.26943077
16112.32977144
16112.39116829
16112.45097965
16112.51367235
16112.57363634
16112.63506659
16112.69490111
16112.75569210
16112.81565730
16112.87764881
16112.97177856
16113.02016232
16113.08243567
16113.14266321
16113.20284833
16113.26379414
16113.32355429
16113.38671755
16113.44813513
16113.50744253
16113.56906271
16113.62999730
16113.69008563
16113.75075934
16113.81098128
16113.87194318
16113.96586691
16114.01381181
16114.08964585
16114.14948427
16114.21081188
16114.27251252
16114.33203107
16114.39493710
16114.45590753
16114.51547606
16114.57564094
16114.63635391
16114.69703323
16114.75844934
16114.81953997
16114.88094341
16114.94042562
16115.00011727
16115.06294041
16115.12160782
16115.18369758
16115.27650003
16115.33754994
16115.39918524
16115.45916507
16115.51972785
16115.58060636
16115.64137419
16115.70343835
16115.76296762
16115.82516368
16115.88496724
16115.94484053
16116.00607354
16116.06824863
16116.12894722
16116.18903042
16116.24964489
16116.31025643
16116.37070536
16116.43332833
16116.49304948
16116.55324874
16116.62481659
16116.68554955
16116.74749547
16116.80753552
16116.86821362
16116.93927606
16116.98995480
16117.05136750
16117.11160699
16117.17245503
16117.23322139
16117.29315246
16117.35355384
16117.41550000
16117.47664158
16117.53719144
16117.59744727
16117.65835552
16117.71910287
16117.78076718
16117.84206285
16117.90247155
16117.96229461
16118.02253459
16118.08441589
16118.14546921
16118.20657471
16118.26617055
16118.32650220
16118.38948381
16118.44906794
16118.51024049
16118.60360468
16118.65324869
16118.71507489
16118.77450956
16118.83674366
16118.89556588
16118.95698663
16119.01672875
16119.07919154
16119.13952538
16119.20800198
16119.27155508
16119.33187576
16119.39337477
16119.45535213
16119.51506792
16119.57512967
16119.63727624
16119.69694058
16119.75808241
16119.81897189
16119.87900317
16119.93895521
16119.99999586
16120.06356164
16120.12468250
16120.18423103
16120.27650856
16120.32912729
16120.38816578
16120.44916010
16120.50942226
16120.56966858
16120.63245442
16120.69188519
16120.75431945
16120.81406425
16120.87376005
16120.96892306
16121.01785978
16121.07965502
16121.13857647
16121.20074815
16121.26013577
16121.32170207
16121.38214807
16121.44339059
16121.50363764
16121.56367379
16121.62543611
16121.68503950
16121.74708904
16121.80814553
16121.86997051
16121.95010291
16122.00011483
16122.06272245
16122.12364241
16122.18414838
16122.24428645
16122.30526541
16122.36581405
16122.42741790
16122.48698057
16122.54797758
16122.60868908
16122.66898586
16122.73158250
16122.79191684
16122.85304404
16122.91243726
16122.97349424
16123.03667798
16123.10710700
16123.16758469
16123.22829668
16123.28867271
16123.34830511
16123.41126722
16123.47164958
16123.53155359
16123.59223974
16123.65231539
16123.71446342
16123.77487796
16123.83583084
16123.89618955
16123.95658239
16124.01714737
16124.07909231
16124.13917088
16124.19993310
16124.26064241
16124.32191541
16124.38381548
16124.44434754
16124.50478574
16124.56581590
16124.62454718
16124.68532281
16124.74809499
16124.81024595
16124.87067951
16124.93053037
16124.98989678
16125.05215086
16125.11332951
16125.17334932
16125.23328015
16125.29390145
16125.35679505
16125.41626824
16125.47730499
16125.53727409
16125.59689089
16125.65978376
16125.72074956
16125.78212788
16125.84240906
16125.90245814
16125.96286780
16126.02419737
16126.08505589
16126.14586297
16126.20821702
16126.26628953
16126.32821008
16126.39031715
16126.44940781
16126.54476221
16126.59400711
16126.65599764
16126.71704512
16126.78074768
16126.84926743
16126.91000429
16126.97138456
16127.03232232
16127.09316841
16127.15479761
16127.21391046
16127.27484553
16127.33666588
16127.39716796
16127.45821519
16127.51855513
16127.57826140
16127.63939153
16127.71428275
16127.77596121
16127.83548048
16127.89712090
16127.95847533
16128.01783735
16128.07974328
16128.13942054
16128.20008060
16128.25965230
16128.32265147
16128.38374892
16128.44339644
16128.51025512
16128.57602201
16128.63783188
16128.69921849
16128.75920954
16128.82087117
16128.88005667
16128.94129797
16129.00218965
16129.06179816
16129.12298266
16129.18268235
16129.24327512
16129.30532197
16129.36674126
16129.42747300
16129.49870318
16129.56034555
16129.62007547
16129.68195556
16129.74627837
16129.80479242
16129.86584623
16129.92451924
16129.98437327
16130.04216857
16130.10116487
16130.16232791
16130.21940885
16130.27863848
16130.33904181
16130.40811306
16130.46789833
16130.52730009
16130.58761833
16130.64786220
16130.70538541
16130.76427785
16130.82398657
16130.88526249
16130.94267403
16131.00155916
16131.06128568
16131.12177044
16131.18219400
16131.24176862
16131.30945845
16131.37976678
16131.43992289
16131.49852958
16131.55938835
16131.61751742
16131.67761770
16131.73631948
16131.79474478
16131.85404780
16131.91393791
16131.97369661
16132.03367010
16132.09170019
16132.15086886
16132.21136947
16132.28036611
16132.34040763
16132.40057032
16132.46076470
16132.51908078
16132.57754582
16132.63986354
16132.69670506
16132.75509915
16132.81437779
16132.87437128
16132.93403172
16132.99269693
16133.05276356
16133.11115911
16133.17098535
16133.24151140
16133.30058036
16133.36109414
16133.41947556
16133.47985645
16133.53823129
16133.59795341
16133.65686243
16133.71735939
16133.77401244
16133.83489558
16133.89392651
16133.95167231
16134.01127180
16134.07181947
16134.14261811
16134.20021909
16134.26021087
16134.32033162
16134.38002449
16134.44080889
16134.49955919
16134.55649677
16134.61685109
16134.67719103
16134.73488271
16134.79389852
16134.85374694
16134.91435946
16134.97596087
16135.03158041
16135.10060655
16135.15968039
16135.22035946
16135.27990410
16135.33845106
16135.39811808
16135.45967049
16135.51782687
16135.57661862
16135.63580802
16135.69717464
16135.75422900
16135.81409180
16135.87501128
16135.93185450
16136.00292913
16136.06217778
16136.12116798
16136.18108126
16136.23868638
16136.29881640
16136.35835348
16136.41790762
16136.47711847
16136.53686132
16136.59616580
16136.65657425
16136.71582192
16136.77368646
16136.83277176
16136.89431197
16136.96296655
16137.02087327
16137.08068048
16137.14081123
16137.20079106
16137.25992561
16137.32005100
16137.37987625
16137.43798948
16137.49817435
16137.55638291
16137.61648245
16137.67415219
16137.73402011
16137.79374004
16137.86223054
16137.92118393
16137.98184789
16138.03992455
16138.10028106
16138.16026480
16138.21966070
16138.27851316
16138.33883091
16138.39811199
16138.45711975
16138.51660733
16138.57553951
16138.63678228
16138.69409971
16138.76399235
16138.82293721
16138.88376306
16138.94241755
16139.00259706
16139.06071370
16139.13209577
16139.19195882
16139.25014373
16139.30837983
16139.36881291
16139.42785553
16139.48720536
16139.54662321
16139.60693194
16139.66576197
16139.74612404
16139.80502379
16139.86546589
16139.92427129
16139.98354310
16140.04131280
16140.10154400
16140.16146190
16140.22128594
16140.28020666
16140.34012335
16140.39840261
16140.45887274
16140.52843331
16140.58681863
16140.65754608
16140.71735549
16140.77573568
16140.83618363
16140.89423249
16140.95299279
16141.01214293
16141.10723354
16141.16507321
16141.22513155
16141.28354051
16141.34410817
16141.40319688
16141.46210541
16141.52207525
16141.58072900
16141.65089544
16141.70941461
16141.76987962
16141.82985799
16141.88890842
16141.94695533
16142.00567832
16142.09887209
16142.15734493
16142.21790771
16142.27559793
16142.33543099
16142.40579882
16142.46397494
16142.52330161
16142.59530223
16142.65481834
16142.71386950
16142.77198711
16142.83391669
16142.89142649
16142.96440917
16143.02293931
16143.08188051
16143.14215511
16143.20221516
16143.26083648
16143.31867640
16143.37902243
16143.43782856
16143.50496518
16143.56749867
16143.62696846
16143.68548031
16143.74697469
16143.80518349
16143.86332012
16143.92445780
16143.98459441
16144.04230900
16144.10254093
16144.16007341
16144.22040506
16144.27870943
16144.33956405
16144.40972049
16144.46989074
16144.52949120
16144.58826247
16144.64734021
16144.70630750
16144.76386557
16144.82330195
16144.88416437
16144.94400499
16145.00238324
16145.06375693
16145.12145714
16145.18140308
16145.24007561
16145.29794039
16145.38009471
16145.44009721
16145.49896454
16145.55840019
16145.61743916
16145.67705352
16145.73519893
16145.79593969
16145.85465220
16145.91529885
16145.97328115
16146.03451514
16146.09203323
16146.15069698
16146.21091452
16146.28053873
16146.33899914
16146.39909210
16146.45848118
16146.51789391
16146.57766407
16146.66154309
16146.72300260
16146.78131697
16146.84202092
16146.90033651
16146.96075593
16147.01867215
16147.08981993
16147.15058873
16147.20959820
16147.26632927
16147.32648489
16147.38460689
16147.44513285
16147.50350696
16147.56425942
16147.62205984
16147.68276866
16147.74315102
16147.81255068
16147.87063660
16147.93041602
16148.01310233
16148.07279227
16148.13222840
16148.19236720
16148.25002889
16148.30925438
16148.36891214
16148.42862012
16148.48981364
16148.54662833
16148.60874638
16148.66631347
16148.72612751
16148.78584037
16148.84546424
16148.90434961
16148.98566180
16149.04400982
16149.10465891
16149.16297060
16149.22033216
16149.28015961
16149.33948847
16149.39983060
16149.45928478
16149.51849442
16149.58893319
16149.64964518
16149.70802416
16149.76635584
16149.82621596
16149.89634144
16149.95605162
16150.02229614
16150.07354101
16150.13450388
16150.19318006
16150.25231656
16150.31035932
16150.37139973
16150.43003251
16150.48962371
16150.54957331
16150.60805566
16150.66850434
16150.72759232
16150.78558193
16150.85606045
16150.91575965
16150.98764007
16151.04759553
16151.10574020
16151.16685814
16151.22508303
16151.28278592
16151.35481970
16151.41525131
16151.47346596
16151.53269876
16151.59330860
16151.65218495
16151.69983509
16151.76950562
16151.83965938
16151.90955714
16151.98019023
16152.04984906
16152.13193340
16152.20073353
16152.27086022
16152.34066851
16152.40564302
16152.49383357
16152.55427054
16152.61418967
16152.67298824
16152.74110156
16152.80114039
16152.86066625
16152.92071045
16152.98019559
16153.03808086
16153.09743020
16153.15639408
16153.21638342
16153.28644575
16153.34500393
16153.40452174
16153.46424899
16153.52426563
16153.58451122
16153.64293896
16153.71356766
16153.77161433
16153.83101682
16153.89077551
16153.95028089
16154.01013931
16154.06991410
16154.12756677
16154.18657160
16154.24495375
16154.30534172
16154.36612881
16154.42525287
16154.48570740
16154.54337494
16154.61433083
16154.67248234
16154.73213741
16154.79096037
16154.85073394
16154.91041608
16154.99213324
16155.03953469
16155.09837374
16155.16978970
16155.24137024
16155.30194570
16155.36098930
16155.42068046
16155.47982744
16155.55018722
16155.60866299
16155.66836951
16155.72838055
16155.78702943
16155.86593327
16155.96588909
16156.02555539
16156.08566444
16156.14423871
16156.20307483
16156.26287936
16156.32230453
16156.38346269
16156.44120752
16156.50176859
16156.57119288
16156.63126268
16156.69088898
16156.74998379
16156.80848418
16156.86706260
16156.92726942
16156.98652903
16157.05593771
16157.11689327
16157.17528932
16157.23477080
16157.29442637
16157.35465586
16157.41435287
16157.48443569
16157.54324889
16157.60309877
16157.66355428
16157.72258349
16157.80392568
16157.85166919
16157.91212762
16157.97043565
16158.02913622
16158.08885737
16158.14694938
16158.20837744
16158.26670156
16158.32633689
16158.39678932
16158.45729310
16158.51488067
16158.57332938
16158.63434101
16158.69318396
16158.77323932
16158.82228770
16158.88156829
16158.94240731
16159.00062220
16159.05991742
16159.12008425
16159.17859732
16159.23909062
16159.30944309
16159.36767529
16159.42815420
16159.48579419
16159.54529055
16159.60729912
16159.66384270
16159.72367137
16159.78220614
16159.84254706
16159.90070588
16159.96038022
16160.03412090
16160.10334477
16160.17503966
16160.23252166
16160.29143970
16160.35154802
16160.41022396
16160.46978688
16160.52852206
16160.59937165
16160.65682928
16160.73213376
16160.79002487
16160.84915430
16160.90790314
16160.98242669
16161.05257655
16161.11063273
16161.17159926
16161.23031884
16161.28912083
16161.34780871
16161.40646515
16161.46701671
16161.52711065
16161.58560470
16161.64488456
16161.70363315
16161.76356154
16161.82384540
16161.88393983
16161.94236269
16162.01319619
16162.07116313
16162.13059634
16162.19111524
16162.25060355
16162.30804216
16162.36793787
16162.42698489
16162.48557720
16162.54530420
16162.60513604
16162.66380784
16162.72369307
16162.78135891
16162.84293082
16162.90253518
16162.97357495
16163.03309178
16163.09197130
16163.16322562
16163.22119549
16163.28159857
16163.34034668
16163.40030603
16163.45932598
16163.51858121
16163.67646228
16163.73390625
16163.79405992
16163.85460978
16163.91325963
16163.97288058
16164.03342190
16164.09130595
16164.15102173
16164.21125001
16164.26914478
16164.32833272
16164.38742435
16164.44744417
16164.50744960
16164.56521125
16164.62578574
16164.68403233
16164.74216603
16164.81458040
16164.87386464
16164.93310549
16164.99161539
16165.05081820
16165.11072903
16165.17082882
16165.23049073
16165.28862858
16165.34815541
16165.40671139
16165.46672170
16165.52554393
16165.58483280
16165.64338586
16165.70467446
16165.77473655
16165.83317478
16165.89321459
16165.95130733
16166.01223753
16166.07113656
16166.13018016
16166.18907480
16166.25114481
16166.30877237
16166.36837966
16166.42749640
16166.48698008
16166.54576062
16166.61815206
16166.68692952
16166.74714877
16166.80510376
16166.86564289
16166.92354669
16166.98389370
16167.04353512
16167.10372487
16167.16255758
16167.22051891
16167.27903516
16167.33961769
16167.39927715
16167.45765150
16167.51739654
16167.58895513
16167.66039865
16167.70864880
16167.76828047
16167.82842220
16167.88746873
16167.94579212
16168.00548425
16168.06511227
16168.12441577
16168.18354251
16168.24327927
16168.30209345
16168.36227150
16168.42238810
16168.49309678
16168.55062876
16168.60954071
16168.66891833
16168.72835495
16168.78893261
16168.84872861
16168.90695959
16168.96691456
16169.02432220
16169.08368885
16169.14168870
16169.20252601
16169.26121536
16169.32235036
16169.39342865
16169.45169645
16169.51021781
16169.57185945
16169.62997097
16169.68957217
16169.76988450
16169.82822374
16169.88905812
16169.94825776
16170.00801109
16170.06673506
16170.12704038
16170.18483105
16170.24317687
16170.30355070
16170.37471992
16170.43510229
16170.49284663
16170.55229861
16170.61234427
16170.67216538
16170.72980196
16170.78868587
16170.84893267
16170.90848560
16170.96722688
16171.02656890
16171.08605868
16171.14572180
16171.20310165
16171.26197093
16171.32315201
16171.38260009
16171.44168344
16171.50201752
16171.56068103
16171.62034220
16171.67863243
16171.73867395
16171.79716362
16171.85770519
16171.91740049
16171.97561880
16172.03434033
16172.09539024
16172.15411494
16172.22310208
16172.29410210
16172.35445911
16172.41226074
16172.47237150
16172.53083459
16172.59014809
16172.65031298
16172.71081091
16172.76945369
16172.85402951
16172.91325500
16172.97376195
16173.04178213
16173.11469045
16173.17399371
16173.23275791
16173.29097329
16173.35088925
16173.40976803
16173.46945261
16173.52930566
16173.58824150
16173.64724317
16173.70648475
16173.76564099
16173.82455928
16173.88554141
16173.94341156
16174.01313963
16174.10692829
16174.16601285
16174.22614141
16174.28415687
16174.34202214
16174.40274998
16174.46053260
16174.52035103
16174.58032013
16174.64130251
16174.69945401
16174.75701647
16174.81831019
16174.87725896
16174.94749025
16175.00665624
16175.06709273
16175.12685411
16175.18639338
16175.25484096
16175.31550565
16175.37463508
16175.43222558
16175.49165976
16175.55281183
16175.61102453
16175.67088880
16175.72979538
16175.78931880
16175.84677667
16175.92908409
16175.98905100
16176.04859271
16176.10692975
16176.16757567
16176.22742092
16176.28432631
16176.34483984
16176.40430231
16176.46350195
16176.52363270
16176.60233662
16176.65345081
16176.71173470
16176.76908846
16176.84045542
16176.89897629
16176.95859626
16177.01910662
16177.08913872
16177.14914513
16177.20893772
16177.26651383
16177.32638078
16177.39992374
16177.45794212
16177.51616799
16177.57606492
16177.63568709
16177.69545944
16177.76372148
16177.82367205
16177.88281245
16177.94431365
16178.00269605
16178.06488723
16178.12134011
16178.19216240
16178.26299176
16178.32286992
16178.40368547
16178.45351795
16178.51132203
16178.57107999
16178.65597838
16178.71282160
16178.77447153
16178.83374261
16178.89215523
16178.95158259
16179.01074201
16179.07058482
16179.12944556
16179.18876711
16179.24730286
16179.30627405
16179.36593303
16179.42593090
16179.48321639
16179.56570667
16179.62377602
16179.68300223
16179.74352113
16179.81556246
16179.87661384
16179.93531269
16180.01565964
16180.07480175
16180.13405478
16180.19550259
16180.25352244
16180.31274158
16180.37220161
16180.43274416
16180.50317172
16180.56193714
16180.62023980
16180.69325906
16180.75231924
16180.81109002
16180.86920373
16180.92987818
16180.98911732
16181.04978299
16181.10866860
16181.16808426
16181.22580666
16181.28607370
16181.34660698
16181.40536532
16181.47593600
16181.53634152
16181.59476829
16181.65436534
16181.71367884
16181.77329296
16181.83347369
16181.89203406
16181.95204315
16182.01010225
16182.06970296
16182.13065973
16182.18937785
16182.25152588
16182.30910955
16182.37891394
16182.43816795
16182.49681292
16182.55727647
16182.63970604
16182.68694000
16182.74698249
16182.80499259
16182.86332158
16182.92456313
16182.99672539
16183.05457140
16183.11503837
16183.17388034
16183.23368756
16183.30294946
16183.36241266
16183.42243565
16183.48063981
16183.54065500
16183.59952891
16183.65933905
16183.71984990
16183.77813745
16183.83872973
16183.89756854
16183.95801795
16184.01652761
16184.07555780
16184.13653725
16184.19532632
16184.26501050
16184.32450052
16184.39548250
16184.45476796
16184.51309135
16184.57441482
16184.66707854
16184.72532562
16184.78532081
16184.84441245
16184.90431865
16184.96310357
16185.02326211
16185.08175519
16185.14242062
16185.20138620
16185.25942604
16185.31931250
16185.38000815
16185.43843297
16185.49982031
16185.55779457
16185.61622694
16185.67654737
16185.75903887
16185.81781575
16185.87780753
16185.93504231
16185.99509260
16186.05471720
16186.12654984
16186.18504389
16186.25406101
16186.31599912
16186.37427278
16186.43458029
16186.49310068
16186.55306027
16186.61365889
16186.67094536
16186.73158470
16186.79129317
16186.85111648
16186.91107071
16186.96875044
16187.02837699
16187.09715055
16187.15976060
16187.21909994
16187.27702007
16187.33679876
16187.39575557
16187.44658376
